# a=0.05788076023005127, b=-133.70887350404493, c=0.002256229851599846, xi=9.746985045086776
6.566474749999999805e-01 8.120752420000000582e-02 -6.542618539999999622e-03 -6.531241289999999838e-03 -3.718957879999999772e-02 2.357723759999999849e-02 2.679273189999999832e-02
3.363154690000000002e+00 7.275194910000000459e-02 -9.945697599999999208e-03 -2.218563189999999893e-02 2.872565389999999844e-02 2.671962510000000079e-03 -7.061917459999999917e-03
6.058962189999999914e+00 7.057695290000000343e-02 -6.133303799999999945e-03 -4.237156179999999883e-02 1.545387419999999902e-03 4.128871289999999812e-03 6.695448740000000190e-03
8.759427970000000840e+00 6.484524499999999581e-02 -1.651726619999999970e-03 -4.471266919999999923e-02 1.294893429999999929e-02 2.983629780000000148e-02 2.107043349999999926e-02
1.146552969999999938e+01 6.349556950000000144e-02 5.833577900000000253e-03 -4.165849080000000315e-02 -7.169461890000000150e-03 -4.937491769999999974e-03 -1.633808200000000030e-02
1.416389689999999923e+01 5.700246629999999870e-02 8.046374900000000108e-03 -4.283524539999999936e-02 -1.917154130000000038e-03 -1.327197949999999946e-02 -1.258691330000000046e-02
1.687206720000000004e+01 5.883561589999999897e-02 1.533049120000000085e-02 -4.188911540000000294e-02 -2.571564239999999876e-02 -1.268806450000000037e-02 -2.347283589999999906e-02
1.956904529999999909e+01 6.748774159999999800e-02 9.802248810000000617e-03 -5.966059249999999814e-02 -7.617114389999999659e-03 -2.631019019999999986e-02 -3.139684630000000309e-02
2.227536720000000159e+01 6.077006570000000052e-02 1.399288779999999927e-02 -6.294565189999999644e-02 -1.029382220000000028e-02 -4.879564589999999674e-02 -4.117749500000000146e-02
2.497109839999999892e+01 5.292861310000000069e-02 2.915736209999999964e-03 -6.570593859999999953e-02 -3.031700929999999947e-02 -5.550435759999999830e-03 -2.640794850000000027e-02
2.767783280000000090e+01 5.662725200000000292e-02 -6.001734480000000139e-04 -6.268496839999999903e-02 2.758410299999999871e-02 1.739465180000000083e-02 -6.629646459999999353e-02
3.037609690000000029e+01 5.553476639999999770e-02 -8.126947350000000153e-03 -6.210240279999999780e-02 7.195761749999999776e-03 2.196249219999999933e-02 5.072084660000000106e-03
3.307313280000000333e+01 5.482049039999999790e-02 -7.585745569999999965e-03 -6.249178460000000268e-02 3.953587759999999812e-02 5.005431409999999692e-02 4.839616840000000170e-02
3.578263749999999987e+01 5.471583909999999662e-02 -5.997596069999999724e-03 -6.760595140000000280e-02 -5.103883509999999728e-03 1.833707489999999996e-02 -1.242377860000000000e-04
3.848465939999999819e+01 6.250760340000000026e-02 -7.202915869999999832e-03 -5.704216430000000337e-02 1.309157570000000007e-02 2.347092599999999959e-02 -4.801882800000000103e-04
4.118067810000000151e+01 5.348028829999999789e-02 -8.469737169999999940e-03 -6.512095869999999509e-02 4.319309450000000106e-02 -3.936957829999999763e-03 3.291247049999999896e-02
4.389022030000000285e+01 6.130895179999999722e-02 -1.131200870000000080e-02 -5.965372559999999880e-02 -3.986025150000000079e-03 -2.957108599999999990e-02 1.374036180000000069e-03
4.659551720000000330e+01 5.348448539999999668e-02 -8.781499459999999799e-03 -5.953931350000000317e-02 -2.440594989999999870e-03 1.089024079999999922e-02 -5.328954510000000200e-02
4.928741870000000347e+01 6.372224969999999711e-02 -8.847757039999999337e-03 -5.577186580000000060e-02 1.077467520000000012e-02 -1.039920239999999989e-02 -3.383805229999999747e-02
5.199035159999999678e+01 6.746386149999999970e-02 -7.050880189999999929e-03 -4.403602169999999705e-02 2.581457459999999897e-04 3.084191799999999942e-02 -1.317261389999999956e-02
5.469282809999999984e+01 5.622380849999999985e-02 1.646489390000000072e-03 -5.336089980000000010e-02 -2.258118309999999906e-02 -3.789732889999999996e-03 -2.631386109999999875e-03
5.740147809999999851e+01 4.492973089999999919e-02 -1.131946979999999981e-03 -6.557064610000000460e-02 2.611079289999999886e-02 -2.004484850000000026e-02 -3.737590560000000200e-02
6.010993750000000091e+01 3.437902830000000298e-02 5.931509689999999585e-03 -6.547112230000000366e-02 8.944626449999999729e-03 -6.253022719999999678e-05 -1.009405149999999945e-02
6.282551879999999755e+01 3.683117749999999940e-02 -1.907690170000000051e-03 -6.391094540000000213e-02 -6.346027389999999921e-03 1.723051349999999912e-02 -1.434734789999999975e-02
6.552540620000000615e+01 4.366657000000000177e-02 4.555083770000000094e-03 -6.245931539999999976e-02 -2.137346709999999803e-03 1.563428450000000150e-02 -2.157189170000000083e-03
6.822496250000000373e+01 5.677066480000000220e-02 -7.776211130000000235e-03 -6.533150969999999835e-02 3.096306889999999971e-03 -1.116706699999999927e-02 1.170669669999999975e-03
7.092848750000000280e+01 6.516858509999999549e-02 -5.788972469999999725e-03 -6.575256760000000589e-02 -8.842068470000000527e-03 7.715802070000000491e-04 -1.427765609999999928e-02
7.361832499999999868e+01 6.706672330000000570e-02 -2.005249790000000060e-02 -5.168416659999999774e-02 8.575334239999999469e-03 -2.810887670000000119e-03 5.169393329999999974e-03
7.632440309999999783e+01 6.212646899999999667e-02 -1.149935879999999973e-02 -5.488685349999999907e-02 -1.737604530000000022e-02 1.463437949999999918e-02 -3.502343980000000023e-02
7.902092810000000611e+01 6.234620169999999933e-02 -7.555640809999999985e-03 -4.487173669999999781e-02 1.001754820000000032e-02 5.424840160000000272e-02 -3.072115829999999895e-02
8.170972030000000075e+01 6.340947850000000496e-02 -3.944512800000000118e-03 -4.612464740000000313e-02 4.830084810000000173e-02 1.743154709999999996e-02 4.505016950000000249e-03
8.441771719999999846e+01 6.647097600000000106e-02 2.070266789999999902e-04 -4.975507459999999743e-02 4.389492610000000211e-02 -7.229028860000000223e-03 -3.462950229999999657e-02
8.710887499999999761e+01 5.885716120000000079e-02 4.237795439999999907e-04 -5.217145819999999962e-02 2.742765280000000055e-02 1.953320880000000096e-03 2.760153029999999966e-02
8.980867969999999900e+01 5.188444159999999750e-02 6.116634820000000326e-03 -5.389126240000000068e-02 1.833821409999999985e-02 1.453121830000000080e-02 1.423342520000000014e-02
9.250788590000000511e+01 4.662011929999999860e-02 -4.063558299999999986e-04 -7.070361810000000413e-02 -1.594664020000000071e-02 8.248157529999999502e-03 -1.082397170000000061e-02
9.521156249999999943e+01 4.234130409999999761e-02 4.308788749999999633e-03 -6.577119830000000000e-02 3.940956030000000027e-02 -3.220381189999999699e-02 -1.525543870000000031e-02
9.791082029999999747e+01 5.127298510000000142e-02 2.215245890000000148e-03 -6.638549879999999792e-02 1.541533110000000047e-02 -5.834752079999999674e-02 1.643214980000000033e-02
1.006075620000000015e+02 5.487831390000000309e-02 -7.426183280000000012e-03 -5.717881100000000300e-02 2.681078979999999834e-02 -4.119712640000000245e-03 5.045637649999999697e-02
1.033206090000000046e+02 6.123883330000000347e-02 2.738758970000000018e-03 -5.566785810000000195e-02 -7.914187510000000175e-03 -1.850434130000000107e-02 1.441712440000000005e-02
1.060230779999999982e+02 6.191906560000000337e-02 -7.552347830000000206e-03 -5.259928039999999666e-02 2.298317620000000019e-02 -1.168061240000000008e-02 -7.583389460000000172e-03
1.087306250000000034e+02 6.817645210000000677e-02 -4.721805989999999873e-04 -5.077480510000000058e-02 5.138383070000000427e-03 1.585265920000000078e-02 -6.203038639999999826e-02
1.114347810000000010e+02 7.202177429999999381e-02 2.103297799999999905e-03 -4.683036720000000042e-02 1.165410969999999997e-03 -1.900073190000000148e-02 -3.789373470000000077e-02
1.141364530000000030e+02 6.466935570000000022e-02 6.304827120000000215e-03 -4.426561989999999724e-02 -2.270275200000000052e-03 7.808356760000000236e-03 -7.226960300000000170e-02
1.168328589999999991e+02 6.275614440000000516e-02 1.151960530000000101e-03 -5.242988369999999898e-02 -2.213169560000000091e-02 7.842703030000000228e-03 -3.265659030000000324e-02
1.195305469999999985e+02 6.571623779999999360e-02 2.155816510000000200e-03 -4.988100709999999938e-02 5.277357559999999725e-02 -1.914485889999999885e-02 2.009122890000000078e-02
1.222278589999999951e+02 7.198281389999999780e-02 6.927035490000000000e-04 -4.724338549999999859e-02 1.814090469999999830e-02 1.995942549999999913e-02 3.388321710000000153e-02
1.249366870000000063e+02 6.423704669999999450e-02 1.837853349999999926e-04 -3.635585210000000234e-02 -1.060120590000000057e-02 -7.979916160000000147e-02 6.119112359999999765e-03
1.276342029999999994e+02 6.908809300000000320e-02 -4.137464920000000212e-03 -3.172844469999999695e-02 7.529421980000000104e-03 -3.549755439999999901e-02 -1.577735049999999875e-02
1.303277809999999874e+02 7.587605590000000289e-02 -8.280052070000000139e-03 -1.911886330000000037e-02 -3.852969650000000190e-02 -5.661614739999999701e-02 -1.705990640000000155e-02
1.330165619999999933e+02 8.111438880000000629e-02 -2.985709930000000206e-03 3.767979260000000122e-03 3.104659980000000138e-02 -4.009816160000000129e-02 5.891823140000000333e-03
1.357189060000000040e+02 7.700726850000000345e-02 -1.323176809999999926e-02 8.190249170000000328e-03 -6.637549289999999935e-02 -1.411517659999999945e-02 2.344667099999999879e-02
1.384215780000000109e+02 7.316613349999999405e-02 -3.358165729999999880e-03 2.856219620000000070e-02 -3.355637489999999806e-02 -2.300302400000000039e-02 1.375863289999999968e-02
1.411066869999999938e+02 7.412060909999999836e-02 -5.875373470000000431e-03 3.592657169999999983e-02 -3.534199799999999947e-02 3.260033760000000114e-02 2.797032129999999991e-02
1.438040619999999876e+02 6.130507560000000161e-02 -6.604335749999999845e-03 5.066293699999999817e-02 1.605403940000000099e-02 8.657860959999999495e-03 4.543744079999999935e-02
1.465020309999999881e+02 6.625465040000000361e-02 8.472406570000000304e-05 5.256945729999999706e-02 1.826763290000000053e-02 8.567318000000000849e-03 2.643698179999999856e-02
1.491889840000000049e+02 6.526209269999999618e-02 -3.489054780000000033e-03 6.525119840000000171e-02 -3.287017210000000179e-03 2.049564920000000040e-02 3.552905490000000249e-02
1.518919840000000079e+02 5.640927550000000151e-02 4.520145029999999599e-03 6.095240190000000141e-02 1.242564940000000055e-02 5.126340640000000282e-02 2.250035489999999833e-02
1.545931720000000098e+02 5.123968649999999930e-02 -2.857395239999999895e-03 6.252384839999999833e-02 4.592484670000000074e-02 3.801531800000000193e-03 2.798929320000000109e-02
1.572963909999999998e+02 5.489906010000000086e-02 -4.870984899999999842e-04 5.582409259999999984e-02 3.055342930000000054e-02 -9.865256730000000751e-03 -2.667731329999999991e-03
1.599969370000000026e+02 5.754333209999999699e-02 -4.749768100000000166e-03 5.206327510000000047e-02 -1.181688990000000043e-02 2.364350039999999972e-02 1.915507940000000034e-02
1.627049529999999891e+02 5.533830470000000029e-02 -1.222643359999999943e-02 4.400429609999999964e-02 -8.523888500000000035e-03 5.553890969999999982e-02 -1.825539279999999903e-02
1.654152190000000076e+02 5.886520819999999793e-02 -1.096853310000000040e-02 5.927540550000000297e-02 -6.613783419999999871e-03 2.579204410000000142e-02 -1.851093009999999969e-02
1.681177340000000129e+02 5.506852260000000276e-02 -1.247067150000000062e-02 7.063336770000000486e-02 1.103828289999999922e-05 5.673587640000000293e-02 6.581624630000000413e-03
1.708243439999999964e+02 5.670261320000000160e-02 -1.052203569999999970e-02 7.262847179999999681e-02 2.658635549999999875e-02 3.055231380000000135e-02 4.350100500000000231e-02
1.735184529999999938e+02 5.155576419999999965e-02 -2.869903730000000156e-03 6.674986089999999928e-02 1.662861599999999884e-02 1.913386989999999940e-02 -4.571656240000000239e-03
1.762306089999999870e+02 3.579226249999999804e-02 -5.604160609999999688e-03 5.891346509999999953e-02 6.365192139999999860e-03 -2.185983479999999840e-02 5.590010349999999933e-02
1.789259529999999927e+02 3.192822819999999867e-02 -1.322376049999999907e-03 6.266423420000000188e-02 -1.370136140000000058e-02 -1.772915209999999936e-02 -9.076271780000000691e-03
1.816377029999999877e+02 3.640361310000000267e-02 1.118095259999999985e-03 6.995511660000000576e-02 2.197467460000000067e-02 -6.216188190000000030e-02 3.789296670000000256e-02
1.843455940000000055e+02 4.824240770000000345e-02 -1.159648170000000074e-03 7.510222649999999389e-02 2.022678249999999844e-02 -3.189917579999999864e-02 1.906164180000000097e-02
1.870408280000000047e+02 4.834901459999999679e-02 -3.180333320000000054e-03 6.626688390000000373e-02 1.724231019999999948e-02 5.156402190000000142e-03 4.144239970000000023e-02
1.897484690000000001e+02 4.991304869999999699e-02 -1.048876839999999915e-02 5.167535639999999708e-02 3.524397070000000187e-02 -4.642323360000000232e-02 6.146127939999999901e-02
1.924529689999999960e+02 4.816005770000000158e-02 -1.720963359999999956e-02 4.207853470000000318e-02 2.426644099999999971e-02 -9.844036480000000269e-03 2.216908160000000128e-02
1.951589690000000132e+02 4.667173389999999811e-02 -1.991599800000000073e-02 4.699022270000000057e-02 9.258150660000000545e-03 -1.524134350000000068e-02 -1.284280749999999922e-02
1.978501410000000078e+02 4.854181140000000255e-02 -1.641135430000000006e-02 5.000178570000000239e-02 2.338184100000000043e-02 3.186952759999999839e-03 -1.761477399999999971e-02
2.005449999999999875e+02 5.688947939999999814e-02 -1.800674639999999896e-02 5.676973180000000063e-02 1.348312899999999995e-02 -1.707652910000000135e-02 1.383288530000000016e-02
2.032477499999999964e+02 4.263245520000000233e-02 -1.438080459999999984e-02 6.071892470000000291e-02 2.055605240000000014e-02 -1.624980120000000042e-02 -1.344141410000000009e-02
2.059391720000000134e+02 3.015777329999999937e-02 -1.986362239999999932e-02 6.993939100000000353e-02 -2.060120639999999878e-02 8.748762059999999965e-03 -2.620824830000000050e-03
2.086320159999999930e+02 1.820743119999999882e-02 -1.550820309999999952e-02 5.565583770000000208e-02 2.170097920000000138e-02 4.647841789999999917e-02 1.282733390000000053e-03
2.113432659999999998e+02 2.617345399999999878e-02 -1.719468970000000152e-02 5.289158249999999922e-02 1.821641200000000127e-02 -9.050290949999999571e-03 -4.424127149999999842e-02
2.140410469999999918e+02 3.754758410000000324e-02 -8.778539950000000675e-03 6.789700830000000575e-02 2.573372780000000165e-02 3.903534699999999802e-02 1.438602489999999973e-03
2.167332340000000102e+02 5.795709190000000038e-02 -1.400445890000000075e-03 6.881381860000000683e-02 1.064459989999999925e-02 4.620005409999999868e-02 4.176940900000000040e-02
2.194279060000000072e+02 5.911642289999999994e-02 1.316862370000000063e-03 5.637387879999999907e-02 -5.950875070000000155e-03 6.681052560000000189e-03 5.092097710000000055e-02
2.221250310000000070e+02 6.117488320000000201e-02 -8.367301000000000599e-03 5.589800350000000140e-02 2.209146970000000129e-04 -2.732027319999999829e-02 5.953900089999999978e-02
2.248289530000000127e+02 6.484714799999999335e-02 -8.404147210000000728e-03 6.096454700000000088e-02 2.890007350000000155e-02 -3.626662850000000188e-02 6.974779259999999703e-02
2.275342190000000073e+02 6.046590019999999871e-02 2.466559860000000146e-03 5.477970360000000011e-02 2.056173879999999982e-02 -9.870972749999999977e-05 7.448377380000000166e-03
2.302446559999999920e+02 5.460879309999999709e-02 7.288785850000000172e-04 5.930924170000000106e-02 1.404015330000000020e-02 2.007878490000000044e-02 -9.349897490000000019e-03
2.329591719999999953e+02 6.497301340000000147e-02 -1.511342319999999960e-03 5.764357690000000006e-02 1.267075770000000018e-02 7.294899990000000035e-03 -2.733823050000000129e-02
2.356564689999999871e+02 6.978664910000000055e-02 -2.298669079999999827e-03 6.155446559999999678e-02 -1.486409820000000014e-02 3.384886329999999693e-02 6.091181390000000376e-03
2.383569999999999993e+02 6.779667350000000148e-02 -8.571639589999999198e-03 6.065065599999999724e-02 -1.875149389999999916e-02 9.909381380000000308e-03 4.173466730000000013e-02
2.410614689999999882e+02 6.795432880000000508e-02 -4.166142359999999711e-03 6.285310589999999753e-02 -1.520189530000000053e-02 1.362895520000000082e-02 3.113138609999999834e-02
2.437581250000000068e+02 5.857558169999999703e-02 -1.221943820000000007e-02 6.200911499999999660e-02 -3.324231240000000143e-02 -2.452862689999999943e-03 9.926641120000000151e-02
2.464651409999999885e+02 5.118747480000000044e-02 -3.386168970000000191e-03 5.948137679999999927e-02 2.439973299999999984e-02 -1.736497710000000153e-02 3.250935490000000233e-02
2.491632189999999980e+02 5.533885219999999661e-02 -7.132178169999999623e-03 5.330953530000000218e-02 -6.757625889999999656e-03 8.649679380000000611e-03 2.006011460000000149e-02
2.518598590000000002e+02 5.610450549999999870e-02 -1.232524710000000058e-02 5.070913839999999922e-02 -7.942675749999999341e-03 -1.470752640000000042e-02 5.144175630000000221e-02
2.545572970000000055e+02 5.234490380000000193e-02 -7.248366019999999930e-03 6.060549560000000335e-02 -1.480124300000000039e-02 1.151770730000000083e-02 1.706177830000000020e-02
2.572534059999999840e+02 6.209847689999999781e-02 -1.401018630000000053e-03 6.601130080000000566e-02 -1.270668699999999950e-02 -1.375819170000000015e-02 2.849903050000000132e-02
2.599449690000000146e+02 6.553789910000000496e-02 8.750118779999999791e-03 5.803496679999999713e-02 -1.188396580000000008e-02 -3.486717339999999971e-02 -6.205163369999999474e-04
2.626398750000000177e+02 8.279069799999999590e-02 1.145054530000000001e-03 4.166079040000000150e-02 7.385640490000000558e-02 5.166868600000000013e-03 -4.711976780000000017e-03
2.653323280000000182e+02 8.100583470000000119e-02 2.374114229999999979e-04 2.245303410000000152e-02 8.227392530000000523e-03 -1.041021670000000059e-02 4.741675959999999690e-02
2.680360499999999888e+02 8.687980219999999476e-02 -3.802592300000000140e-03 1.247070490000000073e-03 3.011785479999999973e-02 -2.103553230000000142e-03 3.517330999999999930e-02
