# a=0.054214856392481865, b=-150.42640832198694, c=-0.0013269997913578505, xi=8.189905763522917
6.719353139999999502e-01 6.708073470000000538e-02 -1.661325130000000086e-03 6.223865309999999929e-02 -1.974912510000000065e-02 2.048174059999999935e-02 3.296911720000000184e-02
3.380864530000000201e+00 6.637880020000000436e-02 2.028409420000000171e-03 6.408498880000000619e-02 -2.257240549999999998e-02 2.435155589999999856e-02 2.120240110000000053e-02
6.081930609999999682e+00 6.651965070000000202e-02 5.898993960000000012e-04 6.180654309999999985e-02 -1.090225350000000037e-02 1.471298709999999989e-02 4.769934809999999692e-02
8.779044989999999160e+00 4.986806800000000151e-02 2.363508299999999944e-03 6.632419990000000543e-02 -2.182437130000000093e-03 -2.279048189999999946e-02 -1.660945260000000088e-03
1.147393699999999939e+01 5.366923080000000207e-02 -2.198954449999999863e-03 6.210115339999999762e-02 1.371012939999999942e-03 -1.485877669999999956e-02 2.733529009999999954e-02
1.418023550000000021e+01 5.614581500000000169e-02 -4.760052820000000053e-03 4.754962239999999812e-02 2.231584329999999894e-02 1.806358890000000009e-02 -7.072522379999999706e-03
1.687969329999999957e+01 6.490363529999999825e-02 -5.188835150000000417e-03 4.124224180000000267e-02 6.366997739999999753e-03 -1.222260460000000083e-02 7.748224099999999337e-02
1.957899640000000119e+01 7.386204200000000275e-02 2.940624499999999818e-04 1.777115069999999838e-02 1.695861859999999929e-02 -2.041666469999999997e-02 -3.576079470000000093e-03
2.229250890000000140e+01 7.403732729999999707e-02 5.573089469999999677e-03 -7.429491110000000084e-04 1.085344969999999941e-04 -2.085102479999999953e-02 -3.023361139999999891e-02
2.499561200000000127e+01 7.832083880000000053e-02 5.846973279999999849e-03 -2.921559530000000099e-02 1.373629860000000029e-02 3.108553829999999990e-02 -4.630330180000000184e-02
2.768963229999999953e+01 8.372161229999999787e-02 5.179379159999999808e-03 -4.209128720000000073e-02 1.046394030000000024e-02 -1.860343549999999950e-03 -1.477050119999999932e-02
3.038588389999999961e+01 6.916740799999999967e-02 3.206042909999999926e-03 -4.955306369999999683e-02 -2.667804630000000093e-02 4.682165929999999865e-02 -2.953908300000000070e-02
3.308762920000000207e+01 6.662433130000000592e-02 4.289801010000000164e-03 -5.535444350000000291e-02 -1.443399279999999993e-02 3.137811380000000289e-02 -7.867035959999999287e-03
3.578699329999999890e+01 6.386831079999999439e-02 2.813526700000000026e-03 -6.373208860000000031e-02 8.569087680000000290e-03 3.891911180000000303e-02 1.193570210000000076e-02
3.848236510000000266e+01 5.532759360000000237e-02 -1.214657010000000023e-03 -6.005289409999999689e-02 -3.407141360000000285e-02 4.266645909999999819e-02 -2.121678390000000108e-02
4.118663699999999750e+01 5.670412429999999865e-02 8.521192039999999756e-06 -6.438414080000000317e-02 1.765342279999999875e-02 -1.107454990000000068e-03 9.628468750000000742e-03
4.388512769999999819e+01 5.153044989999999714e-02 -9.741485900000000121e-04 -5.892208460000000064e-02 -1.578044220000000136e-02 9.771888580000000560e-03 4.265059130000000212e-03
4.657938390000000339e+01 5.007896869999999695e-02 2.700073510000000013e-03 -6.404397169999999362e-02 8.526112199999999822e-03 1.809773640000000156e-02 -4.495585259999999687e-03
4.927862919999999747e+01 5.534600679999999995e-02 -5.701927090000000371e-03 -6.556209890000000429e-02 2.061161790000000035e-02 7.215718540000000099e-04 -1.601781440000000015e-02
5.197414330000000149e+01 5.373993509999999696e-02 -1.164706459999999971e-02 -7.060350549999999670e-02 -4.855841649999999982e-02 -5.543229380000000428e-03 -1.480439440000000037e-02
5.468221199999999982e+01 6.177836989999999778e-02 -7.840820890000000862e-03 -6.161219619999999675e-02 1.955444350000000095e-02 1.174181340000000039e-02 -3.832051720000000106e-02
5.737990419999999858e+01 5.804334600000000260e-02 -1.015271690000000074e-02 -5.616345920000000158e-02 1.010279719999999937e-02 1.850729140000000050e-02 -2.411935869999999940e-02
6.008740420000000171e+01 6.208004599999999984e-02 -2.771404839999999994e-03 -4.838919509999999730e-02 1.438144650000000059e-02 -2.104315840000000118e-02 -1.300212079999999923e-02
6.280194480000000112e+01 7.034710289999999977e-02 1.004413260000000009e-02 -3.116162570000000076e-02 2.528319190000000161e-02 -2.708584779999999997e-02 -2.848988319999999803e-03
6.550744330000000559e+01 7.253074660000000118e-02 1.038858619999999920e-02 -3.719928329999999672e-02 1.827802079999999926e-02 -2.820053919999999936e-02 -3.560711579999999848e-02
6.820585730000000524e+01 6.710756069999999907e-02 1.359805839999999981e-02 -4.103504630000000264e-02 -1.598640779999999995e-04 1.399775229999999926e-02 1.706334760000000061e-02
7.090642300000000375e+01 4.767358110000000093e-02 1.005468649999999992e-02 -5.306635369999999907e-02 1.203404660000000070e-02 4.855678399999999693e-03 -2.284868509999999839e-02
7.361270109999999534e+01 5.661797050000000331e-02 1.430141090000000038e-02 -5.408764619999999884e-02 1.620719669999999904e-02 7.316099789999999832e-03 1.986438449999999856e-02
7.630759329999999352e+01 5.178644229999999904e-02 1.835136650000000064e-02 -5.873533680000000284e-02 1.685276969999999902e-02 2.647819070000000195e-03 2.451767079999999863e-02
7.901787299999999448e+01 5.777744089999999749e-02 1.299333010000000045e-02 -5.914953719999999776e-02 1.059912820000000026e-02 -3.889526370000000177e-02 3.469053479999999884e-02
8.173329010000000494e+01 6.332546529999999452e-02 7.209300790000000396e-03 -6.867243409999999881e-02 -4.782157539999999998e-03 -3.362105370000000037e-02 -1.097862309999999945e-02
8.443597450000000038e+01 6.220060720000000071e-02 4.962721120000000187e-03 -5.771527089999999721e-02 -6.542428910000000139e-03 7.825170450000000152e-03 2.156539329999999921e-02
8.712954170000000431e+01 5.664706230000000203e-02 1.081502889999999941e-03 -5.592809900000000195e-02 -1.373595030000000078e-02 1.767647279999999890e-02 3.161354180000000048e-03
8.983191669999999363e+01 5.343566019999999861e-02 1.945232270000000086e-03 -5.542930969999999846e-02 -5.491596940000000211e-03 2.005561819999999995e-02 -1.646091629999999958e-02
9.252201669999999467e+01 4.366400320000000251e-02 -4.032538260000000270e-03 -5.918454580000000187e-02 -1.178697899999999951e-02 3.213096079999999688e-02 -4.992778569999999777e-02
9.522800259999999639e+01 4.106831820000000216e-02 -2.727380509999999866e-03 -6.351682590000000406e-02 -2.507377109999999864e-03 2.905947359999999993e-02 -4.514497509999999825e-03
9.793633699999999465e+01 5.152461860000000227e-02 7.292678319999999943e-03 -6.863369340000000096e-02 2.265493370000000103e-02 4.152933699999999950e-02 -5.487575010000000225e-02
1.006242089999999934e+02 5.663986220000000182e-02 9.330896199999999183e-03 -6.934202840000000534e-02 -6.534698040000000083e-03 -1.198053039999999979e-02 9.837693789999999230e-03
1.033348179999999985e+02 4.859528540000000035e-02 1.205523470000000041e-02 -6.168933089999999869e-02 1.699809139999999830e-02 1.106504950000000015e-02 1.228175029999999980e-02
1.060315370000000001e+02 3.421549029999999825e-02 9.841372149999999541e-03 -7.243808949999999691e-02 8.254528500000000296e-03 4.258622410000000025e-02 -1.826459409999999992e-02
1.087398500000000041e+02 4.301100270000000197e-02 2.030413489999999960e-02 -6.579430340000000377e-02 2.244645220000000135e-02 -5.341532999999999871e-03 -3.028194729999999796e-03
1.114454120000000046e+02 4.934085550000000264e-02 1.812172919999999882e-02 -6.213184039999999908e-02 1.863473200000000107e-02 -3.275318709999999744e-02 -5.336666119999999630e-04
1.141474589999999978e+02 6.004142459999999709e-02 9.626738770000000528e-03 -5.268484100000000309e-02 1.420266589999999961e-02 -4.029021590000000062e-03 4.518020310000000345e-02
1.168488030000000037e+02 6.128677300000000272e-02 9.633913819999999351e-03 -5.286992410000000003e-02 2.982211610000000054e-02 -3.707792099999999980e-02 3.985072020000000187e-02
1.195538959999999946e+02 5.314107750000000158e-02 1.158548879999999996e-02 -5.474529780000000206e-02 2.399260380000000151e-02 -1.452920800000000005e-02 3.191878819999999922e-02
1.222610839999999968e+02 5.564955349999999717e-02 1.344332590000000063e-02 -5.047174819999999951e-02 -1.074641869999999957e-02 -3.327331850000000285e-02 -1.776712529999999873e-02
1.249536779999999965e+02 7.506465839999999778e-02 1.223821180000000085e-02 -3.913369609999999693e-02 -2.945682150000000082e-02 -3.154273259999999801e-02 -2.106454129999999966e-02
1.276550680000000000e+02 7.314218159999999469e-02 8.264463629999999755e-03 -3.152123090000000238e-02 -2.134538139999999848e-02 -1.876187519999999997e-02 9.351379119999999462e-03
1.303524749999999983e+02 7.547356330000000446e-02 -5.573467690000000196e-03 -4.338368740000000251e-02 -7.690906269999999746e-03 -1.710363060000000095e-03 -2.148313079999999986e-02
1.330415680000000123e+02 7.109223679999999990e-02 -1.175368870000000066e-02 -4.263453930000000308e-02 -3.417206920000000203e-02 4.671866720000000112e-02 -2.216718880000000114e-02
1.357340839999999957e+02 7.128597370000000488e-02 -5.563310929999999883e-03 -4.883964069999999907e-02 -1.195682359999999944e-02 7.120055100000000081e-02 -1.670007680000000147e-02
1.384349430000000041e+02 7.129632119999999851e-02 -7.203816029999999919e-03 -4.201983160000000161e-02 -2.479953810000000078e-02 3.719062690000000254e-02 -7.490202740000000137e-03
1.411336459999999988e+02 6.877995010000000076e-02 -7.833516829999999723e-03 -4.476324710000000040e-02 -1.231800779999999915e-02 7.857677969999999137e-03 -4.676278379999999901e-02
1.438216150000000084e+02 7.505763000000000018e-02 -1.709478349999999855e-02 -3.674648529999999941e-02 -1.273969470000000000e-02 7.964809079999999946e-05 -1.396823790000000041e-03
1.465114430000000141e+02 7.816276760000000212e-02 -9.587834369999999329e-03 -2.680928059999999891e-02 3.268304479999999818e-02 -3.222674200000000266e-02 9.194991099999999182e-03
1.492066460000000063e+02 7.789273589999999581e-02 -2.013696629999999800e-03 -1.348795149999999950e-02 2.607512119999999892e-02 1.274125309999999984e-04 9.853837020000000627e-03
1.519072400000000016e+02 7.691182600000000258e-02 1.993571310000000034e-03 6.126662399999999870e-03 -1.087028150000000047e-02 2.295542990000000103e-02 -2.321431129999999843e-02
1.546042400000000043e+02 7.372906340000000280e-02 -2.919926429999999788e-03 2.409164299999999939e-02 -6.202482520000000138e-02 -2.694096010000000124e-02 -2.616845220000000097e-02
1.572999279999999942e+02 7.341516989999999354e-02 -2.911790500000000208e-03 3.284048860000000208e-02 -6.897981929999999484e-02 1.432100950000000060e-03 -2.865295749999999947e-02
1.599824749999999938e+02 7.112602210000000535e-02 2.825979240000000073e-03 4.890270320000000143e-02 4.919563109999999795e-02 -2.307081750000000014e-02 4.556458359999999638e-03
1.626915370000000109e+02 6.466752630000000002e-02 -8.268721669999999635e-03 5.395753100000000302e-02 -3.583476149999999943e-02 1.175908470000000018e-02 9.179099800000000515e-04
1.653831150000000036e+02 6.122974779999999784e-02 -7.447246450000000184e-03 6.185585569999999672e-02 1.508591960000000079e-02 2.796120759999999941e-02 -1.557542169999999969e-02
1.680780839999999898e+02 5.812054950000000025e-02 -4.438504769999999759e-03 5.965686459999999802e-02 -2.301602520000000165e-02 6.158089569999999728e-03 8.012032270000000317e-03
1.707838649999999916e+02 5.957958730000000036e-02 -4.073313519999999938e-03 6.440536550000000582e-02 1.281180250000000034e-02 -6.071456069999999752e-04 1.376239400000000071e-02
1.734801930000000141e+02 6.067935440000000319e-02 9.973904379999998931e-04 5.613475290000000117e-02 1.443716960000000012e-04 -3.023614670000000088e-02 3.891777920000000224e-02
1.761863180000000000e+02 6.018554820000000111e-02 3.198447340000000038e-03 5.347472000000000336e-02 5.313378149999999772e-02 2.626966990000000057e-02 -2.160791760000000013e-03
1.788936309999999992e+02 6.397297220000000562e-02 4.880981710000000147e-03 5.409591390000000055e-02 -1.964285770000000157e-05 2.140403059999999857e-02 7.988130779999999889e-03
1.816112090000000023e+02 5.426001030000000142e-02 -1.413029120000000062e-03 5.198959899999999745e-02 -2.498559189999999958e-02 -4.175787110000000329e-02 -4.143645520000000144e-03
1.843178499999999929e+02 5.913933190000000145e-02 1.038900939999999953e-02 5.392666329999999675e-02 -4.414871790000000212e-02 -8.486464650000000859e-03 1.129963730000000006e-02
1.870221310000000017e+02 6.901980100000000562e-02 8.201643260000000477e-03 4.770831369999999766e-02 -1.108433649999999993e-01 -6.839535500000000490e-02 -7.668883569999999494e-04
1.897166780000000017e+02 6.869625259999999345e-02 -3.783693099999999900e-04 4.210077839999999683e-02 -7.651631859999999397e-02 -4.661202340000000083e-02 2.436038769999999964e-02
1.924058180000000107e+02 6.624330370000000578e-02 -1.150222169999999978e-03 4.527289529999999756e-02 -1.762928940000000125e-02 -1.728157589999999855e-02 2.215545359999999964e-02
1.951127869999999973e+02 6.373416540000000075e-02 6.500365830000000289e-03 3.748955209999999677e-02 -5.782670720000000070e-02 5.692293319999999768e-02 3.076742869999999838e-02
1.978063180000000045e+02 6.878806399999999599e-02 2.923988289999999903e-03 4.938530900000000223e-02 -3.770302019999999948e-02 2.200313489999999872e-02 5.219073009999999901e-02
2.005021619999999984e+02 6.064763740000000264e-02 8.400978970000000379e-03 5.164095629999999881e-02 1.933486099999999919e-03 2.836620550000000171e-02 5.548165089999999855e-02
2.032002870000000030e+02 5.410337949999999979e-02 5.077832939999999719e-03 5.583595620000000176e-02 2.164950460000000104e-02 4.150036630000000087e-02 8.205529520000000299e-02
2.059078810000000033e+02 5.202466010000000168e-02 7.857425209999999507e-03 5.983887909999999893e-02 6.052333909999999678e-02 3.610165049999999876e-02 6.951209560000000398e-02
2.086047090000000139e+02 5.281726900000000002e-02 2.334793740000000017e-03 5.782240959999999930e-02 3.649159820000000276e-02 3.439670100000000175e-02 4.350778470000000314e-02
2.113094120000000089e+02 5.343746619999999864e-02 -1.516716370000000024e-03 5.633213699999999741e-02 1.614502920000000091e-02 -2.264823870000000003e-03 -2.115328899999999873e-02
2.140023649999999975e+02 5.684820609999999969e-02 4.332063799999999985e-03 4.670704199999999723e-02 -1.858738580000000038e-03 2.182025519999999941e-02 -9.368546490000000809e-03
2.167083340000000078e+02 5.505855319999999886e-02 3.173801909999999799e-03 4.983755439999999759e-02 -1.476550580000000022e-02 6.389339970000000590e-02 -2.969525129999999943e-02
2.194016459999999995e+02 5.736387119999999951e-02 6.400268550000000160e-03 5.926748910000000092e-02 -1.578167680000000170e-02 1.160741309999999919e-03 2.952979760000000106e-03
2.221002090000000067e+02 5.089740100000000184e-02 5.743521530000000180e-03 5.767852049999999675e-02 1.752565559999999870e-02 9.911068940000000022e-03 1.602117499999999861e-02
2.248056149999999889e+02 5.500334760000000212e-02 4.723987720000000397e-03 6.023431309999999900e-02 -3.273904779999999709e-02 2.872337590000000052e-02 -2.520600009999999971e-03
2.275105210000000113e+02 5.219606169999999740e-02 3.157281730000000182e-03 6.732570250000000089e-02 2.946238110000000063e-02 1.659932500000000158e-02 -2.816852049999999871e-02
2.302153649999999914e+02 5.189159179999999760e-02 2.736779139999999822e-03 6.482020369999999532e-02 2.878790219999999983e-02 2.826750830000000075e-02 -2.876191200000000059e-02
2.329257249999999999e+02 4.901612660000000121e-02 4.439862069999999869e-03 6.387247079999999744e-02 3.650504079999999929e-02 3.610624600000000156e-02 -1.286768429999999956e-02
2.356261619999999937e+02 5.120081320000000047e-02 3.910652639999999750e-03 6.701205209999999690e-02 1.615447639999999935e-02 -3.946520829999999869e-02 -2.141899229999999835e-02
2.383300680000000114e+02 5.226725389999999777e-02 -4.929925019999999852e-03 6.909056099999999478e-02 4.177181330000000192e-02 7.971572790000000866e-03 -5.168615790000000154e-02
2.410279899999999884e+02 4.228868210000000238e-02 -2.625737559999999880e-03 6.474786940000000490e-02 4.209056779999999914e-02 -3.289450470000000043e-02 -2.226633609999999902e-02
2.437350999999999885e+02 4.705670590000000236e-02 -1.101155910000000022e-02 6.349545650000000541e-02 1.671321690000000110e-02 1.359813619999999945e-02 -1.114499279999999967e-02
2.464399119999999925e+02 5.616532159999999829e-02 -1.926706000000000035e-03 6.420589699999999789e-02 2.615334609999999879e-02 1.383153619999999938e-02 -2.817681290000000061e-02
2.491405839999999898e+02 5.587457970000000301e-02 -1.139979489999999943e-02 6.208942829999999913e-02 1.098159380000000027e-03 -9.469958869999999668e-03 -3.193929620000000164e-02
2.518407400000000109e+02 5.906207549999999834e-02 9.334143500000000428e-04 5.983946109999999791e-02 -2.020887559999999788e-03 -5.792924340000000019e-03 1.269253059999999982e-02
2.545405370000000005e+02 5.592508150000000122e-02 -4.054339520000000210e-03 5.966965870000000283e-02 1.979491439999999866e-02 1.387590759999999916e-02 -2.854140360000000098e-03
2.572443030000000022e+02 6.091658829999999775e-02 -5.737080490000000081e-03 5.182993260000000324e-02 -1.516927430000000049e-02 7.434334550000000312e-03 -5.101987169999999683e-02
2.599500840000000039e+02 5.798691150000000183e-02 -5.741601049999999623e-03 4.986688529999999675e-02 -4.175774609999999970e-02 3.652274860000000178e-02 -5.102169849999999701e-02
2.626464589999999930e+02 6.465146260000000089e-02 -5.158796949999999888e-03 5.402915459999999698e-02 -1.601337960000000053e-03 -1.424356339999999915e-02 2.227916619999999875e-02
2.653498809999999821e+02 6.921533700000000178e-02 -3.874738620000000092e-03 5.222590270000000007e-02 4.261868460000000150e-03 -6.899376730000000152e-03 4.892908230000000275e-02
2.680406639999999925e+02 7.728710560000000285e-02 -6.149617179999999732e-03 5.284375169999999677e-02 -1.520468349999999982e-02 9.178713760000000235e-03 3.515155299999999945e-03
