# a=0.06607012861434332, b=-128.53930935467432, c=-0.00025530356160173296, xi=11.716864818937436
6.930437590000000370e-01 6.213440459999999832e-02 -1.650846870000000077e-02 3.616019560000000022e-02 9.620934919999999183e-03 1.066046829999999987e-02 1.846263739999999889e-02
3.392947219999999930e+00 6.218293560000000275e-02 -2.335210570000000041e-02 2.302043360000000094e-02 2.408953349999999952e-02 2.837759520000000119e-02 9.777143570000000616e-03
6.084344250000000009e+00 7.117358220000000180e-02 -1.300466989999999982e-02 1.951187780000000066e-02 1.150700540000000084e-02 2.051179870000000016e-02 2.421177669999999976e-02
8.774091900000000166e+00 7.153122030000000353e-02 -1.454860940000000068e-02 -6.331915959999999659e-04 -2.317538989999999924e-02 4.225015900000000241e-02 2.455062270000000005e-02
1.146908310000000064e+01 6.620708170000000337e-02 -8.146927530000000472e-03 -2.469088159999999893e-02 -2.030593740000000147e-02 2.148007119999999909e-02 3.276170340000000153e-02
1.416738319999999973e+01 6.143287749999999658e-02 -1.122182589999999938e-02 -4.507713049999999971e-02 -5.966033679999999811e-02 -4.134214320000000054e-02 1.066208530000000050e-02
1.686736750000000029e+01 5.793278739999999788e-02 -1.494497589999999878e-04 -6.080182089999999762e-02 -4.226651990000000053e-02 -6.804538290000000308e-03 -6.768121980000000194e-04
1.956707850000000093e+01 5.306179510000000321e-02 3.472266979999999881e-03 -6.800433109999999559e-02 -4.442343969999999753e-02 3.104465299999999931e-03 2.087688169999999885e-02
2.227082529999999849e+01 4.957456130000000016e-02 -1.636104459999999938e-04 -7.009832450000000326e-02 -4.196793800000000324e-02 -5.119153290000000127e-03 2.723366949999999828e-02
2.497393470000000093e+01 5.787465480000000134e-02 -5.038250330000000393e-04 -7.241153679999999537e-02 -1.922410459999999988e-02 6.830842170000000352e-03 1.731451280000000092e-02
2.768144410000000022e+01 6.544397039999999555e-02 7.607243360000000157e-04 -5.989465320000000176e-02 -2.177353220000000089e-02 2.316255810000000109e-02 2.314393439999999982e-02
3.039561439999999948e+01 7.102911060000000054e-02 1.475172689999999917e-03 -5.909873639999999734e-02 -8.329408389999999260e-03 -6.665713700000000519e-02 6.262412600000000218e-02
3.309535029999999978e+01 6.435285670000000235e-02 1.030895549999999959e-03 -5.873700700000000080e-02 -1.166632509999999956e-02 -6.257830420000000393e-02 4.426857409999999937e-02
3.579846909999999838e+01 6.954099850000000638e-02 4.234885619999999989e-04 -5.391582129999999973e-02 -1.439620060000000069e-02 -5.015192439999999890e-02 -1.378548770000000015e-03
3.849597529999999779e+01 7.295510839999999608e-02 4.517064440000000299e-03 -5.997598230000000114e-02 -1.236314629999999944e-03 -6.481729549999999847e-03 -1.217553510000000082e-02
4.118836129999999685e+01 6.978985819999999896e-02 5.442316269999999782e-03 -5.536200649999999807e-02 -2.337272699999999852e-03 2.660705660000000153e-02 1.553851690000000035e-02
4.388553780000000160e+01 5.732802470000000067e-02 7.295553140000000068e-03 -6.276992259999999990e-02 -1.310946759999999899e-03 -1.271000119999999949e-02 2.757063469999999905e-02
4.657632850000000246e+01 6.221913440000000073e-02 9.747080300000000516e-03 -6.164550480000000054e-02 2.374604120000000165e-03 -1.122681709999999965e-02 1.695543399999999840e-02
4.927929569999999870e+01 7.119267569999999934e-02 8.581775550000000224e-03 -6.310226459999999926e-02 -2.171801679999999998e-02 -4.799142160000000393e-03 3.596785529999999963e-03
5.197839100000000201e+01 7.549873040000000535e-02 1.139769080000000052e-02 -6.466332340000000012e-02 -2.781051299999999851e-02 4.930265699999999973e-02 1.859612739999999889e-02
5.468362690000000015e+01 7.421509549999999455e-02 8.268231569999999475e-03 -7.178547400000000189e-02 -1.911280110000000004e-03 3.052166970000000021e-02 1.721335640000000097e-02
5.737784099999999654e+01 6.977297679999999724e-02 6.164532260000000173e-03 -7.082741959999999670e-02 -8.273460649999999847e-03 -5.790006000000000319e-03 -1.877892130000000104e-02
6.008237059999999730e+01 6.727332969999999523e-02 6.620859699999999577e-03 -6.626556779999999425e-02 2.738085499999999908e-02 -1.170605069999999977e-02 6.026407959999999751e-03
6.277505349999999851e+01 6.919235499999999706e-02 7.482027530000000086e-03 -5.672070609999999707e-02 1.449038409999999985e-02 4.907175260000000427e-03 -1.185277960000000012e-02
6.547183470000000227e+01 7.115770999999999902e-02 5.082422300000000170e-03 -6.419699410000000162e-02 -1.952130789999999977e-02 1.417524739999999946e-03 -2.081589550000000066e-02
6.817080660000000591e+01 6.695531209999999733e-02 2.854161510000000155e-03 -7.029808460000000481e-02 -7.407029570000000195e-03 1.843122989999999937e-03 5.779197819999999999e-03
7.086230969999999729e+01 6.366254540000000628e-02 8.792189770000000126e-03 -7.002490919999999897e-02 -1.635625530000000064e-02 -3.357581510000000324e-02 -1.306117480000000032e-02
7.356106749999999295e+01 6.720162229999999959e-02 4.807692490000000339e-03 -7.122089289999999906e-02 8.955074630000000452e-03 -1.644043540000000164e-02 -4.023903890000000289e-02
7.624716750000000332e+01 7.063398149999999820e-02 1.109935100000000036e-02 -6.882458639999999850e-02 2.558113450000000164e-02 2.668957450000000037e-02 -2.437180250000000117e-02
7.894774719999999490e+01 7.101466350000000538e-02 5.957134549999999751e-03 -6.181100309999999765e-02 1.743174620000000064e-02 2.438400930000000043e-03 3.852906190000000147e-02
8.165006440000000509e+01 7.151837560000000316e-02 5.695621090000000178e-03 -6.025049429999999873e-02 1.433802739999999942e-03 6.566670960000000430e-04 6.291648139999999820e-03
8.435603310000000477e+01 7.103022670000000427e-02 9.919499619999999282e-03 -6.551542539999999359e-02 -1.631278530000000032e-02 -7.011798290000000218e-03 -1.686467419999999884e-02
8.706420970000000636e+01 7.108094580000000329e-02 9.974563789999999971e-03 -6.637698350000000025e-02 -1.610930210000000029e-02 -5.783731079999999969e-02 -1.700396449999999962e-02
8.977209569999999417e+01 6.536765510000000501e-02 9.573780449999999553e-03 -6.803987139999999323e-02 -1.991009719999999907e-03 -5.165994220000000303e-02 2.142419599999999952e-02
9.247158310000000370e+01 6.463439249999999858e-02 5.337819570000000048e-03 -6.791452929999999832e-02 2.694865299999999950e-03 -2.518090599999999943e-02 4.442117389999999943e-02
9.516615190000000268e+01 6.287912240000000097e-02 2.617355259999999857e-03 -7.492177610000000376e-02 1.951034009999999888e-02 1.999630910000000164e-02 2.396961350000000046e-02
9.787109250000000316e+01 6.114528689999999822e-02 2.509844709999999989e-03 -6.783400589999999397e-02 1.284631349999999957e-02 -2.092069670000000145e-02 1.132206590000000082e-02
1.005696269999999970e+02 6.539191119999999968e-02 -2.444705090000000216e-03 -6.708105870000000137e-02 3.519319159999999974e-02 -1.143663259999999973e-02 -4.229310049999999988e-02
1.032643769999999961e+02 5.834184299999999740e-02 8.621485620000000037e-04 -6.093688039999999723e-02 3.089063800000000151e-02 2.626039029999999858e-02 -5.449548719999999791e-02
1.059717679999999973e+02 6.012283489999999814e-02 -5.054396620000000187e-03 -5.940466689999999994e-02 -8.517946380000000414e-03 -4.124375470000000293e-02 -2.104871009999999959e-02
1.086748610000000070e+02 5.488420489999999707e-02 -9.269485460000000815e-03 -5.661612449999999658e-02 -1.526226609999999963e-02 2.412701089999999809e-03 2.352371110000000057e-02
1.113790960000000041e+02 6.985041390000000516e-02 -8.640588830000000414e-03 -5.311646090000000237e-02 -9.140118049999999827e-03 7.462512870000000131e-03 3.038922669999999816e-03
1.140887680000000017e+02 7.541187959999999524e-02 -5.734496589999999762e-03 -4.781138769999999927e-02 -1.354365299999999925e-02 5.929339900000000357e-03 -1.820531510000000103e-02
1.167847359999999952e+02 7.774381860000000033e-02 -6.331174230000000125e-03 -4.835138800000000209e-02 -3.522159329999999949e-02 8.523266480000000513e-04 -2.869093630000000162e-03
1.194850639999999942e+02 7.558627699999999339e-02 -6.002782239999999818e-03 -4.147936230000000279e-02 -3.448007329999999704e-02 -2.436610510000000035e-02 -4.114278689999999877e-02
1.221815490000000040e+02 8.548452639999999658e-02 -9.697185279999999408e-03 -4.384037350000000166e-02 -3.986227350000000336e-02 -3.638935659999999878e-02 -5.640615160000000267e-02
1.248819859999999977e+02 7.990884669999999412e-02 -4.817694209999999998e-03 -2.724347499999999964e-02 -2.650416439999999860e-02 -5.710381779999999796e-02 7.814451930000000657e-03
1.275765329999999977e+02 8.098098250000000664e-02 -1.265852140000000084e-02 -1.761089169999999942e-03 -2.573741729999999908e-02 -4.976836789999999899e-02 -1.312095050000000075e-02
1.302686429999999973e+02 7.935658800000000568e-02 -1.492649069999999953e-02 1.250974860000000043e-02 -7.414800160000000265e-04 -1.863439199999999962e-02 -3.902635270000000267e-02
1.329724710000000130e+02 7.967908140000000417e-02 -7.141816770000000009e-03 1.924697270000000002e-02 -1.110452460000000037e-02 -6.007712929999999875e-03 -1.649819279999999860e-02
1.356649240000000134e+02 8.094353830000000638e-02 -6.904829060000000109e-03 3.484148670000000031e-02 -2.301604130000000151e-02 -1.828637290000000026e-02 -6.644907170000000432e-03
1.383651270000000011e+02 7.452923790000000326e-02 3.512355869999999984e-03 5.213058500000000012e-02 -3.197741219999999940e-02 -5.147945830000000278e-02 -1.236377039999999976e-02
1.410570020000000113e+02 7.248841729999999650e-02 -2.228691919999999885e-04 6.203526279999999754e-02 -1.627883429999999951e-02 -4.729203149999999800e-02 -4.378383870000000094e-02
1.437608610000000056e+02 6.426891580000000659e-02 2.465442930000000168e-03 5.511248380000000058e-02 -2.780169279999999965e-02 3.558771799999999909e-03 -1.115480219999999932e-02
1.464698610000000087e+02 5.690437429999999769e-02 1.406943429999999925e-02 5.735042419999999974e-02 -8.409386770000000511e-02 1.775138730000000095e-02 8.782293440000000020e-03
1.491667520000000025e+02 6.218540329999999727e-02 1.458105340000000021e-02 6.278345259999999761e-02 -5.169223270000000009e-02 -2.191832100000000103e-02 2.174021259999999942e-02
1.518710330000000113e+02 6.955591279999999432e-02 1.414250000000000056e-02 5.477829139999999819e-02 -3.134076429999999719e-02 -6.806965699999999696e-03 3.105090240000000015e-02
1.545713609999999960e+02 6.908715969999999762e-02 1.643869439999999862e-02 5.821788259999999965e-02 -1.558324850000000067e-02 3.544771800000000306e-02 2.570656359999999932e-02
1.572711740000000020e+02 6.442001619999999928e-02 1.463995210000000081e-02 5.642086629999999714e-02 6.306913560000000293e-03 -3.209369620000000062e-02 1.620450840000000128e-02
1.599700330000000008e+02 5.695399169999999789e-02 1.318666310000000085e-02 6.177894069999999987e-02 -3.419431700000000185e-02 -6.134967859999999884e-02 -1.845822940000000148e-02
1.626655959999999936e+02 5.766354320000000033e-02 1.305438239999999993e-02 6.487727220000000239e-02 -2.446873150000000025e-02 -5.408636850000000246e-02 -2.437864110000000084e-02
1.653628459999999905e+02 5.663666629999999924e-02 4.007315889999999922e-03 5.901897040000000233e-02 -2.410671769999999867e-02 1.974755899999999786e-03 8.779648019999999192e-03
1.680533140000000003e+02 6.223234300000000246e-02 2.568410069999999858e-03 5.598997740000000167e-02 -5.663201720000000244e-03 5.128809740000000311e-03 -2.956397700000000170e-02
1.707482829999999865e+02 6.815475120000000220e-02 2.788210330000000150e-03 6.111648819999999926e-02 4.120770420000000045e-02 -2.113114509999999835e-02 -3.345693620000000229e-02
1.734587830000000110e+02 6.893671010000000654e-02 -2.219223580000000053e-03 6.165348670000000281e-02 -2.889170419999999989e-02 -4.851697109999999862e-03 -4.123278069999999906e-02
1.761535639999999887e+02 6.392278040000000383e-02 -6.936008980000000438e-04 6.446643770000000384e-02 -2.024434879999999909e-02 -4.418919699999999950e-02 -2.853370900000000085e-02
1.788547360000000026e+02 6.167660669999999734e-02 -8.411178360000000354e-03 6.041155060000000243e-02 -1.082857069999999984e-02 -5.997515359999999740e-02 -3.666272360000000230e-02
1.815585800000000063e+02 6.530723639999999608e-02 -3.319984619999999907e-03 6.826038950000000438e-02 4.096449669999999849e-02 -6.851559779999999433e-02 -5.793852339999999712e-02
1.842609239999999886e+02 6.761833899999999953e-02 -3.370358999999999855e-03 6.173815430000000049e-02 4.513310710000000003e-02 -5.299141599999999952e-02 -5.349197499999999716e-02
1.869594549999999913e+02 6.611092440000000681e-02 -1.998025640000000106e-03 6.649712809999999696e-02 -2.687578960000000169e-02 2.900924830000000082e-04 -3.585822050000000288e-02
1.896571270000000027e+02 6.427816690000000277e-02 9.068634950000000220e-04 6.514995580000000619e-02 -7.852431240000000423e-02 5.386849679999999863e-02 -7.081762200000000194e-03
1.923478139999999996e+02 5.411206849999999902e-02 -1.233164109999999912e-03 7.437902600000000086e-02 -6.021921589999999769e-02 5.837021590000000121e-02 5.444297780000000031e-02
1.950450179999999989e+02 5.341816280000000194e-02 -3.127380270000000139e-04 7.551673540000000684e-02 -1.766392710000000074e-02 4.537297170000000046e-02 6.863906379999999696e-02
1.977400179999999921e+02 5.547812939999999943e-02 4.196710200000000265e-03 6.877658350000000198e-02 7.387299930000000570e-02 3.997781009999999691e-02 8.012893879999999358e-02
2.004360800000000040e+02 5.667369869999999699e-02 1.794246819999999968e-03 6.053270239999999913e-02 1.176976980000000034e-01 -3.309041749999999671e-02 7.075311649999999931e-03
2.031378300000000081e+02 6.146670709999999677e-02 5.436360309999999953e-04 5.794868019999999814e-02 4.654434629999999740e-02 -8.827409580000000755e-03 3.798785650000000014e-02
2.058308609999999987e+02 6.394548329999999448e-02 -1.038305410000000097e-03 6.320585200000000681e-02 1.839468959999999986e-02 -2.240429330000000063e-05 2.175872129999999877e-02
2.085270490000000052e+02 6.689818029999999860e-02 -1.666164279999999892e-03 5.723486800000000124e-02 -1.081945320000000064e-02 4.919803539999999947e-02 1.059658169999999969e-02
2.112212519999999927e+02 6.411119120000000060e-02 1.981936369999999937e-03 6.177864529999999715e-02 -1.563646949999999980e-02 1.802642390000000136e-02 7.154494820000000151e-03
2.139188770000000090e+02 6.333361699999999483e-02 2.757990799999999933e-03 6.018919720000000251e-02 1.080326169999999914e-03 -1.143859899999999982e-03 5.938426469999999978e-03
2.166202360000000056e+02 6.865923829999999450e-02 -9.130352689999999844e-04 7.028994160000000269e-02 -1.589832379999999920e-02 -3.556331289999999784e-02 5.722922760000000164e-02
2.193131109999999921e+02 6.885629679999999420e-02 2.784298090000000066e-05 7.474685729999999695e-02 -3.094382730000000067e-02 -3.017981980000000036e-02 7.262896209999999617e-03
2.220206110000000024e+02 5.542271549999999714e-02 -1.108637040000000048e-03 8.160714060000000269e-02 -6.780072360000000131e-02 -5.759387629999999925e-02 -8.184193399999999466e-03
2.247230179999999962e+02 5.011516030000000288e-02 -3.124446060000000101e-03 8.484788599999999736e-02 -3.560073490000000007e-02 3.045096089999999815e-03 4.950636349999999741e-02
2.274262830000000122e+02 4.879646540000000254e-02 -2.378971719999999849e-03 8.172104789999999619e-02 1.617885750000000109e-02 1.420890890000000087e-03 1.294140820000000067e-02
2.301375800000000140e+02 4.847048789999999774e-02 -7.039079079999999849e-03 7.265126199999999423e-02 -1.028974170000000049e-02 1.854664290000000021e-02 1.492964949999999943e-02
2.328360639999999933e+02 5.007642260000000345e-02 -3.539731590000000198e-03 6.915645739999999597e-02 -9.871586110000000330e-03 6.515777709999999445e-02 2.905805759999999932e-02
2.355387829999999951e+02 5.171858499999999748e-02 -6.144343099999999627e-03 7.297604539999999473e-02 -1.877535680000000026e-02 3.354957459999999975e-02 3.597141069999999774e-02
2.382447050000000104e+02 5.868160979999999943e-02 -8.203052179999999888e-03 7.125547009999999570e-02 -2.286656980000000006e-02 1.216595260000000005e-02 2.589684579999999847e-02
2.409419080000000122e+02 6.119387390000000093e-02 -1.061389960000000063e-02 6.828363299999999636e-02 -6.207222200000000155e-03 1.186186340000000040e-02 5.161148000000000124e-02
2.436453459999999893e+02 6.098475589999999974e-02 -1.374574029999999988e-02 6.529851570000000383e-02 -2.178107459999999856e-02 1.783338970000000008e-03 6.296485699999999908e-02
2.463519709999999918e+02 5.508970480000000003e-02 -1.296614329999999995e-02 6.856189669999999958e-02 -4.146928550000000130e-02 -3.157707600000000253e-02 6.386687359999999869e-02
2.490484549999999899e+02 5.191189649999999878e-02 -1.312978710000000000e-02 6.369590740000000140e-02 3.283073870000000061e-03 -1.258991679999999988e-02 -1.081303720000000024e-02
2.517500019999999950e+02 5.023124729999999677e-02 -1.740167009999999889e-02 6.552789430000000026e-02 2.578812700000000097e-02 2.661059810000000053e-02 -2.567629709999999857e-02
2.544508460000000127e+02 4.788223750000000084e-02 -1.813932769999999917e-02 6.824700549999999921e-02 1.747369320000000115e-02 1.676017419999999841e-02 -4.680776889999999774e-02
2.571608140000000162e+02 4.612150009999999717e-02 -1.437247189999999938e-02 6.707588940000000499e-02 2.211555730000000150e-02 -1.708053819999999848e-02 3.980311959999999899e-03
2.598617209999999886e+02 4.992042160000000062e-02 -1.202490730000000015e-02 6.408976230000000551e-02 2.184108530000000020e-02 -3.614756649999999790e-03 -9.040207269999999545e-03
2.625722049999999967e+02 5.271519320000000314e-02 -9.925618449999999704e-03 6.519302489999999339e-02 9.772769369999999983e-03 -2.569180160000000129e-02 -2.192032730000000040e-02
2.652692359999999780e+02 5.892958890000000310e-02 -1.460992189999999954e-02 6.880841729999999379e-02 -7.732806279999999803e-03 1.134011359999999996e-02 -9.848424169999999908e-03
2.679716859999999770e+02 6.071829399999999904e-02 -1.387979550000000006e-02 5.537070139999999974e-02 7.970150150000000766e-03 4.982661840000000147e-02 2.589954179999999842e-02
