# a=0.06065846028979179, b=-146.358568981024, c=-0.001494252223292285, xi=7.333282093131352
6.726504359999999627e-01 6.353696640000000562e-02 8.627890460000000802e-03 5.994741440000000282e-02 -1.034301550000000028e-02 7.738003640000000287e-03 4.114888750000000178e-02
3.381944419999999951e+00 6.556282160000000137e-02 4.276351299999999953e-03 6.312220450000000094e-02 4.991816080000000162e-03 1.110162330000000024e-02 4.561000879999999903e-03
6.096209889999999909e+00 6.327609160000000066e-02 7.275060820000000053e-03 5.584544150000000234e-02 3.359588220000000146e-03 4.798639319999999965e-03 3.240667200000000095e-03
8.798166450000000083e+00 6.447387109999999644e-02 4.933148529999999664e-03 4.900121269999999779e-02 4.443854109999999789e-04 2.694660440000000087e-02 3.556997399999999726e-02
1.148846660000000064e+01 7.077016930000000483e-02 1.888778029999999908e-03 3.501734909999999756e-02 -1.146256130000000012e-02 -3.428233960000000215e-03 6.662291559999999890e-02
1.419096970000000013e+01 6.948920649999999755e-02 2.336291779999999808e-03 2.145512680000000172e-02 2.750494319999999965e-02 1.567473759999999869e-02 7.252156379999999403e-02
1.689338220000000135e+01 6.605574849999999720e-02 1.393537380000000030e-03 -5.205648400000000356e-03 1.905787089999999920e-02 1.489593250000000035e-02 1.624419690000000055e-02
1.959986190000000050e+01 7.609298820000000296e-02 -3.114256609999999873e-03 -1.851597459999999862e-02 -1.301772370000000081e-02 3.836058519999999833e-02 1.773581769999999945e-03
2.230178539999999998e+01 8.244822720000000160e-02 2.211418660000000116e-03 -2.934295649999999964e-02 -1.840357470000000004e-03 -2.622547120000000200e-03 5.186228739999999837e-03
2.501443689999999975e+01 7.473194029999999377e-02 6.346471010000000190e-03 -4.325286209999999743e-02 2.350643050000000150e-02 4.017047499999999716e-02 3.369064699999999718e-02
2.769478850000000136e+01 7.757011399999999557e-02 1.615533939999999960e-02 -4.542313669999999831e-02 -1.630303389999999963e-02 -1.559262649999999979e-02 8.044420650000000048e-03
3.039453220000000044e+01 6.290651020000000149e-02 9.995456380000000002e-03 -3.720631380000000155e-02 -6.588854090000000399e-03 -1.874327989999999972e-02 1.215732729999999956e-02
3.310265569999999968e+01 7.511266290000000179e-02 3.452019440000000158e-03 -4.658455479999999704e-02 -8.259272879999999747e-03 1.497618220000000028e-03 -2.242711910000000017e-02
3.579686350000000061e+01 7.227508639999999374e-02 1.849637080000000010e-03 -5.082602230000000249e-02 -1.396204990000000012e-03 3.295797419999999672e-02 -1.373054379999999984e-02
3.850401819999999731e+01 6.324920529999999985e-02 -7.771411770000000163e-04 -5.377169870000000212e-02 -9.210290289999999158e-03 1.937376010000000162e-02 -3.137946240000000220e-02
4.121844469999999916e+01 6.684456910000000085e-02 -3.330878399999999927e-03 -5.388992360000000037e-02 -4.787482759999999588e-03 3.071404230000000075e-04 -8.771621089999999399e-02
4.391148849999999726e+01 6.135353319999999749e-02 2.409527229999999798e-03 -5.562668409999999702e-02 -1.684636100000000067e-02 4.694870489999999896e-02 -4.565555100000000255e-02
4.661782290000000017e+01 7.095858189999999788e-02 1.413513890000000052e-03 -4.984348710000000016e-02 -1.111935710000000075e-03 4.622953119999999999e-02 -1.552035379999999916e-02
4.931134000000000128e+01 6.866169330000000681e-02 5.555896180000000420e-03 -4.715081609999999951e-02 -2.837631919999999974e-02 4.972638449999999821e-02 -1.604498619999999987e-02
5.201578539999999862e+01 6.538276290000000213e-02 1.361981180000000104e-03 -5.007673060000000093e-02 -3.149452729999999839e-02 -1.305693789999999924e-02 -2.820553450000000059e-02
5.471497600000000006e+01 6.016737490000000077e-02 -6.155564500000000258e-03 -5.232381170000000026e-02 -1.031361280000000005e-02 1.925385759999999943e-03 -2.865129669999999865e-02
5.740151500000000340e+01 5.675078740000000233e-02 -2.414911489999999831e-03 -4.587967180000000061e-02 -2.461855179999999921e-02 -2.771627220000000020e-03 -1.920193970000000014e-02
6.009948219999999708e+01 6.239430070000000217e-02 -5.293990390000000330e-03 -5.586375329999999917e-02 -1.261591700000000080e-02 -2.973325530000000064e-02 1.870104590000000065e-03
6.279909940000000290e+01 5.088010839999999868e-02 -1.075709830000000020e-02 -5.919983899999999716e-02 -1.528547679999999950e-02 1.585985629999999910e-02 1.487459520000000007e-02
6.550588849999999752e+01 4.286016410000000054e-02 -9.310036949999999506e-03 -6.560347950000000594e-02 -1.191364139999999926e-02 -2.065472250000000010e-02 3.066591100000000056e-02
6.820837600000000123e+01 3.678419019999999706e-02 -5.516284829999999924e-03 -6.917558729999999378e-02 -2.127192979999999959e-03 1.314745429999999993e-02 -3.340480839999999951e-02
7.090664160000000038e+01 4.699818370000000134e-02 -2.420936500000000005e-03 -6.476854790000000084e-02 -2.284200210000000147e-02 -1.401386160000000006e-02 -3.597858909999999966e-02
7.360154319999999473e+01 4.661794329999999903e-02 -1.073950750000000030e-02 -7.114635669999999634e-02 -3.389726679999999909e-02 -2.127010990000000046e-02 -6.728327979999999819e-02
7.629110719999999901e+01 4.537239130000000203e-02 -7.427146110000000349e-03 -6.970086500000000074e-02 -2.313181259999999920e-02 -5.002932909999999872e-02 -2.879657550000000107e-02
7.899610250000000633e+01 4.341038369999999924e-02 -6.930987599999999769e-03 -6.996328350000000085e-02 -7.781865780000000142e-04 4.276201720000000206e-02 -3.714177350000000266e-02
8.170653690000000324e+01 4.548097300000000093e-02 -4.545044110000000248e-03 -7.459444950000000685e-02 2.786866689999999841e-02 1.305160099999999948e-02 -3.091123169999999976e-02
8.441824320000000625e+01 4.112645980000000090e-02 1.144520750000000065e-04 -6.709189290000000527e-02 3.812924339999999856e-02 5.622984600000000346e-03 -2.851538329999999885e-02
8.712251969999999801e+01 4.614515000000000283e-02 -7.649939849999999771e-03 -6.870660439999999591e-02 -3.885428939999999946e-03 5.830429130000000168e-03 2.605457770000000131e-02
8.982438380000000677e+01 4.913703519999999825e-02 -7.132086220000000143e-03 -6.943454309999999574e-02 6.511243740000000405e-03 -3.468287099999999706e-02 6.227690810000000368e-03
9.253030409999999506e+01 5.375743730000000220e-02 6.539399359999999856e-03 -6.524715559999999526e-02 3.990722769999999892e-02 2.309566869999999869e-03 2.330944849999999971e-02
9.524194470000000479e+01 6.616414580000000434e-02 4.102221809999999878e-03 -5.599208499999999700e-02 3.259322039999999754e-02 1.237111660000000078e-02 -1.433677400000000005e-02
9.794799469999999531e+01 6.519658109999999784e-02 1.463105319999999940e-03 -4.740855520000000073e-02 2.369458990000000015e-02 2.499351520000000007e-02 -1.626419999999999949e-02
1.006664789999999954e+02 5.808754320000000110e-02 1.021024300000000079e-02 -4.190516460000000276e-02 1.870535770000000125e-02 2.999760519999999844e-03 1.397229359999999912e-03
1.033621349999999950e+02 5.133884209999999698e-02 7.802907349999999888e-03 -4.926492700000000002e-02 2.429882329999999944e-03 6.638865649999999875e-03 -2.009521660000000015e-02
1.060656670000000048e+02 6.224082859999999912e-02 6.872966519999999975e-03 -5.311234969999999861e-02 1.129839560000000034e-02 -1.226064060000000080e-02 1.172245090000000045e-02
1.087642599999999931e+02 6.101025969999999965e-02 -3.800619869999999866e-03 -5.318592049999999738e-02 2.990899899999999861e-02 4.648097070000000060e-03 -2.703184859999999828e-02
1.114525260000000060e+02 6.913962319999999995e-02 -1.132345530000000017e-02 -5.388762639999999937e-02 -1.643949260000000107e-02 -3.050670520000000122e-02 1.127568949999999993e-02
1.141591820000000013e+02 6.028982199999999986e-02 -6.303006550000000291e-03 -4.909159080000000119e-02 -8.489617790000000830e-03 -1.450441729999999915e-02 -4.831704550000000264e-02
1.168513700000000028e+02 6.503630330000000070e-02 -1.525213890000000003e-02 -5.733006699999999844e-02 7.215108970000000052e-03 -3.603101029999999927e-02 -9.158706799999999371e-03
1.195537599999999969e+02 5.460386710000000171e-02 -2.044668250000000048e-02 -5.348140819999999684e-02 -6.461545049999999546e-04 -3.574738179999999849e-02 -9.491993149999999185e-03
1.222564480000000060e+02 4.924344259999999945e-02 -1.554653970000000052e-02 -6.585633990000000493e-02 1.130464959999999928e-02 -5.967609239999999843e-02 -1.083160610000000017e-02
1.249494320000000016e+02 4.158731549999999944e-02 -1.115940129999999988e-02 -6.428489019999999998e-02 -1.483010790000000023e-02 -2.462199970000000099e-02 7.630851779999999612e-03
1.276615100000000069e+02 4.447706030000000282e-02 -4.956703530000000288e-03 -7.189375209999999961e-02 2.447603090000000092e-02 4.114674159999999817e-03 -5.144789589999999857e-02
1.303603850000000079e+02 4.884262870000000145e-02 4.764570549999999627e-03 -6.761255039999999883e-02 1.784340549999999942e-02 -2.687328439999999916e-02 -3.787851250000000281e-02
1.330549320000000080e+02 5.725040599999999674e-02 6.460738990000000105e-03 -6.212642089999999978e-02 2.221171149999999830e-02 -3.764695629999999932e-02 5.881227119999999677e-03
1.357550730000000101e+02 6.230351030000000345e-02 9.876836760000000381e-03 -6.167369710000000088e-02 2.279165990000000044e-02 -2.137555929999999937e-02 -3.682142289999999936e-03
1.384569480000000112e+02 7.286103450000000481e-02 -2.527493290000000156e-03 -6.043712080000000070e-02 3.891230339999999805e-03 7.755397889999999725e-03 5.227494329999999613e-03
1.411575569999999971e+02 7.522316330000000661e-02 -2.885955319999999966e-03 -4.084936990000000157e-02 -2.089701329999999954e-02 1.785626020000000147e-02 -9.912505289999999983e-03
1.438470419999999876e+02 7.486486709999999600e-02 8.772188329999999756e-03 -1.970898700000000073e-02 -2.681669050000000040e-02 3.667062690000000291e-02 4.858696029999999902e-03
1.465484480000000076e+02 7.329577519999999624e-02 -1.693721960000000096e-03 1.208709179999999973e-02 -3.792123440000000085e-03 4.710163639999999895e-03 3.739875120000000098e-03
1.492463380000000086e+02 7.384578760000000408e-02 -5.592205359999999695e-03 2.361984509999999829e-02 -2.080250880000000108e-02 1.944875279999999998e-02 1.026636600000000029e-03
1.519402760000000114e+02 7.467326709999999590e-02 2.861973109999999950e-05 3.182779520000000167e-02 -7.249740370000000433e-03 4.117620219999999776e-03 1.335005260000000048e-02
1.546429479999999899e+02 6.658420969999999384e-02 2.448734409999999816e-03 4.038718570000000146e-02 -3.228192710000000326e-02 -4.668319169999999955e-03 2.980091879999999943e-02
1.573336979999999983e+02 6.371199560000000151e-02 6.568754710000000198e-03 4.862166429999999900e-02 -1.586085110000000006e-02 -1.317731639999999982e-02 1.368154310000000047e-02
1.600331510000000037e+02 6.230873199999999862e-02 -6.630247890000000050e-04 5.023158550000000194e-02 -2.960397400000000165e-02 -1.946751249999999905e-02 3.676660150000000266e-02
1.627373699999999985e+02 6.583192229999999812e-02 -3.707083759999999905e-03 4.849650280000000063e-02 6.802627969999999920e-03 3.673261240000000056e-03 8.636424550000000588e-03
1.654349479999999915e+02 6.896073710000000245e-02 -5.362310860000000373e-03 4.442788050000000266e-02 -6.588623940000000456e-02 -4.852615970000000167e-02 3.388842129999999897e-03
1.681287759999999878e+02 5.249236899999999706e-02 3.575797529999999967e-03 5.287852619999999781e-02 -5.838369409999999600e-03 -3.662245029999999790e-02 2.334953539999999866e-03
1.708283849999999973e+02 5.684649480000000116e-02 -3.886806650000000250e-04 5.206421149999999887e-02 -9.956229830000000447e-02 2.211765629999999996e-02 1.805099599999999971e-02
1.735220879999999966e+02 6.050492200000000265e-02 -2.074918240000000157e-03 5.738999320000000293e-02 -7.366986379999999890e-02 -1.875924589999999979e-03 4.182986650000000001e-02
1.762234170000000120e+02 5.794639570000000017e-02 -3.653766559999999737e-04 6.710857959999999567e-02 -5.280329069999999819e-02 -1.299731110000000057e-02 1.108269750000000047e-02
1.789125569999999925e+02 5.648658110000000232e-02 8.700499839999999889e-04 6.831084660000000253e-02 1.646480910000000172e-02 -6.575057369999999513e-02 2.127879200000000123e-02
1.816251509999999882e+02 5.171832760000000251e-02 8.587504430000000161e-03 6.438355129999999427e-02 2.155848390000000142e-02 -2.493716630000000073e-02 6.091685880000000282e-03
1.843158850000000086e+02 4.961359819999999754e-02 3.873371100000000053e-03 6.496741920000000114e-02 4.694824709999999984e-02 -9.569327679999999753e-03 7.014810520000000103e-04
1.870114629999999920e+02 4.471405739999999990e-02 -6.440480549999999700e-03 7.147806969999999371e-02 6.444330639999999721e-02 3.409984790000000071e-02 1.953485220000000105e-02
1.897160100000000114e+02 3.877138539999999689e-02 -7.650167700000000057e-03 6.462018740000000094e-02 4.686248099999999750e-02 3.739155140000000044e-02 7.160328340000000034e-03
1.924126980000000060e+02 3.789954229999999841e-02 -5.560440980000000248e-03 7.409203820000000162e-02 4.941810609999999770e-02 -3.000038949999999857e-02 4.470113550000000269e-02
1.951379320000000064e+02 3.032347820000000013e-02 -8.430077370000000486e-03 7.074737909999999352e-02 2.075460549999999862e-02 -1.497024169999999939e-02 -2.874650000000000122e-02
1.978467760000000055e+02 3.296009200000000333e-02 -5.031909919999999784e-04 6.909086429999999890e-02 -4.280942660000000219e-03 -2.961476470000000069e-02 -5.482717859999999832e-02
2.005486510000000067e+02 4.681579159999999656e-02 7.524420839999999659e-03 6.305402949999999729e-02 -1.079762289999999965e-02 1.698674420000000074e-02 -1.777936059999999860e-02
2.032512450000000115e+02 5.451677390000000262e-02 8.083235390000000423e-03 6.181681850000000228e-02 -2.997463120000000078e-02 1.666141310000000125e-02 -2.324950129999999934e-02
2.059543700000000115e+02 5.202962559999999709e-02 4.686772460000000404e-03 6.143251429999999763e-02 -3.122874390000000139e-02 1.941373039999999897e-02 -2.318059130000000093e-02
2.086540880000000016e+02 5.649384150000000271e-02 1.341523220000000053e-03 5.804460169999999669e-02 -5.692809570000000041e-02 2.360309149999999939e-02 -1.256094559999999978e-02
2.113534630000000050e+02 5.048085780000000078e-02 -1.770078520000000107e-03 6.296402439999999878e-02 -8.065535670000000337e-03 2.462488300000000019e-02 7.997851720000000858e-03
2.140455880000000093e+02 4.866131679999999987e-02 -1.672669760000000108e-03 6.308029210000000442e-02 -7.242155860000000153e-03 3.946350109999999939e-02 2.740330870000000016e-03
2.167618070000000046e+02 5.113054849999999762e-02 6.048892290000000083e-04 5.927825569999999739e-02 -5.505835049999999870e-02 8.710797960000000659e-03 2.267587050000000048e-02
2.194586669999999913e+02 5.878299110000000105e-02 -1.973183949999999989e-03 5.793146080000000087e-02 8.059992290000000123e-04 1.047296389999999994e-02 1.424927800000000064e-02
2.221623700000000099e+02 5.908673019999999970e-02 3.934630249999999593e-03 3.473919760000000051e-02 -4.147727849999999911e-02 6.031261770000000133e-02 6.776050429999999625e-03
2.248696040000000096e+02 6.048208320000000165e-02 -2.161863679999999864e-03 4.656900499999999665e-02 -5.118951990000000091e-02 -5.802932289999999937e-02 1.667676740000000046e-02
2.275634790000000010e+02 5.854674160000000044e-02 -5.025416859999999949e-05 5.269913190000000136e-02 -5.908105310000000276e-02 3.409253300000000125e-02 1.245104520000000006e-02
2.302602129999999931e+02 6.742063199999999423e-02 -8.276709760000000582e-03 5.983398759999999927e-02 -3.304173650000000184e-02 1.997138299999999880e-02 5.788955409999999718e-02
2.329511980000000051e+02 6.843044080000000584e-02 -1.349542009999999976e-03 5.304505920000000124e-02 -1.822307659999999885e-02 3.882100759999999873e-02 3.249143079999999850e-02
2.356543540000000121e+02 6.310963299999999832e-02 -1.209272070000000105e-03 5.530637659999999844e-02 -1.859617049999999841e-02 5.247893249999999871e-02 1.391926129999999928e-02
2.383552449999999965e+02 5.319644230000000057e-02 8.089787949999999866e-03 5.445262950000000213e-02 -5.239553909999999926e-02 3.009904750000000004e-02 -1.833285910000000130e-02
2.410555569999999932e+02 5.613734570000000063e-02 4.438974560000000409e-03 5.285061299999999768e-02 -2.876393090000000166e-02 5.678135380000000343e-02 2.276147840000000006e-02
2.437553699999999992e+02 6.296763510000000230e-02 4.118915990000000284e-03 5.434148460000000347e-02 -3.407087679999999674e-02 6.613877519999999954e-02 7.589969610000000394e-03
2.464541040000000010e+02 6.050884570000000101e-02 7.485550080000000217e-03 5.361513019999999963e-02 -2.452941189999999910e-02 -1.069874900000000045e-02 1.725345429999999847e-02
2.491624950000000069e+02 5.126821360000000105e-02 1.041488949999999983e-02 5.277702210000000116e-02 1.984165170000000075e-02 3.910439510000000146e-02 -1.531191619999999927e-02
2.518515730000000019e+02 4.880735320000000044e-02 1.038486700000000075e-02 5.596373050000000293e-02 1.728661940000000147e-02 1.771172689999999869e-02 1.486124819999999971e-02
2.545617129999999975e+02 4.042301079999999908e-02 6.296169479999999714e-03 6.190110630000000141e-02 4.265590110000000088e-03 -7.866991420000000318e-03 4.866778189999999837e-02
2.572653379999999856e+02 3.719368049999999953e-02 7.549983350000000031e-03 5.884631290000000292e-02 -6.173696239999999780e-02 2.843475739999999988e-02 3.681293300000000081e-03
2.599832289999999944e+02 5.240911060000000288e-02 3.842653189999999802e-03 6.239293320000000032e-02 -6.947550930000000180e-02 -2.032937640000000157e-02 -1.003988429999999946e-02
2.626791979999999853e+02 5.832267640000000225e-02 6.710000330000000235e-03 6.901097979999999688e-02 -1.580518590000000098e-02 1.993188920000000044e-02 3.397261179999999658e-02
2.653779480000000035e+02 5.487990799999999808e-02 -5.750102469999999848e-03 6.543478160000000543e-02 6.225974910000000055e-04 1.614466289999999873e-02 6.579552320000000253e-03
2.680760200000000282e+02 6.499366380000000387e-02 5.323961339999999827e-03 5.478830240000000240e-02 1.094273569999999925e-02 2.595067460000000104e-02 8.224412879999999648e-02
