# a=0.06532025747271149, b=-129.55581317064886, c=0.0007037018765354515, xi=7.117370196116064
6.880517839999999996e-01 5.673893590000000237e-02 5.627004280000000302e-03 -3.849061679999999860e-03 -6.734177180000000193e-03 -1.225538630000000059e-02 2.985763749999999911e-02
3.381247199999999786e+00 6.184509440000000163e-02 1.480611700000000058e-02 -2.992093640000000054e-02 -2.350167330000000124e-02 3.337097680000000038e-02 5.766418360000000187e-02
6.072063439999999979e+00 6.165534329999999841e-02 8.755571059999999947e-03 -4.620282380000000078e-02 -2.253835510000000084e-02 -2.029491240000000016e-02 4.772766359999999763e-02
8.766495629999999650e+00 5.883937179999999822e-02 6.300985549999999803e-03 -5.522386110000000042e-02 -2.852078409999999828e-02 -5.477840630000000398e-03 -1.160829459999999924e-02
1.145827159999999978e+01 6.190698680000000093e-02 3.852278319999999801e-03 -5.406686589999999681e-02 -4.092760129999999802e-02 2.938135799999999978e-02 -2.562699859999999913e-02
1.415132780000000068e+01 6.189501230000000326e-02 6.167246290000000068e-03 -5.870272809999999702e-02 -3.588680340000000024e-02 3.313573000000000213e-03 -1.317522129999999965e-02
1.685317159999999959e+01 5.643998310000000046e-02 -7.891648790000000335e-04 -6.123094999999999927e-02 -1.394179849999999977e-02 -1.526975849999999933e-02 4.165726690000000343e-02
1.956327309999999997e+01 6.273522210000000154e-02 -6.253094610000000005e-04 -5.841302129999999954e-02 -1.370184370000000068e-02 -6.071723579999999641e-03 6.145368290000000067e-02
2.226678409999999886e+01 6.820997530000000308e-02 3.871154400000000051e-03 -5.674525080000000082e-02 -3.331401169999999995e-02 2.029971269999999994e-02 -2.404986510000000147e-02
2.497209189999999879e+01 6.661144700000000418e-02 6.121967090000000368e-03 -5.850526830000000317e-02 -4.456104959999999948e-02 4.297139170000000008e-02 -2.001761640000000037e-02
2.766745590000000021e+01 6.592425320000000477e-02 9.666032390000000793e-03 -7.023141609999999924e-02 -2.754042870000000115e-02 8.166182850000000201e-03 -3.099282189999999840e-02
3.037260750000000087e+01 6.534832919999999934e-02 4.019728309999999818e-03 -6.774020070000000282e-02 6.307539870000000021e-03 -6.473100019999999954e-02 2.217341819999999949e-02
3.306807469999999682e+01 6.907536479999999701e-02 1.116418270000000060e-02 -6.226076629999999917e-02 -1.230325340000000024e-02 -3.245512920000000190e-02 2.938195229999999991e-02
3.577074340000000063e+01 6.860721170000000368e-02 9.322373650000000123e-03 -6.031373899999999816e-02 -5.696613889999999590e-03 -3.707420949999999660e-02 5.347008100000000264e-02
3.846156690000000111e+01 6.194914929999999903e-02 7.252539750000000160e-03 -6.154557459999999980e-02 -1.265429969999999973e-02 -1.430442479999999988e-02 6.638847119999999324e-02
4.116026219999999824e+01 5.849099850000000211e-02 3.813945840000000122e-03 -6.315495420000000193e-02 9.210949750000000866e-03 -3.345245069999999710e-02 3.968977459999999818e-02
4.385764499999999799e+01 6.183966269999999904e-02 3.171353369999999733e-04 -6.327374769999999371e-02 -2.179210469999999858e-02 -3.036560729999999986e-02 1.820310099999999931e-02
4.656188879999999841e+01 6.884929300000000585e-02 -2.045833080000000054e-04 -6.697202110000000097e-02 -3.510316609999999948e-02 -1.811129699999999842e-02 3.726766139999999894e-02
4.925691059999999766e+01 7.055396610000000401e-02 -1.366202670000000096e-03 -7.391665240000000470e-02 -5.389344060000000186e-02 -3.540211550000000110e-03 2.930946309999999874e-02
5.196631690000000248e+01 6.241969840000000103e-02 -1.044768900000000045e-03 -7.166745550000000464e-02 -4.055545609999999801e-02 4.207680149999999675e-02 3.554462309999999875e-02
5.466298090000000087e+01 6.584302609999999334e-02 2.833881710000000099e-03 -6.358918289999999918e-02 -3.959228680000000111e-02 2.794944679999999959e-02 3.156052919999999956e-02
5.736191840000000042e+01 6.847145079999999995e-02 6.835602009999999611e-03 -6.568302019999999741e-02 -1.832867419999999886e-02 2.571513779999999930e-02 1.040344659999999956e-02
6.006516380000000055e+01 6.326296150000000618e-02 3.061979340000000206e-03 -6.252506030000000437e-02 -1.834788500000000128e-02 2.670794510000000163e-02 -1.552655359999999957e-02
6.276899499999999676e+01 6.305397540000000356e-02 -2.724546559999999930e-03 -6.126210819999999835e-02 -2.854959069999999863e-02 1.680121689999999890e-02 1.108322240000000035e-02
6.547299189999999669e+01 7.310370380000000279e-02 2.558852879999999868e-03 -5.990411119999999867e-02 -3.187287820000000299e-02 -8.089496930000000460e-03 2.780403199999999936e-02
6.817315130000000067e+01 7.747542470000000348e-02 2.103217569999999998e-03 -6.792445499999999470e-02 -1.620758870000000088e-02 5.136862160000000080e-03 2.167915210000000148e-02
7.087403879999999390e+01 7.809729699999999608e-02 7.656204360000000517e-04 -6.565061739999999979e-02 -3.661873899999999824e-03 1.440644810000000012e-02 3.547254799999999958e-02
7.357849810000000446e+01 6.440466960000000574e-02 2.102121189999999872e-03 -6.472032110000000560e-02 -9.415660350000000511e-03 -3.983074129999999990e-02 6.235652299999999704e-02
7.627911530000000084e+01 5.743431699999999862e-02 -4.220559880000000199e-04 -6.299583490000000563e-02 -1.579420269999999918e-02 -1.778844710000000023e-02 4.688947279999999829e-02
7.897980750000000683e+01 5.668055710000000080e-02 2.245559500000000007e-03 -7.331846270000000332e-02 -3.989574559999999742e-02 1.551686960000000018e-02 4.028873840000000289e-02
8.167263880000000142e+01 5.604047840000000308e-02 5.193337999999999600e-03 -6.392513119999999882e-02 -4.165044930000000312e-02 -1.999750789999999931e-02 -4.222442109999999943e-02
8.437264340000000118e+01 5.621894570000000174e-02 4.248418510000000030e-03 -7.408739289999999311e-02 -4.281633220000000128e-02 -4.232323179999999789e-03 -7.764482750000000107e-03
8.706386059999999816e+01 5.774688089999999857e-02 2.609055329999999864e-03 -7.186464519999999356e-02 -2.541653630000000053e-02 2.629143650000000110e-02 1.002648679999999966e-02
8.976428880000000277e+01 5.887203669999999806e-02 -1.085155919999999984e-03 -7.166178199999999332e-02 -3.763784679999999938e-02 2.336396799999999885e-02 -1.660241900000000020e-02
9.245871529999999439e+01 7.093026739999999664e-02 5.450140289999999728e-03 -6.763120320000000352e-02 -2.870042039999999919e-02 -2.902480649999999995e-02 -1.159741549999999954e-02
9.515444189999999480e+01 7.685894769999999931e-02 1.326027360000000101e-03 -6.246862279999999823e-02 -1.489378010000000016e-02 -8.870566720000000460e-03 -3.309062139999999902e-02
9.785641999999999996e+01 8.059635780000000416e-02 8.516654110000000666e-03 -5.658299259999999969e-02 1.302301810000000039e-02 9.797124529999999554e-03 -1.378835800000000056e-02
1.005549829999999929e+02 6.830167169999999677e-02 4.527905159999999832e-03 -5.571303629999999757e-02 2.289254289999999997e-02 -3.440920499999999826e-02 -4.493818840000000231e-03
1.032578110000000038e+02 6.996735699999999392e-02 6.741106890000000094e-03 -4.742311300000000285e-02 2.215035370000000003e-02 -8.613810969999999984e-03 2.044756329999999900e-02
1.059579509999999942e+02 6.817362859999999414e-02 6.992439639999999644e-03 -5.124927249999999823e-02 4.756107980000000290e-03 4.668665380000000011e-03 3.716847820000000052e-02
1.086558729999999997e+02 6.560855729999999497e-02 3.552454589999999839e-03 -5.129882840000000305e-02 -1.724645390000000000e-02 3.441078200000000087e-02 4.185751100000000002e-02
1.113618110000000030e+02 6.181784099999999837e-02 8.343414549999999706e-04 -5.964054839999999996e-02 -2.265942350000000119e-02 1.338399149999999933e-02 4.420501310000000267e-02
1.140645449999999954e+02 6.533766530000000017e-02 -6.192368709999999943e-03 -6.841251539999999853e-02 -2.427170960000000002e-02 -2.591747159999999855e-02 2.987518219999999933e-02
1.167677639999999997e+02 6.924206260000000113e-02 -4.930429630000000146e-03 -7.425843429999999523e-02 -1.759745149999999980e-02 3.145460690000000115e-02 -1.078472500000000021e-02
1.194736539999999962e+02 7.015933250000000454e-02 -4.304230360000000006e-04 -6.505100639999999990e-02 -8.624967960000000378e-03 3.689078789999999941e-02 -3.849741680000000159e-03
1.221795290000000023e+02 7.050232600000000405e-02 1.741942420000000069e-03 -5.782468469999999666e-02 7.492360089999999806e-02 5.415946720000000200e-03 3.190031649999999774e-02
1.248761389999999949e+02 8.118708319999999590e-02 -5.575221009999999956e-04 -3.768069329999999828e-02 6.201654589999999745e-02 -4.006272739999999777e-02 2.821172850000000162e-02
1.275779509999999988e+02 8.446559829999999991e-02 -4.180986279999999999e-03 -1.574729949999999906e-02 4.256042510000000029e-02 -4.059452919999999992e-02 -2.407350349999999931e-02
1.302877949999999885e+02 8.527010860000000525e-02 -3.461736029999999860e-03 1.713477199999999950e-02 4.674675149999999932e-03 -4.448048809999999992e-02 -2.653655879999999856e-02
1.329794669999999996e+02 8.196783270000000676e-02 -1.046665870000000002e-03 3.283292379999999677e-02 1.156150599999999917e-02 -4.935848059999999732e-02 -2.007564239999999958e-02
1.356737329999999986e+02 7.928112160000000408e-02 -5.487356149999999926e-03 4.407771569999999889e-02 -1.935981460000000057e-02 -4.050493420000000205e-02 2.841033370000000009e-03
1.383742479999999944e+02 7.274566749999999971e-02 -1.336969450000000071e-04 4.655563540000000333e-02 -2.250467369999999828e-02 -3.144029979999999995e-03 2.838626359999999946e-02
1.410631539999999973e+02 6.141761219999999910e-02 -2.922037670000000083e-03 4.947553439999999997e-02 1.327183709999999947e-02 -6.661484680000000387e-03 -1.826631059999999848e-02
1.437673890000000085e+02 6.467159290000000504e-02 3.490455659999999911e-03 5.053790080000000046e-02 3.703748059999999957e-03 -3.856868439999999731e-02 -1.718989599999999965e-02
1.464683579999999949e+02 6.467040629999999679e-02 2.093959810000000071e-03 5.777524750000000153e-02 -3.381907070000000209e-02 -2.016061389999999898e-02 -1.068199419999999985e-03
1.491650610000000086e+02 6.439411940000000500e-02 4.432834079999999760e-03 6.200933289999999848e-02 1.625620750000000142e-02 -2.708632249999999922e-02 2.340494640000000126e-02
1.518627009999999871e+02 6.477415179999999884e-02 1.059547419999999976e-02 6.687388269999999801e-02 3.343625239999999804e-02 -8.548219390000000306e-03 2.696836240000000107e-02
1.545641229999999950e+02 6.375719180000000152e-02 1.301929609999999925e-02 6.594406849999999431e-02 1.799176210000000015e-03 1.535239679999999933e-02 4.344197780000000342e-02
1.572671699999999930e+02 6.387667029999999357e-02 1.055221559999999954e-02 6.387243730000000119e-02 -3.483006529999999740e-02 -3.217052250000000061e-03 2.283305639999999928e-02
1.599677480000000003e+02 6.614825159999999926e-02 1.699500829999999992e-03 6.707680370000000669e-02 -3.632214680000000334e-02 8.686092819999999617e-04 -3.075573239999999930e-02
1.626602949999999908e+02 6.623127389999999837e-02 3.049696900000000051e-03 6.903322100000000572e-02 1.779113620000000173e-02 -6.714920920000000404e-02 -9.382337729999999654e-02
1.653600610000000017e+02 6.650403459999999767e-02 3.809799739999999968e-04 6.847075410000000306e-02 4.414398349999999749e-02 -3.890635729999999959e-02 -4.807899179999999828e-02
1.680645609999999976e+02 6.245762679999999900e-02 -7.860316279999999536e-04 6.635277629999999927e-02 1.940819220000000039e-02 2.139493660000000089e-02 -1.888775499999999913e-02
1.707680450000000008e+02 5.786983639999999929e-02 -1.241013870000000005e-03 6.541489429999999827e-02 1.799594390000000023e-03 -2.212899659999999907e-02 -5.280386270000000243e-02
1.734680140000000108e+02 5.692884389999999795e-02 -8.238433870000000728e-03 6.972830700000000326e-02 -1.887451349999999962e-03 -6.113712179999999941e-02 -6.637334440000000613e-02
1.761630920000000060e+02 5.463479610000000070e-02 -4.686294209999999731e-03 6.861443420000000459e-02 8.480779129999999402e-03 -4.794508499999999840e-02 -3.386363019999999793e-03
1.788592639999999960e+02 6.502584279999999717e-02 -7.526436870000000057e-03 6.398454489999999550e-02 -3.387165620000000266e-02 -6.509651299999999648e-03 6.383024430000000526e-02
1.815476229999999873e+02 6.487259750000000380e-02 -4.244580660000000366e-03 6.492587449999999427e-02 3.915922750000000105e-03 -1.862679050000000044e-02 4.300693030000000278e-02
1.842410289999999975e+02 6.276152020000000387e-02 -5.981504109999999895e-03 6.932967800000000569e-02 4.955588340000000036e-02 -3.769754220000000322e-02 2.762194429999999951e-02
1.869395609999999976e+02 5.925426410000000227e-02 -6.661364450000000284e-03 7.306592419999999310e-02 3.219690809999999764e-02 -2.001144939999999900e-02 -4.486951690000000326e-02
1.896394980000000032e+02 5.956285430000000242e-02 -1.250854130000000029e-02 6.566239170000000291e-02 1.481807549999999973e-02 -1.034109570000000047e-02 -6.459191520000000242e-02
1.923451860000000124e+02 6.290541069999999735e-02 -2.648153429999999895e-03 6.829981890000000333e-02 -2.714848709999999939e-04 -1.298131720000000053e-03 -3.056026889999999968e-02
1.950472949999999912e+02 5.899112509999999976e-02 -1.029946029999999997e-03 6.580615930000000002e-02 -4.825415759999999998e-02 -2.045698370000000130e-03 -4.068623240000000113e-02
1.977425760000000139e+02 5.963890010000000297e-02 -1.008871989999999934e-02 6.888331490000000612e-02 -2.356407450000000056e-02 1.944252600000000164e-02 -3.190408029999999839e-02
2.004410139999999956e+02 6.094923499999999744e-02 -8.134661539999999205e-03 6.915207460000000195e-02 6.590248239999999848e-03 5.653144100000000172e-02 -6.462933630000000651e-02
2.031514669999999967e+02 6.482606289999999494e-02 -6.373699860000000064e-03 6.840699179999999713e-02 -5.568384039999999674e-02 5.710167690000000212e-02 -2.457669330000000069e-02
2.058478580000000022e+02 6.985297590000000278e-02 -9.272460249999999599e-03 6.484965400000000657e-02 -6.093926239999999939e-02 -2.915624490000000117e-03 3.330078840000000318e-02
2.085439979999999878e+02 6.939886359999999921e-02 -1.501940379999999915e-02 6.434547309999999465e-02 -3.002176120000000017e-02 1.832279909999999859e-02 6.083468780000000214e-02
2.112479360000000099e+02 6.383963580000000249e-02 -9.008485800000000376e-03 6.642949930000000003e-02 -4.925602739999999924e-02 -1.507406090000000011e-02 4.597482619999999909e-02
2.139404979999999910e+02 6.888362850000000204e-02 -4.719551130000000129e-03 6.503558289999999964e-02 1.384171879999999966e-02 3.953107820000000168e-03 3.191753839999999761e-04
2.166448579999999993e+02 6.599862619999999347e-02 -3.495861009999999807e-03 6.872409359999999412e-02 2.199684000000000014e-02 6.807889860000000161e-03 5.080471559999999963e-04
2.193514040000000023e+02 6.769988329999999943e-02 5.406204610000000122e-04 6.915464949999999833e-02 4.645301269999999733e-02 2.098120579999999957e-02 1.029202069999999962e-02
2.220568890000000124e+02 6.139734909999999823e-02 -4.612379430000000018e-04 6.822916910000000057e-02 3.100076109999999954e-02 2.774069529999999978e-02 -4.775688210000000183e-03
2.247583889999999940e+02 5.569709130000000119e-02 6.517165779999999596e-03 7.029616989999999677e-02 1.975479659999999915e-02 6.934344970000000385e-02 -3.513103759999999798e-02
2.274569199999999967e+02 5.916787109999999822e-02 1.783601439999999870e-04 6.709581350000000388e-02 6.445538530000000099e-02 4.325577419999999951e-02 -2.418834259999999917e-02
2.301569829999999968e+02 6.145149090000000258e-02 4.629223590000000263e-04 6.025093780000000121e-02 3.593169150000000145e-02 1.574702050000000020e-02 1.928312099999999986e-04
2.328511699999999962e+02 6.599395900000000481e-02 7.854453000000000823e-03 5.772652889999999731e-02 3.176207340000000018e-02 -4.286938009999999993e-02 -1.966976180000000116e-02
2.355449830000000020e+02 7.235617930000000364e-02 -7.052710910000000062e-03 6.432444980000000256e-02 4.551696739999999686e-02 -3.410677649999999811e-02 -1.513291130000000073e-03
2.382395140000000140e+02 6.840664750000000072e-02 -3.850010559999999995e-03 6.664173839999999738e-02 1.502612610000000036e-02 -1.423343149999999925e-03 7.032262920000000028e-02
2.409302329999999870e+02 6.964084950000000440e-02 -1.015426999999999953e-03 6.434353669999999525e-02 3.242527580000000020e-02 1.068311870000000080e-02 4.773509150000000006e-02
2.436217010000000016e+02 7.763901419999999498e-02 -4.779050039999999805e-03 6.908107669999999367e-02 2.871089190000000041e-02 2.294969779999999834e-02 -5.666435050000000195e-02
2.463172010000000114e+02 7.018602150000000095e-02 2.222100429999999860e-05 6.950415229999999667e-02 5.271251710000000000e-03 3.847594180000000336e-02 -4.331646150000000028e-02
2.490131859999999904e+02 6.625852620000000082e-02 4.082636500000000335e-03 6.768947200000000053e-02 -3.707225909999999763e-02 -9.733792879999999745e-03 -1.406445530000000055e-02
2.517139510000000087e+02 6.340072550000000473e-02 5.008060909999999775e-03 5.741770689999999705e-02 -5.339515930000000160e-02 -3.286568189999999803e-03 7.989028340000000825e-03
2.544204039999999907e+02 6.664246660000000544e-02 6.816203479999999879e-04 5.659248210000000084e-02 -5.349792810000000148e-02 -7.225041780000000108e-03 3.093905939999999979e-02
2.571188260000000128e+02 7.238356379999999479e-02 1.806700689999999904e-03 6.063108989999999726e-02 -2.401845130000000023e-03 -1.894600639999999975e-02 7.858591629999999925e-03
2.598259980000000269e+02 6.776017830000000131e-02 5.039744639999999692e-03 5.845272320000000077e-02 4.803123450000000225e-03 1.022406709999999948e-02 3.508775699999999720e-02
2.625319359999999733e+02 6.484881500000000409e-02 3.623168600000000166e-03 5.374789630000000040e-02 6.937054120000000178e-03 1.264079000000000071e-02 2.749236019999999961e-02
2.652374829999999974e+02 6.395383590000000562e-02 6.102255390000000182e-03 4.758435140000000230e-02 8.501346800000000176e-03 4.865613869999999702e-02 1.397896749999999987e-02
2.679403199999999856e+02 5.921411359999999985e-02 4.434641549999999988e-03 2.634894769999999997e-02 2.590747220000000003e-02 -3.087359379999999806e-03 -5.529992880000000020e-03
