# a=0.05534644122236836, b=-146.82111747720123, c=-0.001543146199001101, xi=6.7736124336907695
6.872671689999999556e-01 5.100319620000000331e-02 2.761843549999999908e-03 6.143654619999999733e-02 -2.423196310000000006e-02 3.030737889999999841e-03 1.494098280000000049e-02
3.392791349999999984e+00 4.876468230000000070e-02 -2.045281089999999996e-03 5.332644460000000169e-02 -1.938239890000000021e-02 8.646919629999999524e-03 -1.683347979999999869e-02
6.083078229999999920e+00 5.309621450000000242e-02 4.063908270000000413e-03 5.737193690000000346e-02 -6.371656709999999613e-03 -2.482093150000000067e-02 -5.365911529999999735e-03
8.780420259999999644e+00 5.544253679999999740e-02 4.568138079999999913e-03 5.816601770000000282e-02 -1.341778329999999964e-02 -1.967026419999999901e-02 -1.274757680000000032e-02
1.147438039999999937e+01 6.094118619999999709e-02 6.564232169999999894e-03 6.235197390000000311e-02 -3.824673960000000289e-02 -2.347960290000000033e-02 5.155557870000000015e-02
1.416968040000000073e+01 5.704056059999999817e-02 -1.270021259999999912e-03 5.740048510000000243e-02 1.269460440000000009e-03 -9.821553920000000021e-03 4.532163499999999901e-02
1.686912099999999981e+01 6.309482369999999674e-02 -6.376473609999999854e-03 5.415176780000000023e-02 -9.061570289999999403e-03 -2.729754870000000028e-02 7.042293030000000564e-02
1.957597730000000169e+01 6.634173050000000127e-02 2.395960679999999815e-03 4.545525789999999705e-02 2.062685519999999870e-02 9.600469869999999489e-03 5.488530640000000016e-02
2.226278509999999855e+01 6.213250909999999683e-02 3.332032019999999883e-03 3.404933780000000271e-02 -7.961155299999999810e-03 2.691978839999999845e-02 7.960646759999999433e-02
2.497168200000000127e+01 7.505045809999999484e-02 9.429429200000000524e-03 1.270716939999999920e-02 5.819295280000000119e-03 -2.512866520000000062e-02 2.329579179999999999e-02
2.767223979999999983e+01 8.191937770000000396e-02 1.232714719999999931e-02 2.901394390000000024e-03 -9.818193609999999530e-03 -2.630368389999999945e-02 5.031798020000000093e-02
3.037357889999999827e+01 6.492570009999999725e-02 1.214752080000000047e-02 -2.531320349999999914e-02 -5.925970840000000135e-03 -3.346005569999999790e-02 -1.072147570000000008e-02
3.307207569999999919e+01 7.018781709999999396e-02 6.632105180000000266e-03 -4.447537919999999811e-02 3.196225280000000203e-03 -1.590649859999999916e-02 -4.120250369999999690e-02
3.577127569999999679e+01 7.844965310000000247e-02 2.724413120000000136e-03 -4.580744590000000033e-02 1.586656259999999832e-02 -3.309636149999999749e-02 2.064504320000000101e-02
3.846729140000000058e+01 7.760634550000000687e-02 8.172196779999999980e-03 -4.185984899999999759e-02 1.285765689999999973e-03 -1.369774200000000060e-02 1.179885770000000007e-02
4.117227100000000206e+01 7.023875390000000607e-02 -7.580180120000000119e-03 -4.759833279999999694e-02 1.884448570000000003e-02 -2.676713450000000119e-02 1.634566080000000171e-02
4.387986010000000192e+01 5.903126160000000261e-02 -3.100086399999999864e-03 -5.910501409999999872e-02 1.497079609999999936e-02 3.187489270000000170e-03 -9.352067590000000610e-03
4.658238349999999883e+01 5.212108979999999919e-02 -2.749858139999999864e-03 -6.329487590000000552e-02 -2.816335640000000150e-03 3.105881590000000164e-02 2.124704139999999963e-02
4.928588040000000348e+01 5.681738749999999671e-02 -3.452655620000000128e-04 -6.600800560000000261e-02 -4.457936180000000165e-03 -1.678685590000000144e-02 3.176043740000000001e-03
5.200195070000000186e+01 5.226885869999999684e-02 7.096191150000000225e-03 -6.681615640000000689e-02 2.024004130000000082e-02 2.028002240000000012e-02 -5.168823119999999688e-02
5.469842890000000324e+01 5.964752920000000042e-02 -2.985145780000000165e-03 -5.722810080000000077e-02 -2.144756319999999855e-02 -1.734885729999999932e-02 -4.218594290000000219e-02
5.740927419999999870e+01 6.027155170000000201e-02 -6.326289900000000438e-04 -5.055493350000000302e-02 -3.488264210000000063e-03 -3.334770730000000041e-03 -2.090194680000000138e-02
6.011836950000000002e+01 5.918437979999999904e-02 -2.131693190000000151e-03 -5.467693149999999780e-02 -2.530188489999999832e-02 3.677072769999999852e-02 -4.810276010000000269e-02
6.280845699999999709e+01 7.173207219999999662e-02 -2.657649089999999849e-04 -5.103217790000000309e-02 -2.404527910000000060e-02 -5.966681009999999681e-03 -2.364911109999999830e-02
6.550773979999999597e+01 7.123415029999999315e-02 3.568672549999999809e-04 -5.251668739999999780e-02 -3.553236769999999767e-02 3.222967949999999693e-02 -4.719518369999999713e-02
6.819129599999999414e+01 6.607135409999999320e-02 -6.256444990000000275e-03 -5.158163080000000011e-02 -4.313533800000000223e-02 -4.653117959999999650e-03 2.030951279999999859e-02
7.089001639999999327e+01 6.199826650000000300e-02 -4.107635969999999699e-03 -6.056485439999999970e-02 -1.742716899999999930e-04 1.296942960000000040e-02 -6.158680159999999765e-02
7.359187889999999754e+01 6.100401250000000303e-02 -2.201463170000000046e-03 -6.007678649999999981e-02 -4.503982160000000352e-03 -1.224451669999999937e-02 -2.282355299999999990e-02
7.628984599999999716e+01 6.399790980000000240e-02 -4.930414309999999779e-03 -5.488088819999999840e-02 1.051723120000000022e-03 2.097022880000000075e-02 2.937952660000000063e-02
7.899106949999999472e+01 6.131470490000000273e-02 -5.572897389999999576e-04 -5.317205149999999769e-02 1.544686569999999953e-02 -3.085907259999999888e-02 -5.200169840000000258e-03
8.169883350000000632e+01 7.252114599999999467e-02 3.827735389999999821e-03 -4.308509490000000247e-02 -2.450568540000000115e-02 3.405577729999999942e-02 1.127064959999999998e-02
8.438916319999999871e+01 6.737285799999999381e-02 2.325627839999999929e-03 -4.587556849999999825e-02 -6.082057249999999957e-03 -5.413035889999999548e-04 3.230230660000000132e-03
8.708194919999999684e+01 7.237212949999999312e-02 -4.373871609999999827e-03 -4.924895409999999890e-02 -2.723072320000000102e-02 1.042711900000000032e-02 -3.644763169999999664e-02
8.978288980000000663e+01 7.717603959999999597e-02 7.890965390000000829e-03 -3.807770819999999751e-02 -9.330888630000000808e-03 1.080974650000000002e-02 8.847540350000000428e-03
9.247052890000000502e+01 6.757116829999999796e-02 1.492317429999999966e-02 -4.668269099999999838e-02 -8.083524309999999546e-03 -4.417848640000000132e-02 -4.165459559999999672e-02
9.517596949999999367e+01 7.228881019999999769e-02 8.970321180000000432e-04 -5.186438050000000133e-02 5.371611580000000379e-03 -3.608512739999999996e-02 1.604423249999999829e-02
9.788439139999999838e+01 6.632877530000000355e-02 4.695176799999999963e-03 -4.940225859999999858e-02 7.964561219999999331e-03 8.239532219999999921e-03 -2.667367949999999849e-02
1.005872020000000049e+02 7.439058680000000534e-02 2.531292340000000033e-03 -5.086902239999999825e-02 1.254385340000000078e-02 1.801319089999999998e-02 -1.100421300000000054e-02
1.032809050000000042e+02 7.074302579999999785e-02 1.352355690000000069e-02 -5.501924970000000165e-02 7.715378499999999903e-03 5.293834000000000040e-02 -6.433541619999999517e-02
1.059819370000000021e+02 6.624594849999999868e-02 1.138036819999999928e-02 -5.452296300000000068e-02 7.827540909999999852e-03 2.338316460000000119e-04 1.502953199999999996e-02
1.086784519999999929e+02 5.629290010000000122e-02 8.334816210000000128e-03 -5.401090900000000278e-02 2.400813020000000172e-02 -5.800184769999999768e-02 -5.765518420000000088e-02
1.113717489999999941e+02 5.720697410000000205e-02 9.787220669999999179e-03 -5.362569710000000128e-02 3.271794050000000065e-02 -1.533476110000000017e-02 8.267189339999999817e-03
1.140741399999999999e+02 4.719066029999999939e-02 1.333313960000000013e-02 -6.325883079999999881e-02 2.728261779999999886e-02 -6.294891589999999752e-03 -1.588656259999999968e-03
1.167819520000000040e+02 5.017202099999999720e-02 5.670285510000000299e-03 -5.964794290000000054e-02 1.392551520000000036e-02 -8.192569299999999475e-05 9.155076150000000107e-03
1.194731869999999958e+02 4.863687149999999793e-02 2.579806200000000094e-03 -7.554487340000000384e-02 6.443576630000000423e-03 -4.532992030000000325e-03 -3.275697710000000096e-02
1.221789210000000026e+02 5.232629460000000343e-02 -5.302160920000000000e-03 -7.029032779999999647e-02 1.797019089999999861e-02 1.006035599999999947e-02 -1.767883749999999907e-02
1.248748740000000055e+02 5.433190499999999978e-02 -8.546870979999999368e-03 -7.348346340000000421e-02 6.883251729999999638e-03 2.548719019999999905e-02 -1.734915249999999937e-02
1.275915300000000059e+02 5.380321539999999986e-02 -6.817112269999999960e-03 -7.211616599999999544e-02 1.931188319999999937e-03 -7.584453940000000262e-03 -2.475731410000000209e-03
1.302725299999999891e+02 4.409565890000000099e-02 -6.661219260000000170e-03 -7.446934880000000145e-02 -2.384708099999999914e-02 4.511704509999999758e-03 -1.415143620000000081e-02
1.329859209999999905e+02 4.368431939999999764e-02 3.887124690000000110e-04 -6.754434809999999845e-02 -2.498373769999999872e-03 8.011647349999999682e-03 -4.525858590000000209e-02
1.356839050000000100e+02 5.313069439999999755e-02 -1.247828349999999991e-03 -5.493070829999999877e-02 -3.017054950000000024e-03 8.583652949999999449e-03 -4.907320090000000246e-02
1.383813120000000083e+02 6.461472079999999729e-02 9.842711869999999641e-03 -4.303082469999999771e-02 9.564537799999999965e-03 -4.300865590000000314e-03 -2.830005559999999865e-02
1.410858269999999948e+02 6.776457630000000398e-02 1.120406499999999916e-02 -3.005250469999999965e-02 2.393677009999999831e-03 -2.839464579999999988e-02 -1.119650579999999923e-02
1.437866400000000056e+02 7.340656049999999544e-02 1.444259760000000080e-02 -2.165570320000000104e-02 -1.467540860000000023e-02 -4.959245269999999761e-02 2.925810140000000004e-02
1.464877649999999960e+02 6.437094779999999461e-02 1.151041010000000003e-02 -9.995643619999999493e-03 1.163473980000000012e-02 -3.178915780000000219e-02 -4.035822750000000320e-02
1.491884520000000123e+02 6.586164660000000393e-02 7.661333349999999674e-03 1.219312929999999927e-02 -3.113279429999999889e-02 -3.151820300000000158e-02 2.284468760000000001e-02
1.518863900000000058e+02 7.231806600000000029e-02 7.362792370000000204e-03 3.450295550000000155e-02 -4.508189979999999847e-02 -6.720721970000000274e-03 -7.938417999999999169e-03
1.545764680000000055e+02 6.912801650000000020e-02 9.791254140000000411e-03 4.662502839999999732e-02 -5.562466559999999782e-02 8.525979720000000095e-03 1.476551239999999987e-02
1.572713270000000136e+02 6.160588580000000286e-02 3.623053929999999964e-03 5.539319110000000268e-02 -2.474303070000000160e-02 -1.076462620000000030e-02 -1.374775779999999961e-02
1.599744990000000087e+02 5.629264269999999931e-02 1.115172640000000040e-03 4.972278189999999876e-02 -5.081362550000000089e-02 8.661454160000000083e-03 -1.019246629999999952e-02
1.626742490000000032e+02 5.665487260000000302e-02 1.757812319999999895e-03 5.657439699999999849e-02 -4.539340809999999754e-02 2.342447929999999859e-02 4.066823259999999621e-03
1.653709680000000048e+02 5.751923459999999655e-02 -9.474232399999999235e-03 6.194792729999999692e-02 -1.415994509999999977e-02 5.205750039999999801e-02 4.023214689999999628e-03
1.680746709999999950e+02 6.088421749999999716e-02 -1.049596170000000050e-02 5.948182779999999781e-02 -1.618493150000000034e-04 3.325432030000000094e-02 4.688343509999999895e-03
1.707846710000000030e+02 6.183892409999999784e-02 -7.359492280000000212e-03 5.853412139999999986e-02 -7.411949860000000175e-03 -1.743142300000000144e-02 3.847101659999999784e-02
1.734847179999999867e+02 5.964308299999999952e-02 -1.617451989999999949e-03 6.133900169999999957e-02 1.503502760000000049e-02 1.984996020000000076e-03 2.304617369999999860e-02
1.761897649999999942e+02 5.422250079999999667e-02 4.555675790000000011e-04 5.967806009999999939e-02 9.287904989999999986e-03 -3.977621440000000258e-02 1.240083899999999987e-03
1.788947960000000137e+02 5.742139539999999848e-02 2.206902010000000129e-03 5.842357699999999737e-02 4.014187529999999754e-02 3.822687210000000335e-02 -7.048635109999999704e-03
1.816050769999999943e+02 6.354155729999999558e-02 4.205195479999999930e-03 5.245180210000000010e-02 2.179931670000000155e-02 1.800706100000000129e-02 -2.104928240000000089e-02
1.843000150000000019e+02 6.692966209999999527e-02 3.816259900000000104e-03 5.850748559999999904e-02 3.017939310000000014e-02 6.644504639999999906e-02 3.931690360000000134e-02
1.870067960000000085e+02 7.736718550000000472e-02 7.086685550000000090e-03 5.477359059999999807e-02 1.724587299999999837e-02 1.703968310000000125e-02 2.121416890000000013e-03
1.897064990000000080e+02 7.346766300000000249e-02 7.947382710000000863e-03 4.284348350000000138e-02 2.605212440000000129e-02 4.894061600000000102e-03 2.498285789999999881e-02
1.924024990000000059e+02 7.715333039999999754e-02 1.391629429999999973e-02 3.900158349999999913e-02 1.434727899999999924e-02 1.570228699999999880e-02 5.936797569999999885e-02
1.951095300000000066e+02 7.979405700000000157e-02 1.382252569999999937e-02 3.009615049999999833e-02 -1.418496160000000048e-02 -8.675600279999999206e-03 3.204256569999999749e-02
1.977896090000000129e+02 7.029159229999999703e-02 4.781692229999999662e-03 3.875249819999999901e-02 2.574259599999999953e-02 -1.163739110000000000e-02 2.899970610000000143e-02
2.004790619999999990e+02 7.126990499999999451e-02 8.911917079999999783e-03 4.265613509999999914e-02 6.705477649999999623e-02 -4.184793340000000222e-02 1.323032529999999991e-02
2.031785769999999900e+02 7.345329600000000125e-02 5.990813509999999911e-03 5.179148609999999903e-02 8.284017410000000387e-03 -5.950224550000000195e-02 9.821506350000000149e-03
2.058841869999999972e+02 5.938466719999999782e-02 4.288132679999999940e-03 4.751525360000000142e-02 -7.952099109999999360e-02 -3.098237610000000031e-02 -2.215442219999999920e-02
2.085857019999999977e+02 6.068910699999999908e-02 -2.710847970000000197e-03 5.379764549999999784e-02 -6.654505130000000490e-02 -2.281479520000000150e-02 -4.307179469999999899e-02
2.112899050000000045e+02 6.327220020000000333e-02 -2.481332690000000001e-03 5.451159919999999659e-02 -9.144976929999999726e-02 -6.491800429999999844e-02 -2.056158890000000031e-02
2.139758899999999926e+02 6.797955360000000613e-02 -2.153600559999999803e-03 6.338496929999999641e-02 -2.576159940000000148e-02 -3.645587680000000191e-02 -7.482635349999999970e-03
2.166770930000000135e+02 6.346674750000000365e-02 -6.379975409999999632e-03 5.704195580000000210e-02 -3.618230439999999687e-02 1.764525939999999835e-02 -1.756610789999999908e-02
2.193697019999999895e+02 5.634070759999999789e-02 -9.968752940000000576e-03 5.562197490000000272e-02 8.470115619999999540e-03 2.596074560000000142e-02 -1.185811860000000016e-02
2.220849519999999870e+02 5.916858640000000058e-02 -1.116266990000000037e-03 5.250728150000000261e-02 -4.653286050000000201e-02 -4.782276879999999841e-02 -2.999358809999999945e-02
2.247840620000000058e+02 4.814978069999999860e-02 -5.727668360000000292e-03 6.460632350000000690e-02 1.234532640000000035e-02 -8.516158359999999664e-03 -2.768114979999999892e-02
2.274938589999999863e+02 3.933258580000000004e-02 -7.202504279999999946e-03 6.328414120000000476e-02 -5.592126220000000203e-02 -3.913524949999999669e-02 2.969274750000000171e-02
2.302004839999999888e+02 4.169044320000000331e-02 -9.003486910000000482e-03 6.330862639999999819e-02 1.550166319999999980e-02 -8.555297240000000678e-03 1.118734719999999946e-02
2.329053590000000042e+02 4.952600260000000060e-02 -7.519236200000000390e-03 6.332336339999999897e-02 -4.407596560000000274e-02 -1.263995910000000056e-02 -4.726214210000000138e-02
2.356124369999999999e+02 4.949534579999999989e-02 -6.898914190000000023e-03 5.591724540000000271e-02 -5.448585000000000234e-02 5.961837230000000161e-03 7.724785900000000378e-03
2.383061240000000112e+02 5.305276720000000334e-02 -3.874626150000000206e-03 5.412504120000000141e-02 -1.843249229999999877e-02 -1.005024189999999956e-02 -1.486374149999999993e-03
2.410117180000000019e+02 4.944706439999999731e-02 -1.604942889999999957e-03 5.737923260000000331e-02 -4.910608950000000007e-03 -1.276944040000000009e-02 2.458944890000000147e-02
2.437069050000000061e+02 4.617215370000000291e-02 -5.511836069999999713e-03 6.227496619999999677e-02 4.805656230000000112e-02 -3.135680910000000071e-02 -3.612669190000000058e-02
2.464166400000000010e+02 5.077515920000000293e-02 -1.120116160000000005e-03 6.631115719999999825e-02 8.812719110000000536e-03 1.254748399999999937e-02 -5.093125839999999849e-02
2.491266709999999875e+02 5.156410890000000247e-02 -5.493813410000000265e-03 6.593269649999999871e-02 -1.791027870000000063e-02 -3.306149440000000217e-02 -7.177474259999999662e-02
2.518279049999999870e+02 5.081249699999999814e-02 -4.176162449999999693e-03 6.685409850000000043e-02 -4.510127270000000022e-02 -9.845063859999999417e-03 -4.487945890000000215e-02
2.545302800000000047e+02 5.228777269999999866e-02 -1.196159299999999953e-02 5.826346899999999829e-02 -6.779841720000000238e-02 -1.828501749999999993e-03 -4.251497879999999868e-02
2.572200930000000199e+02 6.133749690000000337e-02 -9.085326660000000304e-03 6.184981810000000219e-02 -8.298247479999999732e-02 -1.336843440000000036e-02 1.914031529999999856e-02
2.599075770000000034e+02 6.825685650000000437e-02 -4.741378570000000410e-03 5.955943169999999842e-02 -9.240616760000000107e-04 4.569003240000000209e-03 5.614739480000000005e-02
2.626062339999999722e+02 6.438182700000000258e-02 3.765880359999999850e-04 5.217251800000000106e-02 -1.967571180000000138e-03 1.417818799999999956e-02 7.524285149999999749e-03
2.653189679999999839e+02 5.228175110000000264e-02 -1.413092120000000078e-03 5.075456159999999772e-02 -7.886249359999999986e-03 3.200597759999999903e-03 3.143726069999999706e-02
2.680204209999999989e+02 5.482734999999999692e-02 -8.967948629999999977e-03 6.448527090000000239e-02 -6.220458479999999707e-03 1.832585020000000037e-02 -2.084220789999999962e-02
