# a=0.05410565044996328, b=-149.79939796135665, c=-0.0001934879216282003, xi=7.806831193824225
6.892612980000000222e-01 6.522087029999999730e-02 -6.213376379999999838e-03 4.639178790000000191e-02 1.418330880000000065e-02 -2.573273449999999990e-02 2.573817609999999936e-02
3.371965310000000215e+00 5.686306780000000005e-02 -2.104625540000000170e-03 5.462910590000000233e-02 2.400373160000000144e-02 -2.266830220000000048e-02 3.584857779999999806e-03
6.069272660000000208e+00 4.735663939999999739e-02 1.341223749999999933e-03 6.574344329999999570e-02 2.447643760000000127e-02 -1.927653559999999849e-02 2.467915269999999828e-02
8.773790319999999809e+00 5.508433900000000299e-02 -6.262899839999999836e-03 6.355052749999999528e-02 -5.259447159999999788e-03 -1.117099849999999943e-02 7.779652259999999576e-03
1.147410529999999973e+01 5.616073719999999797e-02 -9.930778609999999645e-03 6.117056609999999700e-02 1.918084960000000089e-02 -2.389921670000000071e-03 6.338619889999999590e-02
1.416749279999999978e+01 6.390911479999999978e-02 -1.066342640000000029e-02 5.048444030000000249e-02 1.522809959999999949e-02 -3.488853480000000257e-02 5.088841820000000044e-02
1.687823660000000103e+01 7.493517950000000427e-02 -8.747885440000000359e-03 3.084715000000000026e-02 1.900498540000000042e-02 -2.086610679999999912e-02 2.360079179999999971e-02
1.957492410000000049e+01 7.319061459999999519e-02 -4.185604330000000303e-03 1.149586449999999947e-02 2.167981570000000052e-02 -4.641296209999999645e-03 2.287555890000000057e-03
2.228001629999999977e+01 7.983206049999999609e-02 -6.842682000000000105e-03 -1.509589239999999978e-02 1.348719640000000004e-02 -1.804063980000000095e-02 -1.544171429999999928e-02
2.498128660000000067e+01 7.452037820000000090e-02 -3.632678680000000181e-03 -3.404676470000000260e-02 -1.043737850000000036e-02 -3.951429470000000083e-02 -4.620163559999999892e-02
2.768237410000000054e+01 7.030380310000000632e-02 -1.433628809999999958e-03 -5.258096880000000251e-02 5.043233729999999949e-03 6.628417590000000408e-03 -7.854654460000000393e-02
3.036772720000000092e+01 7.755121110000000317e-02 -5.394575480000000228e-03 -4.671256649999999677e-02 -3.709757849999999885e-02 -6.758302620000000011e-03 -6.589714189999999749e-02
3.306301160000000294e+01 7.369183729999999322e-02 -4.984879509999999916e-03 -5.508194880000000238e-02 -2.508527799999999905e-02 -3.553253250000000009e-03 -7.915908609999999790e-02
3.576872410000000002e+01 6.400088169999999799e-02 -9.013284829999999165e-03 -5.972583559999999903e-02 -2.748674430000000099e-02 -3.029743240000000101e-02 -6.390683179999999408e-02
3.846200999999999937e+01 6.517164300000000132e-02 3.588320999999999785e-03 -6.777503490000000297e-02 3.200788270000000206e-03 -2.025518420000000167e-02 -7.201420679999999408e-02
4.116589909999999719e+01 6.064711169999999901e-02 1.261095179999999986e-03 -6.995928619999999820e-02 1.738738440000000066e-02 -1.114165919999999914e-02 -4.200719650000000333e-02
4.386732250000000022e+01 5.303236149999999982e-02 4.290040109999999733e-03 -6.026246200000000275e-02 -1.280752289999999944e-03 -7.191521600000000403e-02 -7.899233290000000005e-03
4.657266160000000355e+01 4.083052350000000025e-02 -9.861393850000000488e-03 -6.414854540000000660e-02 -7.667559830000000159e-04 -4.511883579999999977e-02 -2.710636209999999977e-02
4.927535689999999846e+01 4.491713089999999770e-02 -9.101280970000000248e-03 -6.994570079999999634e-02 -7.921944480000000025e-03 -5.725778790000000257e-02 2.425833090000000143e-03
5.196817879999999690e+01 5.318601559999999728e-02 -1.153425599999999968e-02 -5.844208160000000096e-02 -1.897691099999999909e-02 6.041108030000000295e-02 4.052101100000000261e-03
5.468656469999999814e+01 5.517971110000000068e-02 -1.050057100000000021e-02 -6.168978449999999725e-02 2.969647599999999943e-02 3.139115249999999829e-02 -1.217683999999999954e-02
5.738908339999999697e+01 6.175833769999999889e-02 3.021483140000000029e-03 -5.823797440000000325e-02 4.922203099999999595e-03 -1.719260619999999837e-02 9.142231670000000587e-03
6.008982089999999943e+01 6.253520840000000025e-02 6.013293819999999609e-03 -5.477303399999999822e-02 -2.001837069999999955e-02 2.053429089999999832e-02 6.542300709999999790e-03
6.279670839999999998e+01 6.906346929999999940e-02 -3.329434579999999890e-03 -4.404537950000000229e-02 -5.432591970000000096e-03 -2.685451620000000109e-02 2.954441010000000145e-02
6.549596940000000700e+01 6.495582249999999613e-02 4.385657400000000407e-03 -4.702006389999999897e-02 1.694351100000000138e-02 1.649162439999999827e-02 2.897398309999999876e-03
6.819334750000000156e+01 6.068951389999999863e-02 1.126627510000000054e-02 -4.964073220000000258e-02 -2.647272189999999928e-02 2.645298160000000148e-02 2.998417379999999965e-02
7.090106629999999655e+01 6.158792710000000198e-02 1.679617460000000159e-02 -4.712061559999999871e-02 -1.391886279999999913e-02 -2.325133699999999866e-03 -2.258327120000000118e-02
7.360408970000000295e+01 5.471495249999999699e-02 2.436769050000000061e-02 -4.946681120000000209e-02 -8.402108630000000231e-03 4.128348240000000169e-02 2.619664019999999940e-02
7.631327720000000170e+01 5.493843460000000234e-02 1.755008519999999919e-02 -5.502944309999999867e-02 -7.993879469999999599e-03 2.869436289999999917e-02 -7.582579639999999926e-03
7.901014279999999701e+01 5.999674170000000167e-02 1.068281630000000003e-02 -5.768188719999999686e-02 -5.232546010000000206e-03 -1.202615070000000001e-02 -3.835278000000000125e-03
8.170510369999999511e+01 5.304876039999999876e-02 1.564123209999999931e-02 -5.454239339999999991e-02 2.072177099999999994e-02 5.670574149999999675e-03 -2.647291579999999991e-02
8.440188659999999743e+01 5.439397079999999662e-02 3.780400699999999971e-03 -5.820837350000000049e-02 4.350610670000000339e-03 -1.493884600000000042e-02 2.196311050000000070e-02
8.710583499999999901e+01 5.668127910000000241e-02 -3.811894030000000013e-03 -4.919756399999999918e-02 7.695522590000000024e-03 -2.772637079999999785e-03 -7.816578180000000389e-03
8.980594440000000134e+01 5.257411690000000221e-02 -2.918423670000000209e-03 -5.067373890000000103e-02 8.626525870000000332e-03 2.383126160000000049e-02 -3.513770990000000208e-03
9.250889440000000263e+01 6.544122230000000429e-02 2.505518729999999883e-04 -4.958847970000000022e-02 -2.107230829999999847e-02 -1.045034000000000067e-02 -8.793562119999999947e-04
9.520947250000000395e+01 6.360179770000000399e-02 5.431893620000000263e-03 -5.258427789999999685e-02 -1.021101039999999967e-02 7.153221479999999572e-04 -8.708995820000000818e-03
9.791010529999999790e+01 5.156712449999999864e-02 -7.298613150000000362e-06 -6.346598529999999960e-02 -7.885928929999999268e-03 5.092283400000000015e-02 -1.782224939999999935e-03
1.006099580000000060e+02 4.108975840000000240e-02 7.838829130000000631e-03 -6.679160759999999697e-02 -4.193445399999999774e-03 -9.417670120000000769e-03 4.503860059999999915e-02
1.033139740000000018e+02 4.157402980000000220e-02 1.460119179999999975e-02 -7.612548850000000478e-02 -7.617852060000000237e-03 -1.064873990000000069e-02 -2.930143680000000042e-02
1.060158799999999957e+02 4.514830100000000179e-02 1.958091699999999977e-02 -6.595339460000000653e-02 -1.323385710000000038e-03 -5.171127390000000018e-02 -1.954708449999999903e-02
1.087147709999999989e+02 3.565329660000000206e-02 1.661658070000000126e-02 -6.291056859999999418e-02 1.849050299999999841e-02 -3.531280209999999864e-02 -2.240253160000000091e-02
1.114175369999999958e+02 3.628226119999999888e-02 1.962337689999999954e-02 -6.120376760000000027e-02 1.440323209999999979e-02 3.166470750000000001e-02 -9.609461289999999406e-03
1.141277549999999934e+02 4.155699949999999698e-02 1.959431630000000105e-02 -5.968441409999999947e-02 7.615266620000000000e-03 6.901646309999999625e-03 -2.390591829999999876e-02
1.168318490000000054e+02 5.175487389999999799e-02 1.395958450000000031e-02 -6.227867759999999864e-02 2.494673639999999814e-03 4.163459869999999730e-02 -6.623463679999999631e-02
1.195323960000000056e+02 6.950157029999999569e-02 9.876690489999999378e-03 -5.190669249999999707e-02 -1.259736319999999951e-02 3.528288150000000178e-02 1.428760620000000051e-02
1.222272399999999948e+02 7.188265280000000201e-02 6.428352109999999585e-03 -4.670801589999999670e-02 2.569559940000000053e-03 3.512438970000000132e-02 -2.602338389999999790e-03
1.249273019999999974e+02 6.556341079999999932e-02 9.601618089999999772e-03 -4.714525530000000103e-02 5.560081149999999972e-03 2.181076339999999877e-02 -1.085656720000000020e-02
1.276198020000000071e+02 7.416036139999999943e-02 4.118068899999999775e-03 -5.122579609999999839e-02 7.511202160000000037e-03 1.989208619999999900e-02 -2.801850250000000042e-02
1.303284270000000049e+02 6.872887510000000311e-02 4.378521290000000378e-03 -3.915542610000000145e-02 8.109849590000000816e-03 2.699446739999999956e-02 -5.583664089999999802e-02
1.330177239999999870e+02 6.827017820000000348e-02 4.490126510000000230e-03 -4.121745129999999924e-02 -5.980882429999999882e-03 -1.734442350000000004e-03 -1.999853639999999919e-02
1.357108330000000080e+02 6.479151019999999928e-02 -1.222943869999999983e-03 -4.491440520000000020e-02 -1.744157160000000054e-02 -5.698093840000000021e-02 -4.592348370000000346e-02
1.384022710000000131e+02 6.077724379999999843e-02 -4.068334179999999987e-03 -4.025105069999999896e-02 -3.255700789999999706e-02 -1.767705970000000085e-02 -5.291797740000000333e-02
1.410896930000000111e+02 6.778122100000000261e-02 -1.441524769999999976e-02 -4.001251940000000173e-02 5.209926529999999757e-03 -2.198887700000000042e-02 -2.821478319999999942e-02
1.438002239999999858e+02 7.404508549999999634e-02 -5.696632450000000021e-03 -3.070962039999999837e-02 9.296095379999999228e-03 -1.282170480000000001e-02 -7.165942899999999671e-03
1.465018489999999929e+02 7.228218910000000497e-02 -4.438945520000000221e-03 -2.631449539999999865e-02 -4.807924060000000333e-02 -1.079275310000000002e-02 3.532046970000000258e-02
1.491952400000000125e+02 7.331557249999999526e-02 2.632616270000000171e-03 -9.953097240000000068e-03 -1.389178360000000063e-02 9.217664609999999710e-04 2.489228409999999850e-02
1.518857549999999890e+02 7.519294260000000674e-02 5.708125209999999469e-04 7.263818239999999919e-03 -4.849758340000000223e-02 -1.105635190000000059e-02 4.165819970000000233e-02
1.545741460000000131e+02 7.480182130000000151e-02 4.355182239999999885e-03 3.232369770000000087e-02 3.581502369999999685e-02 4.848619719999999918e-03 1.368373139999999946e-02
1.572667399999999986e+02 7.641024979999999633e-02 6.255310469999999460e-04 4.588779479999999938e-02 -5.859294000000000308e-02 2.202667460000000063e-02 3.552288239999999708e-02
1.599720680000000073e+02 7.383800549999999796e-02 -1.232700129999999899e-03 5.437421569999999899e-02 -5.159361650000000160e-02 7.879419740000000215e-04 2.818411409999999929e-03
1.626660050000000126e+02 7.168285530000000072e-02 1.369838300000000061e-03 5.441234040000000188e-02 -7.551613320000000185e-02 1.594356489999999892e-03 2.964596660000000036e-02
1.653657240000000002e+02 6.493269000000000124e-02 -7.389569420000000402e-03 5.966805609999999843e-02 -1.400310880000000049e-02 -2.305204500000000104e-03 2.162208300000000027e-02
1.680583330000000046e+02 6.552240719999999352e-02 -6.807642400000000170e-03 5.750328500000000120e-02 -1.492450690000000045e-02 -2.700981280000000137e-02 6.727811969999999801e-03
1.707645990000000040e+02 6.136522870000000324e-02 -5.867782709999999971e-03 5.379552230000000240e-02 -1.712392789999999873e-02 1.829253679999999840e-02 5.715962980000000200e-03
1.734622400000000084e+02 6.802045780000000319e-02 1.611290430000000048e-03 6.405800329999999931e-02 7.818078589999999384e-03 6.848594809999999748e-03 9.314791799999999622e-03
1.761673179999999945e+02 5.634403329999999877e-02 7.991419419999999663e-03 6.453185740000000337e-02 -2.650898939999999857e-02 -2.536322599999999913e-02 3.109743390000000059e-03
1.788672709999999881e+02 4.053407910000000197e-02 1.174941959999999987e-02 5.159915889999999727e-02 1.557174769999999930e-02 4.771686299999999825e-02 -3.727722559999999824e-02
1.815655680000000132e+02 5.795634969999999969e-02 1.452302570000000084e-02 4.766854999999999704e-02 2.252109450000000165e-02 -1.638410040000000054e-02 -1.700369230000000134e-02
1.842667079999999942e+02 6.636561689999999347e-02 8.113205800000000342e-03 4.276147410000000204e-02 5.185605220000000237e-02 3.148405289999999662e-02 1.070437209999999979e-02
1.869601150000000018e+02 6.770567680000000310e-02 8.813984219999999739e-04 3.863306460000000275e-02 7.657142290000000517e-02 2.705455199999999907e-02 1.987584209999999907e-02
1.896707079999999905e+02 7.425616879999999420e-02 3.564134860000000085e-03 3.845942360000000060e-02 1.104700689999999971e-02 2.053786020000000073e-02 3.335734440000000245e-02
1.923777709999999956e+02 7.906650369999999872e-02 2.421539879999999850e-03 3.933830759999999704e-02 2.262665609999999980e-02 8.129750950000000365e-03 4.365886719999999971e-03
1.950669120000000021e+02 7.468678130000000470e-02 -2.045548999999999805e-03 4.185496579999999772e-02 1.034664559999999914e-02 -5.491704470000000060e-02 -2.597256980000000031e-03
1.977751770000000135e+02 6.407891529999999725e-02 3.469915220000000054e-03 4.437179210000000151e-02 1.772997070000000008e-02 -1.764740639999999930e-02 -6.446678949999999630e-02
2.004758490000000108e+02 6.041963949999999695e-02 2.304168420000000158e-03 4.628389649999999772e-02 -5.673936239999999992e-03 1.953068969999999932e-02 -4.789761619999999970e-02
2.031738799999999969e+02 6.880243210000000498e-02 5.341913680000000102e-03 4.889453059999999962e-02 -8.074820070000000502e-03 -5.823131900000000361e-03 -5.139822389999999797e-02
2.058685519999999940e+02 6.290030339999999609e-02 7.227491549999999921e-04 4.511868759999999867e-02 -1.703053779999999864e-02 -4.723143280000000055e-02 -5.108202220000000043e-02
2.085683960000000070e+02 5.794685200000000008e-02 2.699348089999999926e-03 4.310395780000000204e-02 -8.216771189999999558e-02 -3.811884399999999895e-02 -1.765401730000000155e-02
2.112620369999999923e+02 4.919124329999999962e-02 3.723335160000000154e-03 5.445719200000000149e-02 -5.354504439999999837e-02 -3.469452680000000011e-02 -1.297767590000000045e-03
2.139617079999999874e+02 5.468051460000000058e-02 2.726293240000000201e-03 6.578334099999999518e-02 -3.386352580000000223e-02 -5.294980569999999803e-02 1.602731220000000109e-02
2.166660520000000076e+02 6.134997589999999917e-02 7.659937250000000211e-03 6.671881320000000448e-02 8.414589639999999274e-03 -6.614573549999999691e-02 5.424317869999999674e-03
2.193645370000000128e+02 5.837815860000000051e-02 4.567845059999999825e-03 6.465140969999999543e-02 -4.152270439999999896e-02 7.990533489999999961e-03 1.428790930000000022e-02
2.220805369999999925e+02 5.227923219999999760e-02 -2.053604580000000120e-04 6.697922250000000466e-02 -1.061930380000000035e-02 -9.352778600000000164e-03 -5.828999979999999886e-02
2.247697550000000035e+02 4.674343809999999960e-02 -2.403264669999999933e-03 6.223301729999999865e-02 -6.526492939999999771e-03 3.780110460000000311e-02 -3.619621280000000132e-03
2.274697400000000016e+02 4.355554500000000107e-02 -4.717203889999999587e-03 6.873689419999999550e-02 5.239923820000000343e-02 -4.692412430000000162e-02 1.743158519999999864e-02
2.301739269999999919e+02 4.650999599999999790e-02 -1.621646829999999961e-03 6.534203650000000585e-02 -4.068283889999999708e-02 -2.069243249999999992e-02 2.842580180000000081e-02
2.328813959999999952e+02 4.513085580000000124e-02 -4.102166689999999817e-03 7.211977199999999866e-02 4.711776630000000070e-03 -6.028965669999999943e-02 4.366999149999999802e-02
2.355799269999999979e+02 4.632098359999999720e-02 3.518342360000000120e-03 6.848016020000000093e-02 2.527408130000000086e-02 -2.108645110000000045e-02 9.072278019999999513e-03
2.382912550000000067e+02 4.634000819999999771e-02 5.872198030000000228e-03 6.618799990000000244e-02 -1.414446519999999936e-02 -3.818714520000000140e-02 2.229540249999999862e-02
2.409954740000000015e+02 5.455676210000000304e-02 1.829829650000000052e-03 6.891796860000000413e-02 -2.142427430000000063e-02 -3.326761980000000202e-02 5.388701919999999874e-04
2.436936149999999941e+02 5.819815300000000247e-02 -1.808370020000000036e-03 7.085976410000000003e-02 -2.559234850000000061e-02 -5.502176489999999892e-02 2.730795819999999943e-02
2.463967710000000011e+02 5.306532540000000187e-02 -7.747169919999999724e-03 6.516128370000000281e-02 1.613984020000000172e-02 7.893482150000000544e-03 1.200705969999999942e-02
2.490834900000000118e+02 5.710380770000000189e-02 3.399576890000000095e-04 6.384878500000000512e-02 -2.382250559999999837e-02 -2.641988929999999902e-02 5.463487189999999966e-02
2.517950519999999983e+02 6.514830359999999876e-02 -9.743608560000000321e-03 6.506574179999999319e-02 -5.046932810000000214e-02 -1.893432769999999973e-02 4.493867080000000028e-03
2.544945050000000037e+02 7.013079769999999713e-02 -1.041712329999999916e-02 6.309182979999999885e-02 -3.213264569999999681e-02 2.320802959999999915e-02 2.482996310000000137e-02
2.571944899999999734e+02 6.423350810000000299e-02 -1.180003070000000022e-02 6.236557699999999843e-02 -5.819396899999999991e-03 -2.129575519999999875e-02 6.449381040000000398e-02
2.598958650000000148e+02 7.120464629999999351e-02 -8.382850149999999251e-03 5.627142429999999751e-02 -2.788504179999999957e-02 2.252542440000000062e-02 5.564778520000000089e-02
2.625904269999999769e+02 6.996304259999999720e-02 -1.178810169999999942e-02 5.373594689999999785e-02 1.087811699999999965e-02 -1.388053019999999950e-02 4.640819000000000194e-02
2.652962709999999902e+02 6.832563919999999624e-02 -1.159661459999999922e-02 4.995593470000000286e-02 2.170293540000000146e-02 -5.837039139999999904e-03 2.835716779999999937e-02
2.680009420000000091e+02 6.447412819999999434e-02 -7.278110479999999778e-03 4.228539829999999888e-02 2.680663250000000098e-03 -1.329886389999999918e-02 2.767484040000000103e-02
