# a=0.058337805025158805, b=-131.77385375479147, c=0.0043088141607400925, xi=6.14868818148383
6.748783849999999696e-01 7.048185449999999630e-02 -4.846537520000000136e-04 4.993561939999999894e-02 2.871275109999999950e-02 2.821233680000000132e-02 6.340261390000000163e-02
3.372013550000000137e+00 8.061403649999999976e-02 4.730191029999999790e-03 2.546272730000000151e-02 -3.844582080000000235e-02 2.535543130000000173e-02 2.643916589999999872e-02
6.069871509999999581e+00 7.831630459999999738e-02 8.112169739999999449e-03 5.836856990000000023e-03 -2.173610150000000046e-02 4.260641360000000204e-03 6.354012350000000364e-02
8.761559639999999760e+00 7.470198640000000334e-02 5.853039709999999750e-03 -1.559161119999999921e-02 -5.699639840000000207e-02 9.563248979999999441e-03 1.823382860000000161e-02
1.145446139999999957e+01 7.529573409999999745e-02 1.196729290000000034e-03 -3.275415129999999925e-02 -4.950398470000000328e-02 2.431034849999999959e-03 1.281004449999999933e-02
1.415363639999999990e+01 6.640022480000000449e-02 -1.963897720000000197e-03 -4.389882970000000273e-02 -4.202244200000000013e-02 -5.123750540000000103e-02 1.284974959999999992e-02
1.685425040000000152e+01 6.103129389999999849e-02 -1.121142410000000068e-02 -6.260329389999999550e-02 -2.011321649999999947e-02 -4.380547869999999733e-02 1.249316619999999919e-02
1.954239099999999851e+01 5.212660899999999736e-02 -4.350547249999999616e-03 -6.302883950000000290e-02 1.193069510000000074e-03 -2.020409509999999964e-02 2.912140900000000088e-02
2.225935510000000050e+01 4.150786120000000273e-02 -6.116634349999999602e-03 -6.767707459999999786e-02 -3.229125089999999865e-02 -2.433194699999999960e-02 -9.865805260000000756e-03
2.495254260000000102e+01 5.049655699999999747e-02 3.528667860000000121e-03 -6.916525460000000347e-02 -1.836747080000000060e-02 -1.944769130000000013e-02 4.512294210000000055e-03
2.764658640000000034e+01 6.042569960000000046e-02 -2.438213490000000049e-03 -6.547939329999999392e-02 -3.996437430000000096e-02 2.713280139999999993e-02 -1.400189630000000032e-02
3.034795349999999914e+01 6.506496770000000374e-02 6.416417350000000117e-03 -6.065243349999999839e-02 1.234175000000000029e-02 6.958551440000000643e-02 3.661702079999999866e-03
3.304041600000000045e+01 5.163701679999999766e-02 6.587370609999999675e-03 -6.118166910000000236e-02 -5.582284229999999806e-03 3.490212239999999910e-02 1.157131209999999986e-02
3.574406919999999843e+01 4.251653140000000164e-02 6.675568249999999648e-03 -6.519507650000000432e-02 7.732155189999999345e-02 2.406320519999999991e-02 -3.784003550000000164e-03
3.846332069999999703e+01 5.268128360000000343e-02 8.321896889999999547e-03 -6.685149170000000141e-02 -1.581096859999999923e-02 1.117918310000000012e-02 -2.542749789999999843e-02
4.116973639999999790e+01 5.847898819999999831e-02 9.535289359999999173e-03 -6.775597619999999821e-02 5.559320780000000239e-02 6.744700049999999975e-03 -1.952341819999999992e-02
4.387986759999999720e+01 4.722110169999999690e-02 1.661541139999999977e-03 -6.783096280000000533e-02 -5.046986810000000066e-03 -1.494979010000000059e-02 -1.897678109999999946e-02
4.659635349999999931e+01 4.108564390000000316e-02 9.966850439999999298e-03 -7.965241559999999832e-02 -1.770729420000000109e-02 2.408393559999999836e-02 -3.041689250000000067e-02
4.928870040000000330e+01 3.873665400000000231e-02 -5.336608409999999726e-03 -7.139810530000000044e-02 -3.638023349999999767e-02 3.798270900000000165e-03 -1.275945220000000019e-02
5.200386919999999691e+01 2.943970389999999923e-02 -7.263505420000000018e-03 -8.481920510000000302e-02 5.112831300000000162e-02 -4.928589900000000454e-04 -4.438801099999999805e-02
5.469920510000000036e+01 3.175923189999999702e-02 -9.983464690000000766e-03 -8.425433540000000499e-02 4.987071469999999895e-02 -4.010288740000000213e-02 -1.599858499999999920e-02
5.740578320000000190e+01 4.266656879999999874e-02 -1.123773060000000067e-02 -7.108212290000000266e-02 7.349063040000000657e-02 -4.472658759999999928e-02 1.297755610000000080e-02
6.010552069999999958e+01 5.301568770000000125e-02 -1.502571479999999932e-02 -5.683921620000000063e-02 2.055986149999999846e-02 4.425605039999999657e-02 1.328085870000000022e-02
6.280944569999999771e+01 6.009910489999999855e-02 -8.616304450000000781e-03 -5.120561590000000107e-02 6.215794239999999915e-02 1.724391230000000066e-02 -1.162044169999999939e-02
6.552283640000000275e+01 5.083041890000000035e-02 -1.215868439999999960e-02 -5.518802450000000193e-02 -8.729115469999999821e-03 1.159365600000000079e-02 -1.762501189999999976e-03
6.822625039999999785e+01 6.166453310000000188e-02 -8.684435630000000850e-03 -4.779312909999999803e-02 2.249135890000000110e-02 -2.202808250000000065e-02 -1.862011749999999827e-02
7.093393170000000225e+01 6.334659600000000501e-02 -4.227568010000000084e-03 -4.991769620000000018e-02 -5.238613360000000246e-02 2.926404499999999895e-02 7.647219579999999656e-03
7.362533639999999480e+01 6.271421670000000559e-02 -1.259097479999999963e-04 -4.659380040000000306e-02 3.433544150000000014e-04 1.952794710000000083e-03 2.339299220000000054e-02
7.631753009999999904e+01 6.249159430000000154e-02 6.348005739999999959e-03 -4.598408109999999743e-02 -1.469820410000000077e-02 4.197684909999999971e-03 -1.122985609999999947e-02
7.901949569999999312e+01 6.546477119999999372e-02 1.950775050000000095e-03 -4.863447800000000182e-02 3.830955629999999862e-02 2.970326010000000003e-02 -2.633884920000000018e-02
8.171865350000000205e+01 5.846868589999999755e-02 4.877649260000000223e-03 -5.781126410000000243e-02 9.557498339999999717e-03 1.769732879999999856e-02 -1.465611449999999934e-02
8.442272699999999475e+01 6.124052349999999784e-02 1.560385529999999904e-03 -4.904831280000000043e-02 3.093504030000000099e-02 1.739116060000000033e-02 9.498400630000000677e-03
8.711555509999999458e+01 7.156991840000000160e-02 6.415471919999999641e-03 -4.774527309999999913e-02 2.625466859999999944e-02 1.334167569999999969e-02 -3.494788239999999883e-03
8.981754420000000039e+01 6.891299439999999665e-02 1.140476839999999929e-02 -4.860153970000000156e-02 2.737391220000000031e-03 1.213622059999999898e-03 -1.126440660000000045e-02
9.252606450000000393e+01 6.646778970000000175e-02 8.881473250000000708e-03 -4.724831699999999801e-02 2.612417889999999951e-02 -1.248443259999999951e-02 -5.704252750000000233e-02
9.520784100000000194e+01 7.012152169999999463e-02 1.115122300000000004e-02 -4.734386639999999674e-02 5.371107110000000046e-02 1.400547119999999987e-03 -7.518778610000000431e-03
9.790197390000000155e+01 7.452947610000000556e-02 1.232662749999999946e-02 -4.807243569999999910e-02 7.856776960000000365e-02 -1.775369929999999832e-02 5.480475459999999827e-02
1.006014629999999954e+02 7.218860420000000611e-02 -1.742311619999999985e-03 -4.963102390000000141e-02 2.166474950000000024e-02 -1.772596959999999874e-02 -3.953148209999999890e-04
1.033020250000000004e+02 5.965460820000000053e-02 1.118160239999999896e-03 -6.100567590000000040e-02 1.899325669999999897e-02 -3.647731530000000028e-02 -7.214527489999999869e-03
1.059866039999999998e+02 5.022413049999999851e-02 5.358532309999999681e-03 -5.443785810000000003e-02 1.286631270000000021e-02 2.860847689999999974e-03 -3.582543290000000241e-02
1.086944320000000062e+02 5.158176800000000006e-02 1.743014520000000069e-03 -6.082406280000000193e-02 -3.421087690000000018e-03 3.463360120000000264e-02 -4.923859779999999881e-02
1.113859630000000038e+02 4.867847720000000045e-02 8.512666020000000250e-03 -6.985123370000000109e-02 2.639173079999999894e-02 -1.657179710000000056e-02 -2.949420000000000167e-02
1.140901350000000036e+02 4.002023419999999748e-02 1.781069809999999941e-03 -6.747097109999999898e-02 -2.369117919999999891e-02 -2.759653540000000030e-02 -3.135399220000000074e-03
1.167907129999999967e+02 4.940545140000000141e-02 6.075117090000000178e-04 -6.914297719999999703e-02 2.322958370000000050e-02 1.683636390000000163e-02 2.529139329999999936e-02
1.194975409999999982e+02 5.336110630000000243e-02 -8.557626010000000212e-04 -6.281544660000000502e-02 -1.997158079999999947e-02 -4.618590520000000199e-03 -1.227727160000000040e-02
1.222109319999999997e+02 6.304851309999999487e-02 1.308683969999999966e-03 -5.026188539999999760e-02 6.855423200000000661e-02 -1.583746650000000117e-02 2.337611240000000198e-03
1.249044939999999997e+02 6.225359860000000134e-02 6.071633189999999999e-03 -4.224499689999999807e-02 3.823657810000000157e-02 -7.739549649999999392e-02 5.246665310000000332e-02
1.276128690000000034e+02 6.434601700000000535e-02 6.202953530000000250e-03 -2.618711389999999958e-02 2.940169800000000042e-02 -3.040963610000000164e-02 4.202650399999999752e-03
1.303158070000000066e+02 7.187951450000000519e-02 1.353337999999999937e-02 -6.871156150000000060e-03 -3.350674099999999961e-02 -4.145044950000000006e-02 -5.873880910000000427e-03
1.330173379999999952e+02 7.121835529999999415e-02 1.399435909999999922e-02 1.375486920000000036e-02 -5.586207719999999877e-02 -4.994789200000000068e-02 -2.405664570000000044e-02
1.357098689999999976e+02 6.189164369999999860e-02 1.870260680000000036e-02 3.633145029999999831e-02 -1.394915830000000023e-02 -3.560635000000000189e-02 -4.001335870000000128e-02
1.384076190000000111e+02 5.061218819999999813e-02 1.079851589999999972e-02 4.902020249999999857e-02 -7.265160619999999625e-02 -3.879401689999999875e-02 1.283885679999999946e-02
1.411029939999999954e+02 4.830497520000000267e-02 5.148350979999999875e-03 5.703966049999999871e-02 8.417596499999999149e-03 1.143219889999999919e-02 2.992230020000000157e-02
1.438040719999999908e+02 5.983735419999999805e-02 5.915967309999999903e-03 6.182080339999999896e-02 -5.804264469999999981e-02 -7.161922539999999830e-03 8.656048640000000433e-03
1.465060569999999984e+02 6.070119730000000241e-02 4.147521010000000327e-03 6.735618979999999367e-02 -5.708163449999999542e-04 3.403389650000000072e-02 5.745277199999999918e-02
1.491954159999999945e+02 6.878533750000000169e-02 3.303672430000000135e-03 5.360298649999999804e-02 1.314137159999999999e-02 2.609947179999999936e-02 2.996789500000000134e-02
1.518991350000000011e+02 7.044336149999999575e-02 1.506151060000000038e-04 5.343523320000000132e-02 2.841527010000000075e-02 4.187754660000000267e-02 1.782698079999999949e-02
1.545977599999999939e+02 6.001936880000000030e-02 1.235777560000000073e-02 5.307719930000000252e-02 3.307464379999999760e-02 -4.544101459999999940e-03 1.133296129999999957e-02
1.573028380000000084e+02 3.786977569999999682e-02 6.703881810000000309e-03 6.402777610000000286e-02 5.461483100000000257e-02 7.599823000000000342e-03 3.467940569999999889e-02
1.600031970000000001e+02 4.529674739999999672e-02 7.799488180000000402e-03 6.505355279999999740e-02 1.910387980000000097e-02 -1.526669259999999945e-02 -5.404478760000000319e-03
1.627051040000000057e+02 4.608421409999999968e-02 2.467490809999999934e-03 6.852862390000000192e-02 1.828568369999999943e-02 3.663947890000000124e-02 5.779274200000000111e-03
1.654005249999999876e+02 4.126569690000000262e-02 8.711513369999999978e-03 7.318254940000000486e-02 5.252124389999999685e-03 5.333222740000000128e-02 1.437297870000000047e-02
1.680925100000000043e+02 4.402770210000000323e-02 1.296789240000000010e-02 7.343632149999999859e-02 -1.786079459999999992e-03 7.099039399999999833e-02 3.850360490000000191e-02
1.708112910000000113e+02 4.473166630000000032e-02 1.645719730000000033e-02 7.314192649999999574e-02 3.267290180000000099e-03 2.206127689999999933e-02 -1.264157930000000055e-02
1.735036819999999977e+02 4.106351009999999885e-02 7.244366329999999896e-03 7.036143740000000424e-02 -9.844455070000000807e-03 6.918542809999999980e-03 5.660964050000000247e-02
1.762138070000000027e+02 4.158224680000000006e-02 1.383644610000000011e-02 6.975208880000000056e-02 8.983095700000000641e-03 -1.447051369999999976e-02 2.473575550000000137e-02
1.789156350000000089e+02 3.572958710000000149e-02 -1.493908659999999920e-03 6.936313569999999484e-02 1.017182049999999956e-02 2.684587559999999928e-03 7.199020120000000633e-02
1.816117749999999944e+02 4.258854010000000245e-02 -1.357545950000000039e-03 6.704957029999999985e-02 -5.159840150000000007e-03 -4.038946069999999750e-02 5.849169910000000250e-02
1.843186499999999910e+02 4.739241809999999999e-02 -3.482153850000000057e-03 7.173437430000000059e-02 8.509166699999999237e-03 -6.408994519999999806e-02 3.704898749999999824e-02
1.870257290000000125e+02 2.814739960000000110e-02 -5.316414880000000162e-03 6.687221810000000544e-02 4.059060669999999676e-02 -3.300772159999999789e-02 5.267367910000000236e-02
1.897203690000000051e+02 2.643716919999999915e-02 -7.666901949999999945e-03 6.728236849999999492e-02 -1.230070949999999969e-02 -3.245612219999999964e-02 -1.639136789999999858e-02
1.924206819999999993e+02 1.182542269999999930e-02 -9.699085790000000831e-03 6.585657990000000350e-02 -2.802862610000000205e-04 4.143333919999999705e-03 1.731282610000000124e-02
1.951295719999999960e+02 1.688935930000000016e-02 -1.598592379999999938e-02 6.963565489999999636e-02 2.611540429999999885e-03 -4.606073339999999967e-03 -3.209292550000000105e-02
1.978312129999999911e+02 1.679915359999999830e-02 -1.039581170000000027e-02 6.527056500000000261e-02 -2.736045930000000070e-02 -1.771363399999999894e-02 1.960221220000000000e-02
2.005330250000000092e+02 3.059933470000000127e-02 -1.558814199999999928e-02 6.783986100000000130e-02 2.192909609999999995e-03 -1.890857179999999929e-02 -1.425530069999999920e-02
2.032334160000000054e+02 4.100089929999999744e-02 -1.430593609999999960e-02 6.480218969999999856e-02 -2.861095430000000148e-02 -3.635496259999999868e-02 2.234363249999999843e-02
2.059374469999999917e+02 4.058255980000000096e-02 -1.966757239999999962e-02 4.690736759999999950e-02 -1.359664560000000029e-02 -8.873695870000000013e-03 -4.028818859999999669e-02
2.086263999999999896e+02 4.796960470000000143e-02 -2.038949509999999840e-02 4.272967600000000116e-02 -2.863208219999999887e-02 5.259823260000000278e-02 -1.965063059999999986e-02
2.113312909999999931e+02 5.806930009999999864e-02 -2.308771689999999932e-02 4.331969060000000205e-02 -3.571719860000000142e-03 2.880023669999999883e-02 4.058681179999999722e-02
2.140345880000000136e+02 5.180579820000000280e-02 -2.099239890000000053e-02 4.429127389999999720e-02 2.839843959999999862e-02 6.232025489999999668e-02 1.073430849999999943e-02
2.167327600000000132e+02 4.636252739999999900e-02 -2.293488080000000151e-02 5.108207969999999792e-02 -1.217330540000000072e-02 1.286880129999999969e-02 -2.126353610000000088e-02
2.194445409999999868e+02 4.422204529999999856e-02 -1.592715030000000156e-02 6.331688559999999744e-02 6.900315159999999975e-03 -5.931497349999999974e-02 2.182539500000000091e-02
2.221424320000000137e+02 5.008764940000000332e-02 -1.943404030000000018e-02 6.765625120000000325e-02 5.747077550000000146e-03 2.550955020000000156e-02 2.950359760000000053e-02
2.248383220000000051e+02 4.719039089999999687e-02 -3.198274990000000029e-03 6.085856580000000016e-02 1.554874850000000086e-02 -1.697321170000000087e-02 4.338317559999999712e-02
2.275411819999999921e+02 4.312510409999999877e-02 6.194806619999999875e-03 6.048245280000000279e-02 -3.703256609999999770e-04 -1.118451850000000067e-02 2.356855169999999902e-02
2.302383849999999939e+02 4.366007799999999800e-02 9.913364120000000418e-03 6.133930779999999944e-02 -1.867560319999999902e-03 2.207769260000000053e-02 1.591443630000000109e-02
2.329259940000000029e+02 4.984086680000000130e-02 8.114247220000000635e-03 6.870972320000000300e-02 -9.763430959999999659e-03 2.646013469999999868e-02 1.111246819999999955e-02
2.356259790000000010e+02 4.309847530000000121e-02 -3.004815010000000050e-03 6.878160110000000604e-02 8.072545809999999780e-03 -2.871094550000000134e-02 5.855233619999999917e-02
2.383294940000000111e+02 4.671954019999999957e-02 -1.047002219999999990e-02 6.748590699999999776e-02 2.734641280000000077e-02 2.360418690000000083e-02 2.582344530000000096e-02
2.410194319999999948e+02 4.864214809999999750e-02 -1.754244970000000056e-02 7.127794010000000624e-02 1.210616930000000049e-03 -3.870089419999999791e-03 9.421326759999999745e-02
2.437179319999999905e+02 5.298816180000000264e-02 -4.859513000000000200e-03 6.354516799999999910e-02 -4.462678660000000269e-03 2.613628719999999944e-03 1.624029529999999888e-02
2.464284000000000106e+02 6.136191579999999979e-02 5.809796249999999752e-03 5.904189430000000155e-02 2.656905190000000139e-02 -3.752605650000000008e-03 6.177176809999999907e-02
2.491288069999999948e+02 6.217750040000000200e-02 1.248522420000000013e-03 4.830469600000000113e-02 6.838939670000000401e-03 1.319828519999999977e-02 6.670828189999999935e-02
2.518435100000000091e+02 6.612117500000000425e-02 2.521080399999999899e-03 5.243273279999999953e-02 2.643295619999999971e-02 1.044914079999999940e-02 3.654161009999999654e-02
2.545414629999999931e+02 6.395586179999999954e-02 1.551795709999999892e-03 5.071241249999999812e-02 2.052750949999999886e-04 8.897088410000000142e-03 1.428653149999999962e-02
2.572542750000000069e+02 6.062186390000000313e-02 2.445937420000000081e-03 5.811350960000000176e-02 -1.394747510000000044e-02 -2.043319219999999853e-02 2.162829880000000180e-03
2.599495099999999752e+02 6.578447939999999827e-02 -4.721443349999999983e-03 5.673308819999999669e-02 1.822563199999999986e-03 -4.324292119999999934e-02 4.645334980000000169e-02
2.626449630000000184e+02 6.631220100000000117e-02 -9.225862890000000385e-03 4.753853360000000194e-02 1.370890469999999899e-03 1.591149190000000144e-02 8.909931350000000611e-03
2.653473070000000007e+02 6.327767430000000304e-02 -7.039923459999999911e-03 4.984855920000000329e-02 -1.027996909999999951e-02 -1.200217590000000022e-02 -5.667857820000000296e-03
2.680419009999999957e+02 6.596429719999999386e-02 -4.588195219999999762e-03 4.220678509999999800e-02 -1.596966869999999830e-02 -3.284269570000000141e-03 2.221233619999999839e-02
