# a=0.0652370611772331, b=-153.80403060885791, c=0.002000272266433364, xi=16.27336902619924
6.859110510000000493e-01 7.732560099999999381e-02 -2.622051680000000128e-03 3.551633519999999877e-02 -1.277158160000000037e-03 -8.852018930000000313e-03 -4.093843920000000275e-02
3.391665759999999974e+00 8.695442030000000155e-02 -3.913172610000000082e-04 2.387070579999999928e-02 -1.515871910000000065e-02 1.528449129999999954e-02 -5.075147919999999785e-02
6.092530769999999762e+00 8.909675070000000474e-02 5.853918649999999627e-03 4.795035619999999700e-03 1.073693589999999941e-02 3.081471579999999974e-02 -8.604463129999999349e-02
8.785251390000000882e+00 8.888427070000000374e-02 7.036569519999999987e-03 -1.141716100000000032e-02 2.479594389999999898e-02 5.432062270000000137e-02 -5.227412099999999978e-02
1.149079009999999990e+01 7.429186120000000337e-02 5.747614610000000013e-03 -3.269309580000000215e-02 3.558844519999999900e-02 3.013089780000000051e-02 -2.946533730000000170e-02
1.419018230000000003e+01 7.125648680000000457e-02 1.836865130000000026e-02 -4.338452799999999859e-02 -9.393005240000000186e-03 2.599858830000000010e-02 2.457073879999999849e-02
1.688441359999999847e+01 7.242209300000000682e-02 8.951308620000000826e-03 -4.286450089999999796e-02 1.448656460000000102e-03 -2.159479279999999835e-02 1.466177310000000081e-02
1.957967449999999943e+01 6.745337340000000237e-02 1.540675740000000023e-02 -5.451517200000000063e-02 -2.397211059999999894e-02 -1.557155980000000071e-02 -5.227440700000000537e-04
2.226968079999999972e+01 5.737989190000000045e-02 1.300244830000000032e-02 -6.074803790000000286e-02 2.156983109999999898e-02 1.095922619999999993e-02 5.712244269999999791e-02
2.497149639999999948e+01 4.453554209999999874e-02 1.453176829999999926e-02 -6.440262360000000019e-02 3.017810279999999859e-02 -1.923439500000000135e-02 2.733435349999999847e-02
2.767525729999999839e+01 5.455880619999999709e-02 7.798280650000000321e-03 -6.677804630000000463e-02 8.762821440000000128e-02 5.240456860000000140e-03 -7.855555079999999857e-03
3.037776510000000130e+01 5.822795509999999924e-02 4.450117840000000075e-03 -6.574491289999999377e-02 2.580286810000000097e-02 -4.812436810000000204e-02 -5.559835209999999805e-02
3.308130109999999746e+01 6.218632570000000304e-02 8.974444249999999909e-04 -6.762494569999999428e-02 2.034727050000000037e-02 -4.527056530000000273e-02 -3.446201840000000238e-02
3.577853549999999672e+01 6.479394739999999597e-02 9.853990170000000159e-03 -6.384732769999999780e-02 4.223879829999999808e-02 -4.185937659999999783e-02 -1.871803949999999855e-02
3.846822449999999805e+01 6.462257359999999673e-02 -2.338372090000000094e-03 -5.372547209999999768e-02 1.384771440000000069e-02 -6.914038180000000103e-03 1.257595390000000070e-02
4.116706200000000138e+01 7.027761629999999815e-02 -1.870775409999999965e-03 -5.655736909999999756e-02 5.007978259999999737e-02 -2.396490800000000004e-02 1.779317110000000132e-02
4.386203700000000083e+01 6.281989970000000090e-02 9.062180140000000717e-03 -5.897206079999999656e-02 5.081468930000000023e-02 -2.238991879999999851e-02 -4.285226819999999812e-03
4.656470110000000062e+01 5.617055869999999784e-02 6.350738629999999954e-03 -5.643615419999999799e-02 6.299993080000000634e-02 1.027908440000000097e-03 -3.986317909999999992e-02
4.926867759999999663e+01 6.103852669999999814e-02 1.014822479999999937e-02 -6.248037790000000175e-02 4.097889899999999919e-02 -1.761025889999999830e-02 -8.662138110000000210e-03
5.196983699999999828e+01 6.457364590000000404e-02 8.349370869999999181e-03 -5.789147179999999671e-02 3.106382300000000082e-02 3.552445659999999700e-02 -2.330012299999999897e-03
5.467128550000000331e+01 5.870272029999999697e-02 2.668746330000000035e-03 -5.018268079999999715e-02 2.178385260000000045e-02 8.583962360000000832e-03 6.575443139999999700e-03
5.737244009999999861e+01 6.280953770000000103e-02 -2.306609119999999784e-03 -5.452361459999999910e-02 6.311923780000000452e-04 5.303949789999999956e-03 -3.342323580000000193e-03
6.005876049999999822e+01 5.710978550000000292e-02 -5.246898800000000113e-03 -5.492250469999999940e-02 1.850143159999999981e-02 1.197852689999999963e-02 1.996414770000000047e-02
6.276006670000000298e+01 6.140639550000000224e-02 -5.350702899999999589e-03 -6.030410700000000263e-02 2.001470199999999945e-04 -1.046307999999999960e-02 3.220069219999999871e-02
6.545094799999999680e+01 5.614368649999999794e-02 -4.241355910000000305e-03 -6.709446199999999361e-02 5.677501289999999784e-02 3.811597810000000308e-02 2.841732200000000094e-03
6.816201979999999594e+01 5.991947949999999745e-02 -8.343847709999999487e-03 -7.152388440000000125e-02 5.111779920000000116e-02 1.819235510000000167e-02 1.759848509999999968e-03
7.087484480000000531e+01 4.723882520000000085e-02 -9.200714049999999394e-03 -7.492990210000000095e-02 -4.182185580000000007e-03 2.459759159999999958e-02 1.887474240000000004e-03
7.358744480000000010e+01 5.262064419999999687e-02 -3.950089240000000286e-03 -6.773780690000000271e-02 3.662760510000000191e-02 1.809303859999999986e-02 -4.553713909999999865e-02
7.628521670000000654e+01 5.508943179999999801e-02 -2.135748519999999904e-03 -5.758666190000000240e-02 1.700245569999999859e-02 3.223769059999999787e-03 -1.700071969999999988e-02
7.898213699999999449e+01 5.228298259999999975e-02 -3.158882679999999894e-03 -5.842515639999999733e-02 4.759758509999999915e-02 -8.479281039999999811e-03 -9.556883909999999704e-02
8.168451509999999871e+01 5.353267379999999964e-02 -4.727577129999999649e-03 -6.686428980000000410e-02 1.324226719999999947e-02 5.331073210000000090e-02 -8.334048659999999942e-02
8.438836360000000525e+01 5.965650170000000307e-02 -5.097803209999999738e-03 -6.425882389999999778e-02 -7.191831459999999988e-03 -4.608770070000000251e-04 -2.913756860000000018e-02
8.708315890000000081e+01 6.603893980000000163e-02 -6.756481130000000293e-03 -6.596325000000000105e-02 4.660036650000000218e-03 -4.843757759999999662e-02 1.140257599999999977e-03
8.979493390000000375e+01 6.021681079999999936e-02 -7.861001410000000370e-03 -6.237686659999999716e-02 -1.178490580000000031e-02 -4.983498249999999963e-02 -4.144636890000000240e-02
9.248163390000000561e+01 5.533405770000000140e-02 -1.105090950000000086e-02 -6.139479860000000150e-02 -3.116119919999999974e-02 -3.431710899999999842e-02 -1.746408649999999993e-02
9.518226669999999956e+01 5.796104149999999761e-02 -1.146774960000000038e-02 -6.087383460000000274e-02 -2.743079370000000086e-02 -8.205827009999999483e-04 -7.757166539999999812e-03
9.787336200000000019e+01 6.319988149999999916e-02 -9.698996519999999316e-03 -6.469668759999999685e-02 8.089112929999999618e-04 -2.862020890000000189e-03 -6.728350039999999969e-03
1.005762650000000065e+02 6.542064690000000404e-02 -1.608357900000000063e-02 -6.194788350000000193e-02 3.877614590000000305e-02 2.336553339999999923e-02 3.165773470000000228e-02
1.032838749999999948e+02 6.320582289999999992e-02 -9.061134990000000583e-03 -5.917854250000000038e-02 4.955208500000000266e-02 4.762185900000000249e-02 -2.545224540000000021e-03
1.059893280000000004e+02 5.769571240000000156e-02 -8.142878500000000699e-03 -5.912698529999999703e-02 2.968537499999999996e-02 -1.137300240000000068e-03 -1.583944710000000089e-02
1.086831250000000040e+02 5.387291159999999662e-02 -2.832089849999999838e-04 -6.007182319999999909e-02 3.062777040000000048e-02 -2.791127889999999931e-03 -1.245907949999999981e-03
1.113741399999999970e+02 5.691821679999999745e-02 -1.067184709999999953e-02 -6.392800710000000330e-02 1.145734869999999982e-02 1.252646829999999947e-02 4.617721100000000273e-02
1.140851870000000048e+02 5.885499689999999784e-02 -1.245030920000000062e-02 -6.470814069999999973e-02 -1.063234249999999922e-02 -5.732984509999999694e-03 4.037391109999999977e-03
1.167863899999999973e+02 4.843826880000000334e-02 -1.019719600000000038e-02 -6.771155600000000607e-02 -3.555832479999999907e-02 4.111728969999999678e-02 4.826203240000000172e-03
1.194934059999999931e+02 5.725256979999999996e-02 -6.643851729999999782e-03 -6.117651670000000264e-02 -7.422195989999999868e-03 1.756095270000000014e-02 -1.414684220000000069e-02
1.221913749999999936e+02 6.311973270000000025e-02 -1.427968940000000006e-02 -6.181867819999999764e-02 1.692526290000000155e-02 2.722695480000000140e-02 -5.796937630000000008e-02
1.248903119999999944e+02 6.356862530000000067e-02 -2.901432790000000109e-03 -5.498553459999999671e-02 2.267082269999999913e-02 4.516869949999999939e-02 -3.159982339999999924e-03
1.275900620000000032e+02 6.423972059999999429e-02 -3.305633169999999850e-03 -5.311576020000000065e-02 5.799002030000000030e-02 1.111563599999999992e-02 1.622742309999999910e-02
1.302954679999999996e+02 6.063188679999999969e-02 2.671956819999999830e-03 -5.625805910000000049e-02 7.623132909999999485e-02 1.030249509999999966e-02 4.119395950000000195e-02
1.330017029999999920e+02 6.038426999999999684e-02 7.885271560000000485e-03 -4.782967810000000181e-02 5.849764999999999826e-02 -1.142747860000000067e-02 2.504154590000000000e-02
1.357118749999999920e+02 6.346863549999999521e-02 7.613146969999999916e-03 -4.406287440000000027e-02 3.529730679999999732e-02 -3.772552440000000173e-02 9.619960329999999865e-03
1.384051709999999957e+02 6.976690089999999789e-02 8.213581640000000225e-03 -4.318258760000000251e-02 5.324597050000000331e-02 1.683365150000000129e-02 -5.602264240000000284e-02
1.411031089999999892e+02 6.628374160000000126e-02 9.720512759999999294e-03 -3.706025190000000052e-02 8.270095360000000173e-02 1.040643739999999942e-02 -5.868155469999999929e-02
1.437974529999999902e+02 6.742957089999999931e-02 7.248135559999999665e-03 -3.424439829999999935e-02 7.196934339999999652e-02 2.701692010000000116e-02 1.758681150000000054e-02
1.465086709999999925e+02 7.470699969999999857e-02 7.150782589999999869e-03 -2.536919849999999879e-02 1.520404830000000006e-02 4.648960979999999799e-02 -9.154086909999999480e-03
1.492076089999999908e+02 7.763888210000000067e-02 7.655315880000000163e-03 -2.563176669999999921e-02 -1.310861320000000080e-02 -8.903977119999999940e-04 -2.323078719999999847e-02
1.519147959999999955e+02 7.833137160000000487e-02 1.198999989999999932e-02 -1.409414879999999932e-02 3.726397340000000159e-03 8.025755270000000524e-03 -2.082801680000000155e-02
1.546079210000000046e+02 7.939699799999999641e-02 1.271633299999999980e-02 -6.123384630000000030e-03 1.039669030000000063e-02 -1.539188189999999949e-02 3.025604930000000067e-02
1.573117650000000083e+02 8.492688719999999525e-02 7.120251509999999881e-03 2.302950750000000088e-02 1.628015849999999917e-02 3.126186640000000244e-04 4.024794169999999782e-02
1.600039840000000027e+02 8.594593450000000134e-02 3.246712210000000150e-03 3.702850340000000268e-02 -1.763674159999999852e-02 -8.848746779999999701e-03 3.947583500000000079e-02
1.627008120000000133e+02 7.301496770000000247e-02 4.609819370000000065e-05 3.982767279999999827e-02 1.642271220000000170e-02 3.265639220000000204e-02 4.486339999999999772e-02
1.654026560000000075e+02 7.225559160000000203e-02 -5.071903459999999898e-03 4.629062789999999900e-02 -4.293227030000000034e-03 1.990262779999999940e-03 2.448458040000000072e-02
1.680986560000000054e+02 7.222582859999999993e-02 1.083216190000000018e-03 4.949272870000000213e-02 -3.151876279999999819e-03 4.059428739999999987e-03 4.190868829999999656e-02
1.707989059999999881e+02 6.692883589999999716e-02 -2.997938800000000178e-03 4.710893079999999705e-02 2.836390119999999959e-02 -5.198839109999999798e-03 4.792852160000000278e-02
1.735022179999999992e+02 6.030705079999999774e-02 6.010982730000000336e-03 5.618785910000000106e-02 3.338375250000000238e-02 3.224328340000000293e-02 8.881798899999999997e-02
1.762214060000000018e+02 5.518812280000000292e-02 6.095218290000000046e-03 5.976845969999999841e-02 1.853182119999999961e-02 -4.011364069999999622e-03 1.332589699999999974e-02
1.789213430000000074e+02 5.143507070000000181e-02 6.537461399999999539e-04 6.082420289999999896e-02 -4.951961109999999944e-03 9.365518470000000484e-03 3.784471639999999887e-02
1.816296089999999879e+02 6.326465589999999417e-02 7.326901890000000160e-03 5.835460890000000039e-02 1.318378069999999978e-02 1.047358789999999935e-02 -6.951321380000000105e-03
1.843246249999999975e+02 6.860894019999999593e-02 3.598909620000000087e-03 6.418345979999999507e-02 -1.349552380000000086e-02 1.097359269999999970e-02 1.744925550000000006e-02
1.870247180000000071e+02 6.597025350000000621e-02 2.254121430000000006e-03 6.196077020000000102e-02 3.337319669999999974e-03 5.169470249999999663e-03 7.124528970000000572e-02
1.897430779999999970e+02 5.802533850000000243e-02 -7.012732439999999796e-03 6.019779459999999999e-02 2.687914159999999983e-02 1.962490470000000098e-02 2.058191350000000003e-02
1.924414529999999957e+02 4.521857070000000201e-02 -4.302348719999999835e-03 6.839239119999999950e-02 -8.227277729999999539e-03 1.778820809999999983e-03 5.114924879999999813e-02
1.951409060000000011e+02 4.941200739999999925e-02 2.199295210000000011e-03 6.300071490000000440e-02 -1.783060960000000007e-03 1.101544469999999991e-02 -6.924382169999999947e-03
1.978487959999999930e+02 4.651625029999999911e-02 -5.829821649999999793e-03 6.951517990000000147e-02 -2.205744980000000008e-02 -4.513172110000000097e-06 5.585176990000000063e-02
2.005426400000000058e+02 5.258853599999999823e-02 2.312502570000000025e-03 7.437333560000000676e-02 3.416271509999999935e-03 -2.862852249999999973e-02 6.128148769999999801e-02
2.032260929999999917e+02 5.690523819999999955e-02 -2.471857120000000001e-04 7.371350869999999944e-02 -9.538735770000000835e-03 -1.683318409999999890e-02 1.325656100000000004e-01
2.059286869999999965e+02 5.991154469999999954e-02 -1.780015289999999951e-03 6.444734870000000393e-02 -2.246722769999999827e-02 -1.546837669999999963e-02 7.996325229999999562e-02
2.086274679999999933e+02 4.988852879999999823e-02 -1.786580560000000000e-03 5.624192730000000112e-02 -2.785429000000000030e-02 -3.421218620000000127e-02 7.058431510000000297e-02
2.113213430000000130e+02 5.595479750000000030e-02 3.194516240000000017e-03 5.554106520000000324e-02 -2.952883829999999876e-02 -4.061370720000000156e-02 1.752656000000000006e-02
2.140103750000000105e+02 6.271979319999999858e-02 3.320910849999999907e-03 5.411281519999999734e-02 -3.152512259999999678e-02 1.702037290000000050e-02 2.729726310000000003e-02
2.167249060000000043e+02 6.696524780000000232e-02 -9.920858949999999954e-03 6.335478660000000428e-02 -1.015208670000000007e-02 -5.434671099999999894e-03 3.080598559999999861e-02
2.194161090000000058e+02 6.793986750000000074e-02 -1.290556799999999921e-02 5.531491830000000165e-02 -1.398551070000000028e-02 1.102190519999999944e-02 7.529379930000000554e-02
2.221155620000000113e+02 6.353332300000000266e-02 -3.724458059999999804e-04 6.095053570000000254e-02 -1.705161319999999939e-02 -4.509403120000000237e-02 5.666237959999999990e-02
2.248331399999999860e+02 6.546099880000000315e-02 4.557922820000000035e-03 5.703253219999999957e-02 1.948599159999999872e-02 -2.590857820000000075e-02 9.259284919999999364e-03
2.275186400000000049e+02 6.717457920000000082e-02 4.173348979999999889e-03 6.014866110000000043e-02 -5.287873230000000174e-03 -2.282685699999999901e-02 4.198291140000000310e-02
2.302221399999999960e+02 5.170759240000000201e-02 -1.285010579999999909e-03 6.934578210000000298e-02 3.833750339999999861e-03 1.392663490000000011e-02 1.360534260000000051e-02
2.329231399999999894e+02 4.600426939999999881e-02 -1.966085869999999788e-03 6.962446579999999330e-02 -1.711534470000000089e-03 -6.246919769999999446e-05 4.063737700000000230e-02
2.356304210000000126e+02 5.682554990000000111e-02 -4.035390320000000267e-03 7.283956669999999689e-02 -9.274284550000000231e-04 -3.748234909999999861e-03 3.531330010000000019e-02
2.383264529999999866e+02 6.343069860000000171e-02 -2.672685440000000141e-03 7.214368840000000282e-02 9.670529389999999934e-03 -4.551577309999999682e-02 5.005691450000000070e-02
2.410405780000000107e+02 5.645864400000000227e-02 -2.999955989999999843e-03 6.564045459999999499e-02 1.841630210000000031e-02 -9.633480939999999534e-03 3.457007019999999708e-02
2.437365929999999992e+02 6.289629160000000108e-02 2.391887269999999881e-03 7.160123399999999971e-02 1.814426800000000159e-02 -6.040696890000000346e-02 5.071584120000000029e-02
2.464453279999999893e+02 5.945588579999999679e-02 -2.777521130000000157e-04 6.869448779999999533e-02 -1.082338220000000038e-02 -2.259161499999999892e-02 7.442559849999999533e-02
2.491451559999999859e+02 6.623568800000000090e-02 1.104466319999999934e-03 6.141126630000000308e-02 1.328738869999999961e-02 -1.683042000000000045e-03 -9.830567950000000665e-03
2.518413749999999993e+02 5.851446090000000239e-02 2.327322289999999867e-03 5.701019210000000254e-02 -7.362497540000000409e-03 -2.509853280000000006e-02 3.535530759999999662e-02
2.545464680000000044e+02 5.968667359999999672e-02 2.135308079999999938e-03 5.437071179999999893e-02 9.878052280000000629e-03 -2.996858839999999927e-02 1.869443449999999909e-02
2.572367649999999912e+02 6.018413820000000081e-02 4.290293659999999893e-04 5.752100470000000298e-02 -1.402768589999999968e-02 -3.977772000000000252e-02 2.024790569999999901e-02
2.599452029999999922e+02 5.766568130000000042e-02 -1.755897619999999932e-04 5.039316380000000151e-02 -6.304486340000000147e-03 -2.818378309999999831e-02 5.592169670000000231e-02
2.626417339999999854e+02 5.995112190000000119e-02 -2.294093620000000212e-03 4.861480209999999996e-02 -3.235396339999999787e-02 -4.739598390000000425e-03 4.017177420000000304e-02
2.653402029999999741e+02 5.997865780000000147e-02 2.838615070000000216e-03 4.700012159999999994e-02 6.175312720000000234e-03 -5.688691700000000212e-02 -8.306982770000000474e-03
2.680320669999999836e+02 6.828440569999999488e-02 3.152245489999999910e-03 4.128373440000000089e-02 -1.564023100000000097e-02 -1.283379620000000068e-02 -3.567801539999999882e-02
