# a=0.06678046178340834, b=-137.40390782892297, c=0.0014557967377446931, xi=6.9509633177599595
6.545886730000000098e-01 6.797211079999999905e-02 2.688479430000000146e-03 -1.492859220000000015e-02 -1.546463340000000034e-02 8.772034470000000458e-03 7.565094140000000467e-02
3.352315770000000139e+00 7.250138080000000096e-02 -2.883643139999999844e-03 -2.943587209999999968e-02 -4.451903589999999661e-02 3.976455160000000322e-02 1.032384529999999939e-01
6.044044839999999752e+00 6.958772139999999662e-02 -3.007548479999999896e-03 -4.545504000000000211e-02 -4.852188109999999721e-02 7.592247590000000129e-03 3.977906369999999886e-02
8.741245779999999854e+00 6.459016550000000467e-02 -1.332154089999999964e-04 -5.513080489999999667e-02 -3.323055669999999684e-02 -3.599402790000000296e-02 -1.819501889999999844e-02
1.143877859999999913e+01 6.666023719999999986e-02 2.749674980000000007e-04 -6.120985260000000316e-02 5.716680969999999619e-03 -1.857758450000000089e-02 1.266580280000000058e-02
1.413041770000000064e+01 6.467998269999999938e-02 2.716632960000000142e-04 -5.317719750000000217e-02 2.636814329999999894e-03 -4.171606080000000299e-02 7.131923929999999835e-03
1.683217550000000173e+01 6.528767069999999451e-02 3.407229319999999922e-03 -5.895588460000000114e-02 -2.070536020000000171e-02 1.588343269999999835e-02 -4.797757029999999596e-03
1.953113640000000117e+01 6.959809910000000488e-02 3.689617259999999899e-03 -6.171185910000000219e-02 -4.597712649999999984e-02 2.150506779999999951e-02 -3.215067690000000117e-02
2.223487700000000089e+01 6.264196850000000594e-02 1.693908350000000002e-04 -7.267952499999999483e-02 -2.159226740000000019e-02 -3.097589309999999874e-02 -6.129380599999999582e-03
2.493168010000000123e+01 6.404514579999999457e-02 1.131498500000000049e-03 -6.509922340000000307e-02 -1.681683880000000089e-02 -4.544395200000000273e-02 -8.559390230000000002e-03
2.763312549999999845e+01 6.415915249999999681e-02 -3.421742040000000026e-03 -6.424385230000000113e-02 4.563087739999999930e-04 -3.623318539999999949e-02 -2.889132969999999925e-02
3.033569109999999824e+01 6.814674399999999521e-02 -4.994633899999999932e-03 -6.262330080000000354e-02 2.656425789999999898e-02 -6.812782209999999894e-02 3.038096900000000072e-02
3.304321610000000220e+01 6.547021819999999936e-02 -1.016225540000000038e-02 -6.407139570000000561e-02 2.785687410000000155e-02 -4.455854229999999666e-02 4.607746480000000228e-02
3.574910049999999728e+01 6.045164599999999777e-02 -9.171120479999999436e-03 -6.538640630000000509e-02 3.527227789999999846e-03 -1.957166700000000006e-03 8.166060929999999912e-03
3.844941450000000316e+01 6.051115359999999915e-02 -1.694193469999999944e-03 -5.936230979999999879e-02 -1.005449549999999984e-02 7.506598159999999971e-03 -9.272267810000000068e-03
4.115061610000000059e+01 6.743019570000000074e-02 3.682514870000000006e-04 -5.652346529999999897e-02 -1.728659979999999999e-02 -3.214624239999999689e-02 1.445967480000000076e-02
4.384778169999999875e+01 6.403885300000000669e-02 -8.177351490000000448e-04 -6.791200590000000259e-02 1.315701960000000004e-02 -2.559631609999999877e-03 3.512350129999999848e-02
4.654804889999999773e+01 6.147552939999999938e-02 -5.109021170000000236e-03 -6.592571379999999370e-02 -3.136085099999999862e-03 1.869623659999999910e-02 3.673407260000000063e-02
4.924942860000000167e+01 6.411590650000000002e-02 -1.494442950000000013e-03 -6.002302529999999775e-02 8.937783660000000324e-03 1.288743330000000076e-02 6.064604299999999670e-02
5.195414110000000107e+01 6.229087350000000328e-02 -7.595942069999999779e-04 -5.952717309999999706e-02 -2.823175580000000101e-02 2.264253830000000024e-04 5.492847979999999908e-02
5.465468169999999759e+01 6.287577980000000344e-02 -1.298164400000000008e-03 -6.207697100000000162e-02 -1.674121799999999868e-02 3.136676249999999916e-02 1.929951670000000161e-02
5.735503330000000233e+01 5.642706410000000034e-02 -3.244786480000000188e-03 -6.482894840000000269e-02 -3.213218849999999877e-02 4.916855480000000000e-02 2.876661640000000020e-02
6.005674419999999714e+01 6.681370949999999864e-02 -7.935555170000000574e-03 -6.385921410000000575e-02 -2.322295519999999919e-02 6.341976950000000057e-02 6.830061620000000243e-03
6.276420050000000117e+01 7.265607890000000402e-02 -2.032406100000000090e-03 -6.228331019999999718e-02 -6.015003870000000096e-04 3.424584530000000099e-02 1.201197560000000046e-02
6.546222389999999791e+01 6.907093359999999516e-02 -8.285297409999999724e-03 -6.434544409999999603e-02 -2.141509959999999841e-03 2.122189489999999970e-02 1.032242050000000029e-02
6.816088799999999992e+01 6.513019070000000688e-02 -5.549522920000000102e-03 -6.991370819999999375e-02 -1.172570589999999977e-03 -1.601705379999999925e-03 2.660399979999999998e-02
7.086973009999999817e+01 6.542012499999999564e-02 -3.680239479999999896e-03 -6.553294240000000215e-02 2.575971850000000063e-02 -3.035012139999999914e-02 3.305982080000000045e-02
7.355906919999999616e+01 6.200408069999999855e-02 -3.912853110000000419e-03 -6.863496189999999941e-02 1.409141570000000017e-02 -5.420781699999999842e-02 2.312834019999999990e-02
7.626417549999999324e+01 5.415452409999999689e-02 -3.365087689999999958e-03 -6.729468580000000366e-02 -4.774914830000000047e-03 -3.119038980000000180e-03 3.763178340000000038e-02
7.897153799999999535e+01 4.992099109999999923e-02 -1.245071510000000069e-02 -6.335029729999999693e-02 -1.977616479999999913e-02 1.195321499999999967e-02 3.141936220000000109e-03
8.167010360000000446e+01 6.040540219999999960e-02 -1.433754760000000017e-02 -6.775881440000000588e-02 -1.319740009999999936e-02 1.302321709999999973e-02 -1.786391710000000002e-03
8.437653799999999649e+01 5.851606029999999875e-02 -9.773628359999999779e-03 -6.997250909999999657e-02 -4.236392650000000287e-03 5.984487170000000328e-02 1.097239239999999935e-02
8.708890829999999994e+01 5.475258110000000289e-02 -4.386793279999999691e-03 -7.119161609999999363e-02 1.068938940000000067e-02 1.108352909999999955e-02 1.610385680000000000e-02
8.979268639999999380e+01 5.857609469999999763e-02 -4.825135739999999898e-04 -7.525854410000000494e-02 -3.832102679999999876e-03 -4.844999509999999704e-02 1.496087910000000053e-04
9.249718009999999424e+01 6.051997779999999938e-02 2.254419660000000093e-03 -7.660435229999999762e-02 1.479208329999999981e-02 -3.443723969999999690e-02 -1.158540079999999944e-02
9.519899259999999686e+01 6.868833600000000261e-02 6.131767689999999618e-04 -6.374572370000000654e-02 2.923918619999999954e-02 1.681314110000000153e-02 -9.711259610000000462e-04
9.789450829999999826e+01 6.742499489999999318e-02 3.539347569999999870e-03 -5.762189389999999856e-02 1.878734170000000148e-02 1.874612240000000018e-03 3.599064739999999901e-02
1.005920080000000070e+02 6.431844790000000589e-02 5.547973280000000063e-03 -5.064383539999999656e-02 3.131499390000000221e-04 2.433999049999999859e-02 2.925666539999999954e-02
1.032898359999999940e+02 5.936721939999999725e-02 1.077042479999999920e-02 -5.666486729999999777e-02 8.004334590000000346e-03 -1.318299750000000029e-03 1.406641720000000040e-02
1.059821960000000018e+02 6.549442290000000166e-02 9.523769740000000150e-03 -5.098403160000000017e-02 1.217754220000000047e-02 -2.231106819999999907e-02 -1.364384779999999915e-02
1.086797430000000020e+02 6.783946050000000394e-02 1.496536499999999957e-02 -4.714514730000000237e-02 4.487816030000000254e-03 -3.421178090000000227e-02 8.143220850000000566e-03
1.113775550000000010e+02 6.597895489999999752e-02 1.232339359999999953e-02 -5.464425109999999919e-02 -1.679154680000000122e-02 -2.080322459999999971e-02 1.142511899999999921e-02
1.140735399999999942e+02 5.711169590000000212e-02 7.886723919999999791e-03 -7.069698319999999370e-02 -1.077268829999999955e-02 -2.094627290000000003e-02 2.370701890000000145e-02
1.167762900000000030e+02 6.382999849999999864e-02 5.139447769999999638e-03 -6.940179929999999719e-02 -6.728519819999999839e-03 6.172695379999999787e-02 5.938326970000000309e-03
1.194756490000000042e+02 6.152750349999999702e-02 -1.258892639999999999e-03 -7.281843309999999625e-02 -1.021861159999999977e-04 1.760008000000000059e-02 -5.214112699999999719e-03
1.221668209999999988e+02 6.096585909999999858e-02 -2.036933920000000113e-03 -6.737642659999999728e-02 -2.776646749999999841e-03 1.779098529999999928e-02 -7.472580470000000225e-03
1.248745859999999936e+02 5.980245969999999772e-02 -5.208241399999999875e-03 -7.287387879999999984e-02 1.522661319999999915e-02 -1.315570259999999936e-02 -3.697912130000000162e-03
1.275719610000000017e+02 6.864792050000000090e-02 -8.397129919999999498e-03 -6.680757419999999724e-02 2.944378799999999852e-02 -4.166810979999999859e-02 3.020378820000000145e-02
1.302656330000000082e+02 7.624659979999999504e-02 -6.697592980000000029e-03 -4.590441220000000128e-02 4.227939039999999843e-02 -3.444667750000000167e-02 3.926131379999999805e-04
1.329655400000000043e+02 8.390704390000000568e-02 -2.221918120000000089e-04 -2.944111160000000005e-02 6.584409480000000085e-03 -1.473736269999999932e-02 -1.845214749999999834e-02
1.356618679999999983e+02 8.404080510000000448e-02 3.516701509999999812e-03 -1.596133640000000145e-02 1.591907949999999891e-02 -3.669038730000000192e-02 1.093754349999999988e-04
1.383472739999999988e+02 8.053370029999999680e-02 7.426835250000000423e-03 8.070810689999999288e-03 2.293409360000000022e-02 -4.000877760000000338e-02 5.454500789999999592e-03
1.410374150000000100e+02 7.993181929999999824e-02 7.438230120000000056e-03 3.711605779999999771e-02 -7.998493109999999309e-03 -1.653601580000000140e-02 -8.804928450000000864e-03
1.437324460000000101e+02 7.656946280000000160e-02 5.925563759999999576e-03 4.508146860000000061e-02 -3.305439159999999654e-02 -1.557744229999999917e-02 4.888496819999999660e-02
1.464224609999999984e+02 7.728447630000000179e-02 3.377707330000000174e-03 5.845854639999999852e-02 -2.139684470000000061e-02 -3.154267609999999999e-02 2.087962739999999970e-02
1.491182110000000023e+02 7.089012860000000471e-02 4.216576879999999611e-03 6.368822600000000056e-02 -1.631772210000000112e-02 4.864776599999999680e-03 -1.375188240000000013e-02
1.518272269999999935e+02 7.043429380000000573e-02 5.537040059999999778e-03 6.647452230000000517e-02 -3.402363109999999996e-02 3.157552579999999692e-02 -2.791235200000000138e-02
1.545303360000000055e+02 7.073535770000000111e-02 -2.182182510000000089e-03 6.340845280000000084e-02 -5.015358229999999917e-02 2.309991900000000001e-02 -2.087572219999999854e-02
1.572399929999999983e+02 6.745382699999999399e-02 3.291560519999999889e-03 6.862709649999999828e-02 -5.093745789999999662e-02 -5.173372679999999751e-02 -4.901338739999999694e-02
1.599388830000000041e+02 6.446225669999999797e-02 -5.166780089999999798e-03 7.014742579999999617e-02 2.454474019999999812e-03 -9.080257240000000341e-03 -1.130643400000000062e-02
1.626490550000000042e+02 6.237539410000000201e-02 -1.681206840000000089e-03 6.824928700000000570e-02 1.779115540000000134e-02 -2.968352289999999852e-02 4.309892340000000266e-02
1.653536650000000066e+02 6.141319399999999734e-02 -1.720168860000000034e-03 7.390773970000000248e-02 5.404528389999999766e-02 -1.548632349999999949e-02 2.474873069999999897e-02
1.680535240000000101e+02 5.092122069999999862e-02 -1.256257640000000035e-03 7.093080720000000117e-02 6.179504069999999794e-02 -1.102430239999999985e-02 1.690488130000000061e-02
1.707632580000000075e+02 5.283979419999999816e-02 -3.761308740000000178e-03 6.921243629999999925e-02 -2.254857240000000210e-03 -7.156427329999999476e-02 2.037504620000000002e-02
1.734695710000000020e+02 5.556944800000000045e-02 -2.209094390000000165e-03 6.996241350000000081e-02 -6.100177539999999954e-02 -3.638759619999999695e-02 3.670965849999999892e-02
1.761662579999999991e+02 6.274930989999999431e-02 -1.256654329999999881e-04 7.234438579999999397e-02 -8.639529410000000575e-02 -7.416309449999999859e-02 1.495010389999999918e-02
1.788630239999999958e+02 6.261490960000000439e-02 -4.677325750000000011e-03 7.357879740000000668e-02 -9.507328280000000575e-02 -3.188454269999999730e-02 6.026056979999999674e-02
1.815608990000000063e+02 6.124317729999999987e-02 -3.279433640000000046e-03 7.676549019999999446e-02 -3.806073900000000315e-02 2.678392539999999850e-02 1.457754449999999931e-02
1.842516489999999862e+02 6.748741219999999930e-02 -5.077193469999999667e-03 7.400053659999999978e-02 3.589653410000000211e-02 7.582527920000000157e-03 -5.535300869999999762e-02
1.869555860000000109e+02 6.257145299999999910e-02 -2.474580880000000049e-03 6.811575179999999896e-02 3.509395080000000250e-02 5.867359830000000095e-03 -2.983346339999999944e-02
1.896585860000000139e+02 6.241125110000000226e-02 -6.468604440000000171e-03 7.524812699999999799e-02 2.133708080000000160e-02 1.734395840000000017e-03 3.703450889999999754e-04
1.923667110000000093e+02 5.838431799999999755e-02 -1.012440579999999979e-02 6.987675040000000670e-02 2.371732970000000121e-02 3.756918799999999989e-03 -7.791865069999999970e-03
1.950704460000000040e+02 6.157940910000000295e-02 -7.536558700000000298e-03 6.380398719999999524e-02 5.051378950000000312e-02 9.851478329999999867e-03 -9.931979969999999228e-03
1.977749149999999929e+02 6.510928820000000394e-02 -5.122340569999999857e-03 5.572746490000000247e-02 5.846041579999999849e-02 -2.263937179999999869e-03 -2.797996170000000005e-02
2.004705079999999953e+02 6.882600099999999776e-02 -3.801851059999999949e-03 6.104387850000000254e-02 4.537806679999999843e-02 -4.042739909999999888e-03 -8.106057490000000143e-02
2.031653049999999894e+02 6.897781249999999920e-02 -5.966534419999999957e-03 5.841237629999999903e-02 2.144132400000000119e-02 3.226390519999999817e-02 -6.435787199999999653e-02
2.058633049999999969e+02 6.931500220000000323e-02 -4.263457990000000392e-03 6.695500849999999615e-02 -2.614128599999999969e-02 -3.330307849999999872e-03 -3.848775370000000196e-02
2.085563520000000040e+02 6.706554809999999700e-02 -3.492213740000000167e-03 7.296026540000000171e-02 -2.659932679999999980e-02 -2.257240690000000133e-02 -5.661026389999999908e-02
2.112642899999999884e+02 6.763850359999999673e-02 -7.605900520000000165e-03 7.579326329999999667e-02 -3.667319520000000138e-02 -7.112169269999999571e-03 -3.675071419999999950e-02
2.139530709999999942e+02 7.068822210000000328e-02 -6.271999089999999964e-03 7.512371619999999584e-02 4.102840640000000177e-02 2.557455559999999989e-02 -2.477810189999999843e-02
2.166503679999999861e+02 6.541511819999999700e-02 -7.088578939999999606e-03 6.682180999999999538e-02 5.383915370000000311e-02 1.480875949999999920e-02 -4.782734229999999892e-02
2.193515710000000070e+02 7.240479110000000440e-02 -4.964652039999999794e-03 6.597338930000000434e-02 2.000209459999999911e-02 3.548650269999999987e-04 -4.128398249999999658e-02
2.220550079999999866e+02 7.279073329999999342e-02 -9.267738819999999517e-03 6.201579649999999777e-02 -8.695671889999999349e-03 -4.267230880000000282e-02 2.292329430000000084e-02
2.247538989999999899e+02 6.819383730000000421e-02 -7.528607619999999785e-03 6.250873229999999448e-02 -2.951316910000000016e-02 1.358303230000000063e-02 -1.006453870000000028e-02
2.274474150000000066e+02 6.867634509999999415e-02 3.202080879999999816e-05 5.947965200000000091e-02 5.765651890000000022e-03 5.237665410000000299e-02 -3.438770029999999728e-02
2.301513520000000028e+02 6.144803339999999753e-02 2.069937979999999979e-03 6.304580549999999617e-02 -9.635548440000000700e-03 9.051311639999999603e-02 -7.275250199999999667e-02
2.328611329999999953e+02 6.023912580000000128e-02 6.243187100000000336e-03 6.834441450000000584e-02 -8.856452080000000449e-03 9.794842649999999790e-03 -5.841981069999999804e-02
2.355565860000000100e+02 6.687063270000000170e-02 6.565314840000000159e-03 7.166542080000000425e-02 -4.692073940000000311e-03 -3.689801009999999892e-03 -6.573947689999999969e-03
2.382579149999999970e+02 6.567813159999999484e-02 1.145800339999999973e-02 7.565570200000000523e-02 -5.847437519999999778e-02 -1.093248729999999995e-02 -1.146341690000000045e-02
2.409464930000000038e+02 6.929519439999999586e-02 5.694971489999999838e-03 6.908176250000000462e-02 -2.043951659999999892e-02 -9.196599309999999375e-03 3.128704219999999675e-02
2.436457110000000057e+02 6.922500970000000642e-02 7.475842489999999681e-03 6.910783369999999592e-02 -7.552113770000000014e-04 -6.959076970000000265e-03 2.019457750000000149e-02
2.463380549999999971e+02 7.436073070000000229e-02 5.440660239999999849e-03 6.506023739999999833e-02 3.716518099999999852e-02 4.857923010000000171e-04 -4.879158780000000112e-03
2.490357899999999916e+02 7.637046329999999661e-02 3.773220549999999843e-03 6.725413739999999696e-02 2.656049580000000021e-02 1.045400909999999982e-02 2.286283429999999908e-02
2.517332739999999944e+02 6.826256109999999377e-02 5.733572190000000256e-03 6.000403569999999964e-02 -9.860159250000000153e-03 2.473141510000000012e-03 4.753745289999999901e-02
2.544380710000000079e+02 6.154223679999999697e-02 7.835967900000000846e-03 6.845853400000000144e-02 -3.080980579999999941e-02 -3.518523710000000249e-02 6.985508299999999837e-02
2.571366179999999986e+02 6.138011699999999793e-02 4.851152939999999782e-03 6.096417109999999889e-02 8.200995230000000802e-03 3.364509410000000172e-02 3.873572609999999944e-02
2.598441179999999804e+02 6.935248970000000568e-02 6.749669059999999568e-03 5.107286459999999667e-02 7.225060219999999978e-02 3.691965979999999731e-02 5.456776360000000284e-03
2.625383990000000267e+02 6.334943519999999828e-02 6.108366869999999615e-03 4.142268510000000209e-02 2.309111349999999965e-02 -1.921546669999999943e-02 -1.167049329999999933e-02
2.652364610000000198e+02 6.714269280000000062e-02 1.673339810000000049e-03 2.844149860000000016e-02 2.385500700000000099e-02 -4.965455109999999950e-02 1.633729600000000115e-02
2.679270809999999869e+02 6.873056269999999746e-02 6.371522779999999608e-03 5.597378959999999709e-03 -1.713033820000000110e-02 -3.495585319999999774e-02 6.227803049999999785e-02
