# a=0.06689967484260585, b=-132.46291408685914, c=-0.0015217546131782158, xi=10.945421003509907
6.487043930000000458e-01 7.293438269999999446e-02 -8.090915960000000240e-03 1.841092149999999953e-03 -2.232934010000000094e-02 -2.582303140000000077e-03 -4.568938199999999887e-03
3.350025510000000040e+00 7.835231759999999879e-02 -8.492385689999999709e-03 -1.258768740000000032e-02 -1.775501850000000062e-02 -3.069882549999999877e-02 2.904824859999999981e-02
6.049438939999999931e+00 7.370728810000000408e-02 -4.084992039999999804e-03 -3.060182490000000130e-02 -1.947582659999999967e-03 -1.388082260000000033e-02 3.034307710000000088e-02
8.756783159999999455e+00 6.493685000000000429e-02 -9.534647749999999866e-03 -4.318321549999999676e-02 -1.329254340000000055e-02 -1.485131259999999953e-02 4.433492850000000235e-02
1.145766779999999940e+01 6.782512629999999654e-02 -7.770824790000000273e-03 -4.795692199999999905e-02 -3.038001179999999871e-02 -2.669443260000000165e-02 4.037792880000000070e-03
1.415146000000000015e+01 6.647890680000000108e-02 -1.706869229999999913e-03 -5.690848109999999821e-02 -5.082875320000000176e-03 -6.111844419999999667e-02 -4.255299130000000235e-02
1.685233500000000006e+01 5.754798089999999672e-02 -2.482167590000000212e-03 -5.721794759999999924e-02 -2.057525279999999901e-03 -6.862728129999999538e-02 -5.263713540000000170e-03
1.955339749999999910e+01 5.531116810000000217e-02 2.562525620000000084e-03 -5.537282059999999728e-02 -4.007270770000000149e-02 -5.165709009999999712e-02 3.350891119999999807e-02
2.225115690000000157e+01 6.015835070000000173e-02 3.702381710000000013e-03 -5.783258139999999936e-02 -2.792443589999999906e-02 -2.050086439999999899e-02 4.951044040000000118e-02
2.494661789999999968e+01 6.405987109999999873e-02 1.821015449999999983e-03 -6.396412090000000439e-02 -1.461440240000000043e-02 -5.757443279999999858e-04 -8.419745560000000545e-03
2.764880540000000053e+01 6.078961199999999981e-02 -7.954154079999999419e-03 -6.705908759999999746e-02 -2.121632409999999955e-02 -1.019919950000000054e-02 -1.455871939999999962e-02
3.034391319999999936e+01 5.900693929999999837e-02 -8.645112249999999804e-03 -6.971797579999999828e-02 -5.168279330000000171e-02 -2.530952219999999930e-03 -2.848609289999999919e-02
3.305140690000000347e+01 6.068010819999999916e-02 3.513892860000000155e-04 -7.417893620000000354e-02 -1.018157630000000001e-02 2.002902429999999998e-02 2.454903669999999871e-02
3.575135999999999825e+01 6.349117830000000628e-02 -3.864085049999999976e-03 -6.988031079999999784e-02 7.008562179999999579e-03 1.907272559999999978e-02 4.809688010000000291e-02
3.845779290000000117e+01 5.879368139999999882e-02 6.754998800000000178e-03 -7.044857420000000259e-02 2.425049209999999983e-02 4.154646690000000399e-03 4.156331590000000159e-02
4.115866940000000085e+01 5.725064559999999692e-02 1.672826130000000001e-03 -6.246855490000000066e-02 3.216138239999999805e-03 3.279208000000000123e-02 3.216223079999999679e-02
4.386139909999999986e+01 6.531310079999999574e-02 6.237963220000000003e-03 -6.269601269999999782e-02 4.529718630000000371e-03 3.930088090000000145e-02 1.499501689999999977e-02
4.656721790000000283e+01 7.648097630000000313e-02 8.082266330000000693e-03 -6.118083049999999828e-02 -1.630405229999999997e-02 3.950198829999999883e-02 7.301706370000000078e-03
4.926488499999999959e+01 7.078217929999999769e-02 8.388867720000000097e-03 -6.764077640000000502e-02 -1.937584540000000105e-02 4.783159170000000210e-02 1.178131470000000000e-02
5.196613820000000317e+01 6.660061700000000084e-02 4.621262759999999678e-03 -7.449377599999999766e-02 -2.878468580000000110e-02 1.844032449999999943e-03 1.704905019999999882e-02
5.466681319999999999e+01 7.134942810000000080e-02 5.458861750000000221e-03 -6.991365300000000615e-02 -4.863161149999999794e-02 3.648318920000000187e-02 1.514404249999999966e-02
5.736457409999999868e+01 6.678702840000000363e-02 4.141844960000000062e-03 -6.888315550000000120e-02 -3.483609359999999960e-02 3.230709629999999749e-02 1.831279049999999867e-02
6.006278970000000328e+01 5.625217629999999802e-02 1.932767940000000096e-03 -7.557198989999999728e-02 -3.226809860000000307e-02 1.900584019999999874e-02 -1.476938159999999917e-02
6.276596940000000302e+01 5.502498480000000275e-02 5.276780169999999983e-04 -7.485835030000000112e-02 -3.106201689999999946e-02 1.239083799999999951e-02 -4.810665019999999653e-02
6.546598500000000342e+01 5.435391500000000264e-02 5.440535669999999741e-03 -7.338308229999999932e-02 -2.180153680000000010e-02 5.203645669999999723e-02 -1.953640879999999844e-02
6.817021470000000249e+01 5.608550140000000128e-02 7.898057999999999468e-03 -7.697694300000000600e-02 -2.736692439999999921e-02 3.064624319999999930e-02 4.491322889999999762e-03
7.087572570000000383e+01 5.596937419999999802e-02 8.263073259999999948e-03 -7.728859359999999679e-02 -1.500739010000000026e-02 -5.494774140000000320e-03 -8.578138480000000593e-03
7.356790069999999560e+01 6.254063270000000119e-02 4.213614830000000228e-03 -7.538296149999999807e-02 -2.574246109999999907e-02 2.144588769999999922e-02 -7.393676349999999536e-04
7.627405530000000056e+01 6.408710380000000317e-02 6.195637339999999875e-03 -6.451877999999999780e-02 -2.963920089999999910e-02 3.683426699999999693e-02 3.614545420000000314e-02
7.897500069999999539e+01 7.070789480000000404e-02 4.673017780000000149e-03 -5.921308120000000341e-02 -2.938055389999999836e-02 4.270553770000000242e-03 1.704330940000000141e-02
8.167489750000000015e+01 7.607159230000000438e-02 6.442520840000000304e-03 -6.350277329999999554e-02 -1.485992170000000057e-02 -4.013243849999999918e-02 1.895758829999999928e-03
8.436975689999999872e+01 7.443551430000000524e-02 2.932517300000000039e-03 -5.505557340000000188e-02 -1.827377820000000014e-02 -1.118737300000000046e-02 -3.562757259999999732e-02
8.707679439999999715e+01 6.767438139999999713e-02 3.413831600000000188e-03 -5.656177080000000107e-02 -2.906441749999999838e-02 7.655202950000000381e-03 -1.576350270000000109e-02
8.977305379999999957e+01 6.705377749999999470e-02 1.401042770000000088e-03 -6.538085030000000131e-02 -2.378974650000000024e-02 2.645176700000000190e-03 -5.680061430000000154e-03
9.247447879999999998e+01 6.914531109999999536e-02 1.327639629999999901e-03 -7.300194009999999567e-02 -2.105982480000000157e-02 -6.425742919999999489e-05 -1.708889070000000135e-02
9.517678499999999531e+01 6.395187300000000630e-02 5.146411370000000297e-04 -7.195291869999999312e-02 8.140698789999999477e-03 -4.300049949999999732e-02 -8.241735849999999239e-03
9.787090070000000708e+01 5.888377620000000146e-02 7.250269300000000043e-05 -7.337112249999999669e-02 5.236547719999999758e-04 -6.648597270000000670e-02 -3.250182199999999966e-02
1.005784879999999930e+02 4.962474420000000108e-02 -5.486829529999999976e-03 -7.519235320000000611e-02 -1.474996079999999973e-02 -2.687058219999999970e-02 -1.722184220000000029e-02
1.032820349999999934e+02 5.306067309999999704e-02 -5.838679359999999693e-03 -7.575280580000000319e-02 9.311753390000000047e-03 -8.947187800000000815e-03 2.072651019999999927e-02
1.059835039999999964e+02 4.979422790000000154e-02 -6.999556229999999608e-03 -7.468953170000000585e-02 4.582945430000000264e-02 5.137507930000000111e-02 4.106250709999999943e-02
1.086965820000000065e+02 5.626929940000000019e-02 -3.894612710000000186e-03 -6.883044929999999895e-02 3.119221780000000152e-02 5.606861230000000085e-02 3.232461069999999909e-02
1.113928319999999985e+02 5.940630310000000192e-02 -2.924180150000000016e-03 -6.359560470000000243e-02 -8.184291269999999577e-03 7.415810759999999502e-02 -4.273939979999999590e-03
1.140892690000000016e+02 7.531663500000000677e-02 -4.881469579999999785e-04 -5.891804679999999850e-02 -1.184522730000000038e-03 3.416537619999999997e-02 -1.893463340000000120e-02
1.167854410000000058e+02 7.336051130000000031e-02 -9.341352960000000099e-04 -5.318049069999999934e-02 1.539578970000000067e-02 8.805620170000000302e-03 -6.991843789999999635e-03
1.194723160000000064e+02 7.847108460000000452e-02 -1.724325480000000110e-04 -5.050423200000000307e-02 4.181112780000000029e-02 -9.924136619999999326e-03 -1.220565309999999907e-03
1.221645039999999938e+02 7.721877309999999883e-02 -6.409755129999999967e-03 -4.721474330000000053e-02 4.968758939999999916e-03 -7.419423009999999603e-03 2.645577630000000083e-02
1.248586760000000027e+02 8.191868010000000200e-02 -6.778259949999999694e-03 -4.675363920000000229e-02 2.425465140000000047e-02 -1.280412520000000047e-02 1.156428250000000012e-02
1.275561129999999963e+02 8.409298119999999988e-02 -5.793518400000000242e-03 -3.530395599999999745e-02 3.566921869999999800e-02 -1.845184390000000063e-02 -1.820268449999999996e-02
1.302534100000000024e+02 8.433374209999999760e-02 -4.245633880000000346e-03 -1.459528830000000020e-02 2.084616220000000061e-02 -2.211260480000000125e-02 -3.101928270000000112e-02
1.329566910000000064e+02 8.597493829999999781e-02 -2.741787319999999892e-03 2.063026510000000053e-03 -1.337201879999999968e-02 -1.259081029999999969e-02 -1.750411489999999931e-02
1.356523320000000012e+02 8.145049490000000336e-02 -2.641093519999999830e-03 1.495383680000000014e-02 -8.889105320000000032e-03 1.012456160000000001e-02 -5.248018549999999838e-02
1.383498010000000136e+02 7.468105830000000556e-02 2.861518369999999784e-03 3.504660610000000232e-02 1.341161610000000080e-02 -7.448367200000000077e-03 -1.061353480000000044e-01
1.410562539999999956e+02 7.028347040000000601e-02 4.006508079999999777e-04 4.487474810000000036e-02 -1.344590409999999944e-02 1.495803979999999964e-02 -1.726220330000000081e-02
1.437555350000000089e+02 6.217181249999999965e-02 -1.075186539999999904e-03 5.088880280000000061e-02 -2.262589060000000027e-02 -3.880814399999999928e-03 -8.492096660000000158e-03
1.464530980000000113e+02 6.440443810000000269e-02 -2.276356629999999864e-03 5.170855929999999823e-02 1.290389999999999940e-02 -3.552956220000000331e-02 -4.143238269999999918e-02
1.491532850000000110e+02 6.992771320000000512e-02 -2.938157869999999828e-03 5.945049439999999796e-02 1.910317799999999844e-02 -1.721508849999999965e-02 7.248230670000000396e-03
1.518589100000000087e+02 6.568402809999999981e-02 8.043291149999999773e-04 6.200357730000000123e-02 4.078317770000000099e-03 2.322731379999999970e-03 9.774746199999999330e-02
1.545593159999999955e+02 6.420293420000000584e-02 4.154120239999999770e-03 6.387188820000000433e-02 -3.077437489999999831e-02 2.328543760000000018e-02 9.127522070000000654e-02
1.572571759999999870e+02 6.637698570000000187e-02 -8.256812179999999807e-04 6.554118300000000286e-02 -3.642880949999999923e-02 1.982163459999999877e-02 2.591036089999999847e-02
1.599516130000000089e+02 6.633164390000000077e-02 -4.035119349999999674e-03 7.107609119999999669e-02 6.472171380000000520e-04 6.273158560000000050e-02 -6.485800299999999741e-02
1.626526760000000138e+02 6.823471080000000077e-02 -1.907263640000000015e-03 6.919192220000000559e-02 1.530836390000000005e-03 6.576278789999999430e-02 -5.441714689999999771e-02
1.653512540000000115e+02 6.567877219999999905e-02 6.323372950000000388e-03 7.110433680000000090e-02 -4.597570379999999825e-03 4.772616970000000125e-02 -6.263415740000000120e-02
1.680485510000000033e+02 7.038082169999999860e-02 6.228553589999999765e-03 5.950755960000000261e-02 9.525970979999999477e-03 1.851598699999999894e-03 -6.700072719999999871e-02
1.707516599999999869e+02 6.780740429999999874e-02 5.734279469999999969e-03 6.080701949999999661e-02 -1.394851780000000083e-02 7.584972009999999681e-03 -6.476731709999999920e-02
1.734479409999999859e+02 6.572482170000000512e-02 3.625614709999999859e-03 6.488034249999999337e-02 3.108455560000000090e-02 2.465026439999999999e-02 -2.326652189999999995e-02
1.761493010000000083e+02 5.936675799999999864e-02 7.730477220000000343e-03 7.011928370000000688e-02 2.781622799999999840e-02 -1.562276460000000013e-02 -1.635348819999999856e-02
1.788548480000000040e+02 5.946639459999999988e-02 3.917875470000000207e-03 6.379116140000000434e-02 3.215580500000000258e-02 -5.641687690000000283e-02 1.955300840000000206e-03
1.815654729999999972e+02 6.413438150000000393e-02 7.524625749999999669e-03 6.245604409999999662e-02 1.665642789999999956e-02 2.841026679999999853e-03 1.580069980000000165e-02
1.842701130000000092e+02 6.245863570000000087e-02 2.688770870000000042e-03 7.049846060000000691e-02 3.327542320000000109e-02 -3.702585109999999985e-02 4.923145739999999944e-03
1.869762540000000115e+02 5.936911329999999820e-02 6.544494290000000018e-04 6.471882639999999853e-02 2.629013259999999838e-02 -3.308488059999999814e-02 3.524077839999999878e-02
1.896737379999999860e+02 6.287212659999999453e-02 -6.221603529999999646e-03 6.590835479999999913e-02 1.682202760000000089e-02 -3.783237849999999958e-02 -3.084055149999999877e-03
1.923754260000000045e+02 6.545114740000000653e-02 1.261636150000000059e-03 6.153577080000000032e-02 -7.632280200000000035e-03 -3.286337299999999954e-03 -3.381417760000000189e-02
1.950714570000000094e+02 6.225344170000000205e-02 2.770183140000000155e-03 6.525802890000000078e-02 1.438443929999999940e-02 5.001315080000000302e-02 -2.640855170000000127e-02
1.977659260000000074e+02 6.723276400000000042e-02 2.879679229999999954e-03 6.524333329999999764e-02 -2.997017670000000009e-02 5.391970900000000316e-02 -3.450878920000000072e-02
2.004619730000000004e+02 6.637998890000000596e-02 5.379037619999999832e-03 6.174852210000000147e-02 -4.567903809999999953e-02 3.872687379999999874e-02 -7.654230980000000135e-03
2.031598789999999894e+02 6.623971019999999599e-02 4.623461399999999853e-03 6.263668009999999453e-02 -1.211763580000000014e-02 3.231992110000000279e-02 5.022397690000000164e-02
2.058618010000000140e+02 6.565021520000000055e-02 5.848400299999999795e-03 6.239488099999999926e-02 -3.426206670000000315e-02 3.487319729999999868e-02 7.608002490000000118e-02
2.085621439999999893e+02 6.027766440000000003e-02 3.219936660000000030e-03 5.932527960000000267e-02 -5.818796839999999804e-02 -1.444603009999999993e-02 4.004238720000000140e-02
2.112617229999999893e+02 5.496427529999999700e-02 8.111032290000000367e-03 6.199468179999999967e-02 -4.308953260000000091e-02 -1.420188940000000066e-02 2.489826570000000169e-02
2.139570190000000025e+02 6.500786029999999771e-02 8.096233010000000382e-03 6.632190629999999698e-02 -8.845165409999999548e-03 -2.343531310000000062e-02 3.808963239999999667e-02
2.166526910000000044e+02 6.521887090000000331e-02 4.644411919999999992e-03 6.826649519999999915e-02 4.516864190000000057e-02 3.826971229999999815e-04 4.394009019999999682e-02
2.193524260000000083e+02 6.572033010000000175e-02 1.125098329999999923e-03 6.706235200000000563e-02 1.580696560000000028e-02 3.963765340000000026e-02 6.868459309999999651e-02
2.220493629999999996e+02 6.606187980000000071e-02 1.193015879999999914e-03 6.586863560000000284e-02 2.025216499999999992e-03 3.787701820000000108e-02 2.432277379999999919e-02
2.247442690000000027e+02 6.657977349999999461e-02 3.886709589999999837e-06 6.446391890000000013e-02 -2.940208190000000166e-02 2.676802329999999897e-02 1.459658060000000070e-02
2.274453010000000006e+02 6.968419409999999925e-02 -3.515722379999999987e-03 6.928565070000000659e-02 -3.345535539999999752e-02 1.978157310000000155e-02 3.144751190000000252e-02
2.301357539999999915e+02 6.501576959999999517e-02 4.504716800000000028e-03 6.655407430000000180e-02 2.193805910000000067e-02 1.550025889999999927e-03 -1.080337160000000019e-02
2.328362850000000037e+02 6.162757590000000202e-02 7.740679030000000189e-03 6.273360199999999942e-02 7.116002050000000412e-02 -2.677970899999999876e-02 1.163561240000000017e-02
2.355395819999999958e+02 5.304386619999999775e-02 3.747221429999999815e-03 5.617025249999999664e-02 6.331494240000000440e-02 -7.146539450000000300e-03 5.340879390000000115e-02
2.382448789999999974e+02 5.408822619999999887e-02 -9.825555549999999243e-04 6.410812289999999469e-02 1.280365160000000030e-02 6.133513759999999725e-03 1.633213470000000056e-02
2.409465509999999995e+02 5.988649540000000326e-02 -9.826431469999999044e-04 6.874601069999999869e-02 -4.091286920000000021e-02 1.341778979999999968e-02 4.609352780000000073e-03
2.436481760000000065e+02 6.348077019999999460e-02 -8.392824309999999746e-03 7.080709300000000150e-02 -1.004572199999999998e-02 -6.157254160000000254e-02 3.136578849999999835e-02
2.463454260000000033e+02 5.296942839999999736e-02 -7.206667790000000247e-03 7.402915509999999366e-02 3.081458750000000066e-02 -6.193032150000000319e-02 -2.784601180000000065e-02
2.490511439999999936e+02 4.861929000000000251e-02 -1.120191740000000061e-02 6.804353300000000326e-02 2.054734329999999883e-03 -3.310790400000000050e-02 -4.414380980000000287e-02
2.517542850000000101e+02 4.960560540000000240e-02 -1.202065629999999989e-02 6.414026829999999735e-02 -4.059199389999999796e-02 1.688898230000000084e-02 -2.152422270000000151e-02
2.544526290000000017e+02 5.646522050000000320e-02 -1.546973660000000063e-02 6.793348139999999535e-02 -3.611393909999999902e-02 -4.575881970000000160e-02 -2.547406779999999982e-02
2.571457379999999944e+02 5.774077369999999765e-02 -1.420771200000000081e-02 6.901968549999999702e-02 -1.456442460000000050e-02 -2.875216189999999991e-02 2.468500389999999864e-02
2.598384100000000103e+02 6.529393799999999581e-02 -1.099900470000000040e-02 6.223378890000000330e-02 4.298058429999999930e-02 1.703193780000000074e-02 3.816731169999999784e-02
2.625315039999999840e+02 6.125158599999999676e-02 -1.170294120000000063e-02 5.012316719999999892e-02 3.309525509999999837e-02 1.745432649999999891e-02 1.338665700000000081e-04
2.652264099999999871e+02 6.851007620000000575e-02 -1.077490700000000023e-02 3.110019270000000113e-02 1.829706899999999914e-02 2.346785100000000138e-02 1.665265679999999859e-02
2.679182059999999979e+02 7.381266960000000543e-02 -1.344966780000000049e-02 1.451926570000000062e-02 -2.499393589999999998e-02 3.048785160000000091e-02 1.484003300000000074e-02
