# a=0.06541412334272748, b=-129.11874009267976, c=-0.00046749914080976794, xi=10.753116986174904
6.832128240000000519e-01 7.318120749999999786e-02 -1.392510010000000062e-02 5.830409269999999727e-02 5.086282810000000362e-03 -3.763625579999999721e-02 -9.780212590000000178e-03
3.387959519999999891e+00 7.512518590000000218e-02 -1.270433330000000048e-02 3.210030500000000259e-02 1.339063650000000064e-02 -2.019072839999999994e-02 2.056042419999999996e-02
6.085047480000000064e+00 7.546761400000000231e-02 -1.775402909999999890e-02 7.387435319999999944e-03 -8.274490690000000509e-03 -2.776033990000000007e-02 1.053186499999999963e-02
8.772832179999999980e+00 7.729902810000000013e-02 -1.051232059999999968e-02 -2.798044419999999935e-02 7.996577490000000149e-03 1.438345010000000035e-02 -9.849699340000000330e-03
1.146861499999999978e+01 7.982838620000000385e-02 -1.156640899999999972e-02 -3.112875910000000024e-02 1.342448849999999978e-02 6.214985650000000306e-02 2.170787349999999880e-02
1.415912280000000045e+01 7.587900039999999346e-02 -4.481499859999999932e-03 -4.695011329999999872e-02 -1.513433940000000026e-02 7.055885850000000181e-02 2.637793540000000006e-02
1.686176659999999927e+01 7.188206519999999766e-02 -6.939013079999999632e-03 -5.105688860000000273e-02 8.736753979999999434e-03 5.677680260000000229e-02 4.215898209999999896e-02
1.956558060000000054e+01 7.232430189999999870e-02 -5.272473419999999800e-03 -5.546750880000000244e-02 4.168667229999999981e-03 7.646483269999999888e-02 3.615976640000000131e-02
2.227631969999999839e+01 8.235764339999999961e-02 -3.112462879999999821e-03 -5.656366759999999910e-02 1.932478049999999947e-02 5.626374120000000173e-02 -1.517781380000000034e-02
2.498445249999999973e+01 8.125768899999999406e-02 5.924471439999999707e-03 -5.245013290000000161e-02 1.897539980000000071e-02 2.632086010000000021e-03 -1.634107309999999896e-02
2.769201190000000068e+01 7.247031560000000150e-02 4.404559159999999959e-03 -5.951277089999999770e-02 1.041713290000000069e-02 -1.105574829999999946e-02 -3.949649289999999924e-02
3.039394469999999870e+01 6.701551440000000359e-02 2.082138800000000144e-03 -6.772054449999999337e-02 1.818871949999999876e-02 3.645783430000000113e-03 -5.163531749999999976e-02
3.309736500000000348e+01 6.614111479999999765e-02 -1.171787820000000065e-03 -6.600804829999999679e-02 1.123763579999999956e-02 1.341386510000000011e-02 -4.781624239999999852e-03
3.579525720000000177e+01 6.147674339999999876e-02 4.775602709999999759e-04 -7.201825509999999764e-02 2.847534629999999914e-02 4.506720649999999828e-02 6.803461820000000423e-03
3.849663689999999860e+01 5.460205149999999841e-02 1.095470830000000017e-03 -6.767318240000000373e-02 4.783976759999999939e-02 -6.430935030000000351e-03 1.651546569999999894e-02
4.119999150000000299e+01 5.932411709999999699e-02 3.919149929999999780e-04 -6.301505440000000624e-02 6.309216999999999777e-03 -1.479493919999999921e-02 1.133266460000000031e-02
4.389791189999999688e+01 6.752298269999999769e-02 -7.297490279999999650e-05 -6.199140410000000129e-02 -2.420623200000000114e-02 1.313164659999999963e-02 7.137169460000000396e-03
4.658442910000000126e+01 6.824137030000000659e-02 3.133524129999999859e-03 -6.433592230000000078e-02 -2.416084320000000049e-02 -1.761211229999999975e-02 2.324992909999999951e-03
4.928154620000000108e+01 5.938094759999999750e-02 4.125088189999999953e-03 -6.681599520000000569e-02 -1.725098749999999861e-02 -1.833593600000000060e-02 4.648536069999999708e-03
5.197469619999999679e+01 5.580229550000000149e-02 -3.736548450000000063e-03 -6.223295110000000296e-02 1.076498940000000099e-03 4.543068509999999846e-04 1.565260430000000105e-02
5.467152120000000082e+01 5.778870779999999846e-02 2.535438630000000186e-03 -5.849772990000000339e-02 5.174606099999999598e-03 5.676416430000000117e-03 -2.904002010000000214e-04
5.736906650000000241e+01 6.560796609999999807e-02 3.153942370000000113e-03 -5.718375440000000171e-02 2.351641369999999884e-02 -2.081242850000000061e-02 1.159447050000000055e-02
6.007199779999999834e+01 6.415416100000000121e-02 4.251942719999999599e-03 -6.079297449999999936e-02 -8.693435269999999146e-03 -1.199020590000000018e-02 1.003256190000000048e-02
6.277391970000000043e+01 6.194216870000000125e-02 5.973423920000000067e-03 -6.819081139999999541e-02 2.124560959999999797e-03 -4.182899899999999865e-02 3.050195329999999885e-02
6.546484150000000568e+01 6.089000409999999891e-02 7.926225079999999965e-03 -6.853865289999999666e-02 -2.141446240000000056e-02 -4.690987679999999993e-02 1.420472249999999922e-02
6.816233370000000491e+01 6.624489629999999463e-02 1.158528300000000004e-02 -5.822625440000000346e-02 -2.372733080000000161e-02 1.569148559999999904e-04 6.323190059999999994e-03
7.087009940000000086e+01 6.611851089999999653e-02 5.996049849999999896e-03 -6.262599570000000615e-02 -1.183646590000000075e-02 -8.999242069999999899e-03 6.663304750000000054e-02
7.355951659999999492e+01 5.957545969999999969e-02 2.993157099999999796e-03 -6.270022729999999433e-02 4.119013409999999591e-03 -1.739410270000000050e-02 5.047262210000000304e-02
7.625797910000000002e+01 5.551203739999999859e-02 -4.884180049999999919e-03 -6.651585790000000276e-02 -1.142566610000000059e-02 -1.351610160000000019e-02 1.430207009999999966e-02
7.896005560000000401e+01 5.490161209999999681e-02 -3.869001490000000161e-03 -6.403201170000000220e-02 -3.136825399999999819e-02 -1.205455379999999938e-02 -4.094437249999999945e-02
8.165939000000000192e+01 5.221479829999999683e-02 -8.656960299999999888e-04 -7.164281290000000524e-02 -3.370558340000000264e-02 3.038259250000000054e-03 -1.657482370000000135e-02
8.434422120000000689e+01 5.674702289999999927e-02 -2.565320829999999993e-03 -6.590100879999999384e-02 -2.817069720000000069e-02 -5.748872779999999842e-03 3.985686189999999851e-02
8.704923530000000653e+01 5.489941050000000239e-02 -2.473847979999999926e-03 -7.425401269999999665e-02 8.306438710000000822e-03 7.022281950000000550e-02 7.981944430000000382e-03
8.974255870000000357e+01 5.477856660000000183e-02 -8.467657750000000217e-04 -7.261640110000000536e-02 7.750849500000000364e-03 7.762823230000000241e-02 -2.448422940000000159e-02
9.244773840000000575e+01 6.004361779999999732e-02 4.148362989999999570e-03 -7.117992839999999488e-02 4.543119219999999965e-03 2.706661540000000060e-02 -3.524203719999999956e-02
9.515875250000000563e+01 5.908655100000000104e-02 6.600329539999999842e-03 -6.822016990000000225e-02 3.054231469999999882e-04 1.112426669999999965e-02 -1.573114020000000030e-02
9.786083689999999535e+01 6.447499710000000051e-02 3.034052430000000206e-03 -6.889311369999999435e-02 1.132904170000000044e-02 1.469141359999999973e-02 3.879205890000000066e-03
1.005719930000000062e+02 6.655832420000000471e-02 2.224960700000000024e-03 -6.321588699999999839e-02 4.785057680000000431e-03 2.151940680000000074e-03 1.244201470000000018e-02
1.032783369999999934e+02 6.660750059999999417e-02 -5.524915340000000410e-03 -5.748782449999999961e-02 -3.114687439999999749e-04 -2.927428990000000009e-02 -3.918197110000000427e-03
1.059786179999999973e+02 7.331911160000000038e-02 5.143201929999999559e-04 -5.725605250000000146e-02 6.877054720000000225e-03 4.763791530000000343e-03 -9.248413679999999701e-04
1.086847740000000044e+02 7.355788859999999596e-02 -1.186105470000000089e-03 -5.639418520000000212e-02 -2.628823189999999858e-03 5.256352829999999879e-03 -2.331816300000000113e-03
1.113767270000000025e+02 6.924557589999999485e-02 -1.332974430000000024e-03 -6.074225529999999901e-02 3.649026489999999869e-03 -2.797452939999999985e-02 -9.524709770000000519e-03
1.140761020000000059e+02 6.210226120000000155e-02 -8.839756679999999714e-03 -6.146057039999999749e-02 1.107342040000000062e-02 -2.738865639999999921e-02 -1.115785059999999974e-03
1.167735399999999970e+02 6.754683960000000542e-02 -7.996409410000000426e-03 -5.862485840000000031e-02 3.905314499999999744e-02 -6.869624020000000310e-03 -1.234148409999999895e-03
1.194717119999999966e+02 6.727334620000000043e-02 -7.818961750000000613e-03 -4.923708079999999931e-02 5.683973679999999862e-02 2.946243490000000076e-02 2.849065640000000149e-02
1.221701180000000022e+02 7.217871700000000335e-02 -9.410075789999999829e-03 -3.152987780000000156e-02 5.384220259999999980e-02 -4.278361539999999959e-04 3.085152919999999827e-02
1.248701810000000023e+02 8.460528289999999507e-02 -9.223343199999999367e-03 -2.333504269999999922e-02 5.539896219999999871e-02 2.224798600000000084e-02 4.031659949999999611e-03
1.275636959999999931e+02 8.479359490000000499e-02 -7.149227900000000059e-03 -1.387221869999999933e-02 3.554086050000000024e-02 4.018581510000000107e-02 -2.042180580000000148e-02
1.302640869999999893e+02 8.598436710000000038e-02 -4.057274520000000127e-03 -1.388313200000000028e-03 -7.731061279999999758e-03 3.423634670000000324e-02 -7.014578280000000228e-03
1.329601179999999943e+02 7.432760189999999823e-02 -1.172717680000000089e-03 2.715320590000000131e-02 6.631867030000000371e-03 3.758907959999999854e-02 -2.610633149999999972e-02
1.356646650000000136e+02 7.549216450000000023e-02 4.353518189999999906e-03 3.959460270000000198e-02 -7.309660229999999891e-03 3.968140710000000321e-02 -3.531659470000000217e-04
1.383678370000000086e+02 6.896658810000000361e-02 2.065694380000000080e-03 4.560358469999999803e-02 -9.736695440000000049e-03 7.023553050000000408e-02 4.997887210000000191e-02
1.410746019999999987e+02 6.760832699999999584e-02 6.251674020000000387e-03 5.202707890000000251e-02 -4.226397150000000061e-03 3.322723439999999973e-02 3.071374480000000143e-02
1.437722269999999867e+02 7.113102929999999546e-02 1.070015390000000031e-02 6.465617129999999546e-02 2.972522760000000097e-02 7.026398550000000076e-03 -2.237063460000000142e-02
1.464749459999999885e+02 7.800320980000000071e-02 8.041618480000000194e-03 6.287692599999999965e-02 1.085070040000000041e-01 -1.611630829999999986e-02 -2.760254150000000101e-02
1.491810710000000029e+02 7.316066729999999574e-02 9.042661060000000209e-03 5.472902140000000110e-02 7.485894429999999378e-02 8.453251709999999933e-03 5.099447189999999682e-04
1.518807429999999954e+02 6.932409979999999694e-02 1.107053269999999992e-02 5.463308280000000322e-02 5.029622250000000128e-02 3.004000349999999889e-02 3.261717809999999801e-02
1.545811019999999871e+02 6.701824979999999876e-02 8.347298319999999980e-03 5.141933480000000084e-02 1.210302540000000003e-02 -3.921261119999999711e-02 2.573391079999999900e-02
1.572807119999999941e+02 6.094285430000000170e-02 9.822299339999999990e-03 4.970497220000000271e-02 1.258031020000000000e-02 -2.375707739999999984e-02 -2.736456300000000147e-02
1.599754930000000002e+02 6.484317450000000316e-02 3.592820339999999984e-03 5.404418860000000102e-02 4.046460400000000124e-02 8.326625500000000429e-03 -2.152583240000000009e-02
1.626712119999999970e+02 6.305894759999999821e-02 1.175456390000000030e-03 5.346484619999999910e-02 3.573042740000000050e-02 3.642845699999999742e-02 -1.615337879999999976e-02
1.653707899999999995e+02 6.088556529999999967e-02 2.407483599999999963e-03 6.182977049999999891e-02 1.191370339999999958e-02 -1.702719239999999842e-02 -2.118281149999999904e-02
1.680601959999999906e+02 6.165523030000000237e-02 -4.605448779999999753e-04 6.432914239999999728e-02 -8.009523049999999963e-03 5.332670910000000125e-03 -2.735380050000000077e-02
1.707514309999999966e+02 5.779050969999999926e-02 -7.486645670000000030e-03 6.202589349999999835e-02 -1.721163499999999943e-02 3.844036840000000094e-02 -2.094532589999999889e-02
1.734540240000000040e+02 5.998219290000000176e-02 -3.905514689999999966e-03 6.431998440000000206e-02 -5.937767149999999966e-02 2.314338750000000024e-03 5.294456949999999662e-02
1.761494930000000068e+02 6.283832790000000446e-02 -7.578565649999999786e-03 7.497319360000000155e-02 -2.963529640000000034e-02 -1.993477269999999798e-03 1.718250229999999934e-02
1.788472899999999868e+02 6.299061879999999503e-02 -1.112905649999999975e-03 7.410225939999999512e-02 -2.359349520000000172e-02 3.072521029999999986e-02 1.244006599999999962e-02
1.815490709999999979e+02 5.630598170000000041e-02 -9.497326039999999785e-04 7.290306339999999552e-02 -1.149809840000000014e-02 5.966846569999999933e-02 4.216573430000000039e-02
1.842487270000000024e+02 6.040152580000000132e-02 3.201432670000000074e-03 6.977212119999999518e-02 -2.362900019999999990e-02 4.997843219999999892e-02 4.668434450000000235e-02
1.869456490000000031e+02 5.894711889999999788e-02 3.951942029999999835e-03 7.426265710000000408e-02 4.338592260000000318e-03 -1.836713670000000159e-02 1.627155580000000032e-02
1.896412589999999909e+02 6.127151769999999997e-02 5.422631730000000358e-03 7.388975949999999904e-02 8.531747609999999760e-02 -1.609535990000000166e-02 -2.092003320000000027e-02
1.923402900000000102e+02 5.857469340000000246e-02 8.223981000000000000e-03 6.841235549999999388e-02 8.349117239999999385e-02 -3.955884599999999994e-04 -2.504499070000000029e-03
1.950475869999999929e+02 5.936761609999999939e-02 9.520841889999999419e-03 7.151172819999999930e-02 -1.131357269999999941e-03 -3.967924419999999813e-02 -4.298206389999999905e-02
1.977471180000000004e+02 5.341164479999999798e-02 2.617258180000000059e-03 6.897522009999999815e-02 -4.384819720000000115e-02 -2.130233730000000159e-02 -2.074953419999999923e-02
2.004484769999999969e+02 6.525672009999999856e-02 4.491531669999999921e-03 6.910662280000000324e-02 -6.641666540000000507e-02 2.786555569999999912e-02 -2.060266859999999867e-03
2.031352899999999977e+02 7.108668290000000334e-02 7.496456030000000180e-03 6.287254039999999600e-02 -1.848852949999999981e-02 -2.349315370000000167e-02 -4.810264870000000026e-02
2.058335710000000063e+02 7.881943160000000337e-02 3.830780529999999826e-03 6.005800160000000082e-02 -3.817665720000000193e-03 -4.467520619999999776e-02 -4.937627440000000312e-02
2.085259770000000117e+02 7.864664070000000617e-02 5.302262599999999632e-03 6.241939710000000280e-02 2.504390410000000011e-02 -4.486450339999999842e-02 -1.056111640000000074e-02
2.112188370000000077e+02 7.619797030000000082e-02 3.132257150000000104e-03 5.825153720000000174e-02 1.551978369999999947e-02 1.153905080000000062e-02 -1.454992599999999948e-02
2.139191340000000139e+02 7.302012250000000648e-02 6.907918540000000315e-03 6.293199639999999540e-02 -3.596481769999999856e-02 1.446140649999999930e-02 -2.012245299999999848e-02
2.166190090000000055e+02 5.443352550000000317e-02 5.387457109999999570e-03 6.687228259999999924e-02 -3.877714899999999687e-02 4.094254690000000141e-02 -6.242452219999999885e-02
2.193160560000000032e+02 5.415479010000000260e-02 7.792050140000000326e-03 7.124996940000000167e-02 2.103469599999999856e-02 3.900681880000000240e-02 -5.705718480000000065e-02
2.220206180000000131e+02 5.623331499999999900e-02 7.783438499999999899e-03 6.749840040000000541e-02 5.900077900000000319e-02 3.644252230000000203e-02 -1.305310080000000005e-02
2.247203989999999862e+02 5.524177720000000152e-02 6.867878459999999900e-03 6.497294920000000473e-02 5.685033409999999676e-02 8.289244319999999888e-03 -7.001675820000000106e-02
2.274226339999999880e+02 5.025765160000000148e-02 2.492095419999999784e-03 6.193153910000000206e-02 1.477678410000000074e-02 2.884160470000000052e-03 -1.164492710000000070e-02
2.301330399999999941e+02 5.178192720000000110e-02 3.476968899999999859e-03 7.167066910000000068e-02 -3.952659590000000278e-02 -3.928360990000000219e-02 2.387424109999999877e-02
2.328251960000000054e+02 5.699817310000000053e-02 -4.033052460000000408e-03 7.228395320000000068e-02 2.441861769999999904e-02 -5.527495510000000195e-02 -1.483037469999999927e-02
2.355275709999999947e+02 5.067933379999999682e-02 -5.209522539999999861e-03 7.483025150000000014e-02 1.194132520000000010e-02 -6.375970270000000384e-02 -1.950188190000000030e-02
2.382325710000000072e+02 4.774382409999999854e-02 -6.257382060000000329e-03 7.037197909999999557e-02 2.519035049999999998e-02 -1.521107350000000004e-02 8.426564939999999816e-04
2.409345559999999864e+02 3.221792469999999742e-02 -7.919069989999999448e-03 7.744037569999999426e-02 3.068499129999999880e-02 -8.219286589999999504e-03 -1.917984550000000066e-02
2.436403679999999952e+02 3.689475639999999917e-02 -6.549937520000000124e-03 7.979082699999999473e-02 -1.678242879999999881e-02 3.245262520000000150e-02 -5.263737279999999852e-02
2.463420240000000092e+02 3.678947989999999807e-02 -1.282134340000000081e-02 7.919799739999999755e-02 4.939991650000000178e-02 3.972676840000000098e-02 -3.268446349999999667e-02
2.490482269999999971e+02 4.485742670000000126e-02 -1.526626189999999959e-02 7.879064110000000287e-02 4.207897690000000218e-02 1.798249830000000007e-02 -3.188621350000000326e-02
2.517553990000000113e+02 4.734104320000000199e-02 -1.421071500000000050e-02 6.836326900000000428e-02 1.737613970000000119e-02 -3.804138089999999778e-02 2.947518450000000123e-02
2.544536490000000128e+02 5.674821890000000119e-02 -1.454149199999999961e-02 6.551498159999999404e-02 -2.823018520000000146e-03 -3.148194879999999946e-02 6.728203500000000392e-02
2.571519460000000095e+02 5.441118839999999762e-02 -1.472238229999999967e-02 6.408783170000000029e-02 -2.704923860000000083e-02 8.490013459999999276e-03 2.253824000000000105e-02
2.598502270000000181e+02 6.000831200000000115e-02 -1.173688420000000045e-02 6.868356339999999449e-02 -4.171405370000000334e-02 3.860699120000000290e-02 1.689617339999999884e-02
2.625437590000000228e+02 6.249279330000000188e-02 -9.735709749999999982e-03 6.997704990000000458e-02 -1.072735729999999910e-03 2.081926900000000136e-02 2.105854500000000143e-02
2.652471180000000004e+02 6.457145559999999396e-02 -8.884455419999999493e-03 6.267458600000000435e-02 2.306269229999999976e-02 -5.831067339999999877e-02 1.894793389999999828e-02
2.679505090000000109e+02 6.794999420000000234e-02 -1.336195440000000068e-02 5.937563010000000002e-02 1.677811150000000154e-02 -7.140772630000000176e-02 8.301542049999999229e-03
