# a=0.0656401226730254, b=-148.3587618929149, c=0.00031769873642933916, xi=10.468146017786722
7.043074360000000089e-01 7.326626320000000081e-02 -7.372409649999999478e-04 4.404597400000000162e-02 -1.500598440000000013e-02 3.945774619999999761e-02 9.202960510000000177e-03
3.394421599999999817e+00 7.651178779999999457e-02 9.615913780000000591e-03 5.087486640000000310e-02 -4.148919000000000218e-02 9.530684839999999450e-03 3.527581080000000147e-02
6.089789869999999716e+00 7.202110320000000565e-02 1.296595520000000043e-02 5.023565580000000086e-02 9.950604499999999783e-03 3.604844700000000082e-03 6.727622949999999616e-03
8.783910970000000873e+00 6.710049399999999664e-02 5.201874589999999805e-03 5.663093479999999763e-02 9.112114569999999608e-03 4.473032029999999930e-03 1.669531590000000038e-02
1.148208349999999989e+01 6.421870370000000439e-02 1.322329759999999908e-03 5.165337949999999900e-02 2.245282209999999948e-03 -1.234893909999999935e-02 2.240551799999999927e-02
1.417245690000000025e+01 6.668958029999999537e-02 1.850691630000000096e-03 5.384252009999999922e-02 1.814199030000000074e-02 -1.062045560000000020e-02 2.301792440000000051e-02
1.688146160000000151e+01 6.661642580000000369e-02 8.726843869999999529e-04 4.873385420000000273e-02 1.090909200000000001e-03 -4.560578989999999888e-02 2.328953820000000119e-03
1.958295850000000016e+01 7.121602800000000066e-02 -4.431515639999999631e-03 5.482602329999999857e-02 1.061505990000000078e-03 -3.184710240000000053e-02 5.215293640000000230e-02
2.228298970000000168e+01 7.290815320000000599e-02 -1.342304949999999913e-02 3.937995519999999694e-02 2.472649509999999898e-02 -9.639684259999999755e-03 2.382626289999999897e-02
2.498030999999999935e+01 7.512727589999999844e-02 -8.204408720000000432e-03 2.213532740000000165e-02 4.998166210000000095e-03 -2.680591510000000094e-02 3.023770110000000011e-02
2.767794280000000029e+01 7.760360049999999454e-02 -4.467206090000000115e-03 1.083838850000000062e-02 1.499047249999999921e-02 1.177328230000000003e-02 3.897235699999999914e-02
3.037793660000000173e+01 8.816362599999999494e-02 -3.940137950000000347e-03 3.034876000000000153e-03 -1.255838459999999990e-02 -3.387788080000000285e-02 1.194163430000000012e-02
3.307760530000000188e+01 8.356270540000000635e-02 1.110004910000000032e-02 -2.794666089999999978e-02 -5.274145109999999609e-03 -1.070604749999999952e-02 -1.587804069999999845e-02
3.576619600000000077e+01 7.348230969999999806e-02 4.910134570000000351e-03 -5.475260710000000308e-02 -1.908067349999999912e-02 -3.486917090000000302e-02 1.932316829999999874e-02
3.847134599999999693e+01 6.653304699999999794e-02 2.875252269999999805e-03 -5.621597230000000001e-02 -2.080250490000000105e-02 -3.644010009999999744e-02 -1.974836629999999864e-03
4.118000380000000149e+01 6.573627320000000052e-02 6.664386189999999682e-03 -6.067189709999999681e-02 -1.734669230000000090e-02 -1.991221790000000103e-02 -5.275778750000000017e-02
4.386909440000000160e+01 6.447304210000000257e-02 1.056550489999999974e-02 -6.660933360000000081e-02 -2.579333589999999871e-02 -8.265983479999999828e-02 -1.409033280000000082e-02
4.657079749999999763e+01 5.667287070000000260e-02 5.453708679999999705e-03 -6.320694189999999379e-02 -3.067384230000000031e-02 -4.429524399999999751e-02 -4.996394280000000104e-02
4.927551629999999960e+01 5.889377700000000132e-02 3.668807830000000211e-03 -6.135503080000000165e-02 -1.994329609999999928e-04 -3.326772909999999722e-02 -3.346326179999999789e-02
5.196810380000000151e+01 5.868311860000000046e-02 5.128120859999999934e-03 -6.389041139999999952e-02 -2.545052940000000138e-02 1.967993460000000069e-02 -2.861111530000000000e-02
5.466674280000000152e+01 6.455587940000000191e-02 1.156989959999999915e-02 -6.158017329999999900e-02 1.586832089999999987e-02 1.915883020000000089e-02 -4.976694599999999941e-02
5.735364280000000292e+01 6.140989160000000224e-02 1.456388379999999996e-02 -6.724998460000000677e-02 1.444565760000000084e-03 3.162346409999999830e-02 -2.342814630000000006e-03
6.005556940000000310e+01 5.238424469999999888e-02 2.679280449999999966e-03 -6.425944760000000533e-02 1.670740009999999859e-02 1.128185349999999941e-02 2.680984819999999991e-02
6.275130529999999851e+01 6.096222200000000341e-02 -3.041373679999999878e-03 -7.236691470000000681e-02 -1.200646120000000046e-03 7.416214709999999731e-03 -5.801496300000000272e-02
6.546500530000000140e+01 5.821224099999999790e-02 3.353596679999999806e-03 -6.834104119999999394e-02 1.049450640000000080e-02 1.701624939999999905e-02 -5.700419570000000297e-02
6.817013660000000641e+01 7.077067450000000537e-02 6.936405420000000361e-04 -6.189387870000000180e-02 8.076860510000000506e-03 -3.312877069999999730e-02 -4.680916770000000116e-02
7.085792720000000600e+01 7.290252549999999554e-02 -1.125287680000000047e-02 -6.662521840000000528e-02 -9.317586310000000593e-03 -1.544033419999999920e-02 -3.572492769999999901e-02
7.356009910000000218e+01 6.602371229999999536e-02 -8.220499750000000508e-03 -6.428931479999999699e-02 -2.056166049999999870e-02 -1.049119410000000016e-02 -1.637575319999999904e-02
7.625441779999999881e+01 6.125932790000000044e-02 2.029357839999999975e-03 -6.692313330000000671e-02 -1.332498730000000048e-02 -1.186252879999999919e-02 -1.584592040000000132e-02
7.895395220000000336e+01 5.657038129999999998e-02 5.609784889999999517e-04 -7.579843370000000080e-02 -2.739285849999999883e-02 -3.228350399999999759e-02 -3.962274400000000141e-02
8.165118660000000261e+01 5.643778850000000236e-02 -8.062701219999999364e-03 -6.639389290000000110e-02 -5.898980659999999814e-03 -2.522769009999999840e-02 -2.023804889999999967e-02
8.434703039999999419e+01 5.890480800000000294e-02 -1.371052849999999934e-02 -6.220171420000000090e-02 -7.517727909999999923e-03 5.680665490000000317e-03 -3.409803260000000141e-02
8.704963189999999429e+01 5.728687989999999702e-02 -1.371500399999999939e-02 -6.116469470000000103e-02 -1.196221970000000030e-02 2.168979730000000078e-02 -4.240368950000000109e-02
8.975240689999999688e+01 6.701309819999999584e-02 -1.373748449999999920e-02 -5.674619410000000114e-02 1.675894699999999973e-02 1.217166130000000082e-02 -2.184771370000000018e-02
9.245743190000000311e+01 7.288213120000000544e-02 -1.001286539999999940e-02 -5.959957760000000188e-02 1.642039879999999952e-02 -1.105771040000000024e-02 5.964603619999999870e-03
9.515640689999999324e+01 7.031957739999999957e-02 -9.630976050000000094e-03 -7.118025399999999836e-02 6.295158270000000139e-03 1.539494410000000028e-02 -9.002698170000000139e-03
9.785773820000000001e+01 6.600951739999999512e-02 -5.590985550000000109e-03 -6.637652900000000356e-02 -7.067344310000000206e-03 3.634950769999999859e-02 4.136921289999999710e-03
1.005580439999999953e+02 5.835098839999999787e-02 -1.465590360000000071e-02 -6.891916720000000607e-02 -1.268804769999999985e-02 -3.826327730000000232e-02 -3.764897760000000121e-02
1.032630130000000008e+02 6.121238939999999740e-02 2.252417789999999927e-03 -6.526174690000000056e-02 2.035533709999999899e-02 -7.739918519999999802e-03 -1.750447540000000038e-02
1.059667479999999955e+02 6.004728780000000155e-02 -5.176727550000000296e-03 -7.392795800000000195e-02 2.933128149999999958e-03 4.453434719999999764e-02 -4.283800089999999922e-02
1.086787010000000038e+02 6.263719639999999755e-02 -2.795769159999999826e-03 -7.270154330000000442e-02 5.645841570000000031e-02 1.937647420000000037e-02 -3.929520909999999895e-02
1.113759189999999961e+02 6.249938879999999974e-02 -8.475364670000000780e-03 -7.206583630000000518e-02 3.160469419999999835e-02 1.643276600000000143e-02 -7.013332369999999982e-02
1.140897630000000049e+02 6.838306569999999529e-02 -4.269985500000000184e-03 -6.393775059999999566e-02 1.839921729999999950e-02 -3.448488689999999746e-02 -5.950557110000000149e-02
1.167709190000000063e+02 6.376363779999999482e-02 6.206137090000000099e-03 -6.921513710000000430e-02 -8.088463230000000545e-03 3.589583529999999865e-04 -2.021369619999999895e-02
1.194807789999999983e+02 6.309827029999999504e-02 3.319914550000000169e-03 -5.765808409999999967e-02 1.114931700000000060e-02 4.420427020000000130e-03 5.556716890000000248e-05
1.221836229999999972e+02 5.767501579999999989e-02 6.274290919999999869e-03 -5.979051590000000055e-02 1.108256489999999948e-02 3.324200439999999701e-02 -5.502005969999999857e-02
1.248800600000000003e+02 5.970665470000000030e-02 -9.607371580000000197e-05 -5.641970830000000298e-02 4.248333089999999611e-03 2.692973569999999872e-02 1.436479249999999923e-03
1.275784979999999962e+02 5.850555000000000339e-02 9.913350489999998936e-04 -5.746509059999999752e-02 -1.552856719999999927e-02 -1.729902430000000019e-02 -3.005586169999999863e-02
1.302836230000000057e+02 6.019464880000000018e-02 -4.681759619999999872e-04 -5.781435260000000048e-02 1.356954509999999973e-03 -6.245550649999999891e-03 -3.923311969999999926e-02
1.329806379999999990e+02 6.666218899999999670e-02 -1.922624840000000061e-03 -5.187368810000000247e-02 -2.245438610000000113e-02 -2.199670349999999913e-02 -4.887201470000000075e-02
1.356846380000000067e+02 6.554392539999999434e-02 -3.630058219999999797e-03 -5.953818369999999693e-02 2.927905550000000148e-03 -4.851839100000000099e-02 -6.780948670000000456e-02
1.383771690000000092e+02 6.623986910000000117e-02 3.065365359999999879e-03 -5.606685790000000280e-02 6.085455130000000379e-03 2.125228260000000102e-03 -4.657597120000000340e-02
1.410870600000000081e+02 6.922659520000000455e-02 7.375422050000000201e-03 -3.834280489999999930e-02 2.306532769999999899e-02 2.745536809999999869e-02 -3.518228229999999929e-02
1.438000130000000070e+02 7.297560240000000586e-02 1.297802259999999985e-02 -2.374037279999999944e-02 1.657160120000000098e-02 6.360046090000000263e-02 -4.007393649999999724e-02
1.464979659999999910e+02 6.574831000000000425e-02 9.868251570000000084e-03 -1.399358120000000066e-02 -5.972345809999999797e-03 3.431934169999999867e-02 -3.226376720000000142e-02
1.491953259999999943e+02 7.137890510000000077e-02 1.022582910000000012e-02 5.865620220000000197e-03 -5.364462040000000237e-03 4.896696240000000117e-02 -3.582316960000000300e-02
1.518871069999999861e+02 6.784942559999999900e-02 1.126460869999999911e-03 2.291361849999999992e-02 -2.044639159999999886e-02 2.284998239999999799e-03 7.499516399999999611e-03
1.545927629999999908e+02 6.925472600000000256e-02 8.855382709999999949e-03 3.502094619999999991e-02 -1.450421269999999964e-02 -1.026662889999999974e-02 1.800239329999999902e-02
1.572917630000000031e+02 6.719324249999999998e-02 7.527393939999999992e-03 4.761168729999999683e-02 -2.387981730000000163e-02 3.387273870000000187e-02 2.088700989999999966e-02
1.599896850000000086e+02 6.873310470000000560e-02 2.194701780000000210e-03 5.501464100000000301e-02 2.066413149999999851e-02 5.845627330000000010e-02 1.337771859999999959e-02
1.626941689999999880e+02 6.925976570000000332e-02 -2.632470809999999835e-03 5.833870669999999953e-02 -5.479817520000000025e-02 2.538980700000000035e-02 1.629296090000000030e-02
1.653856690000000071e+02 6.467862570000000588e-02 -3.041082760000000072e-03 6.231485739999999968e-02 -3.970216809999999735e-02 -3.938670689999999863e-02 2.337990829999999839e-02
1.680943570000000022e+02 6.960863999999999940e-02 -5.246334140000000375e-03 5.706068260000000253e-02 -8.179606790000000516e-02 -2.072207779999999874e-02 3.483423630000000160e-02
1.707943569999999909e+02 6.401306069999999904e-02 -3.140985360000000080e-03 6.388777830000000324e-02 -7.049310570000000276e-02 -2.944584030000000144e-02 2.443545759999999831e-02
1.734905760000000043e+02 6.189766110000000099e-02 -1.181568700000000006e-02 5.551955170000000273e-02 -7.096099399999999946e-02 -2.341604189999999842e-03 -2.889079439999999929e-02
1.761934980000000053e+02 6.409470159999999805e-02 -1.523773659999999933e-02 5.953694479999999817e-02 -4.664985299999999807e-02 2.437831299999999868e-02 -1.578656310000000132e-02
1.788883409999999969e+02 6.656296470000000465e-02 -1.211070359999999978e-02 6.383808039999999684e-02 -5.082347560000000097e-02 6.161668759999999745e-02 2.209060989999999877e-02
1.815898730000000114e+02 6.637608770000000269e-02 -1.446032629999999958e-03 7.017156900000000308e-02 -1.631292120000000026e-02 -2.434712450000000097e-02 3.139082569999999961e-02
1.842880910000000085e+02 6.044883000000000201e-02 2.875437419999999841e-03 7.069515060000000628e-02 5.939477070000000018e-03 9.524992220000000342e-03 -1.725307389999999885e-02
1.869865760000000137e+02 6.137818440000000070e-02 -1.657061370000000077e-03 6.760252799999999507e-02 -6.490687450000000129e-03 -2.012808469999999988e-02 1.063935690000000073e-02
1.896963729999999941e+02 5.944106429999999885e-02 7.748135720000000337e-03 6.779675659999999382e-02 -3.915167029999999659e-02 1.955506790000000050e-02 3.650193470000000218e-02
1.923936229999999910e+02 6.413461350000000671e-02 2.540369480000000037e-03 6.014843799999999852e-02 -6.772805830000000471e-02 -2.008985410000000121e-03 3.565672410000000209e-02
1.951034510000000068e+02 6.393964859999999584e-02 1.309541690000000022e-02 6.609281409999999413e-02 -5.495289639999999948e-02 8.170108319999999300e-03 -2.348437620000000045e-02
1.977977630000000033e+02 6.037058549999999718e-02 8.034596380000000185e-04 6.816239209999999660e-02 -2.463531890000000141e-02 -2.129943759999999853e-02 -1.579316149999999974e-02
2.004934509999999932e+02 5.860150530000000219e-02 5.542436169999999732e-03 7.465710859999999394e-02 2.155538089999999886e-03 -1.955188199999999960e-02 2.165927280000000052e-02
2.031963409999999897e+02 5.796797420000000117e-02 -6.868980660000000189e-03 6.661235520000000077e-02 -2.159834990000000180e-03 -2.045838889999999910e-02 5.410495169999999729e-03
2.058936689999999885e+02 5.816800479999999912e-02 -1.140062640000000065e-02 6.386992589999999914e-02 -5.658079810000000119e-03 -6.377997990000000561e-02 3.236452289999999787e-02
2.085991070000000036e+02 5.329325320000000143e-02 -1.788465230000000142e-02 6.314214769999999810e-02 9.578678650000000197e-03 -1.495685509999999940e-02 1.060102880000000046e-02
2.112960600000000113e+02 4.932909750000000204e-02 -2.071617239999999985e-02 6.495953490000000441e-02 -2.070205489999999912e-02 6.144165069999999763e-03 -9.927355210000000582e-03
2.140037790000000086e+02 5.806769989999999854e-02 -1.567521729999999877e-02 5.769423099999999860e-02 -6.769113860000000593e-02 -2.165147630000000163e-03 6.432399420000000159e-03
2.166984190000000012e+02 6.875187319999999380e-02 -1.124743540000000021e-02 5.278151820000000216e-02 -6.106073320000000165e-02 -6.387199179999999803e-03 1.500880090000000083e-02
2.194001690000000053e+02 7.037583510000000597e-02 -4.062479939999999630e-03 4.833602060000000145e-02 6.352938570000000139e-03 -1.968888569999999866e-02 -1.476532810000000034e-03
2.220834509999999966e+02 6.570875160000000381e-02 3.714607090000000052e-03 4.757079609999999986e-02 5.443827749999999993e-02 -1.458992010000000061e-02 9.157606509999999256e-03
2.247992940000000033e+02 6.070280980000000021e-02 2.083172209999999917e-03 5.387547229999999771e-02 -1.801877240000000074e-02 3.836823360000000266e-02 1.093490329999999983e-02
2.275056849999999997e+02 6.532354690000000130e-02 1.009429010000000015e-02 5.769710780000000122e-02 -5.027945539999999908e-02 -2.159347010000000136e-02 5.090878499999999807e-03
2.302051850000000002e+02 5.582920710000000009e-02 5.555987899999999952e-03 5.683079569999999886e-02 -1.904035039999999943e-02 -5.604612680000000020e-03 -1.612529139999999833e-02
2.329117939999999862e+02 5.316698739999999729e-02 7.287916279999999934e-03 5.457041569999999953e-02 -6.513190489999999555e-02 -4.434367639999999694e-02 1.956832730000000048e-02
2.356109189999999955e+02 4.515748380000000201e-02 5.186274040000000106e-03 4.881110210000000338e-02 -6.552758949999999694e-02 -7.004762289999999503e-02 4.351000060000000114e-02
2.383248729999999966e+02 4.708064780000000005e-02 6.473308560000000031e-03 5.736993209999999982e-02 -6.623807610000000123e-02 -2.727808329999999865e-02 9.377974719999999584e-03
2.410280439999999942e+02 5.059810809999999714e-02 7.719326020000000232e-03 6.270467459999999604e-02 -4.725204410000000133e-02 -2.402907019999999880e-02 1.965767289999999917e-02
2.437410759999999925e+02 5.686473880000000175e-02 -1.258965550000000098e-03 6.586293090000000516e-02 -5.540237900000000160e-02 -5.460881149999999989e-02 -3.780102080000000142e-02
2.464391850000000090e+02 6.444161099999999587e-02 5.411196610000000226e-03 6.402141470000000112e-02 -8.293757000000000559e-03 -1.338164599999999965e-03 -1.562460270000000026e-02
2.491517159999999933e+02 6.113730480000000023e-02 -7.379256640000000098e-04 6.555101489999999587e-02 -7.222784299999999991e-03 2.392596420000000015e-02 -2.211029839999999885e-03
2.518452159999999935e+02 6.031152289999999749e-02 2.087220669999999799e-03 6.053812590000000327e-02 -2.274318759999999912e-02 -2.767025969999999807e-03 7.973002249999999735e-03
2.545505129999999951e+02 6.424049319999999841e-02 -4.168633199999999782e-03 6.436157530000000127e-02 -1.438404369999999981e-02 3.032436759999999898e-02 1.008749869999999924e-02
2.572538880000000177e+02 5.487067600000000017e-02 -1.633718030000000029e-03 6.673609960000000119e-02 -4.615369729999999754e-02 -3.973872600000000199e-02 -1.309825870000000045e-02
2.599533729999999991e+02 5.788650840000000158e-02 -8.394701799999999478e-03 6.216732569999999791e-02 -4.664534659999999833e-02 1.395504269999999977e-02 1.300136840000000026e-03
2.626445759999999723e+02 7.090674199999999483e-02 -1.052419580000000035e-02 5.668423460000000108e-02 7.493972760000000436e-04 -4.995502649999999933e-02 -2.129407570000000152e-03
2.653391540000000077e+02 6.656591570000000568e-02 -6.232496219999999684e-03 4.854455199999999776e-02 -6.389853269999999814e-03 -2.305416650000000067e-02 -2.321040019999999829e-02
2.680251420000000167e+02 6.996361230000000542e-02 -9.263072100000000484e-04 5.405322030000000305e-02 -7.058195889999999660e-03 1.430740030000000017e-02 4.601098320000000103e-02
