# a=0.06680429333402532, b=-136.79869991396862, c=-0.0006088117204309942, xi=5.965942143640188
6.582806450000000531e-01 7.747074810000000034e-02 -9.334351499999999149e-03 -1.575383249999999947e-03 -1.600244199999999867e-02 -1.230120940000000059e-02 -2.220403909999999967e-02
3.344802019999999931e+00 6.892620700000000322e-02 -8.203486609999999582e-03 -3.134320119999999682e-02 -1.658112910000000047e-03 -2.842161730000000025e-02 3.348242889999999972e-02
6.037754829999999906e+00 6.421779530000000513e-02 -1.329447119999999961e-02 -4.989691489999999868e-02 -1.447031569999999996e-05 1.308971389999999922e-02 8.263664839999999845e-02
8.735870930000000811e+00 7.186173769999999739e-02 -8.615957549999999146e-03 -6.204596279999999991e-02 7.351073139999999943e-03 -2.176977219999999894e-02 3.044253690000000082e-02
1.143071199999999976e+01 6.395383229999999919e-02 -9.367442179999999410e-03 -6.506248970000000353e-02 2.092958079999999998e-02 -3.065398290000000137e-02 -1.146436640000000028e-02
1.412598859999999945e+01 6.508848250000000280e-02 -4.604818890000000019e-03 -6.153751579999999777e-02 1.039462340000000054e-02 -5.319143739999999954e-02 -9.119828899999999836e-03
1.683146509999999907e+01 6.363950949999999662e-02 -1.864684670000000058e-03 -5.741568760000000105e-02 -1.289928960000000062e-02 -7.576315299999999975e-02 2.631761040000000205e-04
1.952848859999999931e+01 5.869039279999999775e-02 -1.883066390000000040e-03 -5.959010520000000005e-02 -1.351891399999999993e-02 -6.792910659999999712e-02 -1.221142390000000064e-02
2.223687920000000062e+01 5.701235980000000231e-02 1.764466900000000052e-04 -5.879224579999999672e-02 -1.911787989999999895e-02 -4.670336640000000150e-02 -2.377927280000000088e-02
2.493881199999999865e+01 5.536224280000000275e-02 -4.105925639999999897e-03 -6.544498810000000388e-02 -2.377571900000000071e-02 2.212498560000000086e-02 -9.270937499999999665e-03
2.764614010000000022e+01 5.912519509999999978e-02 -3.381745010000000197e-03 -6.689908429999999462e-02 -3.245681450000000023e-02 -2.188636999999999874e-02 7.042879970000000267e-02
3.034232919999999822e+01 6.490766629999999981e-02 -6.005087269999999887e-03 -6.466465439999999343e-02 -3.655383260000000245e-02 -1.867862689999999840e-02 6.551985750000000053e-02
3.304434009999999944e+01 7.250944580000000250e-02 -5.999531720000000380e-03 -5.817584740000000115e-02 -2.578305449999999943e-02 -3.663927779999999901e-03 3.451276719999999808e-03
3.573949170000000208e+01 7.445204049999999685e-02 -7.916298500000000385e-04 -6.110607149999999765e-02 -2.071341139999999942e-02 2.692536950000000082e-02 4.792019740000000305e-03
3.844075889999999873e+01 6.737962549999999828e-02 -3.399472189999999845e-03 -6.388638319999999371e-02 -2.019336030000000101e-02 3.385529649999999974e-02 2.711196000000000092e-02
4.114509009999999734e+01 5.362949429999999684e-02 -5.104373439999999700e-03 -7.049113329999999455e-02 -4.742590559999999844e-02 5.863502870000000117e-02 3.343529370000000028e-02
4.385515889999999928e+01 5.830946320000000155e-02 -5.805126110000000290e-03 -6.840180849999999424e-02 -4.271962859999999668e-02 1.466520349999999966e-02 4.186078609999999839e-02
4.655470580000000069e+01 6.142380260000000064e-02 -6.697803270000000225e-03 -6.740800410000000187e-02 -2.779764909999999853e-02 1.088496270000000044e-02 2.815293149999999796e-03
4.926139799999999980e+01 6.403160039999999942e-02 -8.669599070000000643e-03 -7.505289780000000410e-02 -2.405070360000000074e-02 7.758286849999999901e-02 2.622847829999999918e-03
5.194772139999999894e+01 6.323480069999999620e-02 -3.582258190000000165e-03 -7.373254059999999332e-02 1.207216639999999933e-03 3.860530789999999657e-02 -7.801382990000000316e-03
5.465705109999999678e+01 6.722197890000000675e-02 -5.763070789999999791e-03 -6.723890540000000693e-02 -1.663021519999999948e-02 1.449426720000000085e-02 -1.878923009999999838e-02
5.736549480000000045e+01 7.405504370000000336e-02 -9.257601239999999759e-03 -6.279923839999999868e-02 -2.541170380000000039e-04 -1.747518630000000073e-02 2.262608630000000065e-02
6.006829170000000317e+01 7.431288730000000509e-02 -8.328745829999999531e-03 -5.313439920000000150e-02 -1.394398519999999995e-02 -1.980442339999999996e-02 1.661084969999999938e-02
6.277252299999999963e+01 7.191707799999999540e-02 -1.220235350000000059e-02 -5.682732690000000253e-02 -2.167666229999999986e-02 -1.081985430000000081e-02 7.501354600000000213e-03
6.547281200000000467e+01 7.700798320000000474e-02 -1.008698329999999956e-02 -5.232321830000000173e-02 -2.513711340000000100e-02 1.243514660000000042e-02 -2.264533779999999916e-03
6.816698080000000459e+01 7.952685260000000311e-02 -9.066201109999999855e-03 -5.497615649999999798e-02 -4.039427460000000192e-02 3.217895889999999870e-02 7.377486469999999796e-03
7.086506199999999467e+01 7.489681920000000603e-02 -6.871621930000000253e-03 -6.231506130000000199e-02 -3.672410400000000047e-02 1.433359839999999961e-02 1.591647980000000101e-02
7.356354949999999349e+01 6.298735699999999382e-02 -6.404344069999999903e-03 -6.816177980000000247e-02 -3.476439189999999679e-02 -7.336381350000000011e-04 -1.494216100000000068e-02
7.625907139999999629e+01 6.112168109999999849e-02 -1.184541539999999990e-02 -7.206884069999999753e-02 -2.429471190000000169e-02 -3.515196830000000272e-02 4.420242649999999579e-03
7.896161050000000614e+01 6.445041140000000446e-02 -6.694535159999999950e-03 -7.234503209999999795e-02 7.476858040000000129e-03 1.372121459999999962e-05 4.390760679999999860e-02
8.167871510000000512e+01 5.651146120000000161e-02 -7.980198699999999784e-03 -7.159457149999999548e-02 -8.778157199999999175e-03 3.818405589999999961e-02 5.601928639999999987e-02
8.437684950000000583e+01 6.061039099999999957e-02 -7.091916220000000180e-03 -7.746034170000000441e-02 -1.797954230000000167e-02 2.343927679999999875e-02 3.076485559999999828e-02
8.708659950000000549e+01 6.198019999999999918e-02 -6.084138020000000140e-03 -7.738758380000000658e-02 -2.553522860000000116e-02 4.292760020000000419e-03 -1.834102120000000169e-02
8.979234329999999886e+01 5.603592360000000244e-02 -9.663229830000000112e-04 -7.026390270000000549e-02 -3.188197450000000016e-02 -1.024022020000000047e-02 -4.841059119999999855e-02
9.249661980000000483e+01 6.338374339999999774e-02 -5.111245149999999772e-03 -6.937151950000000622e-02 -1.858164719999999895e-02 -3.178428209999999837e-02 -3.715648459999999764e-02
9.520268389999999670e+01 6.328820120000000493e-02 3.968674179999999766e-04 -6.706688930000000159e-02 -1.045700110000000096e-03 -3.862903599999999854e-02 -4.637664410000000292e-02
9.789646050000000344e+01 7.367719870000000171e-02 -1.403229300000000080e-03 -6.134575090000000258e-02 -2.855387400000000166e-03 -3.165607790000000282e-02 -3.367536329999999689e-02
1.005940889999999968e+02 7.605053809999999526e-02 1.995064810000000185e-03 -5.896370399999999873e-02 -2.501750440000000044e-03 2.353653460000000152e-03 -2.492355330000000160e-02
1.032886199999999945e+02 7.605400430000000545e-02 -8.990023560000000237e-05 -5.416055830000000154e-02 -6.400416269999999706e-03 2.490711919999999847e-03 -1.465441779999999972e-02
1.059871509999999972e+02 6.905683059999999374e-02 5.366885109999999619e-03 -5.019318069999999937e-02 -1.003354629999999963e-02 3.058332249999999933e-02 1.149823129999999992e-02
1.086901199999999932e+02 6.854434310000000197e-02 3.089822779999999800e-03 -5.642786439999999959e-02 -1.443483389999999922e-02 4.379122559999999720e-02 9.879560719999999630e-03
1.113832919999999973e+02 6.567544040000000694e-02 6.783649810000000335e-03 -6.600936229999999905e-02 -1.598714910000000045e-02 1.370756849999999957e-02 -3.026844459999999959e-02
1.140806350000000009e+02 5.928830949999999711e-02 8.461106260000000184e-03 -6.810728439999999551e-02 -2.973997410000000022e-02 -1.237039870000000014e-02 -1.592067250000000047e-03
1.167780419999999992e+02 5.253526659999999820e-02 3.391081150000000051e-03 -7.387250770000000633e-02 -2.308931319999999940e-02 -1.570662980000000000e-02 1.936445549999999891e-02
1.194742920000000055e+02 4.720268400000000170e-02 4.366862509999999697e-03 -7.640140930000000052e-02 -4.344002549999999990e-03 -1.673104060000000105e-03 -1.688482280000000099e-02
1.221716980000000063e+02 4.770816940000000006e-02 -2.947252500000000202e-03 -7.716403659999999942e-02 -2.825762039999999906e-02 2.311363170000000061e-03 3.462490690000000204e-02
1.248683390000000060e+02 5.484843570000000335e-02 2.245681380000000022e-03 -7.168202020000000174e-02 1.373646889999999982e-02 -6.673855850000000312e-03 4.449864320000000012e-02
1.275593700000000013e+02 6.212761850000000224e-02 2.777705910000000155e-05 -6.342316959999999559e-02 4.371388770000000229e-02 2.059026070000000153e-02 3.542019639999999941e-02
1.302622289999999907e+02 7.056576679999999879e-02 -8.730383470000000487e-04 -5.701993269999999780e-02 2.940654620000000136e-02 -2.378769670000000121e-03 -1.070506209999999960e-03
1.329505100000000084e+02 7.603091150000000631e-02 -5.525518800000000369e-03 -3.800564769999999898e-02 4.352218909999999719e-02 -2.670539339999999928e-02 -5.715182099999999848e-02
1.356473699999999951e+02 7.687876820000000277e-02 -2.391087010000000034e-03 -8.809247830000000237e-03 3.578964979999999657e-02 1.758917470000000149e-02 -9.575723140000000355e-02
1.383438390000000027e+02 7.672690769999999938e-02 9.629275190000000453e-05 1.772982500000000114e-02 -5.292638730000000236e-03 2.679674550000000002e-02 -7.490154840000000369e-02
1.410410730000000115e+02 7.181347329999999973e-02 3.546269779999999816e-03 3.443158749999999935e-02 -2.845929729999999852e-02 4.360174490000000291e-03 -2.306765410000000214e-03
1.437322920000000011e+02 6.708140790000000075e-02 8.539678310000000045e-04 5.562157439999999842e-02 -1.764099100000000170e-02 -1.708660919999999833e-02 1.212422170000000080e-03
1.464376200000000097e+02 5.698542830000000170e-02 -8.939739099999999966e-04 5.809799260000000215e-02 -5.798715439999999749e-02 5.043547689999999632e-03 5.413939920000000044e-02
1.491426199999999938e+02 5.824208589999999713e-02 -3.926688579999999644e-03 6.288537219999999761e-02 -9.095867119999999362e-02 -1.769045630000000077e-02 4.389235479999999828e-02
1.518364009999999951e+02 5.912681599999999871e-02 1.512071629999999899e-03 6.211757970000000156e-02 -4.437582030000000038e-02 -2.359099179999999893e-02 1.290025740000000018e-02
1.545379790000000071e+02 6.512117509999999776e-02 6.761318149999999937e-03 6.868952229999999992e-02 1.698373599999999928e-02 1.554772330000000037e-03 1.820288399999999904e-02
1.572452600000000018e+02 6.977113990000000099e-02 -2.949064349999999841e-03 6.705689280000000363e-02 3.747840620000000150e-02 5.858472139999999773e-02 4.294296100000000171e-02
1.599455419999999890e+02 7.032569639999999844e-02 1.824164629999999894e-04 6.502734599999999976e-02 5.117451749999999897e-03 8.601276219999999528e-02 3.938176429999999846e-03
1.626475100000000111e+02 6.264467429999999448e-02 -4.059565010000000182e-03 7.181666650000000096e-02 -1.902041289999999857e-02 5.138189299999999793e-02 -3.014781479999999875e-02
1.653520259999999951e+02 5.753738330000000151e-02 1.791332949999999971e-03 7.438439199999999363e-02 -2.078583939999999880e-02 4.858537429999999768e-02 -5.908369289999999829e-02
1.680596979999999974e+02 6.044519090000000094e-02 9.359422710000000131e-06 7.616385300000000358e-02 1.801040419999999989e-02 -6.516776020000000086e-03 -7.466021949999999963e-02
1.707567290000000071e+02 5.854488289999999762e-02 -8.729771549999999639e-04 6.941717899999999553e-02 8.151374240000000548e-02 -2.728361420000000037e-02 -6.064010210000000262e-02
1.734615100000000041e+02 6.032272870000000148e-02 -5.094252379999999851e-03 6.742736100000000510e-02 8.639227789999999463e-02 -1.579609599999999905e-02 -3.695957080000000089e-02
1.761636509999999873e+02 5.760661059999999667e-02 -7.493166039999999729e-03 6.576158869999999823e-02 7.267680229999999575e-02 2.505380000000000107e-02 -3.215996639999999657e-02
1.788642140000000040e+02 6.382199419999999568e-02 -8.771477909999999796e-04 7.129322629999999827e-02 3.481173819999999752e-02 3.734752420000000267e-02 -2.629015330000000067e-02
1.815660890000000052e+02 6.598713429999999991e-02 4.531149089999999581e-03 7.272567870000000434e-02 -9.374331499999999373e-03 3.998228200000000093e-02 2.611650800000000008e-02
1.842640100000000132e+02 5.836937779999999687e-02 9.891183610000000605e-04 6.636460650000000627e-02 -2.607707080000000108e-02 -3.298258879999999699e-02 8.797816399999999759e-02
1.869621669999999938e+02 6.322343789999999852e-02 -7.502158130000000438e-04 6.350078589999999523e-02 -4.020180730000000313e-02 -3.418370510000000306e-02 -7.566256119999999891e-03
1.896686819999999898e+02 6.411204669999999439e-02 4.852564030000000063e-03 6.468306490000000353e-02 -3.608209700000000048e-02 -3.537570849999999850e-02 -4.286442239999999765e-02
1.923694010000000105e+02 6.816423990000000654e-02 5.092246790000000238e-03 6.849643349999999520e-02 5.235640189999999847e-03 -5.090633559999999808e-02 -5.491598000000000313e-02
1.950765890000000127e+02 6.457028089999999887e-02 -1.059405750000000064e-03 6.774802309999999883e-02 6.266362570000000298e-02 -1.584884060000000053e-02 -4.757185430000000076e-02
1.977821669999999870e+02 6.287541500000000394e-02 4.284692090000000175e-03 6.248256449999999712e-02 6.124483120000000225e-02 2.701012839999999970e-02 6.470715430000000381e-04
2.004832450000000108e+02 6.509047279999999325e-02 -1.768015749999999990e-03 6.116888040000000026e-02 1.085285849999999969e-02 3.878004379999999696e-02 4.544918719999999773e-02
2.031801670000000115e+02 6.406575570000000441e-02 -2.616161789999999973e-03 5.793210900000000246e-02 1.464100959999999930e-03 8.287252950000000701e-03 1.884837379999999840e-02
2.058796040000000005e+02 5.723274099999999670e-02 -4.907162399999999772e-03 5.911769039999999892e-02 5.416112140000000144e-03 2.655698410000000053e-04 2.258837680000000056e-02
2.085732759999999928e+02 6.074367609999999779e-02 -7.758788519999999626e-03 6.652998390000000595e-02 1.211547380000000014e-02 -1.343326769999999941e-02 4.564893049999999702e-02
2.112603229999999996e+02 5.994141480000000216e-02 -5.591959690000000358e-03 6.500508330000000223e-02 4.937176189999999826e-02 -2.442497589999999968e-02 6.095444349999999678e-02
2.139679319999999905e+02 5.755829190000000262e-02 -6.743256240000000332e-03 6.105993340000000213e-02 -4.209347919999999882e-02 -7.096884720000000424e-02 9.259455980000000364e-02
2.166653849999999863e+02 6.509491729999999921e-02 -6.202902839999999834e-03 6.002035320000000118e-02 -5.930057059999999797e-02 -2.790626129999999872e-02 7.314556619999999787e-02
2.193508850000000052e+02 6.622956139999999770e-02 -6.359833639999999677e-03 6.579994390000000470e-02 -6.637289550000000093e-02 1.848566069999999992e-02 1.022590460000000027e-02
2.220470420000000047e+02 7.254319759999999784e-02 -5.560047260000000081e-03 7.354885399999999684e-02 -2.188179800000000091e-02 4.330541949999999751e-02 -3.000435770000000127e-02
2.247413070000000062e+02 7.303252300000000197e-02 -3.130301030000000144e-03 6.276040130000000439e-02 2.001742880000000058e-02 6.880248649999999577e-02 2.521335510000000113e-02
2.274456199999999910e+02 6.969874489999999811e-02 2.064407199999999942e-03 6.544546290000000099e-02 2.160477650000000062e-03 3.032309019999999966e-02 5.669288699999999737e-02
2.301471669999999961e+02 6.355518000000000278e-02 2.919789979999999879e-03 6.259435879999999952e-02 2.263708780000000045e-02 -2.960987010000000128e-02 2.184502699999999950e-02
2.328499009999999885e+02 5.662150550000000226e-02 3.392785479999999975e-03 6.281183699999999537e-02 -3.952566040000000079e-03 -5.705423839999999858e-02 -5.282740889999999745e-02
2.355537759999999992e+02 5.092609139999999812e-02 7.372987999999999591e-03 6.361411790000000288e-02 -3.304735379999999834e-02 -2.220575060000000000e-03 -5.397173489999999851e-02
2.382516510000000096e+02 5.198345719999999948e-02 1.064596400000000038e-03 6.383792250000000501e-02 -1.301507230000000090e-03 -1.308456359999999978e-02 -3.867126869999999803e-03
2.409623699999999928e+02 6.083519619999999684e-02 3.169622600000000182e-03 6.272595549999999964e-02 -2.404087020000000158e-02 -2.396323789999999995e-02 1.054550479999999922e-02
2.436546199999999942e+02 6.607283049999999880e-02 4.894557889999999814e-03 5.956932990000000233e-02 -4.045196529999999652e-03 -2.064244239999999872e-04 -2.444859339999999950e-02
2.463536200000000065e+02 7.194425960000000453e-02 7.912731850000000178e-03 4.614744059999999898e-02 2.764950320000000156e-02 -6.091394610000000140e-03 -3.756587279999999696e-02
2.490505890000000022e+02 7.274586710000000012e-02 1.110375889999999990e-02 4.375280289999999850e-02 2.317683569999999874e-02 -8.920273239999999826e-02 -5.918358529999999916e-03
2.517498699999999872e+02 6.825694720000000104e-02 4.957119829999999568e-03 4.985298629999999898e-02 1.554788460000000073e-02 -2.591970199999999933e-02 3.675127330000000129e-04
2.544480259999999987e+02 6.993165989999999832e-02 3.910146060000000388e-03 4.416648509999999972e-02 -1.874403989999999867e-02 -1.051695209999999915e-02 4.547904340000000212e-02
2.571504009999999880e+02 6.870980610000000655e-02 7.926274699999999451e-03 4.777462920000000168e-02 -6.610225340000000505e-02 -1.006530209999999953e-02 5.338856129999999811e-02
2.598534480000000144e+02 6.842789979999999717e-02 -9.695203400000000247e-04 4.812699990000000178e-02 -8.925784690000000687e-02 3.227606589999999754e-04 9.260255510000000786e-03
2.625533699999999726e+02 7.265697679999999492e-02 1.333284370000000104e-04 4.331394770000000088e-02 -1.904253610000000013e-02 -7.477963570000000122e-03 -4.155146249999999757e-05
2.652467920000000277e+02 7.240752749999999904e-02 -2.852816800000000045e-03 2.779700140000000014e-02 -6.148620710000000239e-03 9.079846250000000660e-03 -3.761057179999999917e-02
2.679327490000000012e+02 7.728747249999999569e-02 -7.662293120000000096e-03 1.715310160000000153e-02 -5.675920549999999634e-03 2.987014730000000021e-02 -2.983228710000000033e-02
