# a=0.060316084583923506, b=-133.28764447068997, c=0.005557915569138967, xi=7.691163240724471
6.673107769999999661e-01 8.503358850000000690e-02 -1.166926589999999972e-02 4.055634060000000429e-03 -1.232452560000000044e-02 1.338376439999999952e-02 -1.056152980000000033e-02
3.359315370000000023e+00 8.519034600000000013e-02 -6.341582170000000310e-03 -3.341117690000000064e-03 -8.504250799999999930e-03 3.950268090000000343e-02 3.042174460000000163e-02
6.058622390000000024e+00 7.834620379999999995e-02 2.806579319999999824e-04 -2.131409800000000007e-02 -5.940186609999999895e-02 2.179780099999999859e-02 -2.554269370000000067e-02
8.761388489999999862e+00 6.422981140000000311e-02 3.841507609999999812e-03 -3.939381060000000240e-02 -4.039072860000000181e-02 -2.609759909999999849e-04 -5.671948789999999713e-02
1.145904909999999965e+01 5.506338870000000024e-02 1.073019809999999942e-02 -5.819602580000000219e-02 -4.889267239999999654e-02 5.241966619999999938e-02 -3.069693800000000000e-02
1.415731629999999974e+01 4.763118820000000059e-02 1.518762339999999919e-02 -6.849160719999999869e-02 -3.516477640000000016e-02 3.027448400000000081e-02 6.796387269999999876e-03
1.685457260000000090e+01 5.372983409999999849e-02 1.242995319999999973e-02 -7.577248239999999357e-02 -2.051897440000000072e-02 1.365102520000000073e-03 8.560186419999999850e-04
1.955938970000000054e+01 5.618231449999999683e-02 1.033256949999999952e-02 -6.821392179999999361e-02 -2.029003009999999843e-02 1.558217729999999968e-02 -3.090544409999999853e-02
2.225310689999999880e+01 6.445590680000000405e-02 8.959435050000000636e-03 -6.622639569999999587e-02 3.266376149999999923e-02 1.474780380000000057e-02 3.570379429999999844e-03
2.495560220000000129e+01 6.751842580000000371e-02 4.244946880000000262e-03 -6.739060930000000116e-02 1.108956940000000065e-02 -2.989046279999999986e-02 2.698906150000000143e-02
2.765784909999999996e+01 5.494264719999999991e-02 -2.806536430000000117e-03 -6.585243500000000083e-02 1.384001489999999931e-02 1.337135520000000063e-02 1.136348539999999969e-02
3.035664759999999873e+01 5.007349760000000261e-02 5.346235400000000316e-04 -6.543405049999999334e-02 7.353144770000000219e-03 1.157666660000000085e-03 -4.287866989999999934e-03
3.305601320000000243e+01 5.168616510000000053e-02 -6.697997730000000358e-03 -6.181534419999999697e-02 1.434096219999999970e-02 1.565643309999999871e-02 3.359124439999999767e-02
3.575469439999999821e+01 5.525284650000000103e-02 -7.529865200000000237e-03 -5.888904799999999939e-02 5.049431869999999878e-02 -2.828540829999999853e-02 -3.237841209999999664e-02
3.846442410000000223e+01 5.183770149999999965e-02 -6.674202189999999847e-03 -6.597380669999999836e-02 2.815545510000000071e-02 -1.900452849999999944e-02 2.602183720000000259e-04
4.116560379999999952e+01 5.192762979999999973e-02 -7.442904480000000003e-03 -6.090737260000000236e-02 4.254694120000000052e-02 -1.255643159999999918e-02 -3.279039350000000075e-02
4.386584750000000099e+01 3.484040010000000187e-02 -1.051819799999999944e-02 -7.271942019999999562e-02 2.934077969999999980e-02 -5.431006830000000007e-02 -5.636515260000000277e-02
4.657701000000000136e+01 4.915450910000000034e-02 -7.452741429999999723e-03 -6.029935849999999709e-02 2.892380160000000006e-02 2.257893830000000119e-03 -1.890063070000000053e-02
4.928305540000000207e+01 5.140825269999999697e-02 -7.898480080000000805e-03 -5.727611629999999898e-02 1.263930660000000053e-02 -1.923487269999999902e-02 2.527106900000000191e-03
5.198345539999999687e+01 4.777688420000000130e-02 -7.007156140000000153e-05 -4.940481619999999990e-02 2.788703849999999915e-02 6.747025640000000289e-03 5.347412480000000162e-02
5.470332410000000323e+01 4.547680429999999968e-02 -2.584037380000000182e-03 -4.767732269999999661e-02 1.390514119999999984e-03 -1.646671959999999879e-02 2.037029370000000006e-02
5.741155380000000008e+01 3.719169600000000325e-02 -2.955305540000000095e-03 -5.429499799999999710e-02 1.110413700000000004e-02 2.781159139999999849e-02 4.696352129999999819e-02
6.011826940000000263e+01 3.659263380000000315e-02 -6.163839330000000366e-03 -6.648982470000000533e-02 2.562677849999999910e-02 2.117627180000000026e-02 1.916151329999999861e-02
6.282295069999999981e+01 4.271298960000000089e-02 1.025211949999999938e-03 -7.085696230000000650e-02 7.019676629999999952e-03 -2.263867949999999810e-03 -3.047918469999999838e-02
6.551718350000000157e+01 5.068404270000000100e-02 -9.404754720000000137e-03 -7.629928930000000331e-02 -2.347868779999999836e-02 -3.091480269999999754e-04 -5.848985560000000139e-02
6.820949600000000146e+01 5.209928590000000026e-02 -9.008865660000000414e-03 -6.073284450000000084e-02 4.695670140000000187e-02 -1.658176659999999886e-02 -2.939695050000000129e-02
7.092307569999999828e+01 5.018644039999999723e-02 -1.211343970000000082e-02 -4.980919340000000001e-02 -1.657772329999999961e-02 2.823307309999999789e-03 -7.280760829999999989e-03
7.361890379999999823e+01 5.534602770000000144e-02 -1.297651369999999922e-02 -4.935792049999999931e-02 1.701586349999999886e-02 -6.708638060000000035e-03 2.432555850000000033e-02
7.631050220000000195e+01 6.675525710000000668e-02 -1.418090179999999950e-02 -3.301415120000000120e-02 -3.439068950000000093e-03 1.079141919999999921e-02 3.682463009999999842e-02
7.901206009999999935e+01 7.172086619999999690e-02 -4.129002849999999746e-03 -3.650129850000000120e-02 -1.763078579999999979e-02 1.430080769999999982e-03 3.338913179999999925e-02
8.171515540000000044e+01 6.760904880000000172e-02 3.358600350000000116e-03 -4.942914899999999861e-02 -9.283768100000000523e-02 8.900437639999999803e-03 3.375106420000000169e-03
8.441260069999999871e+01 6.869715740000000015e-02 4.199917780000000413e-03 -5.696528569999999986e-02 -4.953492319999999900e-03 -2.728906079999999807e-03 -2.957216329999999907e-02
8.711030999999999835e+01 6.102672569999999935e-02 6.634862860000000084e-03 -6.095049250000000168e-02 -3.780187270000000266e-02 -2.603214790000000015e-02 -2.796132570000000109e-02
8.981398500000000240e+01 5.501192039999999728e-02 3.651511369999999902e-03 -6.510946230000000390e-02 5.742198540000000018e-02 -4.036946710000000049e-02 -3.844970460000000229e-02
9.250938189999999395e+01 5.149129969999999973e-02 5.846203119999999857e-03 -5.377360119999999993e-02 -1.058964450000000022e-02 -3.605914970000000108e-02 -2.204334980000000055e-02
9.520528659999999377e+01 5.949363790000000013e-02 2.187513280000000053e-03 -5.259151699999999735e-02 -1.052995579999999997e-03 2.620494290000000004e-02 -1.530578439999999950e-02
9.789396790000000692e+01 6.332776910000000037e-02 8.442322800000000640e-03 -5.301012010000000219e-02 3.970229690000000311e-03 2.805118280000000117e-02 -4.115476989999999891e-02
1.005884850000000057e+02 6.381061109999999759e-02 6.901825359999999750e-03 -5.415791739999999826e-02 3.410483809999999977e-02 1.969766209999999993e-03 -3.713611099999999943e-02
1.032901260000000008e+02 5.601950619999999936e-02 -2.128855949999999917e-03 -6.291329810000000078e-02 1.314189779999999988e-02 -6.615721550000000159e-03 -3.276414810000000122e-02
1.059892190000000056e+02 6.273473089999999364e-02 3.100421539999999917e-03 -5.573358400000000268e-02 6.777023009999999514e-02 1.444499349999999946e-02 -2.882428869999999893e-02
1.086904689999999931e+02 6.521191660000000279e-02 -6.153278400000000009e-03 -5.739270850000000035e-02 2.758432909999999905e-02 1.682464919999999975e-02 -1.983683569999999952e-02
1.113857979999999941e+02 5.887607260000000259e-02 -4.443148749999999668e-03 -4.884637220000000168e-02 5.171404799999999857e-02 -6.727766710000000240e-03 3.870998579999999911e-02
1.141000939999999986e+02 5.820997199999999872e-02 -3.736423249999999870e-03 -5.414853690000000219e-02 -3.349857569999999812e-03 -8.872444959999999797e-03 4.758410799999999996e-02
1.168068600000000004e+02 6.349841280000000088e-02 8.010029429999999256e-03 -5.608849180000000101e-02 5.608649670000000279e-05 6.871430490000000196e-03 2.596502950000000032e-02
1.195200940000000003e+02 5.506546749999999962e-02 1.803597450000000036e-03 -5.974378770000000199e-02 3.552244329999999957e-03 2.777963190000000068e-02 -5.274919759999999874e-03
1.222177510000000069e+02 5.543399169999999737e-02 3.386586479999999840e-03 -6.058579220000000209e-02 8.882862609999999997e-04 3.596615949999999728e-02 -1.272448110000000063e-02
1.249222979999999978e+02 6.863178949999999834e-02 3.052902960000000200e-03 -5.972058739999999699e-02 -1.018976790000000092e-03 1.011760300000000001e-01 -2.163085379999999877e-02
1.276106259999999963e+02 7.370434850000000260e-02 3.696908640000000097e-03 -3.433733860000000304e-02 4.203132760000000134e-02 5.350350360000000194e-02 3.138472109999999871e-02
1.303114229999999907e+02 7.085977350000000063e-02 8.572580859999999817e-03 -7.757033249999999852e-03 -2.425762010000000104e-03 1.030636560000000070e-02 2.275169339999999832e-02
1.330097660000000133e+02 6.610281799999999375e-02 5.607639369999999806e-04 1.567074740000000063e-02 -3.336212530000000343e-02 -7.263188599999999620e-03 -3.307529170000000213e-03
1.357137510000000020e+02 7.280754359999999648e-02 3.235954909999999921e-03 2.822325989999999868e-02 -9.767566279999999324e-02 -1.204332970000000086e-02 -1.880692470000000158e-02
1.384015009999999961e+02 7.388525719999999852e-02 -3.229687120000000137e-03 3.137293699999999658e-02 -3.847076850000000214e-02 6.149506500000000153e-02 1.011175660000000059e-02
1.410960320000000081e+02 6.970175700000000307e-02 -1.233714639999999949e-03 3.583209059999999807e-02 -5.540563639999999956e-02 -2.803153110000000062e-03 -1.322383310000000041e-02
1.437909070000000042e+02 6.223412300000000230e-02 3.471052200000000146e-03 5.830442889999999656e-02 -2.581179550000000170e-02 1.855832539999999892e-02 1.682925169999999887e-02
1.464923909999999978e+02 5.630436660000000260e-02 1.083518930000000081e-03 5.864991139999999742e-02 -1.284266700000000032e-02 -8.234152189999999899e-03 7.436998549999999757e-03
1.491857660000000010e+02 4.793611529999999843e-02 3.158215199999999875e-03 6.956519960000000224e-02 -3.836898209999999726e-02 -4.259988779999999975e-02 4.371353020000000311e-02
1.518832979999999964e+02 5.656777319999999748e-02 -7.515259740000000341e-03 7.146491010000000088e-02 -2.143723579999999920e-02 -3.614373190000000347e-02 5.894854730000000098e-02
1.545764690000000030e+02 5.686878890000000158e-02 -7.669694769999999863e-04 5.876221140000000009e-02 -2.047669339999999907e-02 -1.242373069999999982e-02 6.946636170000000665e-02
1.572766259999999932e+02 5.305919240000000342e-02 -2.104385820000000042e-03 5.830783030000000200e-02 -1.272251439999999914e-02 4.288827930000000017e-03 2.607821550000000155e-02
1.599823910000000069e+02 5.379990180000000094e-02 2.280723340000000068e-03 5.648880530000000011e-02 2.626458470000000208e-03 8.532320039999999328e-03 -9.328493300000000737e-03
1.626785940000000039e+02 5.606032159999999737e-02 -2.682972159999999842e-03 6.592005730000000119e-02 1.637677059999999990e-02 -4.635368799999999706e-02 1.417172610000000041e-02
1.653807189999999991e+02 4.635406920000000042e-02 -6.226153970000000357e-03 6.190456119999999951e-02 1.369042560000000019e-02 4.620666310000000332e-03 -2.381582050000000117e-02
1.680886730000000000e+02 4.540597710000000148e-02 -1.464738819999999910e-03 5.735313239999999951e-02 2.224771919999999834e-02 -1.879978430000000048e-02 -2.101906749999999865e-02
1.708010010000000136e+02 4.585787880000000150e-02 -7.424909960000000003e-03 6.821403970000000649e-02 1.397563419999999987e-02 -6.423868259999999941e-02 -1.228382979999999985e-02
1.735019230000000050e+02 4.886308789999999763e-02 -1.094207300000000008e-02 6.357430919999999819e-02 -1.194284400000000020e-03 -3.840332059999999881e-02 -1.298225169999999914e-02
1.762067979999999920e+02 5.032292630000000100e-02 -1.599920869999999894e-03 6.895115790000000411e-02 5.248831479999999626e-03 -1.066807610000000076e-03 -3.174261089999999910e-04
1.789018440000000112e+02 3.914155440000000041e-02 6.700878850000000246e-04 7.182714219999999927e-02 -1.143970639999999928e-02 2.726940409999999843e-02 -4.217554679999999806e-02
1.816130939999999896e+02 2.303925050000000044e-02 1.777840340000000092e-03 7.478515010000000296e-02 2.968021870000000020e-02 4.534147179999999805e-02 7.769222779999999592e-03
1.843155790000000138e+02 3.372932260000000015e-02 2.821231390000000176e-03 7.596585710000000602e-02 3.122515599999999957e-03 2.718476549999999936e-02 -7.137194989999999864e-03
1.870140480000000025e+02 3.834053459999999663e-02 4.418350540000000153e-05 7.989200870000000287e-02 -2.546702329999999889e-02 1.825998090000000018e-02 7.920723529999999790e-02
1.897175790000000006e+02 4.002095509999999828e-02 -2.324612289999999915e-03 7.802858599999999700e-02 -2.130646489999999879e-02 4.853748969999999857e-02 4.968836439999999889e-03
1.924247509999999863e+02 4.584133640000000176e-02 -7.405513970000000314e-03 8.128259100000000126e-02 -4.052770110000000064e-02 -6.263287850000000268e-03 2.241476850000000132e-03
1.951200790000000040e+02 4.985011389999999959e-02 -1.379235030000000063e-02 6.422173370000000547e-02 -3.100077060000000148e-02 -2.580005319999999908e-02 1.528712949999999973e-02
1.978227349999999944e+02 5.164647669999999913e-02 -3.248293809999999726e-02 6.379059669999999349e-02 -3.476448969999999805e-02 3.334409910000000338e-02 8.650185790000000652e-03
2.005231259999999907e+02 3.719148950000000092e-02 -3.031888719999999843e-02 5.673681879999999816e-02 -4.708924870000000262e-02 3.226562670000000105e-02 2.976505999999999857e-03
2.032320009999999968e+02 3.765421099999999993e-02 -3.380466020000000293e-02 5.884146039999999661e-02 1.430491130000000055e-02 2.714565979999999934e-02 -4.992815660000000239e-02
2.059257509999999911e+02 3.789859920000000076e-02 -3.517772100000000207e-02 5.686491789999999907e-02 -1.849248699999999843e-02 2.822705269999999794e-03 -4.478112389999999721e-02
2.086282510000000059e+02 3.986135510000000243e-02 -3.004653919999999978e-02 6.929388089999999334e-02 -2.766848350000000040e-02 -6.876761189999999573e-03 -3.187386219999999853e-02
2.113233439999999916e+02 4.148334139999999837e-02 -1.603542969999999929e-02 7.694804639999999751e-02 -1.733254329999999940e-02 -7.607466640000000273e-03 -5.294116320000000209e-02
2.140166729999999973e+02 4.774262170000000138e-02 -8.084794209999999343e-03 6.639322350000000095e-02 -1.839787010000000153e-02 -2.089885550000000064e-02 -6.753870509999999622e-04
2.167250160000000108e+02 5.122093610000000297e-02 -3.296152130000000241e-04 5.864182069999999969e-02 5.440525740000000388e-03 -3.349261650000000257e-02 -3.070051089999999844e-02
2.194194850000000088e+02 6.045581490000000169e-02 1.840749420000000088e-03 6.363200669999999337e-02 -3.058891520000000044e-02 1.348332149999999924e-02 -5.207639539999999595e-03
2.221227189999999894e+02 5.998840150000000343e-02 2.878087980000000080e-03 6.218903690000000123e-02 -1.641113279999999869e-02 7.536184040000000299e-03 -3.451438610000000240e-02
2.248120480000000043e+02 5.863729189999999925e-02 -5.215600509999999621e-03 5.885554560000000324e-02 -4.001777900000000332e-02 2.267276140000000148e-02 1.859596349999999981e-02
2.275212659999999971e+02 5.809296149999999825e-02 -2.142525350000000148e-02 7.038694249999999375e-02 -6.119123520000000274e-03 -1.358786369999999931e-02 -5.487209950000000377e-03
2.302149379999999894e+02 5.645062509999999867e-02 -1.867640060000000032e-02 6.769731180000000681e-02 2.340343419999999994e-03 -1.151042920000000004e-02 2.631236929999999918e-02
2.329221569999999986e+02 5.491684170000000337e-02 -1.219644190000000045e-02 6.223837830000000099e-02 3.467332029999999760e-02 7.301841330000000303e-03 3.133642589999999922e-02
2.356290160000000071e+02 5.324264869999999900e-02 -5.039446680000000262e-04 5.894896980000000064e-02 3.293624810000000264e-02 5.079038749999999734e-03 4.633133329999999939e-02
2.383331259999999929e+02 6.899556299999999587e-02 -1.081723479999999963e-03 5.962430259999999815e-02 2.266131019999999968e-02 -1.191667409999999996e-02 2.185960810000000046e-02
2.410411569999999983e+02 6.452160799999999419e-02 5.097408730000000006e-03 6.697785879999999803e-02 3.023540099999999856e-02 2.025994559999999903e-02 2.983498860000000086e-02
2.437332040000000006e+02 6.441055390000000047e-02 6.080485019999999977e-03 7.367769640000000619e-02 1.484265149999999985e-02 3.571027660000000020e-02 4.089312400000000292e-02
2.464408439999999985e+02 6.152914179999999927e-02 -4.278525329999999585e-03 7.245097400000000132e-02 -1.541614200000000073e-02 3.511782919999999891e-02 4.347298320000000244e-02
2.491346570000000042e+02 5.154892979999999708e-02 -9.554964580000000277e-03 6.730669009999999675e-02 -1.601249349999999891e-02 1.316229019999999930e-02 3.753431659999999920e-02
2.518298599999999965e+02 5.156695449999999792e-02 -8.188466110000000575e-03 6.749724009999999441e-02 -9.014449549999999436e-03 2.421026739999999975e-04 1.800879249999999890e-02
2.545191570000000070e+02 6.034375940000000216e-02 -7.360580650000000252e-03 5.686215750000000319e-02 -5.194734710000000096e-03 5.112520029999999618e-03 3.658712909999999735e-02
2.572247350000000097e+02 6.032935119999999901e-02 -7.509585099999999645e-03 5.241978390000000265e-02 -1.122424030000000001e-03 -2.592879439999999994e-02 5.868946600000000263e-02
2.599240629999999896e+02 6.506031219999999782e-02 -6.142481719999999708e-03 4.772840980000000316e-02 -1.196659180000000065e-02 -3.601238219999999823e-02 -1.897638820000000051e-05
2.626267349999999965e+02 6.775529739999999745e-02 4.709203700000000152e-03 4.297446349999999721e-02 -3.020011100000000170e-02 -1.726580359999999991e-03 1.021249519999999945e-02
2.653318760000000225e+02 7.486326359999999347e-02 -9.547303269999999828e-04 4.014867269999999877e-02 -1.167941790000000084e-02 1.472086480000000044e-02 2.711659329999999927e-03
2.680255680000000211e+02 7.590175089999999514e-02 -5.127407869999999618e-03 3.094697940000000133e-02 -6.764564360000000116e-03 -1.847478849999999867e-02 -2.168033219999999928e-02
