# a=0.058301251560543686, b=-136.10206331689864, c=-0.006767574599178179, xi=8.14346942122161
7.184078799999999987e-01 5.872427250000000071e-02 8.888688310000000120e-03 5.219362260000000309e-02 1.251860129999999953e-02 2.535952710000000110e-02 4.552562769999999974e-03
3.409184160000000130e+00 6.566671490000000611e-02 1.631870789999999988e-02 4.822704500000000311e-02 -9.711795739999999275e-03 -5.969500749999999585e-03 1.768017959999999833e-02
6.106052120000000194e+00 6.033928580000000319e-02 2.002312759999999928e-02 4.575781689999999791e-02 2.465370140000000022e-03 8.506557439999999637e-03 -6.518987020000000313e-03
8.802156500000000605e+00 6.265773600000000554e-02 7.868270389999999434e-03 3.888315550000000231e-02 1.094321000000000009e-02 1.827158519999999911e-02 -1.636869629999999909e-02
1.149099760000000003e+01 7.063073899999999794e-02 9.284179630000000127e-03 2.622567979999999854e-02 -8.222574539999999432e-03 2.307157360000000081e-03 -1.741160630000000015e-02
1.419289919999999938e+01 7.519910890000000570e-02 5.805751940000000201e-03 3.045329119999999959e-02 5.167831509999999814e-04 -1.842803560000000047e-04 1.396663350000000060e-02
1.688015700000000052e+01 7.408218819999999594e-02 -4.705074140000000370e-03 1.461107090000000018e-02 2.693907530000000210e-04 1.549815889999999960e-02 2.280035850000000208e-03
1.957233199999999940e+01 8.019929200000000535e-02 -4.456672989999999578e-03 -1.952168240000000041e-02 -1.196211900000000066e-03 2.949445220000000006e-02 -1.593460860000000048e-02
2.226860849999999914e+01 7.409421609999999880e-02 -1.823937000000000128e-02 -3.250538590000000283e-02 1.250008160000000076e-02 4.931324260000000126e-02 1.269675860000000003e-02
2.495941009999999949e+01 8.411996010000000190e-02 -1.200991879999999991e-02 -3.614580340000000253e-02 1.189852859999999957e-02 -9.557588009999999634e-03 -1.493820300000000059e-02
2.766008039999999824e+01 7.131152089999999444e-02 -6.657005530000000178e-03 -4.208538879999999816e-02 -1.524444779999999978e-02 -7.076841179999999662e-03 -1.599551889999999837e-02
3.036266009999999937e+01 6.191088859999999833e-02 -4.906708010000000036e-03 -3.620326349999999915e-02 -5.191680930000000353e-03 -1.778678850000000103e-02 8.310275900000000521e-03
3.306168670000000276e+01 6.867916200000000193e-02 1.472143320000000052e-04 -4.246737200000000323e-02 5.181446099999999525e-04 -1.574317559999999921e-02 2.409700769999999909e-02
3.576695229999999981e+01 6.772128439999999805e-02 -1.646389010000000016e-03 -4.013864529999999764e-02 -9.852474360000000250e-03 -2.783901230000000032e-02 -1.251994830000000003e-02
3.846059129999999726e+01 7.192174530000000621e-02 9.079984279999999894e-03 -4.517032910000000345e-02 -5.250989769999999703e-03 -7.676893510000000302e-03 -7.144232230000000308e-03
4.114830070000000006e+01 7.296900750000000213e-02 2.181761820000000136e-03 -6.028313019999999994e-02 1.070203310000000102e-03 -1.711152300000000001e-02 -4.606177580000000299e-02
4.384494289999999950e+01 5.884278820000000271e-02 4.392395490000000104e-03 -5.501329729999999973e-02 -9.790739209999999720e-03 -4.080311329999999903e-02 -2.102305360000000095e-02
4.655043979999999948e+01 4.542538840000000244e-02 -2.697605169999999809e-03 -6.118651359999999900e-02 8.516529389999999422e-03 -1.120148930000000034e-03 -5.986282460000000305e-02
4.925705849999999941e+01 5.135191149999999982e-02 -3.643657399999999935e-03 -5.016637000000000179e-02 1.890822279999999911e-02 -1.359765850000000005e-02 4.485432560000000152e-02
5.196455540000000184e+01 6.059892149999999977e-02 -7.472510570000000241e-03 -5.840783459999999983e-02 2.209283000000000080e-02 6.408479800000000184e-03 -2.894440350000000023e-02
5.466503199999999651e+01 6.372496630000000495e-02 -3.660185820000000020e-03 -6.179219450000000141e-02 -7.426738289999999494e-04 2.553592190000000123e-02 3.769190970000000198e-04
5.735941009999999807e+01 6.062693090000000062e-02 5.284186730000000297e-03 -6.216480010000000056e-02 -1.416803860000000019e-02 3.151439670000000248e-02 -2.025231409999999829e-02
6.006775700000000029e+01 6.714126830000000101e-02 3.186522619999999808e-04 -6.265791530000000553e-02 -2.554734820000000104e-03 3.258497560000000320e-02 -5.638404980000000233e-02
6.276823670000000277e+01 6.378032879999999405e-02 4.262508279999999670e-03 -6.748676319999999396e-02 1.020328269999999996e-02 2.864225260000000106e-02 -9.205530250000000525e-02
6.546879920000000652e+01 6.554119129999999571e-02 5.733515699999999597e-03 -5.794556819999999858e-02 -1.378582170000000086e-02 -5.021239729999999943e-03 -5.233598350000000232e-02
6.817421480000000145e+01 5.686955169999999976e-02 5.033439509999999492e-04 -6.536377549999999870e-02 -9.921358559999999410e-03 -2.767567159999999998e-02 -3.134825289999999820e-02
7.087109920000000329e+01 4.812885649999999738e-02 8.301202960000000214e-03 -6.959511540000000440e-02 -1.164739910000000059e-02 3.465034340000000025e-03 -1.440958120000000037e-02
7.357569920000000252e+01 3.866681739999999756e-02 8.541783799999999247e-03 -6.665197429999999978e-02 -3.498626590000000064e-02 -9.729330140000000751e-03 -3.644892229999999872e-02
7.626624449999999911e+01 4.382966490000000243e-02 4.203712570000000398e-03 -6.925870119999999464e-02 -3.047849700000000023e-02 -3.757511639999999882e-03 1.075841539999999917e-03
7.895685070000000394e+01 3.679415330000000012e-02 1.289589399999999976e-02 -6.687434590000000678e-02 -1.762275779999999915e-03 -6.175970270000000033e-03 -5.085025640000000180e-02
8.165549289999999871e+01 4.447062239999999972e-02 1.654067669999999962e-02 -6.731488350000000564e-02 1.072593779999999990e-02 1.723858110000000068e-02 -1.733104920000000035e-02
8.435051319999999464e+01 4.839820279999999808e-02 1.536262000000000044e-02 -6.827285489999999901e-02 1.340828660000000037e-03 -7.387176340000000015e-03 -4.689843190000000245e-02
8.705387260000000538e+01 4.421979429999999683e-02 1.138140189999999920e-02 -6.780241480000000209e-02 9.078194330000000783e-03 -3.020858159999999931e-02 1.246599699999999949e-02
8.975853510000000313e+01 4.955659989999999793e-02 8.536645310000000320e-03 -7.136928010000000155e-02 -2.152125330000000114e-02 -1.532299229999999936e-02 -3.739418840000000022e-02
9.246264290000000585e+01 5.415294050000000331e-02 -6.555760820000000513e-04 -6.505473779999999817e-02 6.562760380000000164e-03 -3.047653670000000092e-02 -6.300580399999999859e-02
9.515905379999999525e+01 4.888552460000000072e-02 -2.140974910000000182e-03 -6.663652999999999937e-02 9.525211299999999243e-03 2.071327209999999919e-02 -4.321308289999999802e-02
9.785430379999999673e+01 4.134410129999999822e-02 -3.956555559999999985e-03 -6.943702409999999436e-02 -2.247648270000000142e-02 -1.201593769999999978e-02 -2.235080679999999851e-03
1.005591849999999994e+02 3.615862069999999789e-02 -3.051021159999999909e-03 -6.987930639999999360e-02 -1.166504070000000046e-02 -3.119286670000000119e-03 -4.408522410000000058e-02
1.032624189999999942e+02 3.456668160000000295e-02 -6.705465560000000227e-03 -6.325608970000000386e-02 -3.175660790000000167e-03 -6.256641690000000131e-03 -1.473043090000000083e-02
1.059740290000000016e+02 4.135543190000000313e-02 -1.916986239999999989e-03 -6.503020230000000623e-02 -2.117217830000000037e-02 8.677952739999999707e-03 -3.292291259999999969e-02
1.086782010000000014e+02 4.532485039999999826e-02 -4.064396829999999787e-03 -6.244106590000000206e-02 2.491567319999999849e-02 -1.638332559999999827e-02 -2.248000860000000031e-02
1.113835600000000028e+02 4.879064959999999951e-02 -1.655943769999999957e-03 -6.645777399999999724e-02 2.099670739999999827e-02 1.833876989999999943e-02 -7.952517789999999365e-02
1.140817789999999974e+02 6.220791970000000282e-02 5.185595920000000102e-03 -6.285324600000000150e-02 -1.938488260000000019e-02 3.151725480000000003e-03 1.388423750000000040e-02
1.167806070000000034e+02 5.964513090000000267e-02 2.876918919999999803e-03 -5.336283299999999841e-02 1.853062600000000143e-02 2.067210350000000044e-02 -1.395696760000000002e-02
1.194872790000000009e+02 6.099635600000000157e-02 7.268029179999999784e-03 -5.341816860000000305e-02 -1.183712039999999972e-02 5.522708470000000161e-03 -2.153523649999999900e-02
1.221819509999999980e+02 5.938398229999999889e-02 1.104036050000000053e-02 -4.916217049999999783e-02 9.192700619999999954e-04 3.813466580000000189e-02 -3.028503109999999832e-02
1.248796379999999999e+02 6.342023400000000588e-02 6.390942489999999927e-03 -5.035324070000000291e-02 -3.547240729999999800e-03 5.882569049999999966e-02 1.041999180000000025e-02
1.275758260000000064e+02 6.314421739999999394e-02 9.220835679999999160e-03 -4.853409040000000035e-02 1.037284160000000004e-02 3.210831670000000027e-02 -2.080259870000000094e-02
1.302747940000000142e+02 7.060228429999999833e-02 9.602099390000000401e-03 -4.802663830000000050e-02 -2.065937449999999832e-03 8.820783880000000396e-03 -4.237791519999999784e-02
1.329693259999999952e+02 7.766111920000000335e-02 7.395462890000000129e-03 -3.614202059999999800e-02 6.167845279999999673e-03 -1.750861399999999960e-03 -1.113499140000000047e-02
1.356694510000000093e+02 7.520102139999999824e-02 6.478595680000000072e-03 -1.573352819999999930e-02 8.126308290000000198e-03 7.267895469999999768e-03 -3.235515149999999840e-02
1.383860760000000028e+02 7.548019940000000316e-02 4.217197319999999808e-04 1.319015580000000055e-02 2.856694120000000114e-02 8.340944120000000697e-03 -7.505431320000000364e-03
1.410831070000000125e+02 7.004248590000000663e-02 7.476026260000000027e-03 3.670816439999999986e-02 2.393812400000000160e-02 2.182851179999999863e-02 -1.128665480000000040e-02
1.437874349999999879e+02 7.183573790000000181e-02 5.144946279999999816e-03 3.707719329999999841e-02 3.696834179999999859e-02 2.869921589999999828e-02 -2.529802169999999933e-02
1.464912319999999966e+02 6.631177650000000257e-02 1.216201259999999916e-02 4.141485229999999906e-02 -2.315789199999999937e-02 -1.938559059999999876e-02 -5.223886219999999969e-02
1.491832479999999919e+02 6.878868679999999847e-02 2.719842780000000012e-03 4.158393280000000081e-02 -3.274279570000000056e-02 -2.412595769999999890e-02 3.052482999999999932e-03
1.518743259999999964e+02 6.337271529999999320e-02 1.067433620000000048e-02 4.486643209999999909e-02 -6.204781549999999896e-03 2.439338950000000117e-02 2.535545310000000135e-02
1.545698879999999917e+02 6.574096449999999869e-02 9.145118270000000479e-03 4.339983499999999772e-02 -3.293615999999999905e-02 -5.101587319999999898e-03 -2.133007279999999881e-02
1.572741379999999936e+02 6.771483550000000073e-02 -2.778069729999999883e-03 4.951533329999999872e-02 -1.061614169999999975e-02 -5.825849749999999910e-02 1.048874300000000002e-02
1.599819190000000049e+02 6.544610820000000551e-02 -1.164935819999999948e-02 5.142808279999999677e-02 -2.197622720000000016e-02 -3.101468179999999908e-02 -1.075498760000000035e-03
1.626801849999999945e+02 6.286179890000000159e-02 -9.542064269999999196e-03 4.399724199999999891e-02 -5.156206029999999690e-02 -5.590030569999999630e-03 1.071382989999999924e-02
1.653770440000000121e+02 4.730889519999999931e-02 -5.045607599999999901e-03 5.875713739999999935e-02 -3.763783460000000303e-02 2.860133000000000120e-02 1.303809790000000053e-03
1.680778730000000110e+02 5.146399039999999953e-02 -1.068066089999999968e-02 6.355901460000000502e-02 -4.168574089999999704e-02 -7.384863020000000111e-03 -1.632345539999999900e-02
1.707825440000000015e+02 6.126025250000000089e-02 -1.049172309999999927e-02 7.039265090000000613e-02 2.989261719999999900e-02 -2.150798530000000083e-02 -2.845339419999999911e-02
1.734931379999999876e+02 5.477339280000000088e-02 -3.864815900000000051e-03 6.471582119999999549e-02 -1.452904940000000061e-02 5.905636859999999731e-03 2.055861679999999858e-03
1.762016849999999977e+02 5.691845000000000238e-02 2.473376400000000248e-04 7.277357289999999979e-02 7.013264699999999761e-03 -4.714304279999999639e-03 3.663121829999999718e-02
1.788953099999999949e+02 5.063878229999999731e-02 3.490198730000000030e-03 7.304601110000000230e-02 3.009357210000000032e-02 1.292827669999999964e-02 2.821729879999999857e-02
1.815869979999999941e+02 4.249213229999999897e-02 6.346002600000000098e-03 5.918757050000000158e-02 1.854430929999999894e-02 4.748863169999999884e-02 8.458795410000000820e-03
1.842930130000000020e+02 4.761859289999999939e-02 4.718074340000000429e-03 6.380366369999999898e-02 8.057433030000000010e-03 7.942238660000000561e-02 -3.771071320000000254e-02
1.869791539999999941e+02 5.845628359999999885e-02 8.550372130000000225e-04 4.959376800000000335e-02 7.650988959999999693e-03 4.819368079999999943e-02 6.397738959999999669e-03
1.896733260000000030e+02 5.539562640000000177e-02 7.025952670000000164e-03 4.960001859999999679e-02 3.555517429999999895e-02 1.339703450000000011e-02 3.909359899999999971e-02
1.923715760000000046e+02 5.537393539999999753e-02 7.678846890000000369e-03 4.390605000000000202e-02 -1.847882799999999923e-02 -2.134548450000000111e-02 7.438695950000000050e-03
1.950784659999999917e+02 6.266785269999999852e-02 3.970654750000000149e-03 5.545619289999999951e-02 -1.114586149999999970e-02 -2.581134249999999988e-03 -2.216581039999999947e-02
1.977701230000000123e+02 6.460009090000000398e-02 -2.382160280000000102e-03 6.133225359999999737e-02 -4.545508640000000232e-03 5.704407809999999940e-02 -1.924202729999999889e-02
2.004828880000000026e+02 6.584141070000000540e-02 -5.942524710000000009e-03 5.302242940000000126e-02 3.567306180000000271e-02 3.184208170000000192e-04 -4.738527210000000045e-02
2.031785600000000045e+02 6.708001959999999875e-02 -7.702546739999999864e-03 4.203967539999999697e-02 4.830907110000000164e-03 1.864858230000000089e-02 4.378587839999999870e-03
2.058906379999999956e+02 5.917973690000000175e-02 -6.849632389999999772e-03 4.003166720000000262e-02 5.187226980000000237e-02 -4.952841659999999979e-02 -3.136944030000000244e-02
2.085891689999999983e+02 5.229920980000000302e-02 -2.585385720000000099e-03 3.778216780000000219e-02 2.197175430000000013e-02 -3.102192150000000065e-02 -4.210664640000000292e-03
2.112979510000000118e+02 5.359598530000000277e-02 -1.363299769999999980e-02 3.565622429999999732e-02 5.807721080000000091e-02 2.271013020000000118e-02 1.131899880000000053e-02
2.140053570000000036e+02 6.066130980000000034e-02 -1.118855090000000010e-02 3.102203060000000012e-02 -1.366203409999999958e-02 -1.402726659999999938e-02 -1.732134709999999869e-02
2.167117010000000050e+02 5.376837720000000181e-02 2.922797359999999844e-04 3.336396769999999679e-02 -1.535050089999999944e-02 -1.421248779999999962e-02 -1.251265179999999991e-02
2.194206230000000062e+02 5.878753619999999708e-02 -7.744588969999999760e-03 4.114308039999999694e-02 -1.351134609999999903e-01 5.431462330000000338e-02 -4.320829390000000166e-03
2.221155439999999999e+02 6.078420720000000249e-02 -1.405792990000000013e-02 5.164785759999999948e-02 -8.309515339999999639e-02 -2.696141089999999976e-02 2.022974859999999986e-02
2.248190130000000124e+02 6.712182190000000326e-02 -6.260143210000000159e-03 5.026455159999999867e-02 -5.080568900000000110e-02 5.973711789999999917e-03 -3.534579279999999768e-02
2.275230909999999938e+02 6.497703030000000213e-02 -1.104328079999999934e-02 5.335942920000000256e-02 -2.701769260000000047e-02 -9.123743470000000855e-03 -3.799063280000000015e-02
2.302304509999999880e+02 6.846206089999999633e-02 -1.225261230000000007e-02 5.628839089999999878e-02 -2.671709400000000026e-02 -2.379926850000000163e-02 -2.478142300000000034e-02
2.329343100000000106e+02 7.019586790000000021e-02 -1.024989729999999967e-02 5.758775189999999766e-02 -3.720516520000000105e-02 -1.977755789999999930e-02 -5.473326459999999609e-03
2.356384820000000104e+02 7.013674579999999714e-02 -2.431124440000000195e-03 5.336603360000000129e-02 -5.349925299999999662e-02 4.315108100000000085e-02 -1.545179250000000039e-02
2.383312940000000140e+02 6.680383680000000213e-02 -3.508028319999999863e-03 4.844516060000000207e-02 -5.683482210000000145e-02 2.356843390000000135e-03 -5.408986860000000209e-03
2.410181690000000003e+02 5.134683599999999987e-02 -8.903031559999999983e-03 5.721383640000000242e-02 -4.040303569999999928e-02 -5.239298459999999769e-03 -4.427104299999999951e-03
2.437168259999999975e+02 3.590218089999999695e-02 -1.153424309999999918e-02 7.241196369999999827e-02 -4.741914220000000013e-02 -1.020523549999999974e-02 -4.562107209999999996e-02
2.464232790000000080e+02 2.709999169999999930e-02 -1.336320310000000018e-02 7.809161080000000255e-02 -2.213587490000000144e-02 -2.360361459999999953e-02 -3.078970589999999868e-02
2.491242479999999944e+02 2.498425049999999925e-02 -7.585579260000000108e-03 7.637585360000000156e-02 -4.679941630000000047e-02 -1.124528240000000068e-02 -2.539631330000000076e-02
2.518174659999999960e+02 4.330922799999999823e-02 -1.873608499999999955e-02 6.752819309999999464e-02 -2.379270370000000079e-02 4.157469060000000202e-03 2.503751980000000141e-02
2.545135600000000125e+02 5.219771349999999949e-02 -1.269915989999999967e-02 6.480781210000000070e-02 1.309814000000000074e-03 2.941628309999999927e-02 2.057556350000000131e-02
2.572242479999999887e+02 5.799183160000000170e-02 -5.507305050000000333e-03 4.153597920000000332e-02 4.939323009999999764e-03 4.634539869999999839e-02 2.004616789999999829e-02
2.599369350000000054e+02 6.500273809999999874e-02 8.762195960000000033e-03 4.450737500000000180e-02 -3.344047619999999965e-04 6.013610089999999603e-03 6.133639230000000053e-02
2.626253879999999867e+02 6.424281769999999614e-02 6.961447309999999576e-03 4.572679400000000116e-02 -5.322886050000000431e-03 -2.460078229999999866e-02 6.248707850000000119e-02
2.653397160000000099e+02 5.915638969999999913e-02 6.158608490000000522e-04 4.601798819999999846e-02 3.533348430000000234e-02 -8.114285140000000035e-03 2.276249500000000064e-02
2.680364359999999806e+02 5.536665729999999674e-02 1.093462670000000005e-02 4.905826509999999807e-02 2.796390190000000095e-02 -6.904168710000000223e-03 -1.463340469999999983e-02
