# a=0.06031735742373285, b=-154.3655321190259, c=0.00020387539202714163, xi=10.132951587909634
6.966345940000000514e-01 7.321068329999999569e-02 9.600538900000000347e-03 2.628374160000000043e-02 4.054612860000000180e-02 1.138725269999999942e-02 9.897419509999999532e-02
3.391234980000000121e+00 7.027950830000000149e-02 5.281684790000000344e-03 7.306162510000000290e-03 -2.448677399999999935e-03 -5.560357519999999804e-03 7.764925820000000145e-02
6.090585139999999953e+00 7.060838919999999630e-02 8.961651410000000262e-03 -6.142150100000000335e-03 4.936338679999999896e-02 1.919956000000000093e-02 3.285307490000000108e-02
8.783088109999999560e+00 7.129604350000000312e-02 4.298248000000000173e-03 -1.159469119999999992e-02 -1.580066319999999871e-02 -7.979966689999999641e-04 3.005705339999999864e-02
1.148862339999999982e+01 7.278290910000000113e-02 4.279350710000000106e-03 -2.088549519999999965e-02 -2.132104580000000055e-02 8.233520350000000584e-03 8.590422119999999856e-03
1.417711249999999978e+01 7.244152160000000285e-02 7.612990979999999588e-03 -3.721378749999999791e-02 -4.200907000000000252e-02 -2.132802589999999859e-02 -3.771313029999999976e-03
1.687981870000000129e+01 6.214938889999999799e-02 2.376698430000000022e-03 -5.782192819999999733e-02 2.063130170000000013e-02 -1.786024799999999871e-02 -3.490800799999999732e-02
1.958097499999999869e+01 5.610947689999999655e-02 6.712612800000000018e-03 -6.080075480000000226e-02 -1.769036040000000060e-02 1.029138190000000036e-02 -2.646976519999999847e-02
2.228095779999999948e+01 5.936443319999999690e-02 7.308259729999999794e-03 -6.704286330000000516e-02 6.095017949999999990e-02 4.204315670000000060e-02 -2.399686409999999930e-03
2.497712500000000091e+01 6.067048159999999940e-02 3.153855780000000032e-03 -6.041151570000000137e-02 2.926533419999999969e-02 5.381165410000000177e-02 -1.858794999999999892e-02
2.767590620000000001e+01 6.228559859999999865e-02 1.604784700000000050e-02 -6.167526789999999703e-02 -4.010305629999999684e-03 2.530426550000000087e-03 -1.742227530000000149e-02
3.036882650000000083e+01 5.702090919999999730e-02 7.940230980000000799e-03 -6.412490210000000579e-02 7.308094850000000295e-04 1.724960010000000168e-02 -3.105725360000000101e-02
3.307031250000000000e+01 5.311827610000000033e-02 1.202967830000000078e-02 -6.208521370000000261e-02 -1.145258600000000071e-02 5.195151139999999723e-03 -3.944127659999999841e-02
3.577108439999999945e+01 5.230082049999999760e-02 7.154376020000000405e-03 -5.286481400000000302e-02 -1.429620520000000027e-02 1.141281520000000070e-02 -2.692633219999999994e-02
3.846648749999999950e+01 5.583220109999999931e-02 1.291286370000000079e-02 -5.394883670000000242e-02 6.161195969999999980e-03 2.782616479999999834e-04 -3.685753910000000300e-02
4.115848749999999967e+01 6.113267210000000035e-02 7.996003419999999848e-03 -5.738731789999999833e-02 2.144539679999999879e-02 2.544566740000000007e-02 1.599638529999999892e-02
4.385324370000000016e+01 7.094375149999999908e-02 4.366406399999999896e-03 -5.266243599999999997e-02 2.012537630000000091e-02 4.848961489999999847e-02 -3.743228119999999874e-03
4.655018900000000315e+01 6.744280219999999881e-02 -3.120470379999999971e-03 -4.868588509999999953e-02 2.695892110000000161e-02 7.665679800000000223e-05 2.222821130000000173e-02
4.925973590000000257e+01 7.028153830000000157e-02 6.155694530000000234e-03 -6.136309899999999734e-02 -1.114141599999999947e-02 2.996561260000000018e-02 5.508200320000000228e-04
5.195432029999999912e+01 6.548210590000000386e-02 -1.937126240000000077e-03 -5.871540840000000205e-02 -7.362145700000000126e-02 2.324396800000000114e-03 -1.726330489999999829e-02
5.465584530000000285e+01 5.471736790000000100e-02 9.254984089999999594e-03 -6.573178209999999688e-02 -4.210252639999999963e-02 3.539434579999999747e-02 -4.648513330000000193e-02
5.735535000000000139e+01 5.453749110000000178e-02 2.887000079999999923e-03 -6.153327449999999865e-02 -4.709016690000000088e-02 -1.339987720000000021e-02 -4.268746269999999787e-02
6.006444840000000340e+01 5.731177700000000125e-02 4.861964820000000062e-03 -6.399850490000000280e-02 3.085012209999999852e-03 -2.612630469999999844e-02 -7.158899080000000192e-02
6.277679369999999892e+01 5.759530730000000237e-02 2.193160320000000010e-03 -5.569573509999999755e-02 -2.901848259999999778e-04 -1.693503420000000079e-02 -4.759416019999999914e-02
6.547347499999999343e+01 5.565534490000000056e-02 -5.427463549999999746e-04 -5.282185410000000275e-02 4.453247090000000269e-02 -2.738705729999999991e-02 -4.759497940000000267e-03
6.817357499999999959e+01 7.038994930000000427e-02 1.823419800000000007e-03 -5.404422749999999998e-02 5.970654899999999765e-02 -4.001935859999999900e-03 1.749795739999999988e-02
7.087847969999999975e+01 6.806452059999999749e-02 -3.069917850000000205e-03 -5.672849519999999951e-02 5.318750910000000220e-02 -3.713812179999999991e-02 -2.277047919999999892e-02
7.358496560000000386e+01 6.691334579999999588e-02 -2.495477570000000176e-03 -5.291089899999999735e-02 9.882035180000000099e-03 -8.121435169999999953e-03 -1.105479300000000026e-02
7.628094529999999907e+01 6.930736730000000567e-02 -1.135570470000000012e-02 -6.423168490000000230e-02 3.097253540000000083e-02 -9.466714529999999822e-03 8.217268349999999263e-03
7.898234220000000505e+01 6.994787989999999567e-02 -7.227326909999999896e-03 -5.884442759999999883e-02 2.572336500000000151e-02 -5.932734499999999661e-02 3.684303989999999918e-02
8.167507500000000675e+01 6.943117860000000419e-02 -1.458982940000000048e-02 -5.431277260000000329e-02 3.813379199999999969e-02 7.728933139999999771e-03 9.054282750000000601e-02
8.437976249999999823e+01 6.548136860000000614e-02 -8.827139700000000144e-03 -5.477041590000000099e-02 5.481145059999999875e-02 1.398237870000000084e-02 2.161870579999999875e-02
8.708643589999999790e+01 5.796477750000000179e-02 -1.085819719999999919e-02 -5.328705090000000061e-02 2.212189209999999850e-02 2.139926390000000071e-03 9.252449110000000258e-04
8.978307340000000636e+01 6.526528589999999741e-02 -1.279950319999999947e-02 -6.130791010000000152e-02 2.273310300000000103e-02 4.101526400000000266e-02 -1.226894719999999973e-02
9.249157809999999813e+01 6.729415960000000030e-02 -7.604299999999999601e-03 -6.169018150000000339e-02 3.094395830000000111e-02 4.254791430000000318e-02 -5.705309559999999919e-03
9.519273280000000170e+01 6.550381980000000159e-02 -8.791585459999999227e-03 -5.771542090000000153e-02 2.619690610000000031e-02 -2.021017560000000143e-02 -3.579914669999999938e-02
9.788918119999999590e+01 6.271506970000000070e-02 -4.452441100000000158e-04 -5.727642389999999806e-02 2.308144040000000008e-02 -2.925282029999999936e-02 -1.421466249999999917e-02
1.005887830000000065e+02 6.319478280000000170e-02 -7.481493520000000175e-03 -6.366549169999999314e-02 -2.923524949999999935e-03 1.988299010000000103e-02 -2.334600820000000063e-02
1.032785020000000031e+02 6.136418929999999661e-02 -1.433397330000000082e-03 -6.120826029999999751e-02 -4.967846169999999908e-03 -1.198770740000000036e-02 -6.203643679999999716e-02
1.059803449999999998e+02 6.550463010000000252e-02 -4.557714850000000109e-03 -5.852890139999999963e-02 -3.667502479999999732e-02 -3.104114560000000196e-03 -6.126424929999999686e-02
1.086786270000000059e+02 6.874033309999999508e-02 -2.655281489999999998e-03 -4.195604270000000136e-02 2.907818540000000132e-02 -1.528624420000000012e-02 -2.980669609999999844e-02
1.113654389999999950e+02 6.544783290000000253e-02 -5.628104650000000098e-03 -5.776635019999999676e-02 1.236027290000000015e-02 -4.328355990000000257e-03 7.795979099999999790e-04
1.140747360000000015e+02 5.704951600000000150e-02 -7.293210960000000125e-03 -5.233498389999999972e-02 1.247267669999999919e-02 -8.123442320000000272e-03 3.431211720000000142e-03
1.167749859999999984e+02 5.725387490000000135e-02 -3.861443779999999912e-03 -5.525944390000000345e-02 -4.678825900000000045e-03 -9.362167700000000037e-03 3.477704150000000133e-03
1.194828449999999975e+02 5.962380419999999820e-02 -1.901075230000000066e-03 -6.227028300000000266e-02 -1.418611860000000037e-02 -8.925102089999999502e-03 -8.192297889999999774e-04
1.221835640000000041e+02 4.822555030000000298e-02 -6.036948870000000307e-03 -6.286050969999999738e-02 -1.033506499999999918e-02 -5.131319170000000346e-02 3.418066680000000218e-02
1.248902199999999993e+02 4.208414860000000285e-02 -6.173727759999999946e-03 -7.643799880000000380e-02 9.633446570000000694e-03 -5.820817620000000303e-02 3.525648640000000195e-03
1.275889229999999941e+02 4.886033210000000071e-02 -8.464255239999999431e-03 -7.295389700000000366e-02 1.121899940000000047e-02 6.451613150000000407e-03 -2.260001860000000057e-02
1.302947670000000073e+02 5.660515160000000046e-02 -8.166676949999999990e-03 -7.277035560000000292e-02 -2.309238679999999974e-02 1.767453240000000161e-02 9.721667419999999865e-03
1.329966420000000085e+02 6.226157840000000332e-02 -1.012284869999999920e-02 -7.229598989999999614e-02 3.645969340000000149e-03 1.876273380000000046e-02 -2.392965869999999842e-02
1.357017199999999946e+02 6.970737089999999581e-02 -5.574462270000000302e-03 -6.919822019999999352e-02 1.395208979999999939e-02 3.551415690000000319e-02 -2.642646179999999859e-02
1.383966420000000141e+02 6.667158789999999557e-02 -2.145502760000000085e-03 -5.486157779999999845e-02 2.371269349999999970e-02 -2.489628409999999903e-02 -2.003981390000000168e-02
1.411010330000000010e+02 7.302241919999999387e-02 3.732922660000000028e-03 -4.437672420000000201e-02 2.075203420000000173e-02 -4.048644650000000206e-02 -1.110906340000000075e-02
1.438055479999999875e+02 7.611958150000000534e-02 2.077891690000000012e-04 -4.372139120000000101e-02 -5.178074460000000288e-03 -2.576050460000000111e-02 1.841295930000000011e-02
1.465126889999999946e+02 7.815819940000000299e-02 4.343735369999999867e-03 -4.036685279999999848e-02 6.871403990000000267e-03 -7.793144919999999906e-03 1.543726789999999918e-02
1.492177979999999877e+02 8.098008489999999893e-02 8.276960829999999159e-03 -2.911101069999999860e-02 2.319655959999999961e-02 2.800069109999999903e-02 -1.352816689999999933e-02
1.519182050000000004e+02 7.634526060000000613e-02 -8.714198440000000016e-04 -8.667658729999999645e-03 -2.633666709999999897e-02 -8.205308399999999835e-03 -2.683009609999999906e-02
1.546158609999999953e+02 7.215018219999999594e-02 -2.384157310000000092e-03 3.067304619999999989e-03 1.660978150000000072e-03 7.365605340000000271e-03 1.245941530000000026e-02
1.573209080000000029e+02 7.131083629999999951e-02 4.163216879999999918e-03 1.191166880000000053e-02 -2.241541359999999969e-02 2.060129919999999920e-02 -3.232455149999999972e-02
1.600302360000000022e+02 6.531967969999999402e-02 3.408423500000000005e-03 3.216743390000000036e-02 -2.291465840000000021e-03 -1.824397779999999830e-02 -4.603955779999999859e-02
1.627307050000000004e+02 6.556241209999999486e-02 1.034794620000000030e-03 3.563985809999999782e-02 -3.573630600000000154e-03 -5.326169909999999702e-02 -2.271940919999999864e-02
1.654362519999999961e+02 6.982821649999999825e-02 -5.373691249999999753e-03 5.441827989999999809e-02 -1.409638019999999957e-02 -3.044563109999999864e-02 4.501277809999999768e-02
1.681400950000000023e+02 5.818586280000000166e-02 -1.665034749999999954e-03 5.528639230000000071e-02 4.961033190000000434e-04 2.790817149999999958e-03 4.951419759999999698e-02
1.708249549999999886e+02 6.422892069999999731e-02 -9.136510549999999134e-03 5.757373870000000171e-02 -1.764765930000000010e-02 4.701679050000000248e-02 2.965407460000000009e-02
1.735286729999999977e+02 7.624822039999999690e-02 -1.148235260000000056e-02 5.165248979999999962e-02 8.606918970000000321e-03 -4.113961160000000061e-02 8.750203770000000193e-04
1.762246580000000051e+02 7.346039619999999992e-02 -2.061464340000000034e-02 4.977225600000000083e-02 -2.561885820000000050e-02 2.673328419999999872e-02 8.426517709999999453e-03
1.789170169999999871e+02 6.823404510000000145e-02 -2.542383290000000198e-03 5.122380919999999782e-02 -1.080218910000000027e-03 -4.032928169999999701e-02 -1.676177380000000092e-02
1.816027359999999931e+02 6.349335840000000508e-02 -6.834496639999999845e-03 5.477529829999999711e-02 -2.773331639999999931e-02 1.106361120000000017e-02 -3.788081009999999960e-03
1.843145480000000020e+02 4.669441609999999687e-02 -1.125485350000000016e-02 6.183281799999999773e-02 -1.128661010000000034e-02 -1.914063780000000055e-03 -1.272059780000000043e-02
1.870257520000000113e+02 4.562287029999999993e-02 2.316075400000000041e-03 6.932172429999999830e-02 1.794315549999999856e-02 2.084844339999999963e-02 -2.421400560000000132e-02
1.897271269999999959e+02 5.968066810000000055e-02 3.786990039999999901e-03 7.463128739999999595e-02 1.079546229999999970e-03 -1.307734789999999946e-02 5.756646170000000173e-02
1.924308139999999980e+02 6.727085780000000015e-02 6.347792120000000492e-04 7.549778819999999890e-02 3.031639889999999948e-02 1.863426929999999898e-02 1.626744239999999841e-02
1.951192200000000128e+02 6.623639909999999575e-02 3.088061159999999812e-03 7.087700969999999323e-02 2.079945450000000168e-02 -9.439296439999999774e-03 6.294104100000000312e-02
1.978301730000000020e+02 6.887591199999999747e-02 -3.356780749999999786e-03 6.940733970000000086e-02 1.232875230000000065e-02 -1.607090400000000044e-02 4.110142029999999669e-02
2.005349390000000085e+02 6.764698719999999443e-02 -4.848778259999999597e-03 5.260819469999999942e-02 -9.681105849999999818e-03 3.360062540000000042e-03 5.807064669999999901e-02
2.032326109999999915e+02 7.021020440000000362e-02 6.957896250000000391e-04 5.172368089999999918e-02 9.377207699999999188e-03 1.551105170000000033e-02 6.126570340000000309e-02
2.059273300000000120e+02 7.620156159999999512e-02 9.044408349999999506e-05 5.742727570000000226e-02 1.034359110000000054e-02 7.907833620000000521e-03 6.262054960000000559e-02
2.086322519999999940e+02 7.854758470000000603e-02 -9.083801880000000675e-03 5.696927400000000030e-02 -8.174755269999999701e-04 4.691564890000000237e-02 3.357815799999999684e-02
2.113246269999999924e+02 7.637512779999999779e-02 -7.115686339999999915e-03 5.353409060000000053e-02 -1.146766029999999985e-02 3.049554549999999864e-02 4.673338030000000198e-02
2.140317359999999951e+02 7.296594709999999762e-02 -2.137577129999999794e-03 5.561180610000000107e-02 1.600658229999999890e-02 -8.464887299999999601e-03 2.741962220000000033e-02
2.167269860000000108e+02 6.408784879999999962e-02 5.761910349999999764e-03 5.514861449999999832e-02 -1.990326970000000015e-02 -1.114551039999999923e-02 -2.188515170000000093e-02
2.194178449999999998e+02 6.517666669999999662e-02 -1.909436420000000089e-03 5.641495600000000221e-02 -2.651884399999999975e-02 -4.521379870000000190e-02 3.411226869999999661e-02
2.221162520000000029e+02 5.583205349999999928e-02 -4.374449570000000197e-03 6.100562460000000242e-02 4.953800500000000127e-03 5.241031329999999711e-02 1.539321150000000013e-02
2.248210479999999905e+02 4.951271439999999774e-02 -1.172431820000000013e-02 6.528209899999999621e-02 7.687917859999999874e-03 3.133815599999999896e-02 1.745538389999999954e-02
2.275330950000000030e+02 4.781533889999999704e-02 -1.216382870000000047e-02 6.493292940000000568e-02 2.203687849999999906e-02 3.730962019999999740e-02 -1.009384990000000010e-02
2.302451890000000105e+02 4.860698769999999974e-02 -7.307034429999999595e-03 7.083989509999999434e-02 -2.400752800000000020e-02 -8.181201880000000745e-03 -2.115717350000000108e-02
2.329508299999999963e+02 5.732935380000000331e-02 -1.207656230000000042e-03 6.586259599999999548e-02 3.302461320000000047e-03 2.028317840000000080e-02 1.908604009999999990e-02
2.356522520000000043e+02 5.253966420000000248e-02 2.350639759999999853e-03 6.373543289999999972e-02 -1.901625300000000032e-02 -2.628628590000000112e-02 1.268437130000000038e-02
2.383530639999999892e+02 5.312152929999999773e-02 -4.547492319999999789e-03 6.613357659999999361e-02 -1.456564800000000048e-02 -1.323786460000000087e-03 2.048766949999999976e-02
2.410507200000000125e+02 5.310089920000000269e-02 -1.278688849999999903e-03 6.788468070000000520e-02 -3.398918480000000242e-02 3.124695959999999884e-02 2.694736600000000037e-02
2.437502360000000010e+02 5.427424310000000113e-02 -4.278676080000000034e-03 6.281031639999999638e-02 -1.471415210000000034e-03 6.903453180000000688e-02 5.879193740000000085e-02
2.464525800000000118e+02 6.181035339999999684e-02 -1.037655840000000071e-03 5.763833659999999942e-02 3.684012989999999911e-03 4.787819549999999813e-02 -6.788902809999999670e-03
2.491472200000000043e+02 5.546447010000000316e-02 -7.215123040000000210e-03 6.981031120000000256e-02 -1.592589919999999951e-02 4.762297620000000009e-02 5.776196210000000136e-02
2.518599230000000091e+02 5.789298749999999966e-02 2.058766589999999879e-04 6.411924889999999488e-02 -7.403471210000000038e-03 2.628808009999999973e-02 2.121931020000000084e-02
2.545478139999999883e+02 5.906106900000000076e-02 -1.521882200000000077e-03 6.425984020000000130e-02 9.184093850000000017e-04 3.190086949999999810e-02 5.237565859999999962e-02
2.572407360000000267e+02 6.197847830000000058e-02 8.557050829999999358e-03 6.113137750000000037e-02 -4.397516070000000122e-04 2.235900459999999937e-02 3.119476959999999827e-02
2.599550639999999930e+02 5.440198639999999780e-02 7.618357499999999817e-03 6.097553869999999820e-02 1.829025520000000056e-03 2.116333230000000051e-02 -4.131692349999999646e-03
2.626540330000000267e+02 6.273350969999999527e-02 1.103104939999999951e-02 5.810223199999999671e-02 1.883101750000000171e-02 3.197612579999999788e-02 1.897769939999999905e-02
2.653568450000000212e+02 7.170869420000000605e-02 6.602954200000000357e-03 5.021407320000000063e-02 1.803992670000000020e-02 -1.720962430000000000e-06 5.695950739999999790e-02
2.680571749999999724e+02 7.406656820000000196e-02 6.161282340000000073e-03 3.592322309999999852e-02 2.307814869999999866e-02 -4.150341480000000025e-04 1.033419569999999982e-01
