# a=0.06709684036033638, b=-140.81240264713117, c=0.0018781217099592797, xi=8.215966596248961
6.891338799999999765e-01 7.116946170000000571e-02 -1.125310239999999934e-02 2.766907210000000075e-02 -3.802075719999999798e-02 -2.283635700000000157e-02 2.629489109999999866e-02
3.397401939999999954e+00 7.958890700000000040e-02 -1.193506119999999948e-02 1.152204329999999971e-02 -2.484781650000000147e-02 -1.668597880000000089e-02 3.248261709999999969e-02
6.090573970000000337e+00 7.826422610000000057e-02 -1.377595149999999956e-02 4.807426860000000093e-03 -4.186912420000000329e-02 -1.890715659999999895e-02 7.823250980000000243e-02
8.793359430000000643e+00 7.426826790000000400e-02 1.681127549999999896e-03 -5.011207890000000183e-05 -1.470252250000000059e-02 1.166988249999999921e-02 6.913525330000000468e-02
1.148572769999999998e+01 7.808244809999999314e-02 9.611475359999999829e-03 -6.952485769999999961e-03 -6.971021810000000221e-03 5.781323459999999567e-03 4.964459229999999834e-02
1.419615899999999975e+01 6.867367300000000452e-02 8.410094660000000735e-03 -3.055850280000000155e-02 -1.986243869999999856e-02 3.001009740000000134e-02 1.508462340000000027e-02
1.690432619999999986e+01 7.326011679999999693e-02 9.355326739999999391e-03 -3.670693590000000117e-02 -4.865013089999999790e-02 2.503943330000000037e-02 -1.037973589999999918e-02
1.959571989999999886e+01 7.255654840000000383e-02 9.831279260000000755e-03 -3.841996109999999687e-02 -3.651485589999999698e-02 1.058518160000000013e-02 -3.749229419999999813e-03
2.229826369999999969e+01 6.818276410000000121e-02 7.752896779999999925e-03 -3.989792489999999942e-02 -4.196387890000000120e-02 -1.974962309999999874e-02 2.593096929999999870e-02
2.498524959999999950e+01 6.625041319999999678e-02 6.884555970000000346e-04 -5.396374889999999702e-02 -2.990624399999999850e-02 -3.154265669999999772e-02 6.529698300000000288e-02
2.768680579999999836e+01 6.287617069999999753e-02 -2.357945320000000202e-03 -4.739823559999999797e-02 -2.696694919999999968e-02 2.820073700000000003e-03 1.535312129999999962e-02
3.039418399999999920e+01 6.274515360000000597e-02 -3.096500690000000139e-03 -5.492069200000000012e-02 -1.630725179999999858e-02 -5.883802409999999705e-03 -9.716831489999999336e-03
3.308089960000000218e+01 5.441788630000000265e-02 -6.503897310000000299e-03 -5.917032049999999821e-02 2.872273109999999921e-02 -4.911444029999999933e-03 -3.579739379999999967e-03
3.578419490000000280e+01 5.086973659999999980e-02 1.467676289999999932e-03 -5.869889980000000257e-02 3.023654599999999956e-02 -3.502402439999999922e-02 -4.511201830000000079e-02
3.849016209999999916e+01 5.276254930000000287e-02 -1.253800860000000043e-03 -6.794189790000000617e-02 -4.166519340000000154e-02 -1.273003950000000002e-02 -1.052136549999999927e-02
4.119255429999999762e+01 5.501742999999999911e-02 2.364224539999999850e-03 -6.567452819999999858e-02 8.780085660000000805e-03 -8.697885079999999498e-04 -2.335559540000000083e-03
4.390131519999999909e+01 5.257567350000000306e-02 2.915060949999999807e-03 -7.451918679999999795e-02 -9.038966929999999594e-03 -3.369288639999999668e-02 -2.110273639999999881e-02
4.659602459999999979e+01 5.864539659999999655e-02 1.821784460000000017e-03 -6.267681379999999469e-02 3.712107950000000101e-02 5.005460689999999963e-02 -2.491182080000000146e-02
4.928127930000000134e+01 6.261323809999999601e-02 -1.363698929999999964e-03 -5.608562699999999901e-02 -1.587406759999999972e-02 1.599972679999999911e-02 -1.867808149999999889e-02
5.197887149999999679e+01 6.979271160000000140e-02 7.859777300000000619e-03 -5.491861969999999732e-02 2.532504169999999846e-02 9.352751649999999431e-03 -7.187015550000000474e-02
5.467662299999999931e+01 6.149080430000000014e-02 -3.439211970000000205e-03 -5.908453799999999895e-02 -6.347349430000000237e-02 -1.283884279999999989e-02 -6.185389189999999926e-02
5.736449180000000325e+01 5.325583750000000005e-02 -1.424323109999999903e-03 -5.073225070000000198e-02 -1.648973520000000109e-02 1.471109110000000039e-02 -2.549736299999999858e-02
6.006991990000000214e+01 4.603875019999999901e-02 4.329464380000000098e-03 -6.714286519999999869e-02 -4.064091069999999778e-02 2.052338500000000076e-03 -6.133725990000000322e-02
6.276019800000000259e+01 4.687121179999999970e-02 1.050936360000000007e-02 -7.389250969999999752e-02 -5.600411559999999948e-03 -1.797843860000000044e-02 -4.537631999999999777e-03
6.545175270000000012e+01 5.694762920000000228e-02 9.383243280000000061e-03 -6.659961220000000515e-02 5.177970569999999773e-02 1.382552870000000080e-02 -5.506598700000000374e-03
6.814659650000000113e+01 6.433421050000000252e-02 7.553983750000000264e-04 -6.707733109999999832e-02 6.112355159999999926e-02 -9.461637230000000121e-03 -8.149756319999999776e-03
7.085391830000000368e+01 6.756340260000000264e-02 -2.351563479999999907e-03 -5.463382049999999934e-02 5.222750990000000343e-02 4.558066699999999832e-02 1.706244170000000004e-02
7.356103400000000647e+01 4.927809360000000305e-02 -4.619754820000000414e-03 -6.297662760000000137e-02 1.666092359999999870e-02 -2.861758769999999882e-02 1.433721829999999933e-03
7.626183240000000296e+01 5.200877689999999776e-02 -3.552406079999999820e-03 -6.135990069999999741e-02 -4.976264959999999841e-03 5.765993379999999856e-03 2.683242409999999842e-03
7.896451679999999840e+01 5.870273119999999678e-02 -2.134721400000000151e-03 -5.460557619999999862e-02 8.641876689999999570e-03 -4.867276040000000081e-03 3.853319430000000140e-04
8.166487929999999551e+01 5.255244130000000236e-02 -4.400616350000000109e-04 -5.879038050000000293e-02 -1.398940329999999975e-02 3.300936909999999808e-03 -2.169946920000000168e-02
8.437084330000000421e+01 3.852569930000000059e-02 -2.255788759999999889e-03 -6.289576439999999824e-02 -2.020437419999999984e-02 3.845307199999999787e-02 -3.442938279999999823e-02
8.706948869999999374e+01 3.568966149999999726e-02 -6.470904440000000389e-03 -7.326095009999999963e-02 -3.622840689999999846e-03 -2.166319790000000023e-02 -3.987762999999999725e-02
8.976785429999999621e+01 4.433268159999999986e-02 -6.947916460000000058e-03 -6.781694870000000430e-02 7.594170929999999667e-03 -9.741653609999999588e-03 1.769418700000000011e-02
9.247359330000000455e+01 4.917146380000000233e-02 7.129960560000000221e-04 -6.888640769999999913e-02 1.931207630000000147e-02 -8.786354649999999697e-03 -3.682520520000000241e-02
9.517873240000000123e+01 4.696499789999999952e-02 -1.721285280000000098e-03 -6.959817960000000414e-02 6.146092460000000118e-02 2.753748010000000093e-02 8.867219310000000465e-03
9.788942149999999742e+01 4.663155389999999734e-02 9.525501060000000214e-03 -6.832877380000000611e-02 4.978535430000000095e-02 -1.697413429999999890e-02 -3.023099200000000080e-03
1.005959139999999934e+02 4.900745859999999787e-02 6.698434399999999775e-03 -6.762864470000000405e-02 1.092232119999999966e-02 1.349510509999999990e-02 -2.801069119999999996e-02
1.032947110000000066e+02 4.384558000000000205e-02 5.472675080000000310e-03 -6.622513219999999479e-02 1.606940160000000159e-02 1.422461610000000029e-02 -4.916260719999999973e-02
1.059877419999999972e+02 4.815502499999999714e-02 7.911539190000000527e-03 -6.064049059999999935e-02 2.269118150000000098e-02 2.433623080000000063e-02 -2.800961119999999943e-02
1.087067109999999985e+02 4.588895569999999757e-02 3.422870189999999840e-03 -6.045878050000000337e-02 1.257621350000000075e-02 -5.711369489999999771e-03 -1.946999690000000144e-02
1.114150539999999978e+02 4.653348549999999917e-02 2.982194919999999871e-03 -6.372747419999999496e-02 1.241465029999999983e-02 3.764899260000000199e-03 7.057268649999999745e-06
1.141072419999999994e+02 4.807079980000000113e-02 -2.448631010000000118e-03 -6.189177419999999930e-02 2.740081570000000091e-02 1.167885639999999975e-02 9.993059789999999762e-03
1.168190539999999942e+02 4.859864440000000174e-02 2.796938190000000006e-04 -7.535585409999999429e-02 -1.124314409999999965e-02 -3.142854049999999847e-03 -1.682777319999999993e-02
1.195172259999999937e+02 5.673469400000000218e-02 -2.407626510000000081e-03 -7.730488200000000532e-02 1.763515059999999982e-02 -3.618380039999999874e-03 -1.237437499999999996e-02
1.222289449999999960e+02 5.664727929999999884e-02 -2.559584489999999941e-03 -7.071261930000000140e-02 -1.308752010000000009e-03 -2.147548530000000042e-03 -2.281101149999999883e-02
1.249180230000000051e+02 5.296906280000000106e-02 -2.832033339999999802e-03 -6.143821170000000192e-02 4.884938600000000158e-02 -1.008548610000000074e-02 -2.415477759999999988e-02
1.276319610000000040e+02 5.854818450000000285e-02 -2.403822979999999890e-03 -6.026234009999999891e-02 -9.819543769999999547e-03 1.970683770000000029e-02 -2.994092289999999990e-02
1.303416320000000042e+02 5.860123119999999936e-02 -5.530956919999999860e-03 -4.662078360000000005e-02 -4.224842280000000103e-03 6.274308479999999959e-03 -4.394082030000000250e-02
1.330245700000000113e+02 5.843865969999999938e-02 -4.090799019999999918e-03 -4.955338139999999891e-02 1.184264450000000087e-02 4.038640219999999753e-02 6.733579739999999599e-03
1.357307889999999873e+02 7.545482679999999942e-02 -5.108412110000000103e-03 -3.069232129999999864e-02 -3.596403289999999895e-03 1.032727049999999924e-02 1.271007130000000040e-02
1.384361480000000029e+02 7.031991090000000444e-02 -5.316998279999999612e-03 -2.238709950000000032e-02 -4.362013530000000139e-02 -4.668513319999999939e-02 -2.452603100000000022e-02
1.411115069999999889e+02 6.949147830000000636e-02 -5.411473029999999858e-03 1.606936829999999934e-03 -2.842365000000000169e-02 -5.619299319999999931e-03 5.546314460000000002e-02
1.437958979999999940e+02 6.718994699999999987e-02 -8.764572830000000358e-04 2.969354360000000040e-02 -5.100756920000000354e-03 -5.606114990000000096e-03 2.438376189999999846e-02
1.464873359999999991e+02 7.133387680000000119e-02 -1.984948580000000119e-03 4.293559529999999708e-02 -3.390025440000000306e-02 -3.404130970000000117e-02 6.088340390000000074e-02
1.491864919999999870e+02 6.251988629999999381e-02 2.870353759999999966e-03 5.348942730000000312e-02 -2.840455620000000014e-02 -3.456116800000000322e-02 3.929734170000000193e-02
1.518861320000000035e+02 5.532990480000000294e-02 4.466845300000000206e-03 5.687341299999999766e-02 -2.887601559999999901e-02 -1.558218320000000039e-02 2.933165800000000004e-02
1.545807110000000080e+02 5.002724859999999746e-02 -3.688994880000000080e-03 6.253822300000000389e-02 -9.667726300000000286e-03 8.938110230000000794e-03 2.524350389999999861e-02
1.572956169999999929e+02 4.679604350000000218e-02 1.342636909999999966e-03 6.723776569999999342e-02 1.024474600000000075e-02 1.259618810000000082e-02 2.516920309999999897e-02
1.599964139999999873e+02 4.055544610000000327e-02 -5.983604089999999646e-03 6.889236880000000618e-02 2.456399780000000088e-03 5.609300849999999949e-02 3.504228599999999888e-02
1.626951640000000054e+02 3.382717600000000047e-02 -8.606936929999999897e-04 7.212226119999999574e-02 -2.343358580000000010e-02 4.072550379999999998e-02 1.643470290000000056e-02
1.653813670000000116e+02 3.437413610000000092e-02 -9.333688089999999781e-04 7.111128769999999766e-02 -2.760147069999999841e-02 3.149379950000000261e-02 4.325474609999999803e-02
1.680897109999999941e+02 2.356612320000000052e-02 1.038216479999999955e-02 7.941779329999999748e-02 -3.729474659999999948e-03 -2.431107100000000094e-03 2.889887290000000067e-02
1.707847109999999873e+02 1.928492580000000164e-02 1.706036810000000070e-02 8.679855290000000612e-02 -1.368360950000000083e-02 -2.000147739999999855e-02 -1.221486989999999960e-02
1.734891639999999882e+02 1.789363550000000122e-02 6.959821570000000041e-03 8.711557740000000494e-02 1.238009150000000079e-02 4.745037910000000220e-02 9.845191130000000013e-03
1.761852570000000071e+02 2.792426259999999938e-02 4.038289100000000062e-03 8.563383659999999897e-02 2.078567409999999838e-02 1.324488090000000041e-03 5.051766150000000337e-03
1.788954760000000022e+02 3.286410409999999949e-02 -2.085541949999999891e-03 7.343737229999999783e-02 4.768967860000000031e-02 1.229416430000000032e-02 -3.663420659999999662e-02
1.816002110000000016e+02 4.532740390000000036e-02 -7.075339919999999727e-03 6.677794369999999480e-02 1.847706390000000004e-02 -5.156043489999999688e-03 9.332655299999999265e-03
1.843167730000000120e+02 4.724099429999999850e-02 -3.561274760000000122e-03 7.194012660000000114e-02 3.873265599999999725e-02 -3.290381960000000189e-02 -1.335823520000000049e-02
1.870308359999999936e+02 4.023035820000000345e-02 -4.664917789999999641e-03 7.129520879999999561e-02 1.825025250000000127e-02 -3.999589960000000076e-03 5.654364410000000361e-03
1.897395229999999913e+02 4.769673859999999654e-02 -7.605079669999999757e-03 6.940072369999999990e-02 1.591938990000000068e-02 4.260979200000000050e-02 -2.967549419999999938e-02
1.924518820000000119e+02 4.773364809999999792e-02 -6.976205119999999600e-03 6.696644109999999595e-02 1.504734240000000015e-02 3.514255510000000027e-02 -4.341026910000000266e-02
1.951537889999999891e+02 3.159372199999999770e-02 -2.383777440000000095e-03 7.769701419999999747e-02 8.538241179999999514e-03 -2.932169570000000072e-02 -2.662658379999999908e-02
1.978514610000000005e+02 2.978454950000000018e-02 3.936389190000000315e-03 8.173379050000000035e-02 2.164511190000000147e-03 -2.329602440000000038e-02 2.981899509999999878e-02
2.005588199999999972e+02 4.196353240000000318e-02 -2.745382670000000129e-03 7.259329039999999622e-02 2.252442719999999884e-02 -5.852896650000000145e-02 3.492309710000000150e-02
2.032586009999999987e+02 4.484835890000000297e-02 1.109606709999999942e-03 7.132120479999999596e-02 -4.053158839999999874e-02 -1.059350359999999998e-02 1.215847389999999938e-02
2.059725229999999954e+02 4.975876569999999888e-02 -1.094413470000000100e-03 5.588781959999999938e-02 -8.412448810000000554e-03 -3.634117960000000230e-02 -2.435171049999999837e-02
2.086612419999999872e+02 4.127540749999999981e-02 -8.778782509999999428e-03 6.326297540000000441e-02 -9.390671800000000013e-03 7.565166310000000401e-03 7.403457380000000310e-02
2.113605389999999886e+02 4.255264069999999815e-02 3.483846860000000111e-03 5.513845989999999891e-02 -3.605793170000000120e-03 3.292385389999999954e-04 3.947264659999999772e-03
2.140554759999999987e+02 3.606408230000000131e-02 1.030233550000000074e-02 6.076514350000000037e-02 6.230470549999999642e-03 1.598023559999999996e-02 5.855838249999999884e-02
2.167521639999999934e+02 3.874634639999999935e-02 3.745899420000000073e-03 5.756499219999999806e-02 1.308246750000000014e-02 9.965353349999999614e-04 -1.596677850000000065e-02
2.194544759999999997e+02 4.737191529999999762e-02 6.931429639999999684e-05 5.253506670000000073e-02 -1.106834339999999972e-02 -2.441210660000000046e-03 3.963418910000000156e-02
2.221479759999999999e+02 5.122952540000000332e-02 2.843675620000000060e-03 5.129328639999999884e-02 -1.086041029999999970e-02 -3.989233620000000313e-02 6.639440120000000313e-03
2.248497570000000110e+02 5.558253199999999700e-02 2.245836900000000060e-03 6.148206290000000213e-02 1.358011809999999913e-03 2.741727379999999922e-02 4.209683329999999724e-02
2.275335389999999904e+02 5.877107969999999931e-02 -2.402867700000000176e-03 6.163009740000000014e-02 -9.588541670000000697e-03 1.412975969999999935e-02 3.374960839999999879e-02
2.302299610000000030e+02 5.204044540000000302e-02 4.620120959999999763e-03 6.756302969999999908e-02 2.663939879999999844e-02 -2.564790919999999919e-02 4.284360909999999911e-02
2.329299760000000106e+02 5.682473569999999669e-02 8.245553989999999597e-03 6.313081319999999663e-02 3.305353839999999876e-02 -4.827937289999999909e-02 4.231132170000000137e-02
2.356376170000000059e+02 5.394038030000000011e-02 1.059516060000000037e-02 6.809361090000000394e-02 1.423895359999999971e-02 3.094810879999999875e-02 3.618843909999999719e-02
2.383529760000000124e+02 5.119337060000000300e-02 -5.263300470000000127e-03 6.158523459999999672e-02 5.048516699999999746e-02 -2.784915669999999885e-02 1.629373829999999912e-02
2.410435860000000048e+02 5.546822690000000056e-02 4.865324909999999697e-03 5.892167529999999681e-02 -2.081129790000000018e-03 1.590899000000000132e-02 -5.207791500000000413e-03
2.437567259999999862e+02 6.201617269999999682e-02 9.364145169999999255e-03 5.579196630000000240e-02 1.351992079999999978e-02 1.467513649999999982e-02 2.475540279999999954e-02
2.464575389999999970e+02 6.888074969999999353e-02 1.395340140000000083e-02 4.968928699999999865e-02 2.694984400000000058e-02 -9.199702089999999347e-03 2.281293259999999865e-02
2.491631169999999997e+02 6.421522259999999649e-02 1.498973489999999922e-02 3.845751120000000245e-02 -4.853483260000000278e-03 -2.336004479999999849e-03 -2.365693450000000073e-02
2.518543200000000013e+02 5.580180140000000344e-02 1.998349539999999883e-02 3.561914959999999686e-02 3.753648320000000076e-03 -2.145005410000000098e-02 1.702784099999999842e-02
2.545467260000000067e+02 5.913052280000000160e-02 2.738770239999999828e-02 4.921107450000000022e-02 2.264351180000000099e-03 -1.466374609999999967e-02 1.406967840000000053e-02
2.572499290000000087e+02 5.996290249999999822e-02 1.749305710000000069e-02 5.270358210000000015e-02 -2.937833490000000040e-04 -6.834139179999999640e-03 3.244697960000000186e-02
2.599655700000000138e+02 5.678421510000000033e-02 1.131217600000000018e-02 6.871850390000000530e-02 4.543274740000000089e-02 5.561406629999999726e-03 -2.174699370000000159e-02
2.626510860000000207e+02 5.898789029999999822e-02 4.509576359999999812e-03 5.737615699999999708e-02 2.572349950000000010e-02 -2.127759999999999808e-03 2.140100680000000047e-02
2.653667419999999879e+02 6.404093430000000475e-02 -1.154551850000000044e-04 4.324377289999999791e-02 -3.287899200000000272e-02 2.763443900000000022e-02 9.760034489999999674e-03
2.680652380000000221e+02 6.668653830000000060e-02 -5.941116009999999718e-03 3.884703180000000089e-02 -3.420513580000000137e-02 9.062362339999999747e-04 3.036053260000000018e-02
