# a=0.060754742401920116, b=-146.2378055623948, c=-0.0017327733782552877, xi=10.296235412332784
6.885013530000000381e-01 6.482154419999999750e-02 1.139708610000000032e-02 6.084545920000000024e-02 2.986900289999999940e-03 4.173018629999999951e-02 4.097969440000000241e-02
3.390189649999999943e+00 6.904243919999999979e-02 1.281575840000000015e-02 5.447658689999999859e-02 1.766841679999999956e-02 3.087112610000000007e-02 7.842917900000000164e-02
6.080854020000000304e+00 7.444324039999999920e-02 1.733009040000000126e-02 4.538197869999999884e-02 -1.491850919999999914e-02 4.695307349999999769e-02 8.957884879999999939e-02
8.765661059999999338e+00 8.100302569999999480e-02 1.489997019999999943e-02 1.486719010000000021e-02 -1.987726709999999841e-02 1.865439810000000045e-02 5.211617240000000068e-02
1.145737309999999987e+01 6.704601749999999916e-02 2.617045759999999874e-02 -3.341583450000000120e-04 -1.436610200000000039e-02 4.190197169999999860e-03 1.624690750000000114e-02
1.415701999999999927e+01 6.980740789999999307e-02 3.195535459999999939e-02 -1.573308149999999919e-02 1.020440440000000039e-02 1.417330139999999940e-02 -3.734900979999999926e-02
1.685507780000000011e+01 6.985378640000000638e-02 2.436333040000000089e-02 -3.089425709999999922e-02 1.159737589999999992e-02 -2.542781790000000000e-02 -4.938257199999999958e-02
1.955446059999999875e+01 7.316273809999999933e-02 1.737139399999999834e-02 -3.748044939999999742e-02 2.714688230000000119e-02 -1.377549789999999927e-02 -2.108007409999999859e-02
2.225345430000000135e+01 6.180360389999999676e-02 9.070856320000000861e-03 -4.362094999999999861e-02 2.842428649999999973e-02 1.987181569999999994e-02 -1.286087869999999987e-02
2.496070279999999997e+01 5.865200150000000195e-02 5.444992850000000134e-03 -5.209188580000000124e-02 5.016403489999999785e-03 -4.033730060000000051e-05 -3.246376909999999782e-02
2.765891999999999840e+01 6.042419699999999894e-02 7.045589439999999648e-03 -6.761491029999999736e-02 1.054637899999999982e-02 3.865855619999999937e-02 -1.203855520000000033e-02
3.037476219999999927e+01 5.388721309999999765e-02 3.864722790000000002e-03 -7.370642730000000198e-02 4.185493829999999832e-02 4.286776789999999920e-02 -9.599303159999999363e-03
3.307076219999999722e+01 5.071458200000000111e-02 2.753873659999999963e-03 -8.367872079999999491e-02 7.894097600000000298e-03 2.293238189999999982e-02 -7.727379280000000114e-03
3.578086679999999831e+01 4.917007109999999709e-02 -2.962911820000000123e-03 -7.691421760000000107e-02 1.526918659999999903e-03 -3.581604819999999884e-02 -9.017520019999999276e-03
3.848742620000000159e+01 5.772112310000000052e-02 -4.180214179999999953e-03 -7.348782719999999435e-02 7.910466819999999871e-03 -5.103411800000000331e-02 -8.633491660000000567e-02
4.118227929999999759e+01 6.461505010000000160e-02 -1.566435110000000130e-02 -6.654387100000000443e-02 1.218234489999999934e-02 -4.395263919999999741e-02 -2.429110370000000033e-02
4.388718250000000154e+01 5.255915120000000107e-02 -5.344559769999999987e-03 -5.704412539999999948e-02 2.317344379999999870e-02 1.490223270000000030e-02 -2.610894890000000149e-02
4.659234969999999976e+01 6.183441630000000022e-02 -5.022866120000000351e-03 -6.427172640000000658e-02 2.697806000000000162e-02 1.282836589999999943e-02 -2.293289470000000121e-02
4.930319180000000046e+01 5.803134759999999809e-02 -2.152435890000000199e-03 -7.077452409999999972e-02 5.132681929999999976e-02 -3.259562970000000164e-03 -4.901639919999999789e-02
5.200549649999999957e+01 6.118990440000000169e-02 2.842258079999999965e-03 -5.859732849999999688e-02 1.527827170000000019e-02 -1.889591360000000136e-02 -4.753003590000000333e-02
5.471516369999999796e+01 5.745520199999999689e-02 8.962828239999999849e-03 -6.512706910000000404e-02 1.967487999999999876e-02 1.575358740000000132e-02 -7.934866799999999720e-02
5.741003090000000242e+01 6.131943189999999877e-02 9.039949740000000761e-03 -7.064160599999999568e-02 1.210399390000000026e-02 1.633944019999999941e-02 -8.822091320000000070e-02
6.010992000000000246e+01 6.077520339999999827e-02 4.384198289999999992e-04 -6.797381869999999382e-02 9.739234919999999185e-03 3.252140969999999659e-02 -1.037558650000000061e-02
6.281112619999999680e+01 5.776134680000000188e-02 3.468742280000000101e-03 -6.943081600000000631e-02 2.832089739999999953e-02 -2.853816129999999993e-02 -7.431997140000000390e-02
6.550752149999999574e+01 6.448051100000000424e-02 -4.099465680000000155e-04 -6.970676110000000036e-02 1.614651049999999907e-02 -4.370549940000000022e-02 5.290872440000000260e-04
6.820871370000000411e+01 6.550933030000000157e-02 1.074527710000000016e-03 -6.226116780000000295e-02 1.150029869999999975e-02 -1.994008300000000081e-02 -6.014591600000000066e-02
7.090297459999999319e+01 7.394355839999999791e-02 2.624036959999999797e-03 -6.166360740000000062e-02 2.930234589999999861e-02 -4.751823990000000192e-02 -5.281112759999999698e-03
7.360322309999999391e+01 6.837554040000000388e-02 1.143993559999999937e-02 -6.372258549999999799e-02 2.793675680000000123e-03 -3.892277479999999706e-02 -4.496197130000000042e-02
7.629493089999999711e+01 6.076445059999999870e-02 1.888520009999999916e-02 -6.174367359999999999e-02 -4.695460119999999779e-03 -3.106116280000000094e-03 -4.957654409999999803e-03
7.901087929999999915e+01 6.338562009999999802e-02 8.358146929999999211e-03 -5.986970949999999986e-02 4.929857790000000128e-02 -2.045397139999999975e-02 -5.033534010000000058e-02
8.170538399999999513e+01 6.412972420000000173e-02 8.134937579999999488e-03 -6.398530040000000030e-02 5.004426339999999696e-03 2.535083520000000132e-02 -1.282879670000000062e-02
8.440808400000000233e+01 5.533473619999999815e-02 3.460898290000000155e-03 -6.506911569999999922e-02 2.376709119999999807e-03 -1.079192080000000026e-02 -6.007709209999999994e-02
8.710554650000000265e+01 6.013076800000000111e-02 1.433712619999999958e-02 -6.798417449999999418e-02 3.426534030000000230e-02 -4.542798810000000034e-03 -1.192901600000000062e-02
8.980900590000000250e+01 6.012327029999999656e-02 1.530424650000000025e-02 -6.251527269999999914e-02 -8.739241919999999816e-03 6.110208060000000413e-03 -4.840930859999999919e-02
9.249759969999999498e+01 6.376708909999999342e-02 1.472989079999999923e-02 -6.173456950000000276e-02 -3.363570670000000113e-03 1.268706569999999978e-03 -6.845296739999999491e-02
9.519484339999999634e+01 6.739698239999999951e-02 1.885894349999999928e-02 -5.619393799999999883e-02 -2.181132330000000105e-02 2.506159120000000032e-02 -2.187737910000000022e-02
9.789186840000000700e+01 6.307483210000000562e-02 2.124209850000000066e-02 -6.055894850000000107e-02 2.029130479999999900e-03 -9.047436169999999167e-03 -5.676538469999999753e-02
1.005923860000000047e+02 5.900063290000000238e-02 1.063347610000000068e-02 -5.389032700000000176e-02 8.529452090000000375e-03 -3.904437509999999882e-03 -8.057022099999999742e-02
1.032935420000000022e+02 6.284095839999999378e-02 7.421090810000000211e-03 -5.535952610000000051e-02 3.397152960000000138e-03 3.221966350000000229e-02 -3.569164510000000234e-02
1.060004789999999986e+02 6.288686220000000437e-02 8.089395489999999869e-03 -5.506320289999999673e-02 1.095291710000000085e-02 -8.801239129999999244e-03 -6.628251940000000342e-02
1.087004790000000014e+02 6.703265540000000189e-02 5.925646489999999685e-04 -5.072204450000000059e-02 -2.859282439999999859e-03 -4.797947829999999608e-03 -1.284264450000000002e-01
1.113922919999999976e+02 7.230143910000000340e-02 -7.229132329999999641e-03 -5.647704089999999733e-02 -1.846722630000000032e-02 4.375402629999999848e-02 -3.243304830000000305e-02
1.140939010000000025e+02 6.279214750000000622e-02 -5.853333739999999705e-04 -7.033166100000000365e-02 5.375365000000000004e-03 1.293148279999999962e-02 -9.259530159999999899e-02
1.167951199999999972e+02 5.275742299999999774e-02 -5.234462629999999707e-03 -7.175389179999999700e-02 1.276794640000000064e-02 6.778924430000000424e-03 -9.084945110000000601e-02
1.195008540000000039e+02 6.219044989999999995e-02 4.459996459999999822e-03 -6.897672609999999649e-02 8.657352159999999464e-03 2.679961900000000109e-03 -6.364119899999999552e-02
1.222042919999999953e+02 7.055362290000000147e-02 -8.442819680000000380e-04 -7.066882489999999628e-02 -2.200703589999999932e-02 9.140832090000000285e-03 -7.452253899999999875e-02
1.249075890000000015e+02 6.996865609999999847e-02 6.675822480000000343e-03 -7.208416559999999973e-02 -1.327338850000000028e-02 4.446300920000000045e-02 -5.864601879999999795e-02
1.276054479999999955e+02 5.183733480000000254e-02 5.548202319999999930e-03 -6.602712489999999768e-02 3.425150100000000104e-03 -1.782089720000000141e-02 -2.409356409999999921e-02
1.303161670000000072e+02 4.957576429999999840e-02 4.585331990000000163e-03 -5.733742380000000222e-02 -1.131366499999999923e-03 -1.182298640000000074e-02 -3.317334059999999668e-02
1.330118070000000046e+02 6.468128820000000612e-02 -6.537378190000000264e-04 -5.565429899999999735e-02 7.223930540000000379e-03 3.458029809999999676e-02 -3.266446840000000046e-02
1.357055890000000034e+02 7.006144779999999572e-02 -4.058435039999999834e-03 -4.628006469999999817e-02 3.972109990000000090e-02 1.563646020000000053e-02 -2.547530989999999967e-02
1.384107290000000035e+02 7.221807930000000153e-02 2.926314029999999862e-05 -3.083729300000000173e-02 3.346770579999999717e-02 -1.569076650000000156e-02 -2.182404829999999921e-03
1.411109319999999911e+02 6.711093240000000348e-02 1.073421449999999904e-03 -2.421930779999999922e-02 3.744098180000000192e-02 2.500034810000000170e-03 -3.221936470000000274e-02
1.438050729999999930e+02 7.896108039999999439e-02 9.005918309999999538e-03 -1.010927319999999942e-02 -6.133126350000000365e-03 2.244901360000000137e-02 1.572105370000000113e-02
1.465071979999999883e+02 7.288481920000000613e-02 5.171811450000000053e-03 -8.959954830000000162e-03 -3.082829139999999912e-02 2.703234209999999874e-02 -1.093310450000000052e-02
1.492091360000000009e+02 6.739290779999999870e-02 1.050831309999999963e-02 4.714960469999999668e-03 -5.845398360000000210e-02 -2.276639509999999963e-02 -1.568765999999999911e-02
1.519097759999999937e+02 5.977653649999999791e-02 7.836862470000000719e-03 2.103481869999999920e-02 -6.658272099999999749e-02 -1.318587910000000064e-02 -2.915680600000000039e-02
1.546129170000000101e+02 5.954365660000000143e-02 2.005552749999999895e-03 4.794108250000000265e-02 -7.450810950000000266e-02 -2.448522950000000045e-02 -5.029570829999999854e-02
1.573207449999999881e+02 6.582119579999999581e-02 3.238985169999999969e-03 5.454876200000000064e-02 -9.104518890000000420e-02 -2.185589279999999857e-02 -5.442767899999999964e-02
1.599999789999999962e+02 6.786015030000000503e-02 4.988126950000000386e-03 5.865385420000000100e-02 -6.098853409999999836e-02 -3.545010299999999670e-02 -1.053657250000000073e-02
1.627016040000000032e+02 6.327787980000000589e-02 9.125583120000000867e-03 6.147039609999999793e-02 -2.350362580000000048e-02 -1.080141159999999968e-02 -2.263183920000000002e-02
1.653999790000000019e+02 6.400325460000000355e-02 -1.777991150000000084e-03 6.067726529999999813e-02 7.179380719999999688e-03 -1.145894629999999990e-02 3.635471209999999870e-02
1.681009640000000047e+02 6.725604239999999345e-02 1.666503290000000094e-03 4.816382849999999854e-02 1.079975539999999956e-02 2.910390150000000120e-02 1.130085060000000051e-02
1.708122290000000021e+02 7.195679430000000154e-02 6.971255239999999895e-03 5.063939800000000213e-02 -3.091394999999999907e-02 -2.872961489999999868e-02 -6.824444209999999678e-02
1.735049480000000131e+02 7.704916639999999373e-02 9.380037839999999169e-03 5.210012039999999817e-02 -4.903719349999999949e-02 -5.253984920000000225e-02 -2.440761500000000056e-02
1.761934320000000014e+02 6.591196539999999437e-02 -2.815156750000000121e-03 5.598054429999999720e-02 4.110227909999999985e-03 -2.287096989999999955e-02 -8.389817250000000670e-03
1.788979640000000018e+02 6.249175879999999822e-02 5.124543730000000186e-03 6.028979710000000047e-02 -3.961038680000000117e-02 1.948146339999999935e-02 -4.029337820000000042e-02
1.815970419999999876e+02 6.223888529999999780e-02 -7.668962650000000093e-04 6.765549969999999635e-02 -8.781015979999999208e-03 -1.742457050000000007e-02 -5.522154740000000117e-03
1.842958069999999964e+02 6.684814029999999740e-02 -1.220791099999999968e-03 6.256042920000000340e-02 -2.641625510000000093e-02 2.075313339999999840e-02 1.833183450000000145e-02
1.869973860000000059e+02 6.939342399999999522e-02 -1.293881969999999965e-02 5.504341050000000068e-02 -3.609575759999999849e-03 9.882315519999999951e-05 3.689880579999999660e-02
1.896993539999999996e+02 6.687473339999999711e-02 -2.295760280000000170e-03 5.160524400000000150e-02 6.736270540000000376e-03 2.707215660000000107e-02 1.929123160000000003e-02
1.924073390000000074e+02 6.652397070000000412e-02 -6.937713429999999666e-04 5.675231380000000242e-02 -1.138406429999999983e-02 -2.116369769999999848e-03 -2.776647960000000210e-03
1.951111040000000116e+02 5.925315030000000149e-02 -7.133133649999999840e-03 6.034730220000000117e-02 3.359046970000000108e-03 3.618853239999999909e-03 -2.617635670000000025e-02
1.978023860000000127e+02 6.554724559999999811e-02 -5.683842379999999930e-03 5.668955879999999781e-02 -2.861096029999999832e-02 2.545514280000000032e-02 6.636185040000000014e-03
2.005060259999999914e+02 6.682870879999999736e-02 -5.951108899999999965e-03 4.806644110000000275e-02 -5.621816030000000020e-02 8.649441060000000528e-03 5.728318880000000425e-03
2.031960259999999892e+02 7.145320389999999799e-02 -1.229125910000000016e-04 4.453305529999999901e-02 -8.625230259999999705e-02 -6.450013269999999889e-03 2.274172719999999898e-02
2.058881360000000029e+02 6.878791289999999781e-02 7.785673889999999812e-03 5.365836420000000273e-02 -5.085125620000000013e-02 2.911298370000000094e-02 5.468943440000000045e-02
2.085807609999999954e+02 6.445159540000000575e-02 8.796391809999999992e-03 5.484196920000000003e-02 -1.942571839999999994e-02 3.018494719999999937e-02 3.173968220000000090e-03
2.112773699999999906e+02 6.002487969999999867e-02 1.337483949999999921e-02 6.184713409999999939e-02 -2.949941069999999915e-02 6.897483660000000225e-03 -1.369345469999999967e-02
2.139682449999999960e+02 6.390671109999999933e-02 6.846757929999999943e-03 6.486790000000000611e-02 -1.433133749999999929e-02 -2.333374950000000059e-02 8.274271370000000833e-03
2.166783700000000010e+02 7.202151900000000606e-02 1.229591959999999998e-02 5.969725270000000167e-02 -5.678895660000000262e-02 4.662792000000000325e-02 1.809654620000000075e-02
2.193802290000000141e+02 6.625984599999999725e-02 1.246571280000000059e-02 6.511575769999999874e-02 -5.238612559999999974e-02 2.725174260000000001e-02 1.143703000000000081e-02
2.220759639999999990e+02 5.836004090000000005e-02 9.282274409999999309e-03 5.656441190000000008e-02 -6.321157809999999877e-02 1.621735709999999955e-02 2.381156779999999903e-02
2.247931670000000111e+02 5.630864380000000224e-02 -5.505237199999999699e-04 6.511224470000000208e-02 -7.074164970000000607e-02 4.369712010000000035e-02 -2.372844639999999866e-02
2.274837919999999940e+02 5.362849060000000195e-02 -2.334642459999999951e-03 7.986615489999999984e-02 -6.799147269999999965e-02 -2.996527469999999901e-02 -1.526750990000000016e-02
2.301990260000000035e+02 5.755715460000000033e-02 -3.956346769999999867e-03 7.491836899999999855e-02 -9.707725749999999987e-02 -3.559735409999999906e-02 -3.908867709999999662e-02
2.329098860000000002e+02 5.714020400000000000e-02 -2.723334090000000072e-03 7.877232600000000362e-02 -4.448913720000000072e-02 -2.754434279999999971e-02 -3.234335509999999858e-02
2.356114479999999958e+02 6.160210440000000315e-02 1.292089900000000045e-03 6.981209480000000189e-02 -1.557123950000000034e-02 -2.401862579999999858e-02 -4.654934229999999756e-02
2.383183070000000043e+02 5.578826700000000249e-02 -4.489686359999999973e-03 6.240313589999999661e-02 6.414041920000000327e-03 1.084980080000000043e-03 -5.386080459999999931e-02
2.410178390000000093e+02 6.279772590000000376e-02 1.424158999999999928e-03 6.637845550000000261e-02 -2.590931080000000164e-02 -3.094541890000000045e-02 -4.492857590000000345e-02
2.437222610000000032e+02 6.875534070000000053e-02 -1.094043619999999963e-03 6.030036059999999837e-02 -8.572370199999999885e-02 -2.972333519999999923e-02 1.289580180000000041e-02
2.464146039999999971e+02 6.417104440000000187e-02 2.313472039999999851e-03 6.951620560000000559e-02 -5.354485219999999962e-02 -1.701978759999999910e-02 -2.489503519999999859e-02
2.491138699999999915e+02 6.266447059999999403e-02 1.401278599999999930e-03 7.175871420000000389e-02 -6.765427139999999340e-02 -2.969594100000000000e-02 -2.313062680000000162e-02
2.518058699999999988e+02 5.164411220000000163e-02 2.466360759999999906e-03 6.950725920000000446e-02 -5.920369729999999664e-03 -3.897188000000000214e-03 3.608157900000000251e-02
2.545060729999999865e+02 5.286986309999999745e-02 1.102434700000000031e-02 6.949817110000000575e-02 -1.822914700000000110e-02 4.006944390000000134e-02 6.641852360000000122e-02
2.572127760000000194e+02 5.306995529999999905e-02 1.104958370000000065e-02 7.695713090000000367e-02 -5.870863100000000070e-03 1.325101599999999914e-02 5.777353710000000114e-02
2.599201360000000136e+02 5.479210340000000012e-02 1.707394320000000035e-02 6.242253240000000120e-02 -6.501877339999999339e-02 2.847720299999999954e-02 5.801199120000000153e-02
2.626220730000000003e+02 6.368834760000000039e-02 1.480037080000000047e-02 7.371417119999999767e-02 6.862639099999999839e-03 -3.804908039999999915e-03 1.211089350000000009e-01
2.653111200000000167e+02 6.289190029999999765e-02 8.493868740000000417e-03 6.412978510000000298e-02 3.414351429999999687e-02 1.290584479999999992e-02 1.202958030000000067e-01
2.680254860000000008e+02 5.921038280000000265e-02 1.632446280000000166e-02 6.769283369999999633e-02 1.707826720000000034e-02 -4.430553299999999937e-03 8.200978309999999716e-02
