# a=0.06262918816940535, b=-142.147646832293, c=0.003112689719693548, xi=13.661938129513258
6.966042719999999688e-01 7.508177959999999540e-02 1.417501650000000009e-02 3.616310300000000200e-02 -3.458641209999999827e-02 -1.807965220000000081e-02 4.173368320000000325e-02
3.388291199999999836e+00 8.462984680000000537e-02 -7.030591900000000187e-04 1.634591109999999903e-02 -1.887959640000000036e-02 2.050441810000000128e-02 4.854033709999999724e-02
6.080920260000000077e+00 8.533912709999999513e-02 5.706634629999999576e-03 -3.769182780000000180e-03 2.021154580000000117e-02 1.128566429999999961e-02 1.006768589999999935e-01
8.777841829999999845e+00 7.800164939999999769e-02 -3.657830300000000038e-03 -1.834279570000000095e-02 -4.916519589999999995e-02 2.220810159999999853e-02 8.353626960000000434e-02
1.148042120000000033e+01 7.620254930000000537e-02 -3.300151810000000099e-03 -3.377250229999999992e-02 -3.710111979999999865e-03 3.678771439999999754e-02 3.758482280000000064e-02
1.418151029999999935e+01 6.485161620000000349e-02 -1.067566669999999926e-02 -5.351982129999999921e-02 -6.206271349999999826e-02 4.214200790000000030e-02 1.281667050000000023e-02
1.688137430000000094e+01 6.074743180000000131e-02 -1.040617989999999965e-02 -5.098691159999999695e-02 -5.571582879999999877e-02 3.306133609999999806e-02 1.190747070000000053e-02
1.957534000000000063e+01 6.230500650000000279e-02 -6.238422409999999640e-03 -5.408141050000000311e-02 -2.409273690000000162e-02 1.815421960000000029e-02 1.058857789999999993e-02
2.228813209999999856e+01 6.082302519999999851e-02 3.732978569999999968e-03 -6.101266090000000142e-02 -5.278289480000000061e-02 4.413435300000000117e-02 4.984683770000000042e-02
2.497992749999999873e+01 5.565851489999999735e-02 2.223235789999999934e-03 -5.463567440000000053e-02 4.108272760000000051e-02 -1.764272769999999935e-02 9.407397859999999667e-02
2.768692899999999923e+01 5.177163760000000337e-02 -2.472638869999999869e-04 -6.403817800000000116e-02 2.529890569999999894e-02 5.518397319999999995e-03 4.307407690000000094e-02
3.039426500000000075e+01 5.744871139999999793e-02 2.189222509999999913e-03 -5.982929850000000271e-02 5.321269680000000057e-02 -3.779253179999999927e-03 1.097477080000000028e-02
3.309863370000000060e+01 6.091736789999999818e-02 -2.009852170000000094e-03 -5.880068110000000181e-02 -2.353618329999999925e-02 -1.217582430000000056e-02 -1.558788229999999962e-02
3.580508679999999799e+01 6.626759660000000607e-02 -3.198591839999999874e-03 -5.853239429999999854e-02 4.526201520000000186e-03 -3.343020929999999946e-02 1.610841970000000123e-02
3.849594929999999948e+01 7.078246679999999902e-02 -4.495752129999999909e-03 -5.433656790000000042e-02 1.143122010000000022e-02 -3.820006229999999697e-02 1.222733240000000061e-03
4.119445869999999843e+01 7.312303879999999812e-02 -2.981152559999999865e-03 -4.929633010000000065e-02 4.625231109999999868e-02 -2.647156300000000004e-02 2.166216060000000082e-02
4.388446340000000134e+01 6.159706329999999758e-02 -3.726550060000000109e-03 -3.920675009999999988e-02 -1.074184379999999946e-02 -1.966628960000000106e-02 -2.824117369999999943e-03
4.657478840000000275e+01 6.609010529999999328e-02 -5.511736770000000112e-03 -4.673393359999999941e-02 3.978759259999999943e-03 4.796139690000000150e-02 -7.944166160000000476e-02
4.926366960000000006e+01 6.565686689999999937e-02 -6.311543870000000181e-03 -4.524680479999999838e-02 -3.922450849999999795e-02 1.943464909999999962e-02 -7.467476400000000458e-02
5.197217280000000272e+01 6.064943539999999994e-02 -3.967182789999999966e-03 -4.774697619999999920e-02 -2.131137370000000045e-02 3.421401760000000042e-02 -7.743148219999999859e-02
5.466906339999999886e+01 6.098788110000000207e-02 -3.823010700000000189e-03 -4.348611339999999825e-02 -1.040553609999999955e-02 4.943304800000000027e-02 -4.800758029999999815e-02
5.737240090000000237e+01 6.933257630000000393e-02 -5.862638820000000070e-03 -4.391302849999999952e-02 3.458650080000000293e-02 -3.153651250000000239e-02 -3.397821439999999804e-02
6.006018679999999677e+01 7.034096609999999916e-02 -1.556168280000000056e-02 -3.581979829999999698e-02 -4.586317919999999965e-02 -1.700910289999999978e-02 -3.029824139999999846e-03
6.275980400000000259e+01 6.625926390000000388e-02 -6.309319980000000286e-03 -4.933414850000000101e-02 1.409802209999999958e-02 -9.619303129999999535e-03 -3.663981189999999943e-02
6.545538840000000391e+01 7.062065939999999375e-02 -7.820749530000000588e-03 -5.972062589999999754e-02 -6.709957040000000261e-02 5.319944039999999902e-02 -3.477314670000000024e-02
6.814664460000000190e+01 6.868519929999999940e-02 5.140168319999999886e-04 -5.187439929999999866e-02 4.772271470000000182e-02 -3.635803190000000060e-03 4.839315109999999670e-02
7.084818529999999726e+01 6.126325989999999860e-02 3.119125090000000010e-03 -6.240313019999999683e-02 2.473366579999999870e-02 1.441853279999999980e-02 2.411836779999999847e-02
7.354876959999999997e+01 5.501598950000000099e-02 3.478957329999999952e-03 -6.973930909999999372e-02 1.920733770000000035e-02 -7.106044509999999426e-02 1.446548129999999932e-02
7.626021489999999403e+01 5.137915839999999956e-02 7.266445650000000504e-04 -6.820090809999999892e-02 -2.622067939999999861e-02 -1.965597280000000099e-02 -6.798479550000000038e-02
7.896896180000000243e+01 5.068919169999999697e-02 -7.474883750000000347e-03 -6.997810629999999532e-02 -1.322346400000000075e-02 -1.860114270000000000e-02 -5.581768809999999859e-02
8.166559619999999597e+01 4.622282579999999891e-02 -1.979731719999999924e-03 -5.765935259999999812e-02 5.301340019999999792e-02 3.532642140000000208e-02 -2.857884050000000092e-02
8.437658369999999763e+01 4.077017709999999906e-02 -1.005366190000000007e-02 -6.442947820000000103e-02 4.204286250000000003e-02 8.976981329999999745e-03 -5.388965669999999826e-03
8.708123369999999852e+01 4.617662749999999761e-02 -7.099235889999999660e-03 -6.717690169999999961e-02 2.122331200000000112e-02 -2.168335139999999842e-02 2.063787389999999916e-02
8.978425710000000493e+01 4.201144879999999665e-02 -6.471885620000000262e-03 -5.520234179999999879e-02 9.801247420000000835e-03 -1.384826070000000006e-02 -2.380492609999999842e-02
9.249087740000000224e+01 4.280688600000000232e-02 -6.430349309999999763e-03 -4.792649580000000326e-02 -6.161188790000000047e-03 -3.516330819999999996e-02 2.031859800000000021e-02
9.518573059999999941e+01 5.123003460000000175e-02 -8.407854060000000823e-03 -5.593841279999999666e-02 2.827162709999999843e-02 1.316442699999999938e-02 -1.259804269999999921e-02
9.788554460000000290e+01 5.331078219999999673e-02 -1.003594870000000007e-02 -5.342471060000000133e-02 1.398085139999999914e-02 -2.209086730000000068e-02 1.789180870000000017e-03
1.005853149999999943e+02 5.110546569999999816e-02 -1.728958759999999970e-02 -5.329132439999999943e-02 8.481467249999999347e-03 1.471404270000000077e-02 -1.436603799999999938e-02
1.032925489999999940e+02 4.841701799999999917e-02 -1.067012690000000014e-02 -5.651448929999999815e-02 5.278534060000000284e-03 3.164689820000000237e-02 -3.805497299999999888e-02
1.059995020000000068e+02 4.144449010000000183e-02 -4.437421920000000214e-03 -6.166310020000000114e-02 3.438756939999999883e-04 4.231701460000000109e-02 -4.742521229999999838e-02
1.087021900000000016e+02 4.567358839999999948e-02 -2.917678930000000234e-04 -6.002753789999999701e-02 2.997472240000000065e-02 4.196260069999999814e-02 -2.993631390000000073e-02
1.114032839999999993e+02 5.223838819999999938e-02 2.953246899999999956e-03 -5.209363999999999661e-02 4.833153309999999730e-02 3.230278059999999729e-02 3.769758569999999789e-04
1.141101589999999959e+02 5.864106339999999862e-02 1.032512189999999948e-02 -5.754210099999999828e-02 1.334108760000000081e-02 2.081983670000000022e-02 -3.843552530000000217e-02
1.168098150000000004e+02 5.883103860000000324e-02 1.069340660000000012e-02 -5.338285710000000017e-02 2.253165180000000004e-02 1.821702739999999862e-02 -1.446731889999999972e-02
1.195100020000000001e+02 5.311720720000000229e-02 1.744216800000000095e-02 -6.030813980000000046e-02 -4.104219390000000273e-02 3.971594539999999851e-04 -4.800081340000000168e-02
1.222061900000000065e+02 5.697454309999999689e-02 1.034137520000000081e-02 -4.725707130000000172e-02 3.873825999999999659e-02 -1.829403829999999911e-02 -4.458590779999999781e-02
1.249081900000000047e+02 5.875296380000000207e-02 8.765570309999999934e-03 -4.741992479999999899e-02 -4.665289370000000324e-02 1.642897150000000028e-02 1.525238829999999920e-02
1.276157680000000028e+02 6.157334720000000317e-02 8.843362100000000045e-03 -3.965842249999999847e-02 1.870629379999999911e-02 4.341576870000000282e-02 -1.838078790000000073e-02
1.303066430000000082e+02 7.053826169999999340e-02 5.052179199999999593e-03 -4.954346119999999964e-02 -1.681815240000000128e-02 2.975241069999999891e-02 -2.523688550000000030e-02
1.330125649999999951e+02 7.083458820000000655e-02 3.302362080000000207e-03 -4.206479359999999723e-02 2.412541600000000022e-02 3.065032560000000017e-02 -3.353840839999999712e-02
1.357000339999999881e+02 6.790861189999999881e-02 6.933086379999999979e-03 -3.173955419999999888e-02 -8.335921569999999933e-03 4.554294739999999869e-02 -1.544594040000000015e-02
1.383906430000000114e+02 7.545365939999999771e-02 6.152548489999999648e-03 -9.967729220000000681e-03 4.093474699999999746e-04 1.201080820000000049e-02 2.170915259999999999e-02
1.410912209999999902e+02 7.663421130000000470e-02 -4.624124850000000037e-04 4.004512959999999636e-03 -1.549473300000000012e-02 -3.294640900000000289e-02 6.104620049999999638e-03
1.437911119999999983e+02 6.930232990000000093e-02 3.789107830000000045e-03 1.772405999999999981e-02 -1.229630869999999952e-02 4.310104880000000319e-03 2.360967690000000119e-02
1.464827990000000000e+02 7.393558290000000477e-02 3.393469650000000091e-03 2.941838110000000173e-02 -8.100026640000000666e-03 -3.592809200000000175e-02 3.091524899999999881e-02
1.491716270000000009e+02 7.022482920000000517e-02 5.731874950000000407e-04 2.852350600000000055e-02 1.166616019999999927e-02 -2.217380440000000022e-02 3.494212049999999986e-02
1.518688150000000121e+02 6.538125259999999495e-02 4.108605409999999646e-03 3.845827710000000038e-02 -2.142611120000000036e-02 -9.643002620000000469e-03 3.633310759999999751e-02
1.545715020000000095e+02 7.096021919999999372e-02 4.914782629999999569e-03 3.949300759999999771e-02 -1.293519779999999925e-02 5.887117249999999739e-03 6.825045939999999783e-03
1.572611589999999921e+02 6.912284970000000250e-02 5.894119540000000192e-03 4.707853859999999724e-02 -1.672715710000000078e-02 2.279584629999999862e-02 3.482585850000000094e-02
1.599605809999999906e+02 5.926650199999999868e-02 2.256627619999999890e-03 5.465287960000000250e-02 -2.848931949999999880e-02 1.150377370000000080e-02 1.674366189999999940e-03
1.626624089999999967e+02 5.042385130000000271e-02 -6.052466459999999515e-04 5.637987619999999811e-02 2.092896329999999888e-02 -3.998777729999999919e-03 -3.536860010000000137e-02
1.653782840000000078e+02 4.263782769999999861e-02 -4.816858050000000051e-03 6.245905460000000103e-02 2.355580209999999855e-02 4.721916589999999858e-02 -1.613357819999999918e-03
1.680848770000000059e+02 4.962744300000000025e-02 -4.584272539999999815e-04 7.368573089999999604e-02 7.674249739999999820e-03 1.265845529999999955e-02 1.527275919999999954e-02
1.707947519999999884e+02 5.289673109999999678e-02 -1.234275489999999949e-03 6.527351720000000579e-02 6.034108350000000343e-02 -2.689933250000000123e-02 7.193231260000000626e-02
1.734991740000000107e+02 5.575168879999999744e-02 -7.329008669999999628e-03 7.018490510000000016e-02 1.005506970000000048e-02 9.991710730000000554e-03 4.593967300000000031e-02
1.762088620000000105e+02 3.722335770000000099e-02 -6.091795300000000211e-03 7.556236889999999595e-02 1.709215730000000072e-02 2.205188409999999863e-02 3.777671859999999840e-03
1.789061269999999979e+02 3.176476589999999850e-02 -8.173530159999999826e-04 8.069073379999999740e-02 1.807352699999999895e-02 -1.353794439999999981e-02 -2.117244789999999863e-02
1.816032680000000141e+02 3.342825669999999888e-02 -5.827316790000000232e-03 7.061059679999999450e-02 3.559390239999999858e-03 -7.047230469999999670e-03 1.536798099999999931e-02
1.843023929999999950e+02 2.245101009999999828e-02 8.315941869999999431e-03 6.818292509999999973e-02 -2.173614930000000028e-02 1.708318860000000022e-02 2.071172710000000056e-02
1.870120809999999949e+02 2.127732939999999948e-02 2.824087890000000212e-03 7.237665390000000420e-02 -4.905294699999999952e-03 3.323724709999999888e-02 -1.881536199999999867e-02
1.897085649999999930e+02 1.912477560000000118e-02 2.576886259999999849e-03 6.459942820000000308e-02 -1.290196829999999900e-03 7.115911719999999663e-02 -4.019792950000000004e-02
1.924141899999999907e+02 1.608148140000000004e-02 2.281673020000000041e-03 7.124652330000000311e-02 1.735283150000000059e-03 4.703045270000000277e-02 -2.174440580000000164e-02
1.951222840000000076e+02 2.030680040000000172e-02 9.824653750000000504e-03 7.192594630000000155e-02 -2.033433139999999903e-02 1.228903029999999993e-02 -4.437831049999999694e-02
1.978240340000000117e+02 2.134390829999999878e-02 -1.170747800000000033e-03 7.500378350000000416e-02 -2.200979449999999893e-02 3.325410959999999805e-02 -3.857877750000000133e-02
2.005333459999999945e+02 3.103201029999999930e-02 -4.007587610000000228e-04 7.735736719999999900e-02 -9.977356200000000661e-03 -4.746903570000000211e-02 -4.824427729999999914e-02
2.032279240000000016e+02 3.457950929999999840e-02 -8.530738220000000371e-03 7.149856890000000353e-02 -3.141635680000000146e-03 -1.929852140000000091e-02 1.771330549999999967e-03
2.059202060000000074e+02 3.776454919999999715e-02 4.403513299999999952e-04 6.210752290000000342e-02 7.670852080000000253e-03 -5.256867999999999957e-02 3.514252009999999787e-02
2.086211739999999963e+02 4.314706590000000341e-02 -2.776212299999999793e-03 5.081883300000000075e-02 6.654871589999999948e-03 6.292337309999999906e-03 3.753324200000000138e-02
2.113217370000000130e+02 5.607575139999999847e-02 1.292878809999999969e-02 5.185877640000000066e-02 8.104872189999999185e-03 4.305991449999999748e-02 5.950556220000000063e-02
2.140324709999999868e+02 6.474861379999999333e-02 1.377347179999999921e-02 4.538282099999999680e-02 1.263694110000000009e-02 1.828873879999999910e-02 1.668380900000000083e-02
2.167337369999999908e+02 6.243265030000000326e-02 1.013791680000000056e-02 5.632132539999999687e-02 -8.100859499999999921e-03 -8.079788270000000730e-03 4.984124279999999768e-02
2.194333619999999883e+02 5.765532930000000222e-02 7.528532939999999819e-03 5.466182409999999908e-02 1.687917330000000132e-02 1.244219170000000069e-02 5.928995799999999677e-02
2.221360809999999901e+02 3.831145629999999774e-02 1.074406959999999953e-02 5.829938020000000054e-02 3.175781159999999798e-02 -3.735344570000000142e-02 4.097343009999999952e-02
2.248269709999999861e+02 4.043023610000000267e-02 1.682736929999999881e-02 6.732755529999999433e-02 9.653911439999999372e-03 7.882849720000000091e-04 4.283285760000000303e-02
2.275282840000000135e+02 4.383110450000000241e-02 2.098306889999999869e-02 6.406665250000000145e-02 4.625996240000000183e-03 1.877145529999999993e-02 9.410891370000000478e-02
2.302298769999999877e+02 6.033855600000000152e-02 1.719231549999999942e-02 5.661653049999999798e-02 2.512032189999999915e-02 2.796394959999999943e-02 5.149023030000000195e-02
2.329233619999999974e+02 5.907686820000000033e-02 3.104248160000000131e-02 4.581921480000000074e-02 2.642676680000000111e-02 1.401624779999999931e-02 1.142973440000000056e-02
2.356164870000000064e+02 5.135572499999999790e-02 3.104960489999999962e-02 3.629400370000000070e-02 1.113758429999999952e-02 -1.525786789999999948e-02 4.141683570000000147e-02
2.383177680000000009e+02 5.697386460000000014e-02 2.052689740000000068e-02 2.776774829999999888e-02 1.960202280000000047e-03 -6.196400140000000306e-02 -3.484518389999999993e-02
2.410240809999999954e+02 5.416574939999999755e-02 1.220282020000000058e-02 3.387688819999999656e-02 2.538197160000000077e-02 -1.822479269999999901e-02 -2.185687219999999861e-02
2.437218459999999993e+02 6.372951870000000130e-02 1.266171150000000058e-02 4.330009569999999919e-02 1.399764520000000047e-02 2.690335790000000088e-02 -2.880102639999999881e-02
2.464136739999999861e+02 6.426900979999999874e-02 2.867408489999999886e-03 4.993463769999999941e-02 8.791560940000000060e-03 6.287513140000000091e-03 8.115887029999999461e-03
2.491021120000000053e+02 6.213208850000000172e-02 -6.240682249999999869e-03 5.898513169999999861e-02 8.545991660000000142e-03 -2.470951440000000027e-02 2.137944680000000014e-02
2.518182679999999891e+02 6.106236190000000064e-02 -3.505843120000000195e-03 5.238055820000000334e-02 2.621052810000000163e-02 2.443477540000000073e-02 3.462706289999999826e-02
2.545217519999999922e+02 6.859964640000000557e-02 4.279715929999999662e-03 5.269548190000000049e-02 2.500195200000000090e-02 1.080857489999999949e-02 2.808404700000000087e-02
2.572167840000000183e+02 6.953081839999999958e-02 -2.226468079999999791e-03 3.944863590000000086e-02 1.812243729999999872e-02 -1.564342139999999907e-03 5.810402399999999717e-02
2.599130809999999769e+02 6.898918739999999883e-02 -6.036856050000000400e-04 2.491569479999999892e-02 -4.584721410000000032e-03 5.385553710000000154e-03 1.972975370000000159e-02
2.626250959999999850e+02 6.386966019999999744e-02 2.732492029999999942e-05 2.768210030000000169e-02 -1.461749229999999983e-02 9.827985020000000807e-03 -2.611087499999999867e-02
2.653260650000000282e+02 6.809590549999999798e-02 8.792860890000000346e-03 3.820403120000000208e-02 -2.926545040000000028e-02 3.455759840000000027e-02 1.062639230000000067e-02
2.680349360000000161e+02 7.245495270000000543e-02 4.961932809999999860e-03 4.392225300000000138e-02 -9.403676900000000616e-02 5.457814279999999817e-03 2.514526300000000103e-02
