# a=0.06703274576155366, b=-130.31926950537752, c=-0.002210185218024924, xi=11.79172724273473
6.530344519999999875e-01 8.229205080000000228e-02 -9.043724669999999438e-03 2.070529750000000028e-04 -3.112241110000000047e-02 7.951174639999999266e-03 5.150452199999999703e-02
3.353255149999999851e+00 8.031342760000000081e-02 4.039099940000000243e-04 -2.385732419999999840e-02 -3.390153109999999997e-02 6.512124480000000548e-02 1.319891590000000017e-02
6.057605460000000441e+00 7.356315369999999465e-02 -2.874289329999999906e-03 -4.824649200000000193e-02 -4.141230399999999701e-02 4.118120919999999907e-02 -8.414434800000000422e-03
8.760474840000000540e+00 7.203455540000000545e-02 4.363741299999999643e-03 -5.757270879999999702e-02 4.804255529999999948e-03 -4.584433040000000098e-02 6.348206000000000335e-03
1.146083119999999944e+01 6.989291979999999460e-02 -2.236606920000000151e-03 -4.937592910000000029e-02 3.350895000000000262e-02 -4.522018970000000332e-02 -4.341904829999999882e-03
1.416378749999999975e+01 6.866213090000000685e-02 -7.454501330000000512e-04 -4.753609930000000233e-02 2.842941059999999978e-02 -1.363302809999999976e-02 3.455108259999999792e-02
1.686217810000000128e+01 7.024219850000000542e-02 1.237909649999999933e-03 -5.488869040000000227e-02 1.480719360000000082e-02 5.069944080000000387e-03 3.088346609999999964e-02
1.955587969999999842e+01 7.023237139999999323e-02 3.756292169999999805e-03 -6.368515299999999435e-02 3.367682260000000316e-02 4.937039820000000030e-03 3.776830009999999904e-02
2.225178119999999993e+01 6.900878289999999582e-02 1.961149530000000189e-03 -6.638953999999999689e-02 4.123258519999999788e-02 -3.366613870000000064e-02 2.334742570000000045e-02
2.494775470000000084e+01 6.064238599999999951e-02 -1.377445740000000007e-03 -6.618817959999999390e-02 1.372977270000000014e-02 3.514773990000000237e-02 -1.414078050000000010e-02
2.765377189999999885e+01 5.756198590000000115e-02 1.267588989999999995e-03 -6.624159129999999951e-02 5.827238059999999970e-03 1.223640659999999936e-02 -5.703217630000000093e-02
3.035902970000000067e+01 5.879357550000000043e-02 2.158704479999999822e-03 -6.476431509999999725e-02 1.948835569999999998e-03 6.290061119999999784e-02 -3.799563660000000037e-02
3.306382500000000135e+01 6.436708770000000579e-02 -1.097647850000000062e-03 -6.720203269999999729e-02 -2.344327529999999833e-03 5.192899150000000047e-02 -1.913194870000000172e-02
3.576327030000000207e+01 6.481369100000000660e-02 5.078282649999999940e-03 -7.288877859999999542e-02 1.741735109999999892e-02 6.401035360000000007e-02 -1.217000130000000027e-02
3.846628590000000258e+01 6.542354509999999401e-02 2.035734790000000077e-04 -6.486158949999999701e-02 2.944639170000000125e-02 3.413109229999999883e-02 -1.710480199999999881e-02
4.116909369999999768e+01 7.039341779999999660e-02 7.647402430000000209e-03 -6.744534080000000320e-02 1.493291780000000069e-02 2.039958249999999917e-02 -2.709853569999999805e-03
4.387302030000000030e+01 7.058220639999999990e-02 5.674955310000000253e-03 -7.345198029999999711e-02 2.215781190000000109e-02 2.147812409999999908e-02 -1.121283650000000007e-02
4.656741250000000321e+01 6.583280939999999748e-02 1.041913409999999963e-02 -7.149780690000000216e-02 1.662392879999999989e-02 7.983312890000000134e-03 -3.850761970000000228e-02
4.926981250000000045e+01 6.579680279999999826e-02 8.616122929999999250e-03 -6.605916500000000302e-02 5.006977670000000054e-03 1.185582490000000079e-02 -2.442643610000000062e-02
5.196099219999999974e+01 6.742359200000000441e-02 8.897184270000000478e-03 -6.134016020000000041e-02 -8.702185800000000358e-04 -1.856801749999999890e-02 -9.155831049999999926e-04
5.465576719999999966e+01 6.210445679999999913e-02 4.665900819999999928e-03 -7.061614859999999771e-02 3.358805969999999891e-02 -3.873298289999999727e-02 -2.981654140000000036e-02
5.736297809999999942e+01 6.359987270000000414e-02 5.412207760000000041e-03 -7.406725740000000280e-02 5.173939880000000269e-02 -4.789690149999999841e-02 -6.242417790000000244e-02
6.005932659999999856e+01 6.305486920000000217e-02 4.701894320000000321e-03 -7.343264859999999727e-02 4.106228719999999860e-02 -2.139678119999999933e-02 -5.235605990000000154e-02
6.277025780000000310e+01 6.103107390000000326e-02 6.652588989999999591e-03 -6.927704260000000502e-02 7.552199719999999616e-02 -2.969660390000000011e-03 -4.279883439999999928e-02
6.547469060000000241e+01 5.209212769999999743e-02 9.246687760000000395e-03 -6.952472799999999398e-02 3.961532250000000116e-02 -4.197543920000000421e-03 -3.295031109999999736e-02
6.817692970000000230e+01 4.907515590000000039e-02 8.395208569999999815e-03 -6.574957289999999732e-02 1.658801580000000137e-02 1.359461279999999925e-02 -3.619653149999999681e-02
7.088762660000000437e+01 5.171594859999999877e-02 7.715098979999999648e-03 -6.992321769999999825e-02 4.646433600000000365e-03 3.243438619999999828e-02 -2.611985270000000137e-02
7.358777659999999798e+01 5.871713149999999853e-02 9.380770420000000137e-03 -7.058594679999999344e-02 1.928269359999999896e-03 4.816873380000000204e-02 -2.091729120000000025e-02
7.627862030000000004e+01 6.851837850000000452e-02 6.371173459999999837e-03 -7.316684489999999985e-02 2.595520080000000146e-02 3.380017390000000094e-02 -3.737501170000000206e-02
7.897585780000000000e+01 6.934919820000000346e-02 8.351292450000000547e-03 -6.860179589999999827e-02 2.935066299999999906e-02 -5.270120199999999734e-03 -6.958791490000000579e-02
8.166866559999999708e+01 6.134000480000000033e-02 3.417019180000000021e-03 -6.612017309999999870e-02 1.903336510000000134e-02 -4.714473830000000254e-02 -4.802525380000000066e-02
8.436785620000000563e+01 6.057370399999999905e-02 4.076487410000000262e-03 -6.429053190000000306e-02 1.818037700000000104e-02 -7.951685539999999580e-03 -8.188558099999999895e-03
8.706676410000000033e+01 6.348685910000000099e-02 1.742098469999999941e-03 -6.367486919999999773e-02 3.230251039999999796e-02 2.064886629999999890e-02 9.281565049999999234e-03
8.976777810000000102e+01 6.392069899999999749e-02 1.726902239999999903e-03 -5.918922969999999839e-02 1.905272769999999914e-03 -1.357839129999999922e-02 5.557456429999999697e-02
9.246502499999999714e+01 6.365903259999999841e-02 4.346956869999999903e-03 -7.053459099999999371e-02 1.612659030000000021e-02 2.209363299999999881e-03 2.060646420000000062e-02
9.516368590000000438e+01 5.614398339999999987e-02 9.755560969999999736e-04 -7.520721730000000382e-02 5.423927109999999822e-03 -4.457966560000000203e-03 -1.627127459999999984e-02
9.787133910000000014e+01 5.718443029999999844e-02 5.503197880000000423e-03 -6.386758419999999381e-02 -2.788647990000000035e-02 -5.410314169999999589e-03 -1.061994089999999990e-03
1.005714480000000037e+02 6.446032499999999887e-02 3.824328760000000101e-05 -7.002436569999999361e-02 -2.630803249999999829e-02 7.807541000000000307e-03 2.252114919999999992e-02
1.032767139999999984e+02 7.116958260000000314e-02 9.389922869999999758e-04 -7.151728760000000684e-02 -1.676447790000000146e-02 3.979429639999999650e-03 -1.582481989999999852e-02
1.059743699999999933e+02 7.148794999999999455e-02 1.380187049999999967e-03 -7.985607749999999727e-02 -8.121980920000000442e-04 -1.327581750000000026e-02 -5.633414920000000270e-02
1.086760579999999976e+02 6.451923780000000386e-02 9.934525949999999279e-04 -6.910302670000000036e-02 2.524794650000000001e-02 1.299695629999999928e-02 -3.491584030000000061e-02
1.113782609999999949e+02 6.968777919999999404e-02 3.167549369999999795e-03 -6.524779249999999864e-02 3.459864750000000294e-02 1.737829769999999982e-02 -2.318015610000000171e-02
1.140805890000000034e+02 6.653889420000000388e-02 -8.747369549999999602e-04 -5.471864259999999897e-02 3.542711899999999997e-02 -7.363167799999999728e-03 5.109334709999999863e-03
1.167777140000000031e+02 7.397847170000000638e-02 -2.141884030000000029e-03 -5.955310209999999799e-02 2.022840169999999896e-02 -7.325890960000000333e-03 1.028875159999999983e-02
1.194747449999999986e+02 6.922672380000000070e-02 -4.494317759999999842e-03 -5.144233549999999849e-02 4.390016340000000433e-03 -2.659746450000000095e-02 -1.350396849999999961e-02
1.221756359999999972e+02 6.939309239999999490e-02 -1.297461459999999997e-02 -4.468843520000000125e-02 9.364216610000000024e-03 -1.440543310000000007e-02 -6.239418499999999784e-02
1.248692769999999967e+02 8.298403969999999796e-02 -8.897085500000000494e-03 -2.841717770000000073e-02 1.508152410000000027e-02 1.046410929999999975e-02 -1.069708540000000041e-01
1.275610580000000027e+02 8.343422720000000237e-02 -1.044513300000000054e-02 -1.859360770000000052e-02 1.137076119999999926e-02 2.941185710000000092e-02 -9.696834799999999588e-02
1.302686359999999866e+02 8.057389930000000144e-02 -6.761089670000000433e-03 -2.495784779999999942e-03 -6.315195109999999570e-03 3.643880409999999959e-02 -8.062343130000000635e-02
1.329677140000000009e+02 7.281686040000000248e-02 -8.008789400000000669e-03 1.469666160000000082e-02 3.998554740000000163e-03 4.515456419999999693e-02 -5.377069229999999894e-02
1.356696670000000040e+02 7.189503170000000054e-02 -4.922239509999999608e-04 2.878449630000000023e-02 -3.698566139999999902e-04 7.590627260000000487e-02 -6.563949300000000014e-03
1.383642140000000040e+02 7.149382810000000366e-02 2.978067279999999789e-03 3.483203609999999811e-02 -1.687607119999999863e-02 1.584994699999999965e-02 -9.150583309999999956e-03
1.410583230000000015e+02 7.294582889999999542e-02 2.208610499999999911e-03 4.721622610000000136e-02 -7.131243919999999577e-03 -2.514751510000000009e-02 -2.304387199999999997e-02
1.437504639999999938e+02 7.549798950000000120e-02 8.990705720000000470e-03 5.387530410000000020e-02 6.856820240000000358e-03 -7.945167430000000391e-03 -5.048831990000000186e-02
1.464504799999999989e+02 7.033503700000000303e-02 9.332864859999999776e-03 5.488840930000000312e-02 6.239440100000000211e-02 4.099438860000000073e-02 -3.967007339999999854e-02
1.491589480000000094e+02 6.936439070000000040e-02 8.211647710000000502e-03 5.564797080000000173e-02 6.778212700000000278e-03 2.026931309999999847e-02 8.597241000000000258e-03
1.518544479999999908e+02 7.102471230000000080e-02 2.776239709999999989e-03 5.687031039999999871e-02 2.127935090000000144e-03 1.715406950000000069e-02 -2.721308470000000090e-02
1.545606669999999951e+02 7.377730479999999869e-02 -5.230738119999999922e-03 5.461582749999999847e-02 -1.228236580000000022e-02 7.616719380000000310e-03 -1.187283899999999962e-02
1.572604330000000061e+02 6.967065899999999590e-02 2.388691279999999827e-03 5.954309459999999887e-02 -6.046938360000000262e-03 4.821828559999999722e-03 2.300958869999999989e-02
1.599638229999999908e+02 6.315887159999999945e-02 -2.587707890000000093e-04 5.947359490000000276e-02 -3.823421679999999823e-02 -1.337009419999999997e-02 1.905792840000000016e-02
1.626602450000000033e+02 6.342582039999999921e-02 1.520757510000000099e-03 6.420707159999999858e-02 -3.400656590000000062e-02 -1.012486219999999930e-03 4.259053420000000201e-02
1.653571520000000135e+02 6.396622570000000396e-02 1.993264350000000136e-03 7.100200439999999891e-02 1.113929089999999948e-02 7.929693229999999760e-02 4.405007400000000156e-02
1.680602140000000020e+02 6.375235749999999535e-02 3.987002049999999707e-03 7.489683060000000558e-02 3.211774729999999911e-02 9.311415209999999998e-02 3.855117069999999813e-02
1.707539639999999963e+02 6.316334549999999548e-02 6.467276259999999929e-03 7.076671510000000220e-02 3.303960129999999884e-02 5.088686879999999857e-02 8.594308979999999709e-03
1.734618079999999907e+02 6.864335559999999725e-02 6.106281810000000095e-03 6.918676199999999887e-02 -5.563510630000000068e-02 2.238066390000000017e-02 -5.913704869999999655e-03
1.761506050000000130e+02 6.001198010000000083e-02 4.438011730000000071e-03 7.080865779999999388e-02 -4.278817919999999830e-02 2.964555300000000157e-02 -3.404623870000000191e-02
1.788554479999999955e+02 5.268429370000000250e-02 -2.421477799999999844e-03 6.843129280000000147e-02 -3.025384520000000063e-02 -5.819353230000000148e-03 -8.443718259999999365e-02
1.815518859999999961e+02 4.729179239999999756e-02 -3.200799969999999859e-03 6.970322760000000062e-02 1.779741370000000045e-02 -1.650309709999999916e-02 -5.472730480000000119e-02
1.842544800000000009e+02 4.817757090000000103e-02 -3.851439810000000137e-03 6.454587829999999804e-02 2.398262560000000154e-02 8.188893050000000274e-04 -1.385617899999999972e-02
1.869624640000000113e+02 5.786205900000000041e-02 -2.070286489999999952e-03 6.846263280000000617e-02 -1.254466169999999929e-02 3.117233059999999917e-02 5.061856039999999834e-03
1.896667610000000082e+02 6.401290290000000160e-02 -3.617204110000000160e-03 7.593485510000000382e-02 -3.322585100000000069e-02 3.065226089999999876e-02 5.113110600000000255e-02
1.923629640000000052e+02 6.649244490000000285e-02 -9.716352680000000033e-03 7.204729710000000453e-02 -7.195286050000000190e-03 -1.843897469999999927e-02 7.100103200000000558e-02
1.950685420000000079e+02 7.351046120000000184e-02 -1.998949539999999876e-03 6.044319620000000032e-02 -8.985910480000000415e-04 -1.945938930000000108e-02 6.336705330000000358e-02
1.977627610000000118e+02 6.943014359999999385e-02 1.950258220000000058e-03 5.650585839999999749e-02 2.184906130000000002e-02 -2.481810149999999840e-02 2.203979179999999982e-02
2.004592140000000029e+02 7.448563090000000220e-02 -2.961576029999999932e-03 5.984315440000000097e-02 -6.136503310000000246e-03 -2.887671199999999883e-02 4.293371170000000181e-02
2.031474800000000016e+02 6.980487940000000557e-02 -1.182490009999999977e-03 5.966733979999999660e-02 -3.733929989999999755e-02 -4.429746670000000303e-02 3.655130949999999684e-02
2.058452609999999936e+02 5.930934870000000025e-02 5.798459699999999753e-04 5.962525619999999721e-02 -5.800107160000000234e-02 -8.270309260000000690e-03 -8.373943809999999377e-03
2.085406519999999944e+02 5.766345750000000103e-02 6.482805020000000258e-03 7.105280419999999986e-02 -1.216533810000000083e-02 1.423225390000000014e-02 -1.199972030000000071e-02
2.112393079999999941e+02 5.658644349999999990e-02 5.164866330000000144e-03 6.885533959999999565e-02 3.646723739999999797e-02 4.968219299999999949e-03 -1.867093809999999937e-02
2.139489480000000015e+02 5.526117469999999865e-02 1.082155400000000037e-04 6.525431560000000131e-02 8.902026780000000736e-03 1.112693529999999979e-02 -2.109757300000000141e-02
2.166566980000000058e+02 5.511877049999999723e-02 1.359684560000000040e-03 6.301546550000000635e-02 -2.954719609999999913e-02 6.360297920000000660e-02 -4.381052580000000148e-03
2.193505580000000066e+02 6.127840550000000081e-02 3.235381690000000126e-03 5.851661030000000069e-02 -1.717267269999999887e-02 -2.215385530000000061e-02 2.550864690000000101e-02
2.220499020000000030e+02 6.894906419999999314e-02 -4.054464550000000216e-03 6.101538499999999837e-02 -1.720102360000000039e-02 -7.523316200000000620e-02 5.629221949999999725e-02
2.247441670000000045e+02 7.358182330000000160e-02 3.674148429999999819e-05 5.762723189999999912e-02 -4.227840820000000263e-03 -4.957180299999999762e-02 -9.327341470000000134e-03
2.274475889999999936e+02 7.397231549999999656e-02 7.252726420000000195e-03 6.093006329999999665e-02 -4.244057570000000189e-03 -3.031964729999999872e-02 -4.941460009999999910e-03
2.301504170000000045e+02 6.636214729999999340e-02 2.382591729999999994e-03 6.671752279999999813e-02 -6.075984030000000299e-03 2.330844749999999924e-02 -1.727742960000000060e-03
2.328467300000000080e+02 6.031506729999999705e-02 6.422887310000000016e-03 6.665459960000000295e-02 2.998940809999999998e-02 2.417071380000000019e-02 4.832335480000000266e-02
2.355427449999999965e+02 5.339357460000000027e-02 -7.188848920000000513e-04 7.222032450000000214e-02 1.280458339999999973e-02 1.424114029999999989e-02 3.499412219999999824e-02
2.382338389999999890e+02 5.066532750000000279e-02 2.019880539999999950e-03 6.640625910000000354e-02 3.036113559999999850e-02 -3.434661299999999806e-02 2.193878919999999941e-02
2.409363859999999988e+02 4.652281450000000235e-02 -7.032504139999999626e-03 6.378435150000000275e-02 3.373927460000000073e-02 -4.474578319999999998e-02 3.792396010000000095e-02
2.436335420000000056e+02 5.052341710000000236e-02 -5.617632219999999996e-03 6.345724390000000159e-02 1.325492760000000075e-02 -3.283819179999999949e-02 9.951632179999999467e-03
2.463326979999999935e+02 4.824580529999999978e-02 -9.333985249999999373e-03 6.525053849999999656e-02 3.114001920000000062e-02 -5.086386909999999865e-03 2.506374659999999893e-02
2.490298860000000047e+02 5.308047359999999715e-02 -1.051600110000000012e-02 6.387603899999999557e-02 -2.871053920000000157e-04 -4.198648299999999806e-02 2.801638549999999929e-04
2.517306519999999921e+02 5.380681360000000302e-02 -1.457627910000000061e-02 6.978323009999999604e-02 5.664752950000000002e-03 -3.083238900000000171e-02 -8.736095849999999568e-05
2.544270270000000096e+02 5.558212550000000279e-02 -1.339804080000000022e-02 7.359091230000000539e-02 2.218504489999999912e-02 -1.124136969999999999e-02 -1.491352590000000027e-02
2.571301050000000146e+02 5.454803130000000083e-02 -1.116716840000000002e-02 7.301071709999999715e-02 5.604687280000000132e-02 2.388202999999999854e-02 -3.213461609999999913e-02
2.598336980000000267e+02 6.109545100000000201e-02 -1.218845279999999920e-02 6.952482399999999896e-02 6.334816719999999957e-02 -1.808011840000000106e-02 -1.583653520000000061e-03
2.625262769999999932e+02 6.789565150000000104e-02 -9.878666589999999734e-03 6.296941030000000050e-02 4.842429730000000210e-02 -3.958528109999999781e-03 1.204784679999999948e-02
2.652227449999999749e+02 7.380488059999999739e-02 -7.413419059999999845e-03 3.957516860000000192e-02 4.163904320000000325e-02 3.696091950000000154e-02 1.856278219999999909e-02
2.679153390000000172e+02 7.912444759999999466e-02 -5.824124150000000236e-03 2.329366030000000129e-02 1.248568979999999974e-02 -2.512745369999999992e-02 3.851458869999999785e-02
