# a=0.05884251684783369, b=-136.15235263724412, c=-0.006760175970493212, xi=8.3129752219645
7.208073720000000018e-01 5.950866719999999693e-02 9.777984860000000014e-03 5.267419210000000296e-02 2.397948620000000045e-02 1.637002549999999959e-02 5.470215500000000231e-03
3.411188160000000025e+00 6.441130770000000338e-02 1.607056850000000009e-02 4.676867970000000291e-02 -1.350735450000000067e-02 -1.075501610000000052e-02 1.772172320000000093e-02
6.107643160000000293e+00 6.246854699999999927e-02 1.946430600000000066e-02 4.585808799999999824e-02 -3.796683920000000143e-03 1.627021589999999920e-02 -8.683696439999999406e-03
8.802761600000000186e+00 6.354545840000000445e-02 7.984248689999999191e-03 3.865043759999999690e-02 1.428276059999999958e-02 1.194084110000000025e-02 -1.554474859999999993e-02
1.149266710000000025e+01 7.024025470000000437e-02 9.018940479999999413e-03 2.511360010000000115e-02 -5.013407469999999963e-03 -4.248996510000000240e-03 -1.191018410000000034e-02
1.419344210000000039e+01 7.545392789999999517e-02 5.921856199999999716e-03 2.921683859999999952e-02 7.015838160000000163e-03 -2.009956780000000161e-03 1.063585759999999963e-02
1.688213740000000129e+01 7.500968299999999367e-02 -4.997621449999999771e-03 1.276171970000000017e-02 1.390287779999999952e-03 1.635698639999999884e-02 1.455235499999999946e-02
1.957651710000000023e+01 8.086710789999999871e-02 -4.583562650000000231e-03 -2.001635150000000141e-02 3.323945200000000093e-03 2.949914039999999849e-02 -1.676708689999999863e-02
2.227416549999999873e+01 7.500124190000000135e-02 -2.051855080000000026e-02 -3.310912390000000233e-02 8.803422039999999824e-03 3.891786070000000097e-02 1.696784239999999874e-02
2.496570140000000038e+01 8.380907379999999463e-02 -1.203186019999999933e-02 -3.797274529999999926e-02 2.180007289999999834e-02 -1.163450139999999992e-03 -1.140376530000000027e-02
2.766624360000000138e+01 7.319553249999999345e-02 -6.209388280000000329e-03 -4.305904910000000335e-02 -1.625744800000000073e-02 -4.654061299999999804e-03 -2.429750379999999835e-02
3.036887019999999993e+01 6.028016159999999984e-02 -3.577473099999999885e-03 -3.665361810000000026e-02 -6.031621929999999784e-03 -2.576269080000000156e-02 6.561897599999999900e-03
3.306761709999999965e+01 6.754379809999999651e-02 -8.502893340000000513e-05 -4.311244139999999975e-02 1.023126509999999940e-02 -1.247563219999999959e-02 2.928872000000000073e-02
3.577125300000000152e+01 6.641475419999999519e-02 -2.252922550000000055e-03 -3.960407999999999984e-02 -1.964588769999999970e-02 -3.549049759999999692e-02 -6.070812479999999900e-03
3.846737490000000292e+01 7.168509400000000475e-02 8.622791229999999391e-03 -4.572484310000000246e-02 -6.361586340000000180e-03 -8.669414690000000132e-03 -1.498802829999999926e-02
4.115561859999999683e+01 7.382290610000000197e-02 1.644715070000000090e-03 -6.037296699999999960e-02 -8.317887289999999212e-03 -1.804996310000000007e-02 -5.123599949999999709e-02
4.385128739999999681e+01 5.936289730000000181e-02 4.416805840000000323e-03 -5.578257830000000334e-02 -9.464810800000000857e-03 -4.126259809999999889e-02 -2.989287269999999982e-02
4.655754050000000177e+01 4.704743849999999672e-02 -3.576056389999999943e-03 -6.205614179999999896e-02 6.797835690000000181e-03 4.403164610000000374e-03 -6.657490280000000205e-02
4.926690930000000179e+01 5.038524219999999942e-02 -2.283480489999999835e-03 -5.272404609999999797e-02 1.222882190000000070e-02 -1.657945049999999879e-02 2.901305599999999887e-02
5.197388740000000240e+01 5.930342630000000337e-02 -5.509566510000000160e-03 -5.942472599999999716e-02 2.346447509999999986e-02 8.078182629999999809e-03 -4.007556579999999730e-02
5.467522180000000276e+01 6.295239910000000050e-02 -3.875216500000000074e-03 -6.207275949999999792e-02 7.470403260000000288e-04 2.030775359999999891e-02 -3.884579730000000102e-03
5.737192180000000263e+01 6.057247129999999979e-02 6.012819590000000221e-03 -6.240295710000000329e-02 -5.928864409999999932e-03 2.964958919999999970e-02 -2.496392810000000115e-02
6.007954829999999902e+01 6.714772330000000344e-02 6.448244919999999904e-04 -6.213457829999999987e-02 8.013063210000000852e-03 3.742206619999999956e-02 -6.457889740000000156e-02
6.277936710000000176e+01 6.345378309999999411e-02 4.125075340000000125e-03 -6.651836619999999811e-02 9.327639650000000204e-04 2.585348219999999975e-02 -9.278404969999999585e-02
6.548199049999999488e+01 6.546021990000000512e-02 7.551391069999999900e-03 -5.705946170000000123e-02 -1.892174469999999969e-02 -1.998628499999999860e-03 -6.006183360000000304e-02
6.818164830000000620e+01 5.794727410000000134e-02 -5.731824689999999575e-04 -6.541379140000000425e-02 -1.141372109999999954e-02 -3.585867310000000197e-02 -3.381770170000000103e-02
7.087924049999999454e+01 4.747236030000000218e-02 7.342566489999999800e-03 -7.143305099999999741e-02 -2.074877899999999845e-02 2.509065100000000027e-03 -1.259620850000000084e-02
7.358797640000000229e+01 3.771103270000000091e-02 6.797538389999999847e-03 -6.664671120000000004e-02 -3.151303180000000065e-02 -9.367627019999999818e-03 -3.557189820000000030e-02
7.627782329999999433e+01 4.264092710000000341e-02 2.876907860000000195e-03 -6.671479430000000488e-02 -1.974912120000000063e-02 1.109181029999999936e-02 3.731058719999999929e-03
7.896994519999999795e+01 3.716644129999999852e-02 1.322203209999999948e-02 -6.691110960000000440e-02 -3.977537720000000332e-03 -9.488439390000000381e-04 -4.542657010000000078e-02
8.167095299999999725e+01 4.577961769999999708e-02 1.746613470000000015e-02 -6.787534230000000224e-02 9.061901170000000866e-03 2.283201129999999981e-02 -1.958808459999999974e-02
8.436302960000000439e+01 4.765491530000000309e-02 1.574152139999999978e-02 -6.915483440000000370e-02 -2.222816280000000037e-03 -3.755044490000000127e-03 -5.221466610000000119e-02
8.706820770000000209e+01 4.380049560000000286e-02 1.218469779999999981e-02 -6.872660660000000366e-02 1.028304820000000043e-02 -3.553925039999999980e-02 -6.236990510000000112e-03
8.977534359999999936e+01 5.000242939999999942e-02 7.906241709999999381e-03 -7.219814720000000685e-02 -2.356837410000000091e-02 -1.796689320000000034e-02 -4.852511739999999796e-02
9.247778270000000589e+01 5.462008289999999849e-02 -1.120299200000000016e-03 -6.363458419999999671e-02 -2.025895680000000098e-03 -2.196377360000000001e-02 -5.646350079999999660e-02
9.517502179999999612e+01 4.846680290000000141e-02 -1.461819980000000040e-03 -6.735989019999999439e-02 9.667996349999999350e-03 2.625810879999999903e-02 -3.862631689999999896e-02
9.787113270000000398e+01 4.053560679999999861e-02 -2.262562799999999919e-03 -7.019793159999999921e-02 -1.929578850000000095e-02 -2.187831070000000044e-02 -2.177593969999999830e-03
1.005770969999999949e+02 3.580546870000000242e-02 -2.303373330000000035e-03 -7.201011059999999631e-02 -1.764393889999999951e-02 -1.688898679999999847e-02 -5.387576270000000306e-02
1.032792529999999971e+02 3.643003410000000136e-02 -6.685320419999999861e-03 -6.357772670000000348e-02 -7.190430460000000155e-03 8.539893870000000650e-03 -1.810733490000000084e-02
1.059901119999999963e+02 4.069264880000000167e-02 -1.171895069999999992e-03 -6.656977599999999717e-02 -1.762769050000000115e-02 5.820841329999999758e-03 -3.109835680000000088e-02
1.086966280000000040e+02 4.597903440000000036e-02 -4.335189100000000177e-03 -6.242676219999999943e-02 2.046728100000000036e-02 -1.601648769999999833e-02 -1.492980409999999925e-02
1.114009410000000031e+02 4.918619199999999664e-02 -3.585543709999999828e-03 -6.500432270000000567e-02 7.532269969999999884e-03 1.367040979999999996e-02 -7.726901499999999645e-02
1.141007220000000046e+02 6.207250999999999741e-02 4.112575499999999995e-03 -6.493198490000000322e-02 -1.674817270000000108e-02 1.137615019999999944e-03 5.505528499999999721e-03
1.168018160000000023e+02 6.114509989999999950e-02 8.541637360000000007e-04 -5.483569779999999949e-02 1.587894609999999929e-02 2.019756500000000066e-02 -1.910536759999999917e-02
1.195080339999999950e+02 6.213400869999999993e-02 6.346876979999999981e-03 -5.329323460000000290e-02 -8.419729239999999837e-03 1.642188649999999943e-03 -2.109335119999999897e-02
1.222031439999999947e+02 5.975026099999999896e-02 1.213966359999999953e-02 -5.075884330000000194e-02 -1.240254059999999943e-02 4.128676340000000250e-02 -2.607579670000000072e-02
1.249017220000000066e+02 6.370847829999999601e-02 6.001180079999999736e-03 -5.039589349999999690e-02 4.282291310000000198e-03 5.577888859999999976e-02 7.026228580000000098e-03
1.275983470000000040e+02 6.263866919999999672e-02 8.956332509999999705e-03 -4.932554819999999951e-02 7.603731150000000126e-03 3.822395800000000232e-02 -3.028380599999999992e-02
1.302988939999999900e+02 7.222915269999999333e-02 9.343977510000000403e-03 -4.802573100000000206e-02 -1.619781749999999918e-04 8.749244910000000472e-03 -4.268326100000000012e-02
1.329939410000000066e+02 7.786462249999999419e-02 8.260619690000000140e-03 -3.549948750000000292e-02 -8.911214410000000080e-04 6.538914489999999614e-03 -1.882449330000000171e-02
1.356946590000000015e+02 7.533949700000000527e-02 7.052455729999999694e-03 -1.602575219999999995e-02 2.095878470000000094e-03 9.448623559999999241e-03 -4.178774109999999764e-02
1.384093939999999918e+02 7.517535579999999606e-02 3.912740910000000105e-04 1.316089190000000082e-02 7.744589730000000193e-03 -2.012569980000000064e-03 -1.780817300000000006e-02
1.411048470000000066e+02 7.116399959999999969e-02 7.331363839999999708e-03 3.563781309999999869e-02 1.277296439999999964e-02 1.872683610000000151e-02 6.786443370000000115e-04
1.438134090000000072e+02 7.235807750000000649e-02 5.006058709999999627e-03 3.656614539999999969e-02 3.254687049999999832e-02 2.307293690000000036e-02 -3.401716600000000146e-02
1.465178940000000125e+02 6.623253369999999862e-02 1.085741859999999996e-02 4.227430559999999921e-02 -3.304518740000000204e-02 -1.427325049999999922e-02 -5.262811530000000015e-02
1.492106589999999926e+02 6.903593430000000419e-02 1.965031820000000089e-03 4.190651930000000025e-02 -2.562132779999999957e-02 -2.637496090000000099e-02 -4.043717619999999749e-03
1.519016750000000116e+02 6.303820499999999993e-02 1.091807390000000023e-02 4.545847189999999843e-02 -1.148777840000000071e-02 2.182511989999999860e-02 3.112466820000000037e-02
1.545967840000000137e+02 6.482193360000000626e-02 8.532409059999999240e-03 4.371453410000000067e-02 -2.988413809999999893e-02 -1.438557889999999943e-02 -2.067741049999999997e-02
1.573013779999999997e+02 6.691749439999999938e-02 -1.116981370000000003e-03 5.077323749999999858e-02 -1.533601560000000079e-02 -5.875974450000000238e-02 -2.216347610000000187e-03
1.600082690000000127e+02 6.554244709999999807e-02 -1.183274640000000003e-02 5.160639449999999961e-02 -1.587898910000000094e-02 -2.908519849999999934e-02 7.649458859999999638e-03
1.627065189999999859e+02 6.195737219999999934e-02 -9.985953080000000218e-03 4.513381849999999890e-02 -4.704600240000000183e-02 -4.517367329999999979e-03 2.082484269999999860e-02
1.654048620000000085e+02 4.530372190000000326e-02 -6.337178560000000099e-03 5.842296389999999950e-02 -2.899819309999999983e-02 3.754730579999999984e-02 1.449172189999999982e-03
1.681054410000000132e+02 5.125546009999999708e-02 -1.133374130000000014e-02 6.430004609999999399e-02 -3.967113700000000215e-02 3.070169629999999848e-03 -7.378917530000000133e-05
1.708114250000000141e+02 6.027607389999999760e-02 -1.059751670000000021e-02 7.202551929999999325e-02 2.852348819999999882e-02 -2.803016570000000166e-02 -2.460983950000000114e-02
1.735213939999999866e+02 5.300666269999999847e-02 -4.711987810000000179e-03 6.465430969999999555e-02 -3.334089909999999983e-03 2.489386520000000207e-03 8.602254469999999140e-03
1.762304249999999968e+02 5.534351480000000018e-02 8.208965650000000147e-04 7.415341749999999899e-02 1.271885960000000010e-02 -5.361634209999999699e-03 4.924974459999999915e-02
1.789238620000000139e+02 5.030649649999999889e-02 5.152845179999999796e-03 7.178747729999999938e-02 1.895831989999999939e-02 1.033303430000000016e-02 2.913666369999999908e-02
1.816193619999999953e+02 4.211871219999999832e-02 6.779455600000000408e-03 5.942806989999999817e-02 9.933104410000000856e-03 4.967712929999999749e-02 1.891499700000000067e-03
1.843240810000000067e+02 4.572984039999999917e-02 6.958936849999999841e-03 6.403717920000000230e-02 7.965109200000000667e-03 6.938664320000000052e-02 -4.432463760000000114e-02
1.870127999999999986e+02 5.678837450000000231e-02 -5.670681050000000133e-04 5.159980150000000043e-02 5.664175510000000156e-03 4.780605420000000327e-02 -6.493111470000000052e-03
1.897051280000000020e+02 5.470342040000000100e-02 7.866682439999999818e-03 5.016262610000000316e-02 3.786762569999999745e-02 1.665815929999999931e-02 2.843132849999999850e-02
1.924051120000000026e+02 5.695735910000000041e-02 6.668177269999999747e-03 4.443038509999999719e-02 -1.566806520000000105e-02 -2.196571029999999994e-02 4.930476240000000385e-03
1.951123310000000117e+02 6.495869969999999716e-02 3.668909790000000025e-03 5.755396299999999965e-02 -3.110815759999999847e-03 -9.942694599999999522e-03 -2.121116619999999925e-02
1.978058310000000120e+02 6.546040329999999741e-02 -1.031051280000000025e-03 6.022431810000000024e-02 -2.854770400000000100e-03 5.027318299999999907e-02 -2.461499860000000012e-02
2.005195190000000025e+02 6.692874810000000452e-02 -4.823366390000000115e-03 5.291066359999999774e-02 3.476649240000000141e-02 -6.836807490000000077e-03 -5.278940160000000076e-02
2.032128779999999892e+02 6.851256090000000520e-02 -7.783746680000000126e-03 4.263781290000000224e-02 5.463236340000000163e-03 8.032668979999999306e-03 1.141253230000000007e-02
2.059280339999999967e+02 5.881552470000000338e-02 -6.777359549999999698e-03 3.949665179999999748e-02 5.949249100000000151e-02 -5.592958989999999991e-02 -2.738023590000000090e-02
2.086280340000000137e+02 5.243188380000000232e-02 -4.016621140000000041e-03 4.014913850000000062e-02 1.255621139999999955e-02 -1.936687880000000084e-02 -4.492724459999999920e-03
2.113377059999999972e+02 5.360221669999999661e-02 -1.402076740000000009e-02 3.733344179999999873e-02 4.056666180000000066e-02 1.430854429999999997e-02 2.741989370000000054e-03
2.140433940000000064e+02 6.058158040000000133e-02 -1.111999370000000056e-02 3.175077259999999763e-02 -2.393686769999999950e-02 -1.305432320000000056e-02 -2.227228430000000037e-02
2.167499559999999974e+02 5.486591150000000305e-02 5.093465539999999939e-04 3.304607350000000193e-02 -3.051576799999999867e-02 -1.245198699999999943e-02 -2.339349480000000106e-02
2.194565660000000094e+02 5.847509619999999991e-02 -7.571570209999999718e-03 4.103231660000000031e-02 -1.301064720000000008e-01 5.441502089999999958e-02 -4.448496219999999689e-03
2.221495500000000050e+02 6.195643869999999803e-02 -1.323256939999999972e-02 5.103763480000000213e-02 -6.860875230000000602e-02 -2.985445919999999906e-02 3.336774060000000097e-02
2.248564560000000085e+02 6.770914190000000554e-02 -8.618555389999999275e-03 4.975808989999999654e-02 -5.414335099999999928e-02 8.003477539999999738e-03 -3.497529089999999730e-02
2.275630030000000090e+02 6.331558589999999875e-02 -1.120667139999999978e-02 5.514391230000000033e-02 -4.318479020000000335e-02 -6.915054640000000384e-03 -3.461188739999999930e-02
2.302721750000000043e+02 7.089090439999999604e-02 -1.230359309999999942e-02 5.653435440000000034e-02 -3.284606620000000282e-02 -3.186185729999999744e-02 -1.901286719999999847e-02
2.329772839999999974e+02 7.072015660000000037e-02 -1.118981179999999943e-02 5.771218169999999675e-02 -3.458912399999999887e-02 -2.464873669999999989e-02 -1.275159950000000035e-02
2.356779870000000017e+02 6.932049980000000444e-02 -3.348198750000000185e-03 5.225344149999999743e-02 -4.610739779999999816e-02 3.977577040000000036e-02 -1.603261409999999845e-02
2.383700340000000040e+02 6.648313899999999665e-02 -3.144262069999999819e-03 5.077440879999999684e-02 -4.698487300000000338e-02 2.487434489999999949e-03 -1.145809910000000070e-02
2.410590029999999899e+02 4.948162429999999889e-02 -8.522071909999999820e-03 5.799732030000000205e-02 -2.632636439999999980e-02 -1.464101559999999962e-02 -2.375658379999999893e-03
2.437595340000000022e+02 3.676458429999999999e-02 -1.116647259999999954e-02 7.190258139999999853e-02 -3.078735059999999912e-02 6.658853189999999842e-04 -4.906064689999999756e-02
2.464645969999999977e+02 2.711417740000000159e-02 -1.310092990000000061e-02 7.874901700000000448e-02 -9.679486310000000229e-04 -3.417813609999999919e-02 -3.144286889999999696e-02
2.491648000000000138e+02 2.464627939999999851e-02 -5.821022930000000102e-03 7.795218989999999626e-02 -3.741662710000000225e-02 -2.385439519999999966e-02 -1.766584649999999868e-02
2.518595029999999895e+02 4.404207210000000289e-02 -1.845411179999999901e-02 6.710598419999999620e-02 -2.426058949999999881e-02 9.483910740000000422e-03 3.129446539999999888e-02
2.545576749999999890e+02 5.267662590000000283e-02 -1.258443570000000039e-02 6.462863550000000346e-02 7.734077619999999917e-03 2.594428320000000121e-02 1.457249430000000061e-02
2.572721280000000093e+02 5.812274430000000103e-02 -6.887614630000000321e-03 4.244983499999999826e-02 -1.243507429999999962e-02 5.922839280000000151e-02 1.089182449999999934e-02
2.599809250000000134e+02 6.691615670000000682e-02 8.915391740000000453e-03 4.569630890000000306e-02 -9.176654800000000507e-04 1.258466360000000048e-03 5.078097300000000008e-02
2.626693619999999783e+02 6.598376499999999978e-02 7.633975179999999590e-03 4.530489299999999886e-02 -7.215936620000000176e-03 -2.461089249999999853e-02 6.463612779999999836e-02
2.653844090000000051e+02 5.985992639999999920e-02 1.916511369999999905e-03 4.668183959999999688e-02 3.938929649999999699e-02 -5.002978330000000355e-03 1.226085109999999929e-02
2.680824240000000032e+02 5.509762289999999701e-02 1.150041150000000005e-02 5.034392459999999930e-02 3.259814619999999719e-02 -3.525995569999999975e-03 -1.596436799999999961e-02
