# a=0.06285718967069685, b=-142.26155166579036, c=0.003196548947699894, xi=13.153050214667386
7.000677379999999950e-01 7.632715830000000312e-02 1.414782179999999993e-02 3.755763770000000029e-02 -4.600756179999999917e-02 -1.209932109999999929e-02 3.944423930000000300e-02
3.392830519999999961e+00 8.576309719999999914e-02 7.697431050000000472e-04 1.685640429999999898e-02 -2.377427140000000147e-02 1.833635379999999995e-02 4.886224289999999831e-02
6.083588800000000241e+00 8.556131979999999360e-02 5.218473690000000227e-03 -4.323133429999999854e-03 4.356810180000000171e-03 5.126185220000000105e-03 9.874059270000000443e-02
8.781476930000000181e+00 7.824735060000000131e-02 -3.542366390000000094e-03 -1.923941380000000062e-02 -5.215840769999999932e-02 3.441973009999999694e-02 7.781303689999999329e-02
1.148744929999999975e+01 7.779612769999999511e-02 -2.794438690000000062e-03 -3.732999499999999776e-02 -2.097108429999999888e-03 3.235506340000000175e-02 2.688610899999999831e-02
1.418315079999999995e+01 6.559341779999999789e-02 -1.248795580000000051e-02 -5.426049449999999913e-02 -4.116060900000000078e-02 3.162966159999999749e-02 1.094524550000000075e-02
1.688808209999999832e+01 6.250499850000000579e-02 -9.742553330000000567e-03 -5.360872380000000076e-02 -7.246717719999999641e-02 3.474860009999999888e-02 6.635010569999999670e-03
1.958517739999999918e+01 6.367134200000000577e-02 -4.574874920000000268e-03 -5.124219890000000083e-02 -1.505994880000000036e-02 1.494478079999999980e-02 1.037578890000000024e-02
2.229498050000000120e+01 6.104293649999999877e-02 2.404923120000000171e-03 -6.067652760000000201e-02 -3.157241360000000163e-02 4.910766729999999775e-02 4.878734829999999828e-02
2.499126490000000089e+01 5.824425989999999775e-02 3.047095699999999904e-03 -5.461678970000000133e-02 3.419767740000000111e-02 -9.911120169999999147e-03 9.259733520000000551e-02
2.769651959999999846e+01 5.198376130000000039e-02 6.653289020000000518e-04 -6.074460050000000250e-02 2.860478899999999852e-02 3.068348790000000135e-03 4.502128360000000329e-02
3.040293210000000101e+01 5.616394300000000089e-02 3.415005870000000030e-03 -5.849111950000000087e-02 4.188608929999999841e-02 -1.114266039999999990e-04 7.543993290000000282e-03
3.311563209999999913e+01 6.157864839999999812e-02 -1.601270710000000106e-03 -5.943985699999999872e-02 -2.739371089999999981e-02 -9.654923980000000572e-03 -9.951064420000000840e-03
3.582016800000000245e+01 6.667663199999999957e-02 -2.544087789999999877e-03 -6.061286379999999974e-02 1.995315890000000023e-02 -3.170424079999999839e-02 -8.109879319999999548e-04
3.851235400000000197e+01 7.178076260000000597e-02 -4.112024260000000410e-03 -5.522282519999999889e-02 3.210064079999999653e-02 -4.082011239999999708e-02 -1.204374619999999934e-03
4.120842739999999793e+01 7.224197029999999964e-02 -1.358312559999999905e-03 -5.089208829999999906e-02 4.807644120000000021e-02 -3.756320120000000012e-02 3.364530419999999661e-02
4.390037430000000285e+01 5.762249450000000300e-02 -5.925164140000000433e-03 -3.930919530000000217e-02 -2.132719110000000015e-02 -2.460954850000000166e-02 1.384826289999999994e-02
4.659395860000000056e+01 6.434311080000000571e-02 -6.211114170000000406e-03 -4.555789799999999945e-02 -2.549459950000000120e-03 2.525533870000000111e-02 -6.922468580000000482e-02
4.928625079999999770e+01 6.365279599999999760e-02 -4.661181230000000300e-03 -4.535919649999999720e-02 -2.830546039999999944e-02 2.985364930000000000e-02 -8.801383249999999991e-02
5.199406330000000054e+01 5.864397579999999777e-02 -3.405919109999999868e-03 -4.886883320000000308e-02 -2.435327880000000104e-03 3.120055290000000106e-02 -5.861433459999999818e-02
5.469193829999999679e+01 6.303069960000000360e-02 -3.919475989999999903e-03 -4.509124820000000311e-02 -3.377448839999999675e-02 4.606891600000000142e-02 -4.110434460000000206e-02
5.739500550000000345e+01 7.028060549999999573e-02 -7.833767179999999442e-03 -4.364609900000000070e-02 3.016502559999999916e-02 -3.222075259999999941e-02 -5.761057979999999884e-02
6.008453360000000032e+01 6.937135899999999356e-02 -1.645426129999999834e-02 -3.670994910000000000e-02 -5.012020729999999702e-02 -1.979161700000000093e-02 1.031546380000000068e-02
6.278152579999999716e+01 6.770177160000000194e-02 -6.268459950000000204e-03 -4.690941900000000081e-02 1.125192300000000048e-02 -4.703493369999999819e-03 -4.542752430000000091e-02
6.547733519999999885e+01 6.851896070000000616e-02 -9.936108410000000016e-03 -6.029325440000000286e-02 -6.353345039999999666e-02 2.942454879999999856e-02 -3.424237570000000092e-02
6.817151020000000017e+01 6.569660539999999660e-02 2.978380069999999810e-03 -5.214149700000000193e-02 7.333948530000000687e-02 -1.087374649999999984e-02 3.380536779999999963e-02
7.087508520000000090e+01 6.124653170000000230e-02 3.524246319999999998e-03 -6.444612519999999567e-02 4.389428699999999711e-02 1.759839370000000061e-03 2.204030439999999855e-02
7.357803989999999317e+01 5.594671679999999730e-02 4.525888330000000029e-03 -6.905696849999999609e-02 2.300162739999999859e-02 -5.423048159999999812e-02 1.884486409999999983e-03
7.629028359999999509e+01 5.256778060000000252e-02 8.931464839999999532e-04 -6.721270669999999947e-02 -2.223559350000000115e-02 -3.416177320000000212e-02 -5.854931189999999785e-02
7.900299459999999385e+01 5.272613200000000194e-02 -8.598235810000000312e-03 -6.887029710000000526e-02 -1.268447129999999978e-02 -1.373760939999999972e-02 -5.109137600000000085e-02
8.169872900000000016e+01 4.604034509999999775e-02 -2.765268810000000212e-03 -5.847756519999999791e-02 4.904779740000000249e-02 5.040370859999999953e-02 -3.649840399999999818e-02
8.440734460000000183e+01 4.010892249999999798e-02 -8.486051450000000468e-03 -6.687965649999999540e-02 4.118779239999999925e-02 6.660815809999999851e-03 -2.958419920000000120e-02
8.711711180000000354e+01 4.514753750000000121e-02 -5.795516720000000281e-03 -6.600392589999999615e-02 1.883993960000000106e-02 -1.577485169999999839e-02 6.985017280000000231e-03
8.982171019999999828e+01 4.252282019999999857e-02 -8.602452260000000711e-03 -5.511871780000000137e-02 2.655808949999999974e-02 -2.129831839999999851e-02 -2.199371339999999994e-02
9.252566179999999463e+01 4.299737230000000299e-02 -5.751826049999999614e-03 -4.769819220000000304e-02 -4.586634140000000331e-03 -2.787312700000000101e-02 3.732026599999999777e-02
9.521979770000000087e+01 5.028166509999999756e-02 -7.932526630000000592e-03 -5.477737929999999811e-02 3.682633829999999719e-02 3.329477669999999882e-03 -2.105059139999999884e-02
9.792146800000000439e+01 5.556355489999999925e-02 -1.105628399999999956e-02 -5.507504559999999716e-02 -3.835699760000000030e-04 -1.711270330000000048e-02 1.242814390000000074e-02
1.006241710000000040e+02 5.151867720000000150e-02 -1.708063710000000054e-02 -5.425117909999999793e-02 2.707162980000000010e-02 1.203090809999999948e-02 -1.433747110000000054e-02
1.033296090000000049e+02 4.636202689999999876e-02 -1.033568929999999914e-02 -5.678952550000000016e-02 -1.990566830000000190e-03 2.508692649999999871e-02 -3.350494159999999749e-02
1.060408589999999975e+02 4.087890680000000332e-02 -3.630809320000000055e-03 -6.046297989999999817e-02 1.080327030000000077e-02 3.587099529999999981e-02 -5.076099340000000265e-02
1.087417020000000036e+02 4.328261609999999732e-02 1.219180719999999989e-03 -6.091445010000000326e-02 3.161333250000000067e-02 4.848126369999999907e-02 -1.531873979999999989e-02
1.114416240000000045e+02 5.121545350000000080e-02 4.231478969999999916e-03 -5.217269580000000184e-02 5.059410710000000061e-02 3.078961549999999908e-02 9.115770869999999595e-03
1.141472179999999952e+02 5.871812839999999978e-02 1.060110579999999983e-02 -6.008788500000000060e-02 1.949921900000000166e-02 3.207907749999999725e-02 -2.695660059999999830e-02
1.168521089999999987e+02 5.936697910000000161e-02 1.045371060000000081e-02 -5.326303439999999917e-02 2.183621310000000149e-02 2.524005979999999899e-02 -4.235381110000000296e-03
1.195555460000000068e+02 5.234232689999999966e-02 1.622706039999999988e-02 -5.960034069999999712e-02 -1.733393009999999873e-02 -1.118089889999999975e-03 -2.871917170000000061e-02
1.222536709999999971e+02 5.464789729999999790e-02 9.489190269999999566e-03 -4.521536870000000125e-02 3.073940979999999906e-02 -1.093071990000000007e-02 -4.121474170000000159e-02
1.249575930000000028e+02 5.650724809999999737e-02 1.016319499999999987e-02 -4.859500409999999854e-02 -4.189120290000000052e-02 1.156988020000000034e-02 1.255925849999999996e-02
1.276632340000000028e+02 6.260144019999999698e-02 7.905648700000000167e-03 -4.335436990000000185e-02 8.411562350000000368e-03 3.292728999999999795e-02 -2.780188989999999791e-03
1.303522810000000050e+02 6.916255540000000590e-02 2.342339079999999820e-03 -5.291282299999999772e-02 -1.031359900000000012e-03 4.587544140000000131e-02 -1.013649759999999929e-03
1.330634369999999933e+02 6.855980120000000622e-02 4.799413790000000082e-03 -4.342408209999999713e-02 2.713080000000000006e-02 3.334075799999999812e-02 -2.245276820000000062e-02
1.357540620000000047e+02 6.482232899999999798e-02 2.334492950000000185e-03 -3.179849929999999797e-02 -1.351295790000000066e-02 3.861204339999999707e-02 -1.849469730000000145e-02
1.384432020000000136e+02 7.485894549999999592e-02 5.242591389999999747e-03 -1.009606489999999995e-02 2.705182479999999803e-03 1.663887910000000012e-02 1.898664279999999829e-02
1.411467810000000043e+02 7.607701449999999810e-02 -1.985564410000000089e-03 3.864747080000000088e-03 -2.229276259999999829e-02 -2.608260199999999987e-02 -4.987502740000000073e-03
1.438472020000000100e+02 6.935933569999999659e-02 3.172289110000000006e-03 1.874520959999999986e-02 1.301124959999999924e-03 2.349849349999999851e-02 2.670494270000000128e-02
1.465408590000000117e+02 7.346546140000000114e-02 4.466602190000000180e-03 2.898595539999999915e-02 -5.795395989999999574e-03 -2.928843340000000101e-02 4.117861130000000092e-02
1.492328119999999956e+02 6.994963860000000255e-02 -1.097974060000000019e-03 2.727587899999999940e-02 -1.307268110000000053e-02 -2.012420369999999917e-02 1.519758099999999994e-02
1.519270459999999900e+02 6.380336420000000397e-02 4.255850700000000063e-03 3.960294140000000102e-02 -1.326800059999999962e-02 -2.384962670000000118e-02 4.562174110000000171e-02
1.546288270000000011e+02 6.940157180000000592e-02 5.868682959999999699e-03 4.226566059999999764e-02 -7.897634900000000471e-03 -4.278621199999999881e-03 1.069952769999999928e-02
1.573227180000000089e+02 6.812869700000000195e-02 7.343249910000000311e-03 4.864019990000000015e-02 -1.984824279999999885e-02 7.776821380000000167e-04 3.174810370000000215e-02
1.600245309999999961e+02 5.908334819999999654e-02 3.759546319999999917e-03 5.687945889999999893e-02 -2.499293879999999954e-02 -6.891672889999999642e-03 -3.321044990000000113e-02
1.627217019999999934e+02 4.983701759999999842e-02 2.398967340000000056e-03 5.779727710000000240e-02 4.911007939999999933e-03 -4.285379809999999984e-03 -2.831272290000000011e-02
1.654351870000000133e+02 4.064415049999999668e-02 -5.560285189999999989e-03 6.211748090000000083e-02 3.025811620000000077e-02 4.526319029999999882e-02 1.713915180000000031e-04
1.681444370000000106e+02 4.790936920000000293e-02 -1.658863910000000054e-03 7.473586729999999456e-02 2.049127870000000060e-02 3.050665990000000095e-03 2.171544820000000098e-02
1.708607179999999914e+02 4.963059830000000200e-02 -2.350324889999999903e-03 6.292690669999999320e-02 6.439267510000000472e-02 -2.826057250000000090e-02 7.008845190000000114e-02
1.735656400000000019e+02 5.329392160000000211e-02 -1.007382750000000021e-02 7.023671289999999789e-02 3.445011589999999804e-03 9.120260820000000018e-03 3.903311730000000312e-02
1.762776090000000124e+02 3.670431300000000230e-02 -5.756214100000000417e-03 7.321188879999999954e-02 2.625837359999999912e-02 3.331421770000000254e-02 1.691544379999999903e-02
1.789747959999999978e+02 2.842786610000000089e-02 6.425162809999999470e-04 8.111025569999999463e-02 1.129432439999999982e-02 -1.730789939999999999e-02 -1.748951420000000034e-02
1.816740770000000111e+02 3.417509369999999908e-02 -3.031707230000000187e-03 7.183318480000000505e-02 2.507698859999999905e-02 -1.893192380000000008e-02 1.331393410000000083e-02
1.843757180000000062e+02 2.512759889999999913e-02 7.080168779999999884e-03 6.934491610000000084e-02 -1.715721339999999942e-02 1.696998149999999830e-02 1.423090930000000046e-02
1.870830929999999910e+02 2.065223600000000090e-02 2.044759350000000062e-03 7.227556309999999540e-02 -8.410503289999999438e-03 3.600903700000000068e-02 -2.097577759999999861e-02
1.897848429999999951e+02 2.029062159999999934e-02 1.331431799999999947e-03 6.342173169999999749e-02 9.436729470000000328e-03 7.406148610000000410e-02 -4.946647710000000309e-02
1.924889839999999879e+02 1.643446280000000065e-02 2.707311200000000074e-03 6.775201050000000114e-02 -2.094211590000000147e-03 5.550242710000000135e-02 -3.602686480000000246e-02
1.951936239999999998e+02 1.908411600000000166e-02 7.971311650000000026e-03 7.187069279999999671e-02 -2.651840499999999837e-02 1.840502520000000114e-02 -3.753593210000000235e-02
1.978991240000000005e+02 2.178184689999999868e-02 -1.858588960000000061e-03 7.511841819999999503e-02 -1.119372490000000026e-02 3.119316410000000026e-02 -2.594545419999999894e-02
2.006119060000000047e+02 3.283457359999999992e-02 -2.417126470000000200e-03 7.676951760000000347e-02 -9.176135179999999475e-03 -4.045514640000000273e-02 -6.103119080000000279e-02
2.033124840000000120e+02 3.573055950000000175e-02 -8.026615419999999154e-03 7.481746170000000418e-02 7.035302700000000027e-03 -3.780343309999999873e-02 -1.587619469999999866e-02
2.060027340000000038e+02 3.866259820000000208e-02 8.073129500000000239e-04 6.429026620000000136e-02 1.301593109999999928e-02 -5.243746710000000283e-02 2.764895490000000150e-02
2.087050930000000051e+02 4.095666199999999785e-02 -9.775506649999999350e-04 5.245563179999999937e-02 2.699847249999999879e-03 1.196636000000000054e-03 3.764004630000000046e-02
2.114074060000000088e+02 5.571725310000000264e-02 1.214822060000000058e-02 5.110853170000000112e-02 2.306962550000000046e-03 4.851738690000000076e-02 4.013986709999999708e-02
2.141146870000000035e+02 6.529840039999999790e-02 1.512430290000000080e-02 4.757590200000000324e-02 1.079716290000000065e-02 1.257727519999999981e-02 4.926464160000000418e-03
2.168178120000000035e+02 6.411708580000000102e-02 8.451239410000000243e-03 5.829629489999999664e-02 -1.422598880000000045e-02 -1.284613159999999955e-02 3.614632119999999782e-02
2.195176400000000001e+02 5.599081489999999800e-02 7.515856399999999715e-03 5.461617490000000158e-02 1.456530779999999983e-02 1.073817739999999993e-02 4.662323480000000325e-02
2.222195460000000082e+02 3.835337359999999723e-02 1.356756289999999990e-02 5.982699930000000277e-02 3.060106519999999941e-02 -4.185610530000000162e-02 3.459076850000000064e-02
2.249127959999999860e+02 4.118351840000000069e-02 1.733467429999999837e-02 6.653523620000000027e-02 5.482436060000000014e-03 3.249003790000000187e-03 2.782515359999999938e-02
2.276139520000000118e+02 4.441476309999999733e-02 2.013913440000000138e-02 6.644155000000000200e-02 1.277521709999999977e-02 1.893868589999999838e-02 8.580097590000000662e-02
2.303181869999999947e+02 5.733846979999999982e-02 1.732870640000000115e-02 5.567355849999999773e-02 3.683510450000000019e-02 1.575396609999999906e-02 6.519555230000000090e-02
2.330143590000000131e+02 5.874792429999999704e-02 3.025790490000000027e-02 4.609233480000000244e-02 2.116851980000000050e-02 -4.086896950000000125e-03 1.549206369999999930e-02
2.357122960000000091e+02 5.066076089999999726e-02 2.803908290000000150e-02 3.838270760000000309e-02 1.587362419999999857e-02 -2.957805560000000000e-02 3.786522080000000179e-02
2.384091559999999959e+02 5.755263480000000209e-02 1.888372979999999868e-02 2.738927619999999979e-02 -2.776071929999999934e-03 -5.297117569999999775e-02 -4.461550110000000319e-02
2.411167810000000031e+02 5.484946479999999736e-02 1.354094410000000054e-02 3.191125139999999999e-02 3.796227259999999937e-02 -2.095338860000000008e-03 -2.561713440000000161e-02
2.438134369999999933e+02 6.531650170000000144e-02 1.330139529999999938e-02 4.450358370000000174e-02 1.379386200000000048e-02 1.337169149999999952e-02 -1.440146580000000072e-02
2.465117649999999969e+02 6.426182260000000424e-02 6.411770689999999641e-03 5.049339209999999939e-02 5.158044379999999866e-03 1.541899189999999982e-02 5.542729859999999745e-03
2.491984840000000077e+02 6.079231260000000220e-02 -4.168017470000000280e-03 5.836038970000000103e-02 1.569243810000000086e-02 -1.649881060000000024e-02 2.590280169999999854e-02
2.519140460000000132e+02 6.250574459999999610e-02 -3.252316720000000046e-03 5.628642169999999861e-02 2.472479249999999865e-02 1.141486170000000078e-02 5.182046579999999986e-02
2.546202020000000061e+02 6.948188380000000497e-02 5.921638689999999747e-03 5.366774380000000066e-02 2.948609779999999958e-02 6.771459340000000014e-03 3.683383369999999879e-02
2.573134989999999789e+02 6.953195410000000132e-02 -1.820449169999999997e-03 3.941369900000000343e-02 1.690847419999999893e-02 5.999652200000000352e-03 6.523338280000000322e-02
2.600129680000000008e+02 6.832298620000000489e-02 -1.390522109999999933e-04 2.240848109999999879e-02 1.612582939999999921e-03 9.839742219999999401e-03 1.164555739999999923e-02
2.627329990000000066e+02 6.563152690000000067e-02 9.245019049999999520e-04 2.814521940000000097e-02 -3.425727189999999700e-02 1.090085200000000080e-02 -4.485851410000000344e-02
2.654288589999999886e+02 6.875591309999999623e-02 6.105792359999999940e-03 3.721100809999999814e-02 -1.344271789999999973e-02 2.738819959999999956e-02 2.272392750000000114e-02
2.681399270000000001e+02 7.241016760000000552e-02 3.574450380000000066e-03 4.575380710000000184e-02 -9.368941990000000108e-02 6.953784949999999854e-03 1.957467189999999996e-02
