# a=0.05410433072307368, b=-141.51531125547595, c=0.0020352129901178044, xi=6.796418637016787
7.091711979999999471e-01 4.695988160000000300e-02 -2.046286029999999992e-02 6.321913499999999575e-02 6.864404829999999885e-04 3.794337889999999797e-02 7.958354270000000605e-03
3.415244990000000147e+00 6.085398990000000230e-02 -9.849855719999999967e-03 5.305728640000000051e-02 1.835972030000000048e-03 -9.335928889999999328e-03 -9.989022170000000367e-03
6.103209360000000139e+00 6.872308010000000023e-02 -7.150440079999999775e-03 4.724942719999999929e-02 -3.209804399999999919e-02 3.918162210000000235e-03 2.706414970000000156e-02
8.802981389999999351e+00 7.525994269999999875e-02 -4.101272290000000133e-03 4.452622400000000313e-02 -3.455527270000000235e-04 1.306470560000000045e-02 3.328132419999999675e-02
1.149435090000000059e+01 7.377101249999999666e-02 -7.716965479999999926e-03 3.513554120000000197e-02 6.490016910000000194e-03 1.575060780000000007e-02 3.174944660000000168e-02
1.419326500000000024e+01 7.218592159999999425e-02 -2.781652150000000177e-03 3.250206979999999829e-02 -4.554599900000000194e-03 -1.609366240000000003e-02 1.424099900000000071e-02
1.688990719999999968e+01 7.723414489999999577e-02 -5.322940259999999792e-03 2.804110380000000152e-02 -1.702606450000000108e-03 -3.304264080000000187e-02 4.629839499999999913e-02
1.958115559999999888e+01 7.511769329999999634e-02 7.009279119999999724e-03 2.044029409999999908e-02 1.850129039999999893e-03 1.658839319999999909e-02 3.397277409999999859e-02
2.228839470000000134e+01 7.155441419999999941e-02 -1.979336109999999937e-03 1.102043580000000057e-02 1.619804039999999876e-02 -3.072090259999999892e-02 3.304166020000000314e-02
2.499157280000000014e+01 7.784749800000000108e-02 7.188967289999999809e-03 -8.925760779999999950e-03 -1.668018699999999910e-02 1.949498699999999834e-02 -3.634269620000000339e-02
2.769061500000000109e+01 6.905232729999999375e-02 6.633271510000000176e-03 -3.578518630000000061e-02 -5.837048339999999572e-03 1.772910559999999955e-02 -3.227722189999999991e-02
3.038228840000000019e+01 7.320115979999999856e-02 1.515831459999999878e-04 -5.285027290000000183e-02 2.617312479999999927e-02 1.703061159999999866e-02 -4.590438160000000212e-02
3.307815089999999714e+01 7.295734239999999982e-02 3.100388659999999894e-03 -5.927970910000000121e-02 -1.723615410000000139e-02 2.188283909999999902e-02 -5.148547309999999821e-02
3.576821970000000306e+01 6.983959339999999683e-02 3.347962950000000007e-03 -5.806010019999999910e-02 -8.770003269999999962e-03 1.338877890000000036e-02 -4.103291349999999699e-03
3.845471030000000212e+01 5.657991130000000063e-02 1.365859900000000043e-02 -5.826204289999999814e-02 -1.056996619999999928e-02 -7.650534530000000118e-03 -1.317491160000000029e-02
4.115134309999999829e+01 5.754555060000000194e-02 6.912985669999999888e-03 -5.328883909999999891e-02 -1.448260479999999989e-02 -3.645428519999999867e-02 3.456788310000000197e-02
4.385229470000000163e+01 6.181276160000000186e-02 1.294902039999999959e-03 -5.205972629999999768e-02 -4.213557359999999669e-02 6.169958950000000233e-03 -4.860425379999999684e-02
4.655905400000000327e+01 6.574757559999999668e-02 -1.125047610000000017e-02 -4.694316159999999821e-02 -1.431763250000000001e-02 -2.325889579999999845e-02 5.923362180000000523e-04
4.925474309999999889e+01 6.565782169999999363e-02 -5.363926580000000048e-03 -6.398030159999999744e-02 -1.144044909999999970e-02 2.833525610000000097e-02 -5.639052289999999662e-02
5.195946030000000349e+01 5.705642500000000089e-02 -3.785761950000000224e-04 -5.593926190000000215e-02 -5.733548729999999672e-04 -2.494672139999999996e-02 3.549771089999999990e-02
5.466084000000000032e+01 5.009736260000000052e-02 -4.618130970000000265e-03 -5.389346820000000260e-02 1.642188749999999933e-02 -7.556896839999999692e-03 -9.625894180000000439e-03
5.736747590000000230e+01 5.451990959999999942e-02 4.151518790000000188e-03 -5.815724819999999740e-02 2.060547249999999941e-02 -1.540300490000000083e-03 1.967212990000000161e-02
6.006936340000000030e+01 5.229659150000000312e-02 7.122049190000000196e-03 -6.165800059999999860e-02 -1.206989089999999966e-02 -1.829114709999999852e-02 1.070678679999999966e-02
6.276761189999999857e+01 6.290118649999999756e-02 -9.869262330000001023e-04 -5.767208430000000247e-02 9.527578079999999769e-03 -2.324226669999999995e-02 2.129087290000000049e-02
6.547399310000000128e+01 5.774335869999999704e-02 1.237939979999999954e-03 -5.482314969999999704e-02 1.048503330000000004e-02 -4.338557939999999891e-02 3.834831739999999822e-02
6.816853690000000654e+01 6.310487409999999964e-02 -8.878382900000000508e-03 -6.642808059999999459e-02 2.851641639999999856e-03 2.703110489999999838e-02 2.538065590000000010e-02
7.088295870000000320e+01 6.265094370000000301e-02 -1.068520459999999957e-02 -6.502049880000000670e-02 2.313190190000000146e-02 -4.204074840000000118e-02 -1.462457279999999915e-02
7.357336970000000065e+01 5.675261909999999854e-02 -1.402789500000000029e-02 -5.809450979999999931e-02 1.411807969999999933e-02 4.093624519999999878e-02 5.618703479999999882e-03
7.628211500000000456e+01 5.619513820000000132e-02 -1.192257510000000083e-02 -5.725993110000000136e-02 7.832792369999999268e-03 -2.257073689999999910e-03 -7.353879469999999655e-03
7.898447120000000155e+01 5.901621750000000249e-02 -9.329873710000000445e-03 -5.494349860000000141e-02 3.156621360000000267e-04 -3.033952690000000195e-03 1.949648320000000115e-02
8.168620249999999317e+01 6.967766940000000297e-02 -1.129742069999999966e-02 -5.471817500000000084e-02 1.810371679999999914e-02 1.671179219999999882e-02 1.451395240000000024e-02
8.439835250000000144e+01 7.233020919999999521e-02 -3.457329319999999893e-03 -4.787868170000000173e-02 1.927031709999999995e-02 -2.090795330000000049e-02 -2.972001599999999841e-02
8.710119779999999423e+01 6.711730209999999808e-02 -3.143646489999999826e-04 -4.661886300000000344e-02 3.410879440000000318e-02 1.350370519999999916e-03 -2.205864370000000171e-02
8.980319939999999690e+01 6.644200590000000350e-02 7.154449249999999660e-04 -4.876081060000000272e-02 1.408213019999999920e-02 1.218970649999999954e-02 4.378557930000000209e-02
9.250995090000000687e+01 5.934989849999999789e-02 7.446680560000000157e-03 -4.792375930000000034e-02 1.664372960000000054e-02 9.905924199999999180e-03 4.063396090000000183e-02
9.520392119999999636e+01 5.617921230000000321e-02 1.042226700000000068e-02 -3.875487660000000167e-02 -1.879163270000000149e-02 -8.691292649999999773e-03 7.518261179999999322e-02
9.790560089999999605e+01 6.156464870000000200e-02 1.329583800000000079e-02 -4.091019960000000233e-02 -3.371069909999999809e-02 -1.175079539999999978e-02 -1.730739449999999999e-02
1.005904629999999997e+02 7.272657350000000243e-02 7.164306439999999603e-03 -4.249202609999999658e-02 -1.028591969999999994e-02 -2.537143559999999881e-02 -1.439220039999999923e-02
1.032848850000000027e+02 6.713941519999999663e-02 5.609876770000000144e-03 -4.612889819999999724e-02 -9.792642480000000524e-03 4.616227400000000314e-02 -1.311885320000000070e-02
1.059710100000000068e+02 6.481509659999999673e-02 9.062025910000000295e-03 -4.818544679999999664e-02 -2.394142999999999966e-02 2.979478409999999911e-02 9.137384239999999172e-03
1.086683069999999987e+02 6.631835680000000566e-02 1.908215210000000026e-03 -4.157012510000000077e-02 1.013015220000000084e-02 3.151845460000000237e-02 -1.389364510000000051e-03
1.113697449999999947e+02 6.881970789999999893e-02 -5.611955729999999753e-03 -4.390515729999999728e-02 2.684879360000000034e-02 -1.476130949999999997e-02 2.060733530000000147e-02
1.140689629999999966e+02 6.302302490000000201e-02 -8.980395349999999860e-03 -4.606737040000000172e-02 5.833095649999999735e-04 7.474477949999999878e-03 -2.416413359999999844e-02
1.167804629999999975e+02 5.583990429999999977e-02 -1.321770040000000077e-02 -5.573690070000000135e-02 1.400364769999999995e-02 3.807887299999999919e-02 -1.667340129999999926e-03
1.194707760000000007e+02 5.455636090000000327e-02 -1.310587229999999985e-02 -6.576561429999999708e-02 1.160880629999999983e-02 -5.349339770000000223e-04 -2.081312349999999908e-02
1.221820419999999956e+02 5.851757409999999715e-02 -4.468501799999999996e-03 -6.360864419999999464e-02 3.221199980000000185e-02 -4.585541180000000244e-02 -1.973991049999999914e-02
1.248878380000000021e+02 5.946053860000000135e-02 -1.910001219999999918e-03 -6.193694780000000288e-02 6.786858379999999996e-03 -2.918497800000000031e-02 -3.111672000000000049e-02
1.275900730000000038e+02 6.027321749999999673e-02 3.832094290000000007e-03 -5.665034919999999835e-02 6.461902450000000207e-03 -2.179876349999999852e-02 -5.711693989999999665e-02
1.302809949999999901e+02 5.733509240000000257e-02 3.649381269999999941e-03 -5.234633830000000321e-02 -7.770948970000000205e-03 3.681011730000000037e-02 -4.561840780000000345e-02
1.329813379999999938e+02 6.462369219999999914e-02 5.406377899999999817e-05 -3.973162840000000334e-02 -1.970580480000000065e-02 1.143963999999999918e-02 3.193632709999999833e-03
1.356831819999999880e+02 6.307220199999999388e-02 -3.583560459999999854e-03 -2.883439269999999929e-02 -9.693487569999999220e-03 1.570232709999999990e-02 -3.351149910000000148e-02
1.383877129999999909e+02 6.610656630000000256e-02 -1.028943050000000019e-02 -1.968490629999999908e-02 2.377611989999999995e-02 2.841667590000000049e-02 3.299472230000000117e-02
1.410964630000000000e+02 8.026544409999999963e-02 -4.793303550000000031e-03 -2.686082470000000083e-03 7.420694090000000322e-04 3.906085079999999793e-03 1.705530759999999979e-02
1.437957759999999894e+02 7.151947499999999902e-02 -6.374429489999999809e-03 1.622733440000000138e-02 2.628816440000000115e-02 2.848052369999999958e-02 1.442978959999999949e-02
1.465006199999999978e+02 6.225661829999999675e-02 5.170953459999999731e-03 3.097761909999999924e-02 -3.872622760000000303e-02 1.764874450000000067e-02 6.222968300000000265e-03
1.492099949999999922e+02 6.276247470000000106e-02 5.306591499999999996e-03 4.831824679999999900e-02 -1.097950489999999918e-02 1.611687259999999844e-02 1.055340129999999925e-02
1.519132920000000126e+02 5.353921829999999660e-02 4.314978350000000032e-03 5.554733760000000325e-02 -2.413488319999999854e-02 6.091367000000000309e-03 -5.885331320000000178e-03
1.546206510000000094e+02 4.496743529999999711e-02 4.154407839999999831e-03 6.397993990000000464e-02 1.127309270000000085e-02 -8.761018339999999266e-03 2.908389990000000147e-02
1.573346980000000030e+02 4.640713280000000052e-02 8.395964949999999358e-03 6.819002159999999757e-02 2.378598980000000071e-02 -3.746961640000000260e-02 -2.100583560000000155e-02
1.600304480000000069e+02 5.849994129999999681e-02 4.555870210000000087e-03 6.384557990000000460e-02 8.324844059999999407e-03 -3.277539720000000045e-02 2.561194829999999950e-02
1.627337290000000110e+02 6.111964830000000265e-02 6.968752739999999578e-03 5.261721209999999788e-02 -5.605171719999999663e-02 3.466824849999999847e-02 5.079732130000000345e-02
1.654243069999999989e+02 6.172612689999999736e-02 3.017914679999999898e-03 5.316780869999999937e-02 -2.664733299999999874e-02 -6.315234060000000059e-03 4.878993449999999982e-02
1.681185570000000098e+02 6.674439449999999829e-02 9.017357510000000714e-03 5.229118890000000047e-02 2.361857709999999957e-02 -1.558255249999999925e-02 6.082918030000000059e-02
1.708271039999999914e+02 7.971513249999999384e-02 9.909313410000000419e-03 4.433735949999999953e-02 1.983934370000000127e-02 -1.905878849999999985e-02 2.090501910000000171e-02
1.735252920000000074e+02 7.494142089999999978e-02 3.653563900000000170e-03 4.399056340000000176e-02 5.538734070000000259e-02 -4.141590009999999988e-02 2.156787159999999995e-02
1.762305570000000046e+02 7.154862189999999789e-02 -2.063514790000000113e-03 4.040205589999999736e-02 -3.830071670000000095e-02 9.068995349999999303e-03 1.220645270000000025e-02
1.789249010000000055e+02 7.551172840000000552e-02 -1.011335109999999919e-03 5.049959229999999993e-02 -2.435663929999999991e-02 -1.120713700000000070e-02 3.440893540000000000e-02
1.816221820000000093e+02 6.336939780000000466e-02 -7.309533850000000076e-03 5.514207139999999924e-02 -5.054548579999999791e-02 -2.186173970000000050e-02 2.749357850000000089e-02
1.843235880000000009e+02 6.315419760000000327e-02 -1.029261469999999921e-03 5.732409530000000253e-02 -4.552946139999999864e-02 -3.253756399999999799e-02 1.704221889999999948e-02
1.870225570000000062e+02 6.176078019999999696e-02 -4.959544229999999707e-03 5.876063150000000040e-02 -3.234668190000000026e-02 -4.896489270000000185e-03 7.071944980000000351e-04
1.897255419999999901e+02 5.744629130000000056e-02 -2.507205110000000192e-03 5.362433610000000295e-02 -2.482617399999999946e-02 3.527352710000000030e-02 -6.696770950000000000e-03
1.924239010000000007e+02 5.101696399999999798e-02 -2.003592319999999809e-03 4.793454519999999774e-02 2.118689069999999883e-02 2.491277589999999972e-02 9.707417759999999868e-03
1.951353540000000066e+02 5.228821010000000297e-02 1.847782909999999904e-03 4.279368850000000307e-02 -2.813868939999999985e-02 5.801420350000000004e-02 1.198199949999999986e-02
1.978363070000000050e+02 6.112619069999999932e-02 2.105245850000000019e-03 4.344452879999999989e-02 2.253164279999999957e-03 1.594281490000000120e-02 4.155758660000000160e-02
2.005353700000000003e+02 5.984023780000000126e-02 5.862696579999999991e-03 4.366469130000000254e-02 -3.115302429999999932e-03 2.385638299999999837e-02 3.942142760000000301e-02
2.032322920000000011e+02 5.503167729999999813e-02 -2.242176319999999827e-03 5.264306579999999958e-02 1.499573019999999972e-02 -7.766086959999999803e-03 1.334147559999999955e-02
2.059375420000000076e+02 4.892549699999999835e-02 8.056417910000000446e-03 6.112130970000000108e-02 -5.106915809999999778e-02 4.084380270000000090e-02 -1.763171700000000161e-02
2.086329320000000109e+02 3.872862450000000289e-02 9.743866049999999265e-03 6.215808460000000341e-02 -3.899691460000000165e-02 2.318291310000000077e-02 2.506574570000000019e-03
2.113419320000000141e+02 4.067251510000000070e-02 1.216460400000000074e-02 6.514630070000000661e-02 -5.085092740000000250e-02 1.882509939999999979e-02 -1.081416020000000068e-02
2.140391349999999875e+02 3.427865060000000186e-02 4.711627050000000150e-03 7.861415639999999594e-02 3.555438020000000095e-03 -1.597001990000000010e-02 -1.082180980000000022e-02
2.167331819999999993e+02 3.529826719999999696e-02 1.443016440000000013e-04 6.456976150000000303e-02 -4.603736600000000317e-02 -5.644878330000000291e-03 2.753464179999999886e-02
2.194277130000000113e+02 4.621662160000000047e-02 -2.041834289999999892e-03 6.366793069999999999e-02 1.472565709999999924e-02 -2.512946480000000093e-02 -7.659093310000000127e-03
2.221167759999999873e+02 6.115546930000000103e-02 -1.997709260000000119e-03 5.811114369999999946e-02 1.368868550000000052e-02 3.137709909999999991e-02 1.451399939999999979e-02
2.248238379999999950e+02 5.663479679999999794e-02 2.439667679999999849e-03 5.906869800000000281e-02 6.002722039999999759e-02 3.184518449999999834e-02 2.199465600000000132e-02
2.275252759999999910e+02 5.452368309999999774e-02 2.981554669999999900e-03 6.624966359999999443e-02 7.025495319999999766e-02 -3.408529810000000132e-02 2.086371490000000009e-02
2.302478069999999946e+02 4.757330629999999977e-02 6.514693759999999785e-03 6.308182889999999765e-02 1.848554770000000042e-02 8.057862190000000813e-03 1.053222170000000027e-02
2.329609629999999925e+02 4.629862230000000162e-02 -4.799219339999999910e-03 6.234084770000000025e-02 -3.967995149999999603e-03 -2.134209680000000164e-02 1.120958589999999921e-02
2.356694630000000075e+02 4.818373620000000052e-02 -2.094404120000000077e-04 5.244727610000000234e-02 2.773137120000000126e-03 -2.853273549999999978e-02 5.106898510000000037e-03
2.383822450000000117e+02 4.742900230000000189e-02 2.985547670000000212e-03 5.293467190000000072e-02 4.724522770000000316e-02 4.950977470000000359e-03 1.228982619999999942e-02
2.410652130000000000e+02 5.758502719999999964e-02 8.084042970000000078e-03 6.291262729999999581e-02 7.160547570000000417e-02 8.438869839999999997e-03 6.850633289999999431e-02
2.437708540000000141e+02 5.600482910000000036e-02 6.238483999999999870e-03 6.586729030000000595e-02 8.701315789999999883e-02 3.161631429999999660e-02 5.616847829999999792e-02
2.464801510000000064e+02 5.501202119999999696e-02 1.594939060000000056e-03 6.439054549999999322e-02 7.182885960000000292e-02 2.771589309999999973e-02 5.051702959999999909e-02
2.491802600000000041e+02 5.119193749999999959e-02 3.114542870000000085e-03 5.232550440000000025e-02 2.466837469999999879e-02 -1.069509150000000006e-02 8.841769469999999354e-02
2.518915100000000109e+02 5.917927349999999725e-02 -5.506122329999999995e-03 4.660238220000000042e-02 -3.769661590000000090e-02 8.093111690000000333e-04 4.297413469999999958e-02
2.545903700000000072e+02 6.346613280000000523e-02 -5.034921539999999505e-04 4.246449690000000249e-02 -3.386788840000000064e-03 -9.109647489999999140e-03 -1.044769119999999947e-02
2.572784950000000208e+02 5.419421750000000260e-02 -9.278381299999999277e-03 5.060384799999999988e-02 -6.458356640000000211e-03 -2.983780980000000013e-02 -4.548826210000000286e-02
2.599830420000000117e+02 4.975348529999999714e-02 -1.177686720000000083e-02 5.857828169999999834e-02 -1.120126700000000086e-02 -7.150643140000000238e-03 -5.074353410000000120e-02
2.626844479999999749e+02 4.192714659999999954e-02 -1.688236320000000013e-02 6.480018730000000615e-02 2.488536940000000107e-03 -7.192451790000000192e-03 -8.399108790000000060e-03
2.653792760000000044e+02 3.796742560000000016e-02 -1.297111559999999941e-02 6.433237320000000092e-02 -1.593382590000000029e-02 2.733064660000000118e-02 -9.884501619999999655e-03
2.680767870000000244e+02 4.290513659999999757e-02 -1.366965499999999931e-02 5.863336549999999953e-02 2.840709600000000060e-03 4.720881059999999796e-02 3.486482410000000046e-03
