# a=0.06063936361729236, b=-134.51520439417953, c=0.0045313104591268175, xi=11.933261942523425
6.807010949999999783e-01 6.444506090000000353e-02 -2.429226459999999938e-03 6.315914020000000517e-02 -1.337286520000000034e-02 -3.109340830000000000e-02 2.905863050000000170e-02
3.381344739999999849e+00 6.660041640000000096e-02 -8.228796170000000215e-03 5.710419010000000045e-02 -4.357150030000000313e-02 -5.594996459999999894e-02 4.531085270000000109e-02
6.077547560000000182e+00 7.798552670000000187e-02 -1.096315179999999938e-02 3.918619190000000030e-02 -1.507734420000000040e-02 -2.148181229999999997e-02 4.194036439999999921e-02
8.773915210000000187e+00 7.675374749999999691e-02 -1.024822149999999980e-02 1.857887899999999953e-02 -1.338334679999999936e-02 -6.499561469999999910e-03 7.221326560000000672e-02
1.146391580000000054e+01 8.237492979999999632e-02 -9.440017510000000764e-03 1.035428650000000048e-02 1.467815480000000082e-02 1.626341850000000144e-02 3.730421820000000277e-02
1.416533770000000025e+01 8.258507539999999925e-02 -5.204211299999999922e-03 -1.333190589999999967e-02 -2.412797109999999939e-02 -4.950020900000000161e-03 1.005737800000000050e-02
1.685480649999999869e+01 8.008302759999999521e-02 -6.157848950000000161e-03 -2.388402549999999944e-02 -1.388928169999999965e-03 -5.209085619999999708e-03 6.225483789999999851e-02
1.954809399999999897e+01 8.133788670000000054e-02 -4.266437379999999877e-03 -3.394909520000000125e-02 -5.841619689999999997e-03 1.280501990000000069e-02 5.222636779999999951e-02
2.224659240000000082e+01 7.255747549999999602e-02 -1.934847449999999892e-03 -3.803146240000000039e-02 -5.588515069999999696e-02 -2.772940939999999840e-02 -3.356941149999999839e-03
2.495327359999999928e+01 7.141336639999999736e-02 6.074127040000000186e-03 -4.796875369999999833e-02 -1.732787419999999926e-02 -1.520599299999999925e-02 -4.861074239999999685e-02
2.765472829999999860e+01 6.718075279999999316e-02 9.357925210000000472e-04 -5.747379100000000324e-02 -9.055772649999999915e-04 1.271338330000000051e-02 4.536413310000000053e-03
3.036562830000000091e+01 6.490424660000000678e-02 6.188089519999999573e-03 -5.727752230000000139e-02 6.918682540000000228e-03 4.284378700000000123e-02 1.544971609999999966e-03
3.307654399999999839e+01 6.322423030000000332e-02 2.103206470000000116e-03 -5.798819530000000333e-02 2.847614760000000134e-02 6.426025079999999820e-03 8.605055949999999149e-03
3.577011579999999924e+01 5.294352759999999825e-02 4.629884669999999834e-03 -6.294133759999999411e-02 2.282782900000000087e-02 4.803184349999999742e-03 2.377290209999999987e-02
3.846694080000000326e+01 5.423659220000000281e-02 3.075533870000000079e-03 -6.523071060000000532e-02 4.556747010000000014e-02 -8.927134729999999449e-03 -1.154250849999999967e-02
4.117612359999999683e+01 4.917020720000000317e-02 5.674215249999999683e-03 -6.179336500000000287e-02 -3.792278150000000236e-02 -1.283366380000000063e-02 -1.285798990000000010e-02
4.388292990000000060e+01 3.680031980000000175e-02 1.631410750000000060e-03 -6.812974289999999822e-02 1.817345730000000104e-02 1.512233219999999968e-02 -1.201779359999999991e-02
4.658129079999999789e+01 4.469796770000000058e-02 2.021275339999999837e-03 -5.980846349999999895e-02 3.391794640000000104e-03 -1.237871989999999971e-02 -1.470549590000000059e-02
4.929240490000000108e+01 5.408846789999999932e-02 -4.844602330000000352e-03 -5.494000489999999876e-02 4.043541199999999697e-02 4.178712529999999842e-02 -2.989580949999999862e-02
5.199715960000000337e+01 5.987289669999999731e-02 -4.728495119999999614e-03 -5.766335520000000214e-02 -2.418756440000000008e-02 1.572991799999999898e-02 -5.539747469999999757e-02
5.470059859999999929e+01 6.063203179999999970e-02 -7.322768900000000422e-04 -6.536670840000000093e-02 1.583035160000000052e-02 -1.381351389999999936e-02 -2.349756680000000125e-02
5.739737989999999712e+01 6.435163920000000481e-02 -7.213732030000000357e-03 -6.506219589999999442e-02 -4.374167229999999934e-03 -2.081709539999999914e-02 -2.859010169999999865e-02
6.010107680000000130e+01 6.582569280000000189e-02 -7.711114580000000100e-03 -5.811262429999999868e-02 7.007782799999999479e-02 -3.091237830000000131e-02 -1.544273910000000007e-02
6.280032829999999677e+01 5.545695140000000273e-02 4.322269370000000150e-04 -4.395667400000000113e-02 8.721354820000000452e-02 2.666581800000000085e-02 6.517089410000000138e-02
6.550777990000000273e+01 5.381385570000000312e-02 1.021266769999999962e-04 -4.151797420000000183e-02 9.419859750000000517e-03 -5.269811959999999747e-03 3.168780060000000315e-02
6.822702049999999474e+01 5.265734109999999774e-02 -1.195222379999999907e-03 -3.493368990000000202e-02 -5.613030310000000078e-02 2.943680900000000128e-02 2.375756580000000159e-02
7.092196739999999977e+01 5.581585339999999701e-02 3.900565380000000151e-03 -5.308262760000000136e-02 -3.714750130000000344e-02 -3.280243630000000132e-02 1.072574689999999942e-02
7.362897680000000378e+01 5.517179739999999999e-02 -6.199949539999999966e-04 -5.769728639999999881e-02 -1.808623930000000058e-03 -2.431038380000000165e-03 -7.911468129999999974e-03
7.633374709999999652e+01 6.274589640000000079e-02 1.080756740000000070e-03 -5.486898789999999915e-02 5.022935290000000302e-02 -3.355274219999999918e-02 -1.562067219999999958e-02
7.902732050000000186e+01 6.092415539999999907e-02 8.172861030000000762e-03 -4.442302769999999928e-02 3.173666370000000070e-02 3.124511899999999828e-02 -1.991300799999999940e-03
8.173207990000000223e+01 6.136992119999999662e-02 9.405206640000000201e-03 -4.373662180000000010e-02 7.831470220000000260e-02 1.281656810000000001e-02 -3.902689599999999842e-02
8.443550650000000246e+01 6.397582170000000457e-02 -1.405892300000000051e-03 -5.287233219999999678e-02 -1.358370499999999974e-02 -1.712182580000000051e-02 -2.190692329999999882e-02
8.712932360000000642e+01 6.711836259999999499e-02 3.910069969999999985e-03 -4.965874509999999853e-02 -1.028109640000000012e-02 -5.625071239999999625e-03 -4.123186019999999850e-04
8.982513299999999390e+01 6.208089850000000215e-02 -5.726184580000000116e-04 -5.621162279999999956e-02 6.610162210000000184e-03 9.175548170000000572e-03 1.229398320000000058e-02
9.251154080000000590e+01 6.062754769999999932e-02 -1.406357979999999994e-03 -5.833169600000000232e-02 8.483685820000000377e-02 3.006972080000000144e-02 2.305423870000000014e-02
9.522211579999999742e+01 5.846401519999999685e-02 -1.778923389999999922e-03 -6.511842240000000059e-02 4.178003460000000169e-02 2.242107260000000130e-02 -3.252922750000000057e-02
9.791505019999999604e+01 5.732267099999999865e-02 1.511904390000000072e-03 -6.745104700000000009e-02 4.742901780000000067e-02 4.425384129999999916e-02 -1.788560830000000129e-02
1.006137240000000048e+02 5.665850010000000186e-02 6.212893229999999663e-03 -7.145171429999999657e-02 3.020365969999999969e-02 -2.973799449999999997e-03 4.531743469999999913e-02
1.033068640000000045e+02 5.143008849999999854e-02 4.866527609999999997e-03 -6.179874650000000136e-02 4.527318260000000316e-02 -1.959365089999999879e-02 -9.123264029999999733e-03
1.060142550000000057e+02 5.698896989999999857e-02 6.227968870000000386e-03 -6.078284550000000175e-02 2.857209540000000061e-02 -5.522435590000000262e-03 -2.086480610000000097e-02
1.087200359999999932e+02 6.229145600000000199e-02 9.836325090000000437e-03 -5.618406640000000313e-02 3.655291189999999857e-02 7.051943909999999587e-03 -3.310813650000000302e-02
1.114232389999999953e+02 6.568369520000000295e-02 9.323170279999999296e-03 -6.033566390000000279e-02 -4.191815189999999886e-03 3.613833610000000141e-02 -3.023250959999999876e-02
1.141278169999999932e+02 7.150166700000000486e-02 6.108257389999999926e-03 -5.684419560000000121e-02 1.401939789999999929e-02 1.563394170000000083e-02 -1.186425449999999916e-02
1.168114269999999948e+02 7.102256789999999986e-02 6.748553279999999766e-03 -5.453805009999999898e-02 1.122438270000000043e-02 -3.308513350000000242e-02 2.729576779999999883e-02
1.195038959999999975e+02 6.651763970000000581e-02 5.779132880000000146e-03 -4.155421060000000222e-02 4.036864490000000028e-02 -1.331404210000000036e-03 2.832613839999999911e-02
1.221956919999999940e+02 6.757630119999999407e-02 1.535903570000000072e-02 -3.442868079999999997e-02 3.133214539999999715e-02 -7.077097039999999915e-03 -5.606112980000000322e-03
1.249037550000000039e+02 6.356596330000000017e-02 1.354413999999999965e-03 -3.457494109999999926e-02 3.564835820000000072e-02 -1.044581959999999962e-02 -8.995928579999999675e-03
1.275993799999999965e+02 7.040708549999999399e-02 7.483418450000000298e-03 -3.153157439999999812e-02 -1.335679250000000075e-02 -6.708839119999999989e-02 7.162021640000000230e-03
1.303011140000000125e+02 7.629252039999999402e-02 -6.838087419999999694e-03 -1.709030259999999926e-02 2.126477170000000069e-02 -4.946145419999999765e-02 -4.145468139999999857e-02
1.330093329999999980e+02 7.798670509999999778e-02 -7.159224530000000107e-03 -5.872844189999999569e-03 -6.011828319999999726e-02 -3.421796530000000003e-03 -6.768499729999999381e-02
1.357079109999999957e+02 8.099925310000000156e-02 -1.032463489999999951e-03 1.856303000000000120e-02 2.008430060000000045e-02 1.152581100000000039e-02 7.781754899999999975e-03
1.384139270000000010e+02 7.476388330000000026e-02 2.129049799999999885e-03 2.823255430000000052e-02 1.193307109999999956e-02 -8.466301330000000278e-03 1.325927260000000010e-02
1.411156919999999957e+02 7.312175590000000169e-02 5.475037309999999935e-03 2.707297560000000020e-02 6.097850779999999631e-03 1.817048209999999955e-02 1.311027390000000029e-02
1.438184579999999926e+02 6.655785499999999910e-02 1.160065939999999941e-02 3.744733210000000118e-02 -1.890454230000000041e-02 1.275780500000000053e-02 5.381059169999999857e-03
1.465228639999999984e+02 6.208268229999999721e-02 1.229449510000000037e-02 5.318842640000000233e-02 2.859175239999999993e-02 -1.581435000000000132e-02 -2.041016370000000094e-02
1.492307389999999998e+02 5.178613149999999887e-02 1.766828189999999910e-02 5.508317129999999728e-02 3.670871989999999890e-02 -1.780918990000000118e-02 -3.241277979999999861e-03
1.519314270000000135e+02 4.997807790000000083e-02 1.181753120000000011e-02 6.238920430000000072e-02 9.660078940000000475e-03 -1.744775479999999962e-02 2.026752839999999833e-02
1.546284740000000113e+02 4.757067539999999817e-02 1.278416349999999917e-02 6.410639519999999925e-02 5.711577280000000416e-03 1.783720620000000048e-02 -6.529920080000000369e-03
1.573329889999999978e+02 5.308955259999999926e-02 6.443641229999999900e-03 5.784957799999999872e-02 2.598735250000000149e-02 7.698907609999999574e-04 -1.253640869999999956e-02
1.600365989999999954e+02 6.676748720000000303e-02 1.335119430000000079e-02 7.122810009999999692e-02 2.366949280000000058e-02 -4.384195300000000295e-02 -1.435981019999999983e-02
1.627337550000000022e+02 6.903703469999999953e-02 1.046033910000000039e-02 6.929055870000000450e-02 4.363313399999999703e-02 2.510478699999999820e-03 2.133831690000000114e-02
1.654338960000000043e+02 4.899906679999999765e-02 1.609406329999999927e-02 6.533501110000000667e-02 2.967755320000000155e-02 -8.022576820000000206e-03 2.732806410000000047e-02
1.681323020000000099e+02 5.157419430000000082e-02 8.638114579999999973e-03 6.136270800000000192e-02 1.162370920000000037e-02 1.764524129999999955e-02 7.990907429999999367e-02
1.708281920000000014e+02 5.305402809999999747e-02 6.604370430000000049e-03 5.569654350000000087e-02 -1.814480729999999944e-02 4.312932509999999747e-02 5.494685130000000195e-02
1.735370049999999935e+02 4.840098079999999997e-02 -6.166248269999999830e-03 5.038847180000000092e-02 -1.272107779999999931e-02 4.877407819999999596e-03 2.063977189999999934e-02
1.762317240000000140e+02 5.370242790000000210e-02 3.725232440000000173e-03 5.150558410000000142e-02 3.909163850000000294e-03 -3.947546520000000218e-03 2.722361460000000122e-02
1.789318959999999947e+02 5.449854209999999838e-02 -4.043862559999999995e-03 5.661109699999999911e-02 -9.150340309999999491e-03 -1.803572059999999921e-02 3.712137239999999810e-02
1.816264270000000067e+02 5.013619329999999957e-02 -3.766707379999999997e-03 6.456110269999999762e-02 -3.857850919999999961e-02 -2.925433620000000151e-02 -9.435897570000000706e-03
1.843204110000000071e+02 3.177820289999999659e-02 -1.353016839999999967e-03 7.414233289999999643e-02 -1.961721300000000140e-02 -3.453259279999999765e-02 3.492823689999999953e-02
1.870194889999999930e+02 1.812808310000000103e-02 -5.593148059999999804e-03 8.402849310000000405e-02 1.507415850000000043e-02 -1.173780930000000063e-02 -1.926094000000000070e-02
1.897296920000000000e+02 1.479850580000000027e-02 -1.860220839999999999e-03 8.624483080000000523e-02 1.811100519999999867e-02 -3.539693210000000034e-03 1.782995830000000045e-02
1.924370519999999942e+02 2.562515370000000015e-02 3.530257049999999987e-03 8.131579930000000511e-02 3.366236749999999833e-02 -1.277644990000000036e-02 -6.306341679999999394e-02
1.951538020000000131e+02 1.649157970000000167e-02 -2.785713820000000184e-03 7.629532379999999503e-02 3.445785479999999984e-02 4.615894079999999927e-02 -7.002374829999999384e-02
1.978579269999999894e+02 2.391588860000000080e-02 -1.311246700000000091e-03 7.590503860000000214e-02 -1.107654920000000027e-03 -2.403083690000000147e-02 -3.710618289999999958e-02
2.005612859999999955e+02 3.447731980000000307e-02 -9.921097959999999882e-03 7.854453090000000637e-02 -1.428721609999999975e-02 1.702040720000000049e-02 -2.904678659999999912e-02
2.032577389999999866e+02 4.780806030000000345e-02 -4.625233759999999861e-03 7.213064580000000392e-02 -9.263357450000000645e-03 -4.251532389999999884e-02 5.011810359999999825e-02
2.059680360000000121e+02 4.896867380000000103e-02 -1.941956909999999941e-03 6.291717210000000171e-02 1.276172660000000035e-02 -1.029732080000000070e-02 5.636505249999999856e-03
2.086688800000000015e+02 4.757949329999999755e-02 2.124775729999999927e-04 6.829761809999999878e-02 1.037614480000000061e-02 -1.326116310000000076e-02 4.272068369999999782e-02
2.113677390000000003e+02 4.938296429999999848e-02 2.711760000000000125e-03 5.951069409999999726e-02 1.109732670000000004e-02 5.422744949999999675e-02 2.685434500000000169e-02
2.140655050000000017e+02 4.992821079999999745e-02 -3.117740879999999874e-03 6.050986159999999919e-02 -1.639352909999999830e-02 1.456317170000000043e-02 5.358624750000000325e-02
2.167566459999999893e+02 4.918121889999999691e-02 -4.379998940000000111e-03 6.413652779999999554e-02 -1.757474709999999954e-02 3.231948099999999713e-02 2.654809240000000070e-02
2.194490049999999997e+02 6.437183639999999318e-02 -7.940005499999999716e-03 6.434743419999999769e-02 -1.091547650000000008e-02 -3.460356070000000089e-02 4.322867159999999737e-02
2.221537859999999966e+02 5.460640259999999940e-02 -1.801635399999999831e-02 5.242729639999999663e-02 4.440949740000000104e-03 -3.631793550000000231e-02 4.615540320000000030e-03
2.248615519999999890e+02 5.352527149999999900e-02 -1.507706009999999937e-02 4.337833969999999734e-02 1.342757569999999956e-02 -3.472656460000000250e-02 -1.496947319999999970e-02
2.275568800000000067e+02 5.398743219999999760e-02 -1.807654389999999861e-02 4.268525979999999997e-02 2.813602919999999910e-02 4.579850639999999938e-03 3.085423710000000097e-02
2.302563800000000072e+02 6.044570419999999861e-02 -1.248280029999999929e-02 5.624744670000000196e-02 1.911434719999999948e-02 -1.247439399999999976e-02 6.312002129999999545e-02
2.329632550000000037e+02 5.971331939999999922e-02 -1.493566009999999951e-02 5.102307839999999789e-02 2.102622040000000012e-02 -1.422476209999999977e-02 4.288135120000000078e-02
2.356699110000000132e+02 6.100077329999999826e-02 2.107245949999999885e-03 4.741411179999999864e-02 -3.171588270000000147e-03 -3.033627220000000100e-03 2.509756369999999875e-02
2.383661140000000103e+02 7.022714189999999801e-02 7.844212859999999746e-03 4.806485769999999796e-02 -1.021766430000000010e-02 -7.726445740000000484e-04 5.555346369999999978e-02
2.410640209999999968e+02 6.955658180000000301e-02 3.092604699999999904e-03 4.812671000000000310e-02 -1.112030789999999929e-02 -2.165203690000000111e-02 2.710785660000000069e-02
2.437660360000000139e+02 6.168129049999999947e-02 1.560425739999999999e-02 5.394560720000000226e-02 1.478549990000000043e-02 -3.239958069999999968e-02 4.375317079999999775e-02
2.464648489999999867e+02 5.310277520000000057e-02 8.198631470000000351e-03 5.670690500000000189e-02 -4.333875089999999694e-03 1.857291120000000018e-02 1.356631340000000012e-02
2.491697080000000142e+02 4.691229940000000292e-02 1.518255029999999919e-03 6.313614350000000541e-02 -1.192536959999999924e-02 1.811041489999999990e-02 3.232842290000000063e-02
2.518654420000000016e+02 5.000140599999999824e-02 2.094179890000000179e-03 6.190612270000000333e-02 -2.318662180000000128e-03 -1.506575970000000042e-02 -9.810586600000000684e-03
2.545670210000000111e+02 6.001222180000000128e-02 -7.808146319999999772e-04 6.248857280000000292e-02 -1.041260110000000010e-02 -8.871170989999999784e-03 2.341848889999999933e-02
2.572566770000000247e+02 6.059672029999999682e-02 9.446630920000000792e-03 6.435278329999999380e-02 -1.682459270000000087e-05 -2.165838800000000064e-03 3.175627410000000234e-02
2.599654269999999769e+02 6.153895100000000146e-02 6.688663699999999879e-03 6.632910529999999638e-02 3.268842010000000062e-03 2.776283980000000123e-02 1.992034650000000170e-02
2.626573490000000106e+02 6.259932360000000640e-02 5.385921349999999580e-03 6.086942389999999703e-02 -3.819899670000000136e-02 1.451367490000000059e-03 1.899361080000000132e-02
2.653642709999999738e+02 6.314885230000000238e-02 3.293253810000000125e-03 6.065992109999999993e-02 -1.253781399999999956e-02 2.327937240000000144e-02 1.758587840000000110e-02
2.680551060000000234e+02 6.923873610000000345e-02 -8.629048220000000262e-04 7.138480070000000066e-02 2.243854249999999856e-02 1.681347420000000106e-02 6.194148049999999989e-02
