# a=0.06667256924807319, b=-130.05413309357075, c=-0.0017670417727113693, xi=11.302340414879449
6.539232379999999623e-01 8.187502350000000484e-02 -7.192733019999999686e-03 -1.453613609999999869e-04 -1.390861759999999919e-02 1.296310789999999963e-02 5.724606930000000066e-02
3.357206419999999802e+00 7.821760769999999696e-02 3.996297660000000074e-04 -2.783387099999999961e-02 -2.548386539999999978e-02 6.767674390000000262e-02 3.666206909999999985e-02
6.056742210000000348e+00 7.201790830000000254e-02 -1.014756269999999910e-03 -4.960804209999999936e-02 -3.047974900000000043e-02 4.281391899999999889e-02 -1.548424559999999998e-02
8.759597830000000585e+00 7.452406899999999834e-02 5.311399510000000199e-03 -5.863971650000000119e-02 4.437311650000000211e-03 -2.666427240000000115e-02 -2.347165409999999938e-02
1.146101250000000071e+01 7.217742250000000470e-02 1.670229170000000042e-03 -5.339284920000000184e-02 3.863109220000000149e-02 -3.293891530000000317e-02 6.178102409999999649e-03
1.416758600000000001e+01 6.773601340000000304e-02 -7.757486040000000126e-04 -4.777736939999999849e-02 2.001496519999999835e-02 -6.421802750000000365e-03 3.483723749999999980e-02
1.686410940000000025e+01 7.500406399999999529e-02 1.861761780000000107e-03 -5.579194979999999721e-02 2.385350849999999870e-02 2.617776239999999865e-02 3.556535689999999750e-02
1.955666559999999876e+01 7.277920320000000332e-02 2.677378829999999942e-03 -6.349593979999999804e-02 1.852163290000000129e-02 3.017076479999999949e-02 1.368515590000000080e-02
2.225149850000000029e+01 6.870935400000000026e-02 1.218568240000000077e-03 -6.840522570000000246e-02 3.180257990000000257e-02 -6.573535600000000347e-03 1.983578019999999997e-02
2.495135630000000049e+01 6.130544009999999711e-02 -1.120506430000000079e-03 -6.817896260000000375e-02 4.006511079999999780e-02 2.858055190000000079e-02 -1.710235419999999893e-03
2.765702029999999922e+01 5.984347980000000178e-02 2.985212719999999834e-03 -6.614400569999999424e-02 1.507886680000000007e-02 2.466447089999999898e-02 -3.203198809999999869e-02
3.036019849999999920e+01 5.985816690000000245e-02 5.151754609999999873e-03 -6.512604449999999379e-02 1.374376419999999953e-02 5.270510939999999839e-02 -2.516921039999999929e-02
3.306843279999999652e+01 6.463283400000000012e-02 -5.922110270000000400e-04 -6.540308870000000052e-02 1.576312449999999962e-02 4.165637779999999818e-02 -3.068711169999999849e-02
3.576286879999999968e+01 6.385776449999999715e-02 6.231830590000000079e-03 -6.932438670000000414e-02 3.898331159999999899e-03 5.265353720000000293e-02 -3.920139019999999835e-02
3.847071249999999765e+01 6.625886309999999557e-02 -1.487497269999999957e-03 -6.606307449999999915e-02 2.401039300000000140e-02 2.814413030000000038e-02 -2.298421159999999852e-02
4.117061879999999974e+01 7.234940269999999563e-02 9.058603769999999666e-03 -6.812061299999999653e-02 -4.666529889999999903e-03 2.791253709999999902e-02 3.000217480000000152e-03
4.387293910000000352e+01 6.993620759999999437e-02 5.671871030000000084e-03 -7.392193449999999444e-02 1.250118729999999921e-02 2.219801080000000093e-02 -1.828779869999999988e-02
4.656935159999999740e+01 6.320487399999999423e-02 1.039746830000000052e-02 -7.081753490000000650e-02 3.557249180000000149e-02 -4.963992490000000181e-03 -3.442258480000000287e-02
4.926744999999999663e+01 6.209441629999999657e-02 7.512633579999999749e-03 -6.497398040000000596e-02 2.712664910000000054e-02 3.733114300000000153e-03 -2.817689409999999881e-02
5.195919059999999945e+01 6.797124720000000120e-02 7.655687060000000189e-03 -6.033319169999999676e-02 1.451768439999999959e-02 -2.760932810000000029e-02 -7.396161539999999632e-03
5.465445780000000298e+01 5.944580339999999685e-02 5.640489319999999855e-03 -7.056869529999999779e-02 5.196447170000000060e-02 -4.325552540000000140e-02 -3.439927789999999708e-02
5.736176880000000011e+01 6.200145359999999911e-02 3.944061280000000190e-03 -7.372850620000000188e-02 4.911616640000000117e-02 -4.553619810000000129e-02 -4.511590099999999992e-02
6.006423279999999920e+01 6.390402200000000477e-02 5.295314469999999607e-03 -7.163744789999999807e-02 4.839280440000000294e-02 -1.430335800000000039e-02 -3.043795469999999864e-02
6.277151250000000005e+01 6.274426299999999457e-02 9.483098820000000762e-03 -6.974368340000000610e-02 6.096997879999999786e-02 2.032699609999999955e-03 -3.078836299999999915e-02
6.547348909999999478e+01 5.363098770000000043e-02 9.008481440000000451e-03 -6.784417919999999325e-02 4.424201950000000022e-02 2.098391189999999906e-03 -3.230827530000000142e-02
6.817979379999999878e+01 4.965782140000000316e-02 7.442815489999999971e-03 -6.485163509999999909e-02 3.223410399999999953e-02 -1.133535970000000039e-02 -1.602244079999999918e-02
7.088906090000000404e+01 5.204316729999999835e-02 6.342374660000000414e-03 -6.447862120000000252e-02 1.948277689999999840e-02 2.118060689999999927e-02 -1.839108969999999829e-02
7.358365779999999745e+01 5.782595229999999698e-02 9.816403430000000471e-03 -6.977701540000000313e-02 1.220818299999999919e-02 4.714810330000000077e-02 -3.314884359999999835e-02
7.627745310000000245e+01 6.667983850000000490e-02 7.110574050000000382e-03 -7.221871009999999980e-02 2.093790759999999973e-02 3.442509049999999821e-02 -4.335945229999999678e-02
7.897552500000000464e+01 6.572968760000000299e-02 7.744784769999999742e-03 -6.902301030000000670e-02 2.612144220000000086e-02 2.557543900000000103e-03 -7.351523540000000356e-02
8.167097809999999924e+01 5.817547170000000184e-02 3.275697350000000060e-03 -6.647695759999999732e-02 4.025518599999999836e-02 -3.343960530000000125e-02 -1.994901779999999972e-02
8.436871560000000159e+01 5.861677690000000052e-02 3.832918319999999851e-03 -6.605523330000000193e-02 2.732996890000000123e-02 -5.018923800000000060e-03 1.555591740000000084e-02
8.706684060000000613e+01 6.223105500000000040e-02 5.736169029999999610e-04 -6.652116589999999829e-02 2.670869500000000105e-02 1.315837420000000096e-03 2.755340259999999875e-02
8.976209690000000307e+01 6.339609109999999603e-02 4.365294559999999963e-03 -6.037181889999999884e-02 1.859065210000000051e-02 -1.148307770000000019e-02 3.862247869999999722e-02
9.246017809999999315e+01 6.255146279999999892e-02 2.225189609999999978e-03 -6.764096899999999524e-02 1.806445710000000038e-02 3.937758620000000181e-02 9.973763389999999382e-03
9.516651249999999607e+01 5.588200769999999984e-02 1.934488150000000101e-03 -7.529947380000000245e-02 -7.106918959999999896e-03 8.767629239999999782e-03 -6.349286899999999866e-03
9.786531560000000241e+01 5.830575229999999942e-02 4.544153829999999714e-03 -6.103462400000000260e-02 -2.330053879999999938e-02 -7.531884009999999935e-03 7.104055310000000241e-03
1.005700410000000034e+02 6.785364169999999473e-02 3.038112019999999851e-03 -6.974066889999999685e-02 -1.155935959999999929e-02 2.472914019999999935e-02 2.715554699999999863e-02
1.032744310000000070e+02 7.353308799999999645e-02 3.166107950000000143e-03 -6.829689079999999579e-02 -1.615273149999999977e-02 -4.233476980000000001e-04 -1.520786470000000043e-02
1.059727440000000058e+02 7.192620399999999359e-02 2.861359129999999865e-03 -7.465516610000000330e-02 -1.631986380000000070e-02 -1.828129599999999896e-02 -6.879920109999999867e-02
1.086734309999999937e+02 6.960624980000000572e-02 2.671709740000000055e-03 -6.789934870000000067e-02 2.215209569999999906e-02 -3.964536619999999706e-02 -4.625522349999999783e-02
1.113750880000000052e+02 7.062500269999999469e-02 2.499928839999999899e-03 -6.721779410000000565e-02 3.983736320000000330e-02 1.098199979999999951e-02 -1.984007590000000029e-02
1.140774310000000042e+02 6.725035899999999567e-02 -1.182782380000000060e-04 -5.576549859999999775e-02 4.610028549999999753e-02 -4.020070920000000381e-03 4.975343590000000371e-03
1.167773689999999931e+02 7.008409540000000437e-02 -3.230107910000000124e-03 -6.004207730000000326e-02 3.624941319999999689e-02 -6.466873229999999667e-03 1.435457600000000083e-02
1.194770720000000068e+02 6.901694930000000505e-02 -6.141822889999999820e-03 -5.351278870000000104e-02 1.833652410000000121e-02 -1.920133530000000047e-02 -1.940442720000000107e-02
1.221727280000000064e+02 7.110955650000000405e-02 -1.070607779999999988e-02 -4.540055140000000267e-02 -6.432840849999999638e-03 -2.281412530000000161e-02 -8.981793799999999994e-02
1.248704469999999986e+02 8.162195799999999446e-02 -1.023043619999999994e-02 -2.776838070000000117e-02 -5.949049490000000301e-03 2.072687189999999902e-02 -1.106501200000000046e-01
1.275655560000000008e+02 8.133697239999999884e-02 -1.034025480000000038e-02 -1.426557659999999964e-02 -3.148420900000000171e-03 1.627244640000000131e-02 -6.592968829999999725e-02
1.302633060000000000e+02 8.032673819999999743e-02 -7.214571510000000049e-03 -2.248887329999999906e-04 -1.326608630000000039e-02 2.287296299999999963e-02 -7.128667539999999914e-02
1.329651029999999992e+02 7.204179630000000223e-02 -7.326613150000000317e-03 1.753638310000000047e-02 -1.999970699999999851e-02 4.996297849999999791e-02 -4.211020599999999725e-02
1.356687750000000108e+02 7.113180339999999879e-02 -5.216950670000000017e-05 3.046315280000000056e-02 -7.767622259999999897e-03 6.813224860000000049e-02 1.491158690000000085e-03
1.383646809999999903e+02 7.166098569999999890e-02 4.853641119999999964e-04 3.720107739999999746e-02 -1.501964260000000079e-02 1.194672899999999968e-02 2.231214850000000100e-03
1.410599780000000010e+02 7.612674360000000473e-02 4.454002430000000325e-03 4.801363560000000003e-02 -1.515932069999999937e-02 -9.700494299999999279e-03 -2.925537430000000119e-02
1.437527440000000070e+02 7.673829649999999725e-02 9.520812219999999146e-03 5.513294009999999967e-02 1.328537389999999950e-02 1.942695809999999898e-02 -3.290903240000000313e-02
1.464535559999999919e+02 7.319179979999999863e-02 1.134299769999999943e-02 5.734448810000000035e-02 4.632065280000000063e-02 4.480494869999999963e-02 -1.936190470000000163e-02
1.491542750000000126e+02 6.982372420000000635e-02 9.544423200000000732e-03 5.622044279999999922e-02 -1.565740610000000005e-02 3.377157239999999810e-02 -1.115624179999999931e-02
1.518550559999999905e+02 7.140538640000000659e-02 3.375698160000000121e-03 5.587599320000000147e-02 -1.938011359999999850e-02 9.625835299999999789e-03 -6.225108580000000141e-02
1.545601969999999881e+02 7.455849890000000590e-02 -4.355270550000000032e-03 5.426725720000000197e-02 -3.968363180000000073e-03 -6.845690180000000343e-04 -4.251826079999999897e-02
1.572591339999999889e+02 6.970093169999999616e-02 1.374205739999999950e-03 5.819245420000000030e-02 1.564112289999999850e-02 1.684451000000000004e-03 4.351270190000000072e-03
1.599637439999999913e+02 6.381501720000000433e-02 1.314177070000000077e-03 5.732680550000000125e-02 -1.583054279999999980e-02 -3.565466889999999861e-02 4.379622340000000058e-02
1.626602129999999988e+02 6.270633820000000302e-02 1.883356049999999893e-03 6.359806950000000680e-02 -2.325954439999999845e-02 5.897969749999999907e-03 5.942116079999999745e-02
1.653598839999999939e+02 6.324765559999999398e-02 1.493838209999999965e-03 7.000727700000000664e-02 4.611732349999999800e-03 6.229038679999999994e-02 5.309792659999999775e-02
1.680614779999999939e+02 6.196195300000000017e-02 3.463663080000000186e-03 7.542456869999999980e-02 1.868102829999999936e-02 8.471101659999999423e-02 4.692725259999999676e-02
1.707552909999999997e+02 6.259054849999999559e-02 4.898466629999999843e-03 7.263709919999999931e-02 2.971954060000000022e-02 6.262759449999999450e-02 3.009797139999999954e-02
1.734610879999999895e+02 6.690037240000000496e-02 6.264030299999999961e-03 6.913852680000000250e-02 -4.042000829999999739e-02 1.521470989999999975e-02 2.312466980000000075e-02
1.761515410000000088e+02 6.024017429999999756e-02 2.221822070000000187e-03 6.925140280000000037e-02 -2.179558180000000164e-02 4.754612650000000079e-02 -3.245772940000000301e-02
1.788538529999999867e+02 5.203400870000000206e-02 -2.501181610000000055e-03 7.154446640000000635e-02 -2.607430020000000084e-02 9.896785220000000813e-03 -7.139185050000000643e-02
1.815548060000000135e+02 4.646520290000000220e-02 -5.614086380000000119e-03 7.340274130000000452e-02 1.493108689999999997e-03 -2.996261620000000014e-02 -4.155501570000000311e-02
1.842539940000000058e+02 4.685272010000000181e-02 -4.630515400000000115e-03 6.422653270000000525e-02 -3.545604899999999816e-03 -4.730086859999999699e-03 -3.333301040000000159e-02
1.869580249999999921e+02 5.722295029999999866e-02 -3.815175110000000071e-03 6.717013239999999885e-02 -1.628180129999999906e-02 3.693582959999999749e-02 6.344803920000000215e-03
1.896591029999999876e+02 6.271302839999999545e-02 -1.387092990000000090e-03 7.451996580000000425e-02 -2.489821299999999890e-02 3.042878560000000093e-02 3.131054300000000318e-02
1.923571029999999951e+02 6.637132410000000371e-02 -1.053327880000000036e-02 7.316885619999999313e-02 -4.981853700000000301e-03 -1.210911670000000030e-02 5.804421550000000291e-02
1.950667129999999929e+02 7.406599939999999882e-02 -4.327956699999999796e-03 6.081955979999999901e-02 6.243399020000000091e-03 -3.171940990000000210e-03 4.948575250000000064e-02
1.977578689999999995e+02 7.086328000000000071e-02 7.146614620000000043e-04 5.717238720000000080e-02 4.099655469999999996e-02 -2.558355000000000004e-02 2.878304989999999966e-02
2.004532440000000122e+02 7.478646199999999800e-02 -3.694360370000000088e-03 5.949671900000000346e-02 2.240547580000000136e-03 -4.542988800000000160e-02 4.753439210000000303e-02
2.031465880000000084e+02 7.016672379999999709e-02 -1.825644680000000067e-03 6.061566589999999727e-02 -3.162744890000000059e-02 -6.394409839999999623e-02 2.671557930000000025e-02
2.058390410000000088e+02 6.039457279999999734e-02 -9.702114379999999963e-04 6.193072480000000324e-02 -2.584684320000000049e-02 4.679179290000000141e-04 -4.251205110000000342e-02
2.085315720000000113e+02 5.993952100000000255e-02 6.063634160000000266e-03 7.469237600000000477e-02 7.162490619999999780e-03 2.359489999999999851e-02 -3.729113850000000119e-02
2.112344469999999887e+02 5.887163900000000338e-02 2.945195240000000186e-03 7.191157039999999945e-02 1.894065909999999991e-02 8.143391620000000816e-03 -7.189345920000000424e-03
2.139423529999999971e+02 5.526868020000000326e-02 -1.282085639999999910e-03 6.739947529999999742e-02 -5.203322880000000195e-04 3.347139190000000125e-02 -1.609074260000000096e-03
2.166536810000000060e+02 5.454385109999999870e-02 1.056538099999999912e-03 5.995255399999999818e-02 -3.246658069999999729e-02 6.435389399999999482e-02 -1.075173429999999944e-02
2.193452910000000031e+02 6.016756219999999655e-02 1.993467960000000136e-03 5.721094589999999730e-02 -1.487905970000000071e-02 -3.045344410000000099e-02 -2.186780179999999948e-02
2.220491499999999974e+02 6.889609700000000336e-02 -1.596462110000000092e-03 6.066810470000000288e-02 -1.914776920000000118e-02 -5.718389110000000192e-02 4.235754199999999803e-02
2.247451030000000003e+02 7.193833609999999990e-02 -3.212112779999999851e-04 5.555620590000000247e-02 1.625357189999999952e-02 -4.509731039999999996e-02 -3.751348780000000188e-02
2.274463059999999928e+02 7.317039790000000321e-02 8.446590179999999629e-03 6.066951909999999948e-02 1.026020379999999926e-02 -4.067918809999999941e-02 -1.227758720000000046e-02
2.301502439999999865e+02 6.499782899999999308e-02 2.991640099999999872e-03 6.713654539999999726e-02 -1.680457200000000026e-02 7.440836829999999654e-04 7.703547590000000070e-03
2.328487910000000056e+02 6.163956429999999792e-02 3.428541880000000180e-03 6.674264770000000457e-02 -5.470548379999999773e-03 5.297276919999999861e-02 2.549600449999999893e-02
2.355421340000000043e+02 5.538277829999999763e-02 5.842976200000000227e-04 7.559675059999999835e-02 -2.575345689999999910e-02 2.094852189999999934e-02 1.532333880000000086e-02
2.382327280000000087e+02 5.216036019999999857e-02 2.047494410000000060e-03 6.806998229999999817e-02 1.610018439999999842e-02 -4.972929250000000106e-02 -8.482298240000000003e-03
2.409299000000000035e+02 4.865363899999999853e-02 -7.334478099999999778e-03 6.486964889999999317e-02 4.088842880000000124e-02 -2.176492959999999990e-02 2.255185549999999886e-02
2.436319000000000017e+02 4.694467749999999689e-02 -4.389486659999999700e-03 6.481470720000000185e-02 -8.127304230000000074e-03 -2.466576009999999972e-02 1.959429999999999852e-02
2.463269630000000063e+02 4.960847169999999667e-02 -1.025370140000000062e-02 6.358705300000000449e-02 7.979803529999999340e-03 1.844859750000000034e-02 5.837658109999999817e-02
2.490228060000000028e+02 5.686078879999999919e-02 -1.018606239999999934e-02 6.341305410000000475e-02 1.820961670000000032e-02 -2.004691139999999899e-02 1.020234010000000031e-02
2.517228839999999934e+02 5.574437379999999664e-02 -1.406218239999999960e-02 7.352708669999999391e-02 2.764972549999999973e-02 -4.202892970000000200e-02 1.835165759999999929e-03
2.544187129999999968e+02 5.627456630000000209e-02 -1.215869269999999940e-02 7.469868779999999653e-02 4.011112659999999802e-02 -1.805618510000000067e-03 -5.793439319999999643e-03
2.571253379999999993e+02 5.590410269999999959e-02 -1.012757109999999974e-02 7.259392580000000039e-02 3.586626820000000243e-02 4.101318529999999768e-02 -2.883364929999999993e-02
2.598302130000000147e+02 6.150068169999999695e-02 -1.145196050000000035e-02 6.951187509999999514e-02 4.140049889999999899e-02 -2.165738669999999963e-02 -1.029004969999999970e-02
2.625279310000000237e+02 6.872369250000000263e-02 -8.244817620000000763e-03 6.329285279999999347e-02 3.858238420000000002e-02 -1.371761139999999948e-02 1.281257459999999952e-02
2.652235880000000066e+02 7.341500489999999712e-02 -7.365432189999999990e-03 4.292368669999999803e-02 5.121914579999999745e-02 2.036029069999999858e-02 2.526808739999999998e-02
2.679173210000000154e+02 7.874849109999999819e-02 -3.975661400000000262e-03 2.493888420000000064e-02 2.522242430000000077e-02 -3.778276850000000103e-02 4.917230999999999685e-02
