# a=0.05975983844900528, b=-154.35185232441805, c=-0.001026776644846061, xi=10.919723735473312
6.709054719999999472e-01 7.210026510000000499e-02 -8.126608239999999483e-03 4.051189859999999865e-02 1.208678510000000053e-02 1.550708679999999919e-03 1.657732539999999880e-02
3.371624510000000186e+00 7.351961919999999706e-02 8.144460310000000130e-04 2.638028939999999961e-02 3.787901669999999693e-02 1.797656200000000148e-02 4.890456680000000028e-02
6.076061700000000343e+00 7.569673600000000058e-02 -5.331692600000000060e-03 7.485286439999999826e-03 1.766157559999999987e-02 -8.256424119999999575e-03 4.849955200000000133e-02
8.779619820000000630e+00 7.421180460000000034e-02 -5.116715600000000183e-03 -5.801834609999999802e-03 4.379757489999999698e-02 1.356678019999999971e-02 5.393497430000000065e-02
1.147711729999999974e+01 7.732696440000000337e-02 -1.721870959999999978e-02 -2.704976270000000044e-02 3.860284900000000158e-02 -1.963452699999999884e-02 3.672397110000000242e-02
1.417346419999999974e+01 7.738335109999999739e-02 -1.829269929999999961e-02 -3.781313170000000223e-02 3.863116710000000231e-02 -1.360833279999999930e-02 8.960739639999999728e-03
1.686974389999999957e+01 7.348329789999999417e-02 -1.690458989999999925e-02 -5.167983699999999930e-02 1.801628460000000154e-02 -5.489913160000000139e-03 -9.238716100000000583e-03
1.957470789999999994e+01 6.591696689999999859e-02 -1.311920479999999917e-02 -5.836503739999999996e-02 -9.194295329999999447e-03 -1.256735110000000051e-02 3.167206530000000325e-02
2.228150169999999974e+01 6.908245109999999745e-02 -1.964024790000000117e-02 -5.863066890000000198e-02 1.155502710000000030e-02 -1.420436649999999926e-02 7.180393799999999598e-03
2.498225479999999976e+01 5.726062779999999824e-02 -2.001201290000000077e-02 -6.005811369999999871e-02 -1.515880780000000011e-02 -3.540018760000000070e-02 -4.615160389999999752e-02
2.767307040000000029e+01 5.492753920000000012e-02 -1.983822379999999885e-02 -6.169524970000000302e-02 1.266455380000000054e-02 2.121429270000000158e-02 1.612986760000000019e-02
3.038658919999999952e+01 6.096549660000000204e-02 -1.252562110000000027e-02 -5.839069029999999910e-02 3.380311369999999815e-02 4.968745679999999991e-03 -6.435404050000000271e-03
3.308292670000000157e+01 6.340387529999999550e-02 -6.238410940000000370e-03 -6.214130140000000135e-02 2.432898879999999958e-02 -2.883133400000000013e-02 3.524640550000000122e-02
3.579003139999999661e+01 6.161207610000000306e-02 -2.754394070000000007e-03 -5.202582549999999750e-02 -9.756297909999999546e-03 -4.572526329999999917e-02 -8.481836910000000243e-03
3.849667829999999924e+01 6.341809110000000416e-02 2.870667359999999786e-03 -5.620679170000000141e-02 -3.489013800000000110e-02 -4.792296389999999712e-02 -3.858558019999999700e-02
4.118688920000000309e+01 6.493132370000000153e-02 8.772924149999999921e-03 -5.122845270000000312e-02 2.000696960000000052e-02 -5.445292730000000220e-02 3.409055049999999698e-02
4.388806259999999781e+01 6.216983320000000340e-02 1.190464320000000041e-02 -4.681958650000000305e-02 -3.609330010000000311e-02 -5.273658879999999771e-02 -1.070788339999999977e-02
4.659283289999999766e+01 6.029137949999999885e-02 1.511222559999999930e-02 -5.190872430000000037e-02 -4.274491269999999843e-02 1.954935530000000143e-02 -3.130510060000000344e-02
4.930744390000000266e+01 6.177159399999999911e-02 1.033689869999999955e-02 -5.883613590000000282e-02 -2.249939689999999951e-02 -3.983120820000000256e-02 -9.069293419999999162e-03
5.199082359999999881e+01 6.309125209999999484e-02 7.563240530000000204e-03 -5.334891049999999912e-02 3.598803660000000210e-02 1.541815989999999930e-03 2.315629959999999932e-02
5.470081890000000158e+01 6.580434920000000076e-02 5.921203540000000327e-03 -5.574352240000000208e-02 -8.705181580000000488e-03 -3.424512429999999885e-02 -9.602618289999999973e-03
5.739813610000000210e+01 6.086203340000000128e-02 1.259171780000000081e-02 -6.066906390000000038e-02 -1.665765820000000147e-02 1.086986369999999938e-02 -3.029534600000000077e-02
6.010194700000000267e+01 6.630741749999999324e-02 8.306456340000000632e-03 -5.758963429999999772e-02 -1.925775029999999893e-03 3.065791940000000063e-02 -6.743359290000000561e-02
6.280092040000000253e+01 6.586026520000000384e-02 1.215909849999999987e-02 -7.157015460000000495e-02 -4.202634890000000317e-02 -1.296175739999999967e-03 -8.801455989999999729e-02
6.549909700000000612e+01 6.230157909999999716e-02 2.729592009999999829e-03 -6.118679409999999708e-02 1.666180550000000149e-02 3.466845779999999655e-02 -5.219470939999999726e-02
6.820067360000000178e+01 6.238124440000000076e-02 7.796993359999999755e-03 -6.222248760000000101e-02 -3.105452980000000113e-02 -1.336903790000000059e-03 -1.230454719999999995e-02
7.090056889999999612e+01 6.127877970000000091e-02 1.690330270000000093e-03 -5.692264779999999663e-02 -9.601461219999999491e-03 3.396211400000000158e-02 -1.221700180000000018e-02
7.358760789999999474e+01 5.970904350000000305e-02 2.789247410000000003e-03 -5.724832569999999815e-02 9.253734220000000427e-03 2.641871310000000125e-02 1.357809790000000065e-02
7.628991890000000353e+01 4.919180459999999977e-02 -1.564161490000000104e-03 -5.368389860000000180e-02 -2.341616840000000036e-03 -7.200576000000000199e-03 8.508582129999999258e-03
7.898846890000000087e+01 5.531963670000000083e-02 4.426634779999999957e-03 -5.341317599999999971e-02 1.719706569999999990e-02 -8.252176090000000030e-04 3.677838909999999947e-03
8.167481730000000084e+01 6.038005729999999793e-02 3.527190190000000143e-04 -4.867698520000000167e-02 2.103150100000000106e-02 -9.340760800000000525e-04 3.521316719999999928e-02
8.438896579999999403e+01 7.101763640000000044e-02 -1.575794350000000055e-03 -5.534588470000000038e-02 1.656411559999999838e-02 1.056627109999999994e-02 -2.244132869999999891e-02
8.708492510000000664e+01 6.190534260000000316e-02 -5.154541559999999828e-03 -6.004575930000000117e-02 -6.477836239999999746e-04 -1.280224290000000001e-02 -7.976856220000000039e-03
8.978937039999999570e+01 6.035844299999999774e-02 4.925575510000000309e-03 -6.250373300000000576e-02 4.454289719999999890e-03 5.599788280000000257e-03 -3.396435510000000296e-02
9.247678290000000345e+01 5.471253920000000021e-02 1.177241520000000055e-02 -6.293879330000000383e-02 5.904514679999999655e-02 7.114775490000000042e-03 -2.523940740000000030e-02
9.518841890000000205e+01 5.670950529999999740e-02 7.606383040000000255e-03 -6.865073369999999398e-02 6.911448030000000298e-02 -6.338064689999999869e-03 -2.546416079999999985e-02
9.789521109999999737e+01 5.450211370000000027e-02 6.185580169999999739e-03 -5.763478439999999980e-02 5.167155820000000205e-02 -3.749168530000000082e-02 -6.261627320000000101e-03
1.006092079999999953e+02 5.370927489999999943e-02 9.391567599999999362e-05 -5.767022659999999912e-02 2.865373610000000217e-03 -3.956862740000000045e-02 2.287693559999999862e-02
1.033160199999999946e+02 4.761706489999999875e-02 4.875924159999999591e-03 -5.700427160000000326e-02 -6.976743270000000316e-03 -1.049436249999999987e-02 -8.291586090000000603e-03
1.060157080000000036e+02 5.371170139999999898e-02 -2.410711649999999848e-03 -6.150036629999999782e-02 -1.101882600000000066e-02 -1.347469739999999916e-02 1.244344030000000059e-02
1.087185989999999975e+02 5.836965370000000292e-02 4.495174910000000160e-04 -6.075048770000000126e-02 -2.861701850000000075e-02 5.205143210000000298e-02 -1.305461810000000007e-02
1.114088799999999964e+02 5.507587810000000306e-02 3.754567790000000091e-04 -6.267284809999999762e-02 3.264368100000000078e-02 5.828780840000000185e-02 5.600419419999999766e-03
1.141137389999999954e+02 6.500765980000000610e-02 2.296288889999999975e-03 -6.243372340000000187e-02 4.619999319999999743e-02 -1.468088410000000085e-03 5.981923800000000374e-03
1.168117699999999957e+02 5.567129030000000228e-02 -8.044963579999999878e-03 -6.863944130000000643e-02 4.987519850000000227e-02 5.123696950000000000e-02 2.768979879999999838e-02
1.195175049999999999e+02 5.653928550000000136e-02 -3.386807559999999856e-03 -6.791356769999999654e-02 3.132749719999999849e-02 1.753688130000000123e-02 4.914216250000000286e-02
1.222236450000000048e+02 4.656441969999999819e-02 1.956793019999999994e-03 -6.332788500000000043e-02 -8.909337539999999389e-03 -1.342927510000000053e-02 1.022494019999999927e-02
1.249194269999999989e+02 4.997240759999999754e-02 -1.194684770000000069e-03 -7.236590110000000464e-02 6.469841210000000509e-02 -7.106831350000000422e-03 2.336892540000000060e-02
1.276133640000000042e+02 5.745840079999999656e-02 -5.896550129999999883e-03 -7.068973359999999873e-02 6.687890959999999441e-02 -2.068309269999999908e-02 2.616095719999999864e-04
1.303175359999999898e+02 5.801453670000000090e-02 -5.455482999999999687e-03 -6.657976120000000386e-02 3.383295459999999949e-02 -1.014292789999999937e-02 6.095203910000000259e-03
1.330275359999999978e+02 5.363050269999999897e-02 4.904528029999999893e-04 -5.801585830000000055e-02 7.361496650000000364e-03 8.329291980000000373e-03 -7.354709709999999838e-03
1.357247549999999876e+02 5.937917809999999907e-02 8.504115300000000127e-03 -4.808600779999999686e-02 2.230668769999999846e-03 1.933671550000000058e-02 3.430730240000000320e-02
1.384211770000000001e+02 6.204120550000000178e-02 6.259031130000000318e-03 -4.881740960000000018e-02 -1.910195170000000137e-02 1.336822480000000000e-02 6.652384340000000451e-02
1.411105990000000077e+02 6.788862860000000055e-02 1.678064580000000012e-03 -4.666150039999999999e-02 9.551225479999999809e-03 -5.046967329999999669e-02 3.475908369999999858e-02
1.438228489999999908e+02 7.088103839999999878e-02 2.655846119999999855e-03 -3.994256949999999695e-02 6.811608069999999966e-03 -4.565282179999999995e-02 -1.347488699999999963e-02
1.465225049999999953e+02 6.849772040000000339e-02 1.411513920000000101e-03 -4.455294249999999789e-02 9.237860460000000412e-03 2.157741839999999939e-02 -3.845241070000000178e-02
1.492256610000000023e+02 7.737881929999999853e-02 -3.234301279999999938e-03 -2.783919140000000111e-02 -1.978432000000000107e-02 1.298883460000000052e-02 -1.742158859999999934e-02
1.519164269999999988e+02 8.353786089999999664e-02 -1.069932019999999921e-02 -2.386462589999999856e-02 -4.010033699999999979e-02 3.138241420000000004e-02 -3.763214299999999984e-02
1.546099890000000130e+02 7.691990109999999325e-02 -9.415901330000000374e-03 1.721910440000000084e-03 -2.322398200000000065e-02 1.304452610000000033e-02 -6.193635099999999886e-03
1.573086140000000057e+02 8.654665920000000068e-02 -1.103879980000000045e-02 2.014871790000000162e-02 -7.952282139999999194e-03 5.007047169999999901e-03 -6.519996999999999598e-02
1.600069110000000023e+02 8.696730630000000517e-02 -1.328063600000000018e-02 3.420183269999999692e-02 -2.732758680000000120e-02 -8.660065999999999251e-03 4.044346459999999949e-02
1.627211299999999881e+02 8.478217059999999805e-02 -1.139295079999999918e-02 4.009067610000000004e-02 1.120763339999999997e-02 1.384236550000000031e-02 -1.134739369999999969e-02
1.654107700000000136e+02 7.937767149999999661e-02 -7.349484580000000163e-03 4.485148490000000210e-02 -1.629991579999999843e-02 -1.001259499999999957e-03 2.870099300000000190e-03
1.681085830000000101e+02 7.023361840000000300e-02 -3.186336299999999785e-03 4.041551279999999746e-02 -1.567489390000000038e-02 1.858896139999999947e-02 -2.995374280000000049e-03
1.708138020000000097e+02 7.043603410000000287e-02 -1.058500769999999938e-02 4.275607189999999780e-02 5.067902780000000350e-03 -2.331906460000000153e-02 1.121330599999999927e-02
1.735070990000000108e+02 6.758431669999999392e-02 -1.089299349999999986e-02 5.514518150000000118e-02 -1.233212690000000042e-02 2.475022879999999939e-02 2.193141610000000005e-02
1.762023330000000101e+02 6.195340829999999854e-02 -7.265788750000000060e-03 5.826699669999999692e-02 -2.357218950000000007e-02 -7.324317159999999688e-03 2.517303140000000036e-02
1.789017080000000135e+02 6.094975760000000131e-02 -9.019880629999999302e-03 6.032018980000000002e-02 -8.752229939999999972e-03 2.251689299999999963e-02 1.093165800000000035e-02
1.815970049999999958e+02 6.090802709999999787e-02 4.505217819999999922e-03 5.574155459999999979e-02 8.920857790000000231e-03 -4.277685750000000293e-03 3.009360449999999923e-02
1.842977860000000021e+02 6.740673899999999330e-02 2.472182009999999812e-03 6.135109960000000029e-02 5.694466930000000049e-05 1.349427619999999956e-03 5.859708749999999883e-02
1.870008640000000071e+02 6.939627269999999737e-02 3.734138680000000012e-03 5.682911730000000244e-02 8.966440080000000548e-03 -6.017696930000000083e-03 4.957595070000000298e-02
1.897145989999999927e+02 5.514396349999999697e-02 1.624544689999999963e-04 5.687686730000000163e-02 -1.182094640000000071e-02 1.927079859999999978e-02 5.206616669999999947e-02
1.924170990000000074e+02 5.034897759999999722e-02 2.646595610000000015e-03 6.052632950000000345e-02 1.156182050000000017e-02 2.267215449999999966e-02 3.200747329999999863e-02
1.951195830000000058e+02 4.810443429999999854e-02 3.101246650000000216e-03 6.834901229999999772e-02 -2.366532760000000075e-04 2.628470150000000206e-03 4.412517090000000336e-02
1.978224270000000047e+02 5.206323289999999909e-02 3.173366160000000175e-03 6.504212249999999362e-02 2.430014949999999979e-02 6.856785320000000246e-03 3.612776329999999730e-02
2.005296299999999974e+02 5.068722850000000058e-02 2.731666110000000210e-03 6.611542480000000277e-02 2.334777769999999905e-02 -2.425460360000000065e-02 4.903859170000000184e-02
2.032388640000000066e+02 5.531501939999999840e-02 -1.868983449999999996e-03 5.855409439999999938e-02 -2.744807240000000058e-03 -1.083468620000000056e-02 1.676682889999999912e-02
2.059489739999999927e+02 5.067722649999999857e-02 -4.650174790000000287e-03 5.762493190000000237e-02 -3.923632580000000099e-03 1.405734030000000030e-02 3.949731130000000076e-03
2.086460360000000094e+02 5.379495699999999742e-02 3.744350540000000033e-03 5.014487210000000139e-02 -2.360799690000000076e-02 -3.365751270000000295e-02 -1.065698909999999999e-02
2.113543019999999899e+02 6.111472589999999983e-02 3.440665610000000034e-03 3.856635729999999956e-02 -2.295213100000000062e-02 -4.413469870000000239e-02 2.723742930000000104e-02
2.140456299999999885e+02 7.088639100000000692e-02 7.818953680000000767e-03 5.044267439999999825e-02 -7.642416899999999839e-03 -6.291055489999999861e-02 1.129511230000000005e-02
2.167441609999999912e+02 5.770519739999999814e-02 7.154434089999999954e-03 5.375623150000000128e-02 -4.633003150000000389e-03 -7.833637420000000295e-02 3.568113910000000194e-02
2.194421769999999867e+02 6.519375530000000307e-02 1.416366139999999940e-03 6.184780250000000007e-02 -3.368237510000000184e-04 3.710258240000000041e-03 2.561087440000000062e-02
2.221422699999999963e+02 6.600074329999999767e-02 -1.049231710000000060e-02 6.732181719999999481e-02 -3.190514010000000157e-03 -2.986080389999999987e-02 5.244061989999999895e-02
2.248379579999999862e+02 6.837915410000000582e-02 -1.169075210000000004e-02 6.567658319999999939e-02 7.726005829999999701e-04 -2.009180389999999997e-02 2.713749039999999862e-02
2.275409270000000106e+02 6.301817299999999678e-02 -4.072237149999999653e-03 6.717247299999999643e-02 1.111196660000000024e-03 -6.871389210000000344e-03 4.653352849999999735e-02
2.302415829999999914e+02 5.845478679999999844e-02 -4.465800340000000181e-03 6.065192490000000103e-02 -2.336632840000000058e-02 -1.852876839999999942e-02 2.505906670000000031e-02
2.329450669999999946e+02 6.111637429999999815e-02 -5.953172930000000251e-03 6.562912889999999999e-02 -6.705615419999999896e-03 -2.717541329999999949e-02 3.912095720000000054e-02
2.356339739999999949e+02 5.567061859999999918e-02 -2.167113809999999825e-03 5.987472130000000281e-02 -2.125333780000000089e-02 -4.209650809999999910e-02 7.192970360000000216e-03
2.383395519999999976e+02 5.214249230000000263e-02 1.486312650000000055e-02 6.121614370000000305e-02 -8.338755769999999304e-03 -5.035903039999999747e-02 9.098512799999999845e-03
2.410354580000000055e+02 5.737162249999999686e-02 4.116951869999999764e-03 6.502312359999999625e-02 -3.687561129999999965e-02 -1.646769669999999935e-02 -7.800850049999999598e-03
2.437360989999999958e+02 5.232862189999999691e-02 6.892207269999999809e-03 5.847246030000000094e-02 -2.361063580000000162e-02 -3.572914320000000060e-02 -2.061332889999999834e-02
2.464213489999999922e+02 6.167251740000000149e-02 -4.833074070000000291e-03 6.499027429999999772e-02 -4.463563450000000016e-02 -3.328584290000000112e-02 1.375317900000000079e-02
2.491151140000000055e+02 5.997601899999999847e-02 6.363607530000000125e-04 6.098656300000000058e-02 -1.088691489999999915e-02 -1.642493249999999946e-02 5.171825459999999930e-02
2.518228799999999978e+02 6.481968559999999602e-02 -3.655817930000000195e-03 6.203647340000000010e-02 4.698942529999999840e-03 -3.037678450000000016e-02 3.887598109999999916e-03
2.545130829999999946e+02 6.284693169999999718e-02 2.923909460000000040e-03 6.623840259999999591e-02 4.943357340000000162e-03 -3.946658940000000171e-02 4.246168659999999956e-02
2.572094109999999887e+02 6.295845719999999812e-02 4.815930369999999773e-03 5.962508040000000231e-02 -1.290127179999999915e-02 -1.342167130000000014e-02 1.932094070000000066e-02
2.599181770000000142e+02 6.531231930000000463e-02 2.990067009999999859e-03 6.573816389999999343e-02 -2.673227089999999991e-04 -1.103800870000000087e-02 4.145153740000000198e-02
2.626186920000000100e+02 6.568208990000000413e-02 3.237417060000000006e-03 5.571379659999999706e-02 -3.180515040000000265e-02 3.040528609999999972e-03 3.246924649999999996e-02
2.653298019999999724e+02 6.665522549999999824e-02 -8.415506570000000006e-03 5.119609910000000319e-02 2.433689140000000126e-02 -4.052512860000000161e-02 3.040223720000000129e-02
2.680308739999999830e+02 7.014252880000000634e-02 -2.856715189999999797e-03 4.812795100000000215e-02 -4.043454460000000042e-03 1.181418109999999959e-02 4.606445680000000042e-02
