# a=0.06261575605254735, b=-155.0812859339682, c=-0.0016711292047929167, xi=8.40781516980746
7.048930740000000084e-01 7.634684890000000002e-02 -9.092481459999999377e-03 3.773657209999999734e-02 -2.903617130000000178e-03 7.129178169999999658e-04 -2.516084059999999789e-03
3.397642740000000217e+00 7.815171590000000168e-02 -1.377446809999999938e-02 2.302720059999999874e-02 3.654488019999999754e-02 -2.354388030000000021e-02 -8.865435309999999264e-03
6.095350400000000057e+00 8.255302779999999785e-02 -8.517723609999999779e-03 4.013592719999999579e-03 -5.353392799999999625e-03 2.539085290000000095e-03 3.613948389999999816e-02
8.784296960000000709e+00 7.556505709999999931e-02 -8.602530900000000466e-03 -7.130783519999999570e-03 3.851667849999999838e-02 2.064494580000000162e-02 1.661024399999999970e-02
1.147962790000000055e+01 8.533913610000000427e-02 -2.214435570000000165e-03 -2.721081090000000008e-02 -8.433127199999999532e-03 3.946201889999999962e-02 -2.340842820000000116e-02
1.417602480000000043e+01 8.373514249999999826e-02 -6.847070400000000376e-03 -3.817399679999999851e-02 7.297275689999999614e-03 3.950742880000000096e-02 -3.465958250000000102e-02
1.687503879999999867e+01 7.456567399999999846e-02 -2.349076490000000011e-04 -4.204110519999999795e-02 1.238604110000000001e-02 -9.734190949999999985e-05 -3.939150799999999869e-02
1.956629660000000115e+01 6.914301920000000268e-02 -1.410573329999999957e-05 -4.408607870000000317e-02 1.148518089999999922e-02 3.648180929999999969e-04 7.859282319999999142e-03
2.226406070000000170e+01 6.144287830000000339e-02 -5.199137920000000170e-03 -4.690176900000000287e-02 -6.683991440000000214e-03 -2.993308090000000154e-03 -6.038994129999999960e-02
2.495183570000000017e+01 6.325788879999999503e-02 -4.141436800000000348e-03 -5.919302879999999850e-02 4.525244180000000116e-02 -2.169871849999999852e-02 -1.263646289999999922e-02
2.765097629999999995e+01 5.943477070000000029e-02 -1.274557729999999979e-02 -5.624093930000000074e-02 1.290471609999999970e-02 1.624546639999999847e-02 1.496887329999999940e-02
3.034660290000000060e+01 6.000231479999999784e-02 -1.137500980000000043e-02 -6.021248020000000145e-02 -3.021425399999999942e-02 -2.359518400000000168e-02 4.289521240000000041e-02
3.304589980000000082e+01 5.808734720000000018e-02 -6.396217019999999968e-03 -6.409266389999999924e-02 -2.403745610000000005e-02 -1.101071409999999917e-02 1.048563949999999946e-02
3.574270130000000023e+01 6.693437439999999627e-02 -6.378415979999999680e-03 -6.511820190000000563e-02 2.432327999999999921e-02 1.222400459999999946e-02 3.778953379999999695e-02
3.844716540000000293e+01 6.252375159999999654e-02 -6.298738110000000334e-03 -6.494075309999999823e-02 8.600571019999999484e-03 -3.770661859999999838e-02 3.587611780000000278e-02
4.115599670000000287e+01 7.171200769999999669e-02 -1.234312190000000017e-02 -6.239385179999999698e-02 -1.403356239999999956e-02 -4.126485220000000037e-02 -4.402585710000000291e-02
4.386227010000000348e+01 6.854975659999999749e-02 -1.062143989999999975e-02 -6.803944820000000504e-02 2.957230770000000147e-02 -4.683589519999999812e-02 -5.234788960000000269e-02
4.655972630000000123e+01 5.552450519999999751e-02 -1.072241120000000034e-02 -5.217063279999999831e-02 5.139437129999999826e-02 -1.763846609999999981e-02 -1.096670020000000030e-02
4.926382949999999994e+01 5.510990350000000149e-02 -1.079085000000000027e-03 -6.376115329999999803e-02 3.551926650000000046e-02 -1.424448679999999919e-02 -2.007603150000000086e-02
5.197233570000000213e+01 5.766485310000000336e-02 -7.365350130000000023e-03 -6.802791569999999677e-02 -8.200470560000000866e-03 -4.553230969999999718e-03 1.349025099999999998e-02
5.465816230000000076e+01 5.230687249999999705e-02 -2.512229500000000108e-03 -6.389612969999999836e-02 4.206593060000000245e-02 -4.775704999999999881e-03 2.473075710000000038e-02
5.736791540000000111e+01 6.486276239999999582e-02 2.311486199999999817e-03 -5.583851809999999805e-02 -1.364149230000000039e-02 1.794986640000000022e-02 1.340112019999999994e-02
6.006425920000000218e+01 7.278414689999999909e-02 1.823060829999999981e-03 -6.667311110000000152e-02 1.054584809999999963e-02 2.988111170000000080e-02 1.226580319999999967e-02
6.275940289999999777e+01 6.264060690000000653e-02 -4.397256690000000273e-03 -5.734001679999999740e-02 4.151710480000000286e-02 -2.982358550000000028e-03 -1.107903470000000043e-02
6.546093569999999318e+01 5.923502199999999829e-02 -1.699025739999999920e-03 -6.315406930000000418e-02 -1.143254900000000018e-02 1.163360299999999931e-02 -8.927111899999999600e-03
6.815876849999999365e+01 5.057677309999999982e-02 1.027298079999999954e-03 -6.883572599999999986e-02 -3.063724649999999966e-02 9.038882930000000440e-03 -3.821839700000000117e-02
7.085624980000000050e+01 5.213948630000000278e-02 9.491165980000000613e-03 -7.230556809999999501e-02 1.296697919999999921e-02 1.585096240000000156e-02 -4.335238870000000105e-02
7.356129509999999527e+01 4.672111119999999840e-02 8.233178580000000135e-03 -6.355169130000000444e-02 -1.008136850000000001e-02 -2.102218039999999982e-02 -4.602617860000000199e-02
7.626587630000000217e+01 4.880130829999999864e-02 9.781513179999999641e-03 -6.255959780000000525e-02 8.506337779999999585e-03 3.087924040000000064e-02 -4.500517679999999771e-02
7.896828569999999559e+01 4.741320219999999724e-02 1.536636509999999949e-02 -6.680520709999999973e-02 1.414111390000000017e-02 1.368950399999999991e-03 -1.759493540000000005e-03
8.167216070000000627e+01 4.885965209999999781e-02 1.702582119999999921e-02 -7.205406709999999382e-02 4.300247830000000077e-02 1.184667059999999945e-02 -4.603109009999999807e-02
8.435630290000000286e+01 4.997365179999999768e-02 4.621058879999999890e-03 -6.479676669999999417e-02 6.127097560000000116e-03 -4.567002619999999818e-02 -2.728276430000000155e-02
8.706224509999999839e+01 6.304060050000000193e-02 8.763924790000000506e-03 -6.260053640000000363e-02 4.191214079999999731e-02 -2.762282140000000066e-02 -2.052957310000000021e-02
8.976296229999999809e+01 7.155689739999999965e-02 9.650892229999999405e-03 -6.269973219999999681e-02 2.939881680000000150e-02 1.404170069999999965e-02 -3.041952360000000147e-02
9.246697629999999890e+01 7.154769490000000010e-02 1.159932200000000045e-02 -5.883145280000000310e-02 2.690626349999999944e-02 3.802702230000000200e-03 -4.992155069999999577e-03
9.515810919999999840e+01 5.823073639999999662e-02 5.088309719999999786e-03 -6.732580089999999629e-02 8.798815109999999495e-02 -1.158497820000000018e-02 3.894566339999999856e-03
9.785355760000000203e+01 6.087711700000000142e-02 2.855777339999999824e-03 -6.960586019999999430e-02 1.115362639999999961e-01 -1.492904989999999966e-02 2.962025969999999842e-02
1.005639039999999937e+02 6.300738559999999322e-02 8.948911110000000793e-03 -6.340001539999999547e-02 9.691179680000000518e-02 2.122326459999999970e-02 3.553520540000000127e-03
1.032672790000000020e+02 5.954072330000000079e-02 1.307523149999999940e-02 -7.170767960000000441e-02 3.477394179999999946e-02 5.233891219999999705e-02 5.239341150000000058e-02
1.059638580000000019e+02 4.712783830000000229e-02 3.891287040000000058e-03 -7.337052289999999866e-02 3.377096450000000027e-02 3.498366680000000034e-02 3.296432810000000241e-02
1.086615450000000038e+02 5.598042439999999925e-02 4.090794210000000056e-03 -6.778409209999999852e-02 3.401939610000000169e-02 1.214971020000000027e-02 -1.489961830000000043e-02
1.113642009999999942e+02 6.081295610000000268e-02 -3.884363799999999891e-03 -7.197254849999999704e-02 5.236288520000000057e-02 9.739810870000000431e-04 -4.496071670000000020e-02
1.140637009999999947e+02 6.805412410000000190e-02 5.081863570000000156e-03 -5.957830590000000315e-02 6.717318329999999449e-02 3.556769490000000200e-03 -5.778559850000000025e-02
1.167686080000000004e+02 6.360292019999999602e-02 -4.806430109999999985e-03 -5.351953660000000057e-02 8.567500449999999879e-02 2.416095609999999866e-02 -6.312079370000000210e-03
1.194785760000000039e+02 7.022920920000000344e-02 -1.588274069999999916e-03 -6.580803450000000110e-02 5.777582960000000184e-02 4.564139180000000018e-02 -2.448000969999999943e-02
1.221773890000000051e+02 6.950134989999999513e-02 -4.863608519999999824e-03 -6.459897550000000266e-02 6.439843409999999879e-02 4.685756380000000165e-02 2.789886780000000108e-02
1.248611860000000036e+02 6.406249699999999603e-02 -4.559265429999999862e-03 -6.253324350000000198e-02 4.700779850000000315e-02 5.946460919999999734e-02 -3.086785449999999813e-03
1.275722789999999947e+02 5.971764639999999763e-02 -5.521241019999999569e-03 -5.948754480000000011e-02 2.199827639999999904e-02 9.306738070000000751e-03 -3.756543589999999933e-02
1.302704200000000014e+02 4.931144290000000208e-02 -8.736268880000000112e-03 -6.158752189999999738e-02 1.454362300000000031e-02 8.052598890000000622e-05 -1.474039719999999977e-02
1.329737480000000005e+02 5.556533339999999987e-02 -7.842868290000000811e-03 -5.315760430000000120e-02 1.319536850000000046e-02 8.803215229999999600e-03 7.312432760000000219e-03
1.356866540000000043e+02 6.254747330000000327e-02 -5.443653770000000079e-03 -5.407150499999999888e-02 -2.729001480000000160e-02 -1.502441969999999960e-02 -7.828099740000000334e-03
1.383867950000000064e+02 6.254374009999999484e-02 2.869748599999999861e-03 -5.359727219999999709e-02 1.650533289999999917e-02 1.431721960000000016e-02 1.443609489999999988e-02
1.410983579999999904e+02 5.966933409999999882e-02 -1.795011810000000018e-03 -5.231036730000000051e-02 -1.250382490000000006e-02 2.267006909999999889e-02 1.761512050000000121e-02
1.438046699999999873e+02 7.309786540000000332e-02 3.476577910000000059e-04 -5.270634359999999685e-02 9.302528060000000640e-03 -4.140054859999999816e-03 -7.521498690000000221e-04
1.465121540000000095e+02 7.312358889999999445e-02 -4.299607700000000234e-03 -5.998420880000000094e-02 1.805559890000000070e-02 -3.014643580000000186e-04 -3.505291180000000284e-02
1.492105919999999912e+02 6.814547360000000609e-02 -1.232419149999999970e-02 -4.866369379999999772e-02 -1.066340699999999975e-02 -3.672871579999999886e-02 -4.486613410000000329e-02
1.519069200000000137e+02 7.283728820000000270e-02 -1.871395879999999956e-02 -2.358728070000000107e-02 -1.432024890000000057e-02 -4.777566550000000162e-02 -2.591315950000000132e-02
1.546005759999999896e+02 8.070915300000000570e-02 -2.194682809999999942e-02 -4.882003529999999827e-03 -1.745833750000000059e-02 -2.384328590000000039e-02 1.445880289999999964e-02
1.572888729999999953e+02 7.388155999999999890e-02 -2.039086199999999918e-02 2.026571779999999934e-02 -2.051511339999999989e-02 -1.267541110000000061e-02 4.524309049999999943e-02
1.599977639999999894e+02 7.091980550000000216e-02 -1.571391260000000109e-02 3.902383339999999923e-02 2.208816580000000016e-03 -3.200648860000000068e-02 8.289427400000000390e-03
1.626949360000000127e+02 6.963814200000000010e-02 -1.254240549999999926e-02 4.173665740000000179e-02 -9.122748369999999357e-03 3.841569110000000314e-02 5.962568790000000001e-03
1.654000920000000008e+02 6.815201220000000060e-02 -5.025741910000000069e-03 4.286240599999999873e-02 1.231199910000000015e-02 7.839853449999999863e-03 -1.146174850000000051e-02
1.680943729999999903e+02 6.460441470000000130e-02 -6.379567210000000078e-03 5.053940739999999987e-02 2.518765410000000163e-02 -9.430919620000000406e-03 2.343129199999999940e-02
1.708028419999999983e+02 6.427320609999999379e-02 2.405029859999999967e-03 5.053554839999999798e-02 2.826631249999999890e-03 -2.593907610000000061e-03 1.846637409999999854e-02
1.735102479999999900e+02 5.985240470000000035e-02 6.837967559999999848e-03 5.114306619999999665e-02 6.692592619999999937e-03 8.558477529999999390e-05 6.820720989999999595e-02
1.762113420000000019e+02 6.472693690000000388e-02 5.191840900000000390e-03 5.527247569999999693e-02 4.541114920000000402e-03 -3.527735569999999876e-02 3.701738310000000226e-02
1.789177640000000054e+02 6.528932249999999660e-02 1.060195079999999915e-02 5.966246020000000316e-02 -2.197945600000000138e-02 -4.107120450000000173e-04 5.827019619999999900e-02
1.816125140000000044e+02 6.899474490000000182e-02 1.169888990000000038e-02 6.384931369999999329e-02 -9.790704429999999917e-03 2.566304260000000156e-02 5.256757320000000205e-02
1.843054040000000100e+02 6.233292339999999682e-02 -1.640230479999999933e-03 6.369571870000000080e-02 -3.614700450000000033e-05 3.847703169999999728e-02 3.937667639999999775e-02
1.870019200000000126e+02 5.789673370000000124e-02 1.031635499999999928e-02 7.542850339999999931e-02 3.415186870000000170e-03 -8.611722130000000822e-03 6.154930520000000127e-02
1.896945760000000121e+02 5.976403799999999850e-02 3.191058359999999951e-03 6.521670770000000117e-02 4.824286809999999912e-03 3.011553680000000031e-03 7.874696400000000263e-02
1.923962329999999952e+02 5.494137989999999666e-02 5.293670099999999920e-03 6.420464010000000166e-02 1.137361150000000022e-02 2.783783080000000118e-02 1.143154829999999955e-01
1.950964360000000113e+02 4.803173439999999794e-02 2.466500490000000153e-03 5.958355519999999905e-02 -6.624613560000000047e-03 1.671683959999999830e-02 2.023591630000000016e-02
1.977837010000000078e+02 5.519467139999999911e-02 3.230050749999999974e-03 5.889433060000000275e-02 1.121738559999999919e-02 5.191381679999999832e-02 6.070727420000000124e-02
2.004774830000000065e+02 5.242808999999999664e-02 -7.254733910000000022e-03 6.327162930000000685e-02 9.720421130000000270e-03 1.722087439999999900e-02 5.868822299999999770e-02
2.031897170000000017e+02 5.422102570000000149e-02 -1.769068899999999903e-02 6.919182990000000144e-02 2.784877700000000164e-02 6.926644430000000047e-03 8.169936630000000644e-02
2.058850290000000030e+02 4.269125430000000193e-02 -8.998513010000000478e-03 7.125874070000000338e-02 2.025587670000000059e-03 -2.677228900000000120e-02 2.755187400000000050e-02
2.086018420000000049e+02 3.852410970000000323e-02 -1.518242130000000073e-03 6.952223609999999554e-02 4.448406910000000242e-02 -1.761058360000000017e-02 3.568141410000000291e-02
2.113035759999999925e+02 4.242309400000000147e-02 2.540246050000000144e-03 6.505335730000000316e-02 1.827143540000000094e-02 1.027981180000000008e-02 7.094134659999999648e-02
2.140263889999999947e+02 5.200358029999999770e-02 9.270563719999999619e-03 6.223675070000000281e-02 3.018811269999999852e-02 2.746490589999999940e-02 4.773810180000000181e-02
2.167196390000000008e+02 5.676310510000000253e-02 9.134010160000000794e-03 5.906002409999999703e-02 2.194157799999999978e-02 7.486941399999999698e-03 7.558248589999999600e-02
2.194283890000000099e+02 6.769560410000000084e-02 4.854667699999999815e-03 6.294597899999999913e-02 -3.955056129999999677e-03 1.087024049999999950e-02 6.193080709999999878e-02
2.221258579999999938e+02 6.848451049999999818e-02 7.611826959999999989e-03 6.135186460000000008e-02 -9.049734860000000283e-03 -2.519183430000000029e-02 8.452701129999999619e-02
2.248197790000000111e+02 6.616212829999999767e-02 4.605884069999999914e-03 6.154526820000000287e-02 -3.050880679999999970e-02 -3.456652319999999859e-04 8.173400849999999662e-02
2.275269830000000013e+02 6.415564270000000124e-02 1.168558310000000072e-02 6.360516920000000574e-02 -2.556011390000000136e-03 -2.625550070000000000e-02 7.296102929999999376e-02
2.302286080000000084e+02 6.728621320000000017e-02 6.372343679999999816e-03 6.444971850000000280e-02 1.926053570000000117e-02 1.359430399999999976e-02 5.948381030000000208e-02
2.329305760000000021e+02 6.550295650000000081e-02 3.778858050000000190e-03 6.373124260000000152e-02 -2.853037560000000125e-02 -3.202851899999999835e-02 6.185896569999999733e-02
2.356375920000000121e+02 6.398213780000000517e-02 3.979508439999999633e-03 5.594350780000000023e-02 -6.445086519999999701e-03 -2.822766700000000142e-02 2.504460069999999913e-02
2.383314670000000035e+02 6.264355559999999767e-02 5.747905589999999579e-03 5.448577570000000259e-02 -3.036557859999999831e-02 2.059255689999999958e-02 9.757391469999999664e-03
2.410292640000000119e+02 6.602796380000000576e-02 1.230721549999999956e-02 6.242627180000000220e-02 1.935831920000000150e-02 -7.873241970000000251e-04 8.570539470000000659e-02
2.437282639999999958e+02 5.933307799999999743e-02 -2.652452799999999861e-03 5.182267950000000317e-02 1.105603940000000071e-03 -4.646689670000000300e-02 3.222087949999999888e-03
2.464327480000000037e+02 5.998513579999999873e-02 4.338501150000000084e-03 5.850534679999999654e-02 2.247487810000000155e-02 -8.188102929999999807e-03 8.606535399999999669e-02
2.491326540000000023e+02 6.203312879999999668e-02 -1.779369339999999934e-04 5.593503779999999675e-02 8.812944479999999456e-03 -4.143688100000000180e-02 4.370766909999999894e-02
2.518286229999999932e+02 6.070511910000000316e-02 -6.067702999999999812e-03 5.607516170000000078e-02 -3.363556139999999734e-04 -9.141414579999999467e-04 9.170406879999999650e-02
2.545292949999999905e+02 6.078239839999999977e-02 -1.083658669999999942e-02 4.654117220000000138e-02 -4.606451850000000195e-03 2.092406119999999994e-02 1.941266999999999993e-02
2.572430610000000115e+02 5.527917110000000328e-02 -6.093243209999999951e-03 5.795018319999999806e-02 8.165933079999999900e-03 1.612829719999999897e-02 3.153655430000000125e-04
2.599287009999999896e+02 6.547183339999999852e-02 -1.165233260000000069e-02 6.410288349999999913e-02 -1.004527409999999947e-02 1.329230319999999931e-02 4.232916080000000136e-02
2.626306230000000141e+02 6.665726439999999919e-02 -1.048825909999999938e-02 5.742695910000000098e-02 -4.922579140000000325e-02 -3.394944040000000274e-02 -3.075982769999999894e-02
2.653310920000000124e+02 6.591138779999999864e-02 -1.171888949999999943e-02 5.426164470000000017e-02 -5.475723419999999758e-02 -7.931025740000000046e-03 -3.894576670000000213e-02
2.680288009999999872e+02 7.005674879999999882e-02 -1.490114979999999922e-02 4.271592300000000286e-02 7.129969229999999838e-03 -3.069241400000000141e-04 -4.389450529999999739e-02
