# a=0.060041036063408354, b=-127.74871516594719, c=-0.005336492924977063, xi=8.323612804610391
6.641242440000000302e-01 7.613236880000000262e-02 7.045930159999999956e-03 -3.316283910000000085e-02 2.085745760000000046e-02 1.777223140000000132e-02 1.495398780000000045e-02
3.359761359999999808e+00 6.944852810000000376e-02 4.540715499999999592e-03 -4.127872350000000301e-02 2.186433499999999863e-02 2.867582809999999829e-02 -1.948143210000000125e-02
6.059930890000000403e+00 6.825698110000000263e-02 2.805124270000000208e-03 -4.317034039999999989e-02 5.972589290000000078e-02 1.165688439999999944e-02 -6.887254930000000219e-02
8.760493390000000602e+00 6.646917659999999894e-02 -3.951241050000000102e-03 -5.025635569999999802e-02 5.999527109999999719e-02 2.773863990000000057e-02 -2.136894589999999844e-02
1.145808199999999921e+01 6.018976610000000005e-02 -7.351415160000000261e-03 -4.826323309999999700e-02 6.875474959999999802e-02 9.997635289999999217e-03 -1.346686059999999997e-02
1.416387259999999948e+01 5.469175200000000320e-02 -8.311525329999999712e-03 -3.814059200000000094e-02 6.365172689999999689e-02 -5.092929700000000184e-03 -3.204460860000000327e-02
1.688444919999999883e+01 6.005999129999999714e-02 -7.270025309999999900e-03 -3.622447449999999930e-02 -2.512358170000000140e-02 -1.070862759999999941e-02 -8.469614500000000046e-02
1.958505230000000097e+01 6.803108099999999325e-02 -1.125772639999999929e-02 -3.411686409999999808e-02 -1.301735899999999918e-02 -1.097919429999999995e-02 -6.201197840000000072e-02
2.228441790000000111e+01 7.424148390000000208e-02 -5.515583890000000031e-03 -3.591778920000000125e-02 -4.998502739999999972e-02 3.018369569999999891e-02 -2.018937170000000003e-02
2.498153669999999948e+01 8.096031689999999559e-02 4.599835950000000250e-04 -4.508566390000000312e-02 3.000439330000000127e-02 -1.566643109999999936e-03 -5.980075970000000088e-03
2.768698669999999851e+01 7.185317550000000497e-02 -1.820996540000000084e-04 -4.948249119999999918e-02 3.277544489999999894e-02 7.695906439999999731e-03 -1.399941050000000006e-02
3.039714599999999933e+01 6.490971539999999818e-02 3.258290180000000206e-03 -5.346407970000000009e-02 1.758225589999999963e-02 2.393822720000000036e-03 -1.395711730000000032e-02
3.310483349999999803e+01 6.506891859999999750e-02 3.398543229999999912e-03 -5.858091259999999995e-02 -3.734132490000000026e-03 4.688626939999999965e-02 -4.576005299999999845e-03
3.580078199999999811e+01 5.654203819999999853e-02 8.155453150000000276e-03 -5.362981110000000079e-02 -3.765674349999999920e-02 -8.801268799999999518e-03 4.921516249999999953e-02
3.850473509999999777e+01 5.818062529999999677e-02 5.018583400000000208e-03 -4.649519989999999908e-02 2.804670990000000114e-02 1.728094440000000134e-02 -1.921850680000000006e-02
4.120157259999999866e+01 5.232758619999999805e-02 -1.369808759999999919e-03 -4.777742389999999756e-02 -1.583843589999999954e-02 2.417736499999999927e-02 1.935221319999999925e-02
4.389651789999999920e+01 5.623786669999999988e-02 -1.587554159999999930e-03 -4.499411560000000226e-02 2.288108930000000082e-02 -2.642706829999999854e-02 -5.279877889999999574e-03
4.659247729999999876e+01 5.913262400000000168e-02 1.649691709999999932e-04 -5.924613840000000214e-02 -2.993392250000000143e-02 2.435030800000000106e-02 -5.248547039999999948e-03
4.929156480000000329e+01 6.627917519999999840e-02 3.881491290000000077e-03 -6.131992110000000079e-02 3.987055580000000050e-03 -1.542588609999999937e-02 5.681857000000000227e-03
5.198802260000000075e+01 7.164990250000000116e-02 -5.412669040000000001e-03 -5.436778020000000017e-02 3.353299149999999784e-02 1.173296360000000010e-02 -3.194825720000000341e-02
5.469303039999999783e+01 6.905753559999999736e-02 3.063704560000000032e-04 -4.664564250000000079e-02 3.960646470000000335e-02 1.751090629999999936e-03 -4.982183660000000236e-02
5.739215070000000196e+01 6.206022979999999828e-02 -4.749779709999999745e-03 -5.086689970000000255e-02 -8.962548230000000685e-03 8.564020130000000661e-03 -2.205058340000000047e-02
6.009062420000000060e+01 5.572613640000000090e-02 1.618748020000000069e-03 -4.060548929999999862e-02 -2.219155709999999851e-02 1.498924310000000065e-02 -2.536372939999999992e-02
6.278156789999999887e+01 6.116559970000000346e-02 -4.822548210000000314e-03 -3.569872129999999977e-02 -4.444416720000000237e-02 2.707035070000000151e-03 -1.598355209999999943e-02
6.547974759999999605e+01 6.129796249999999724e-02 -1.232804390000000064e-03 -5.990403469999999730e-02 4.822019020000000225e-03 1.716427469999999914e-02 -3.331186049999999843e-02
6.818731640000000027e+01 5.574935810000000019e-02 4.771989080000000249e-04 -7.086525640000000681e-02 -2.235929719999999940e-02 -7.453475499999999941e-03 -8.587326620000000285e-03
7.088773039999999526e+01 5.714547259999999684e-02 -2.706479129999999830e-03 -7.451467470000000537e-02 2.004936560000000062e-02 4.082533120000000210e-02 1.518338919999999946e-02
7.358546479999999690e+01 5.629901390000000005e-02 -2.239405390000000044e-03 -7.080964450000000465e-02 5.391664529999999622e-03 9.345567820000000346e-04 8.366661259999999892e-03
7.628280390000000466e+01 5.502170110000000058e-02 4.310259050000000113e-03 -7.145314010000000660e-02 6.526715689999999792e-02 4.106308220000000342e-03 -2.387517499999999848e-02
7.899203819999999610e+01 4.967701050000000035e-02 4.238171479999999595e-03 -5.853881069999999909e-02 2.115632489999999880e-02 7.391315699999999669e-03 -8.450268869999999488e-02
8.169412420000000452e+01 4.903541389999999806e-02 -1.343080609999999916e-03 -5.938492979999999977e-02 1.328936330000000075e-02 -5.688700769999999879e-02 -5.186459060000000315e-02
8.440223039999999344e+01 4.807371530000000004e-02 -1.010987229999999945e-02 -5.658127429999999791e-02 -9.739772679999999724e-03 -1.406599929999999971e-02 -3.990317040000000010e-02
8.709803510000000415e+01 4.987624780000000230e-02 -1.161101999999999967e-02 -6.229035320000000236e-02 8.140670140000000332e-03 3.935909769999999808e-02 1.617820509999999892e-02
8.980930069999999432e+01 5.524239820000000079e-02 -1.606591760000000008e-02 -5.885286099999999937e-02 1.069631199999999949e-02 -4.971076280000000073e-05 1.151176530000000073e-02
9.251476010000000372e+01 6.377542939999999994e-02 -1.409908560000000012e-02 -5.284773210000000276e-02 5.897420870000000259e-02 -1.662164650000000007e-02 2.015830990000000086e-02
9.521848669999999970e+01 6.248495889999999831e-02 -7.473812330000000233e-03 -6.156326379999999682e-02 -2.078066300000000130e-02 -1.392941450000000081e-02 1.960738340000000093e-02
9.792706169999999588e+01 5.904693300000000283e-02 -3.754726639999999942e-03 -6.071195940000000124e-02 -4.027155520000000322e-02 -1.958480450000000053e-02 -4.039065039999999857e-02
1.006282369999999986e+02 4.846476699999999888e-02 5.754767340000000418e-03 -6.296748679999999987e-02 -3.180939110000000070e-02 -3.755197860000000082e-03 -1.145938320000000014e-03
1.033336429999999950e+02 3.576926779999999723e-02 -4.808249400000000145e-04 -6.759251600000000526e-02 9.703657779999999783e-04 -1.214697959999999979e-02 1.708192840000000157e-02
1.060361429999999956e+02 3.508807010000000032e-02 -9.180017889999999322e-05 -7.649647049999999671e-02 -5.116590430000000217e-02 -3.510954450000000095e-03 4.315935449999999673e-02
1.087396430000000009e+02 5.089231470000000340e-02 -5.439329369999999948e-03 -7.114033690000000354e-02 1.247415479999999972e-02 -5.684517170000000447e-04 -1.061971869999999915e-02
1.114460799999999949e+02 6.067459359999999996e-02 -1.047011689999999967e-02 -6.174645980000000034e-02 1.709582670000000040e-02 -9.850498049999999867e-03 -6.150411430000000262e-02
1.141342209999999966e+02 6.774457000000000395e-02 -7.080943469999999990e-03 -6.118673200000000062e-02 2.662830689999999903e-02 3.000889870000000154e-02 -4.268181549999999769e-02
1.168332520000000017e+02 6.526265709999999609e-02 -6.416449650000000289e-03 -6.477932100000000082e-02 1.462680140000000018e-02 2.869620440000000133e-02 -5.926049480000000064e-02
1.195275649999999956e+02 6.758506940000000296e-02 -4.748868199999999908e-03 -5.587930289999999689e-02 -1.185915319999999995e-02 -1.665757359999999951e-02 -1.490666600000000071e-02
1.222109090000000009e+02 6.749327789999999549e-02 -1.526286979999999949e-03 -4.011754260000000016e-02 3.954222160000000347e-02 1.752932260000000103e-02 2.247414710000000121e-02
1.249159549999999967e+02 6.618416759999999621e-02 -4.142180690000000359e-03 -2.440305330000000147e-02 -2.035681389999999952e-02 -7.613914530000000236e-02 1.486419400000000071e-02
1.276121739999999960e+02 6.649106600000000145e-02 -8.683203349999999918e-03 6.533851669999999625e-05 -2.113674919999999902e-02 -2.453160190000000171e-02 -9.273374889999999940e-03
1.303040799999999990e+02 7.296403170000000105e-02 -8.296292829999999535e-03 1.853388950000000104e-02 2.923636970000000057e-02 -4.317511119999999786e-02 1.017136400000000045e-02
1.329890489999999943e+02 6.721945249999999872e-02 -7.717692859999999988e-03 2.262620569999999887e-02 2.596129360000000094e-02 6.998924200000000186e-03 4.838137499999999903e-03
1.356883770000000027e+02 7.387203850000000072e-02 -1.787586870000000073e-03 3.234294819999999904e-02 -3.201115630000000295e-02 1.207043030000000058e-02 5.862804509999999802e-03
1.383832050000000038e+02 6.698318120000000542e-02 3.713730560000000087e-03 4.107830579999999926e-02 -4.144443409999999661e-02 -2.820435940000000016e-02 2.285937589999999936e-02
1.410948620000000062e+02 6.039878960000000241e-02 4.136483619999999951e-03 5.213845899999999811e-02 -2.903807790000000055e-02 -3.195693659999999936e-02 7.265972899999999755e-03
1.437946120000000008e+02 6.530383600000000399e-02 -2.808277340000000025e-03 5.601595189999999946e-02 -4.950218249999999848e-02 3.487018399999999851e-03 6.463825770000000692e-02
1.465012680000000103e+02 6.865032179999999706e-02 -6.335692000000000407e-03 5.437971269999999913e-02 1.260936839999999941e-02 2.869075600000000129e-02 3.996457070000000028e-02
1.492020489999999882e+02 6.999772090000000446e-02 -4.559458259999999569e-03 4.886986260000000110e-02 9.794316180000000108e-03 4.272558650000000263e-02 3.261729700000000343e-02
1.518932990000000132e+02 6.576283519999999438e-02 1.241112219999999933e-03 4.198272539999999692e-02 -1.042497949999999975e-03 -7.729755979999999600e-04 4.844023569999999709e-03
1.545911429999999882e+02 6.885018119999999908e-02 -3.872353790000000132e-03 4.166582320000000034e-02 2.151571780000000045e-02 -1.845858800000000147e-02 2.708459800000000139e-02
1.572894550000000038e+02 6.855801910000000610e-02 -2.823458489999999821e-03 3.591300239999999783e-02 2.272068169999999845e-02 1.601125280000000040e-02 -2.059664309999999915e-02
1.600042990000000032e+02 6.255402840000000297e-02 1.605807080000000008e-03 4.881687900000000052e-02 4.514184000000000078e-03 3.019835770000000100e-02 4.201507069999999705e-02
1.627050649999999905e+02 5.890635150000000236e-02 2.745129690000000077e-03 5.877273279999999794e-02 -2.580492900000000075e-03 -6.122919610000000269e-03 -2.208705520000000080e-04
1.653995649999999955e+02 4.901943140000000060e-02 -5.874117570000000422e-04 6.820185719999999341e-02 -1.632051160000000042e-02 1.639891530000000056e-02 6.066514630000000019e-02
1.680941740000000095e+02 4.863300529999999705e-02 -1.011376419999999998e-02 6.207968440000000143e-02 -2.283512719999999940e-02 6.894532200000000333e-02 3.324657869999999953e-03
1.707963770000000068e+02 6.296027379999999396e-02 -9.525982409999999775e-03 6.375540770000000246e-02 9.373465229999999176e-03 1.740750010000000070e-02 7.118307699999999738e-03
1.734996739999999988e+02 6.311901690000000509e-02 -9.383519760000000320e-03 4.779944490000000157e-02 2.047246000000000135e-02 -4.265186689999999649e-03 -4.008541879999999967e-03
1.762068299999999965e+02 6.385974010000000645e-02 -1.833912500000000126e-02 4.482256920000000228e-02 5.373405440000000345e-03 -3.510572609999999816e-02 2.819968980000000028e-02
1.789156120000000101e+02 5.705344670000000312e-02 -2.102777499999999855e-02 4.980299619999999788e-02 2.804850939999999938e-03 -5.078474799999999761e-03 9.003486730000000160e-02
1.816272840000000031e+02 6.278579619999999362e-02 -1.701616300000000082e-02 4.217171630000000199e-02 -6.487006719999999747e-03 -3.588245300000000165e-02 1.858838809999999869e-02
1.843147209999999916e+02 5.871653500000000026e-02 -1.217505959999999957e-02 3.860394119999999846e-02 -1.975708810000000037e-02 -3.853693870000000216e-02 3.582725879999999752e-02
1.870105800000000045e+02 6.291531290000000609e-02 -1.120237039999999983e-02 3.719832559999999844e-02 -1.669627060000000024e-02 -1.219329869999999892e-03 -1.400309660000000067e-02
1.896998299999999915e+02 6.648536830000000009e-02 -1.606856339999999982e-03 4.020014920000000019e-02 -3.325180619999999754e-02 1.616361120000000054e-02 3.298388859999999700e-02
1.924014090000000010e+02 5.538377609999999701e-02 -3.595592529999999936e-03 4.314624940000000297e-02 -1.892497979999999830e-02 4.020194829999999830e-02 -1.859972490000000095e-03
1.951034710000000132e+02 5.284686880000000198e-02 -4.816966700000000238e-04 4.376386949999999665e-02 -1.468654410000000063e-02 1.576317959999999976e-02 -3.638032570000000049e-02
1.977964550000000088e+02 6.049358719999999717e-02 7.610179679999999787e-03 5.742292410000000152e-02 -6.853113880000000040e-03 3.522334480000000045e-02 -1.442579700000000062e-02
2.004947369999999864e+02 6.265045079999999322e-02 1.611431750000000013e-03 6.123556840000000251e-02 -2.366278510000000002e-02 -2.705074600000000051e-02 -1.743283389999999988e-02
2.032037520000000086e+02 4.950592630000000272e-02 3.852832209999999748e-04 6.787951550000000112e-02 2.202689730000000068e-02 -3.938041869999999757e-03 1.660646459999999894e-02
2.059039400000000057e+02 4.335037010000000052e-02 -1.471929330000000058e-03 6.512692520000000485e-02 1.158157129999999937e-02 -2.200564689999999837e-02 2.017976059999999905e-02
2.086137520000000052e+02 4.331615800000000044e-02 -5.090126080000000053e-03 5.893693529999999986e-02 3.698739399999999983e-02 1.223477060000000005e-02 6.657915400000000063e-04
2.113196739999999920e+02 5.240862679999999663e-02 -1.357199410000000002e-04 6.202653739999999805e-02 3.180429679999999953e-02 2.341257030000000114e-02 6.066768050000000134e-02
2.140271590000000117e+02 4.710570480000000199e-02 9.632550369999999529e-03 6.147310749999999879e-02 3.425557669999999832e-02 5.078915669999999744e-02 2.609629130000000116e-02
2.167349869999999896e+02 4.617186110000000288e-02 2.269877669999999931e-02 6.707448959999999516e-02 1.230519570000000035e-02 -2.501132480000000172e-02 -9.894031680000000065e-03
2.194257839999999931e+02 4.786134250000000090e-02 1.203821040000000071e-02 7.729523639999999474e-02 -1.563815299999999839e-02 9.723657510000000698e-03 3.213444669999999947e-02
2.221319550000000049e+02 5.260805760000000081e-02 2.808525300000000186e-03 6.973658280000000209e-02 2.944316300000000136e-02 -7.532582650000000345e-03 3.544425219999999821e-02
2.248305340000000001e+02 5.545937499999999826e-02 3.335489079999999756e-04 6.669580869999999773e-02 1.826539300000000129e-02 -3.225067070000000018e-03 9.269003749999999223e-03
2.275391119999999887e+02 6.041805749999999697e-02 -5.150978700000000306e-03 6.924613000000000296e-02 1.258035199999999951e-02 4.271787760000000413e-03 3.918935889999999866e-02
2.302335649999999987e+02 6.084638700000000178e-02 3.213228450000000201e-03 6.950061170000000621e-02 -2.058025789999999924e-02 -4.223260389999999691e-03 -2.762505250000000037e-02
2.329343460000000050e+02 5.896435080000000245e-02 1.101851270000000051e-03 6.333693020000000229e-02 1.413252399999999961e-03 2.919433299999999940e-02 1.907194209999999931e-02
2.356438620000000128e+02 6.474829429999999497e-02 1.734176050000000050e-03 6.641484520000000280e-02 1.361874209999999925e-02 5.438862400000000347e-02 -1.414386789999999994e-03
2.383337050000000090e+02 7.441726690000000088e-02 7.827608939999999502e-03 6.181231570000000203e-02 -4.467885960000000066e-03 -1.901501090000000047e-02 1.886693580000000162e-02
2.410253620000000012e+02 6.295583879999999688e-02 8.482102639999999222e-03 5.801845340000000295e-02 1.674443070000000006e-02 1.451200440000000036e-02 1.822584290000000065e-02
2.437215019999999868e+02 5.670181409999999755e-02 8.857264749999999714e-03 5.735151649999999796e-02 3.897500309999999985e-04 -1.083445239999999976e-02 3.243429440000000080e-02
2.464275489999999991e+02 5.714993880000000109e-02 -6.476727460000000162e-04 5.741482690000000028e-02 3.178389539999999791e-02 -2.739150749999999870e-02 -5.376215210000000189e-03
2.491260179999999878e+02 6.176102399999999770e-02 6.680020539999999632e-03 6.105904689999999690e-02 1.651548859999999938e-02 -2.689959410000000023e-02 4.341889500000000422e-03
2.518317370000000039e+02 7.195393370000000011e-02 -1.523951109999999946e-03 5.038823860000000293e-02 2.546124329999999852e-02 -3.590320000000000317e-02 3.015751570000000173e-02
2.545282679999999971e+02 7.159404049999999742e-02 -1.130750120000000025e-02 4.724070240000000087e-02 2.883832279999999984e-02 -6.248713270000000146e-03 4.286198029999999798e-02
2.572272520000000213e+02 7.951789360000000029e-02 -7.516303309999999849e-03 4.024403530000000145e-02 1.116572109999999958e-02 -5.670895510000000146e-03 3.032156609999999905e-02
2.599212519999999813e+02 8.168027469999999957e-02 -3.213903309999999788e-03 3.884890399999999661e-02 1.514293580000000000e-02 -1.290897910000000058e-02 4.760718889999999981e-02
2.626323620000000005e+02 9.056203359999999425e-02 -1.328209620000000025e-03 1.736117510000000086e-02 4.123976019999999604e-03 2.039295249999999865e-02 -3.229074120000000048e-02
2.653187990000000127e+02 8.592571960000000564e-02 3.427040090000000195e-03 2.362763950000000036e-03 3.488603020000000110e-02 1.037153319999999969e-02 2.029544520000000143e-02
2.680160690000000159e+02 8.185347480000000620e-02 1.088129019999999926e-02 -1.647689360000000047e-02 1.922696830000000107e-02 1.076781060000000026e-02 3.705708659999999710e-02
