# a=0.06182837750562635, b=-155.74864724345545, c=0.0010062622285193271, xi=9.649682992382894
6.815602260000000001e+01 6.366761940000000008e-02 -7.036249250000000365e-03 -6.240222730000000162e-02 4.851792540000000181e-02 2.226867550000000140e-02 -1.847904350000000029e-02
7.085165700000000299e+01 7.017441870000000470e-02 -1.361779419999999997e-02 -5.399729169999999828e-02 5.920681290000000263e-02 4.425892859999999707e-02 1.064190029999999895e-03
7.355200379999999427e+01 7.286213889999999804e-02 -6.260984249999999689e-03 -4.675591459999999672e-02 6.647340470000000223e-02 6.832191639999999656e-03 -8.895521749999999589e-03
7.625003200000000447e+01 7.347362910000000691e-02 -3.856877600000000079e-03 -4.927167529999999795e-02 3.264213170000000025e-02 -7.300392670000000091e-03 -4.068299620000000172e-02
7.896075229999999578e+01 6.542786800000000014e-02 -6.341213059999999818e-03 -4.066315000000000207e-02 4.964650909999999973e-02 -1.529774090000000052e-02 -6.493855160000000515e-02
8.166098979999999585e+01 5.272799830000000215e-02 -8.252084870000000669e-03 -5.247607359999999915e-02 -3.203792290000000154e-02 2.306125999999999922e-03 -2.560985199999999892e-02
8.435659599999999614e+01 5.196060880000000215e-02 -1.212567850000000058e-02 -6.589164420000000189e-02 1.950745610000000074e-02 -4.987764420000000143e-02 -2.642919440000000147e-02
8.705253820000000076e+01 4.699108979999999658e-02 -1.741401160000000115e-02 -6.863674070000000405e-02 8.744309540000000033e-03 -2.643415160000000055e-02 -2.403420859999999895e-02
8.974654759999999953e+01 6.374172240000000600e-02 -1.819889319999999991e-02 -6.880693390000000575e-02 6.766363020000000505e-02 -2.345684859999999997e-02 -1.148500289999999924e-02
9.246174759999999537e+01 6.048368829999999780e-02 -1.804135340000000143e-02 -5.628861620000000232e-02 -7.574885820000000144e-03 5.512761560000000068e-03 -3.813688009999999934e-03
9.516707420000000184e+01 6.620750379999999768e-02 -1.060986059999999981e-02 -5.647319850000000196e-02 -1.441173209999999962e-02 6.222333559999999875e-02 4.556584369999999717e-02
9.785566629999999577e+01 6.065804219999999802e-02 -7.431828439999999675e-03 -5.892490680000000286e-02 4.094347029999999971e-02 3.795599399999999984e-02 8.539678420000000603e-02
1.005730319999999978e+02 5.872350669999999717e-02 -8.000972029999999305e-03 -6.103208529999999687e-02 3.238451419999999886e-02 -1.228285559999999985e-02 1.160573929999999913e-02
1.032690630000000027e+02 5.831815359999999865e-02 -1.200709139999999939e-02 -6.241632049999999710e-02 7.432084579999999330e-02 2.021687980000000037e-02 3.877717189999999731e-02
1.059689379999999943e+02 5.755282979999999660e-02 -1.279810880000000102e-03 -6.266329190000000104e-02 5.803133060000000010e-02 1.573925030000000030e-02 -1.318625869999999999e-02
1.086733129999999932e+02 6.136593249999999777e-02 -4.566115689999999776e-03 -6.785342849999999315e-02 3.043294620000000159e-02 3.604686220000000163e-02 -3.923055279999999867e-02
1.113832189999999969e+02 6.239300970000000168e-02 -6.946470630000000247e-04 -7.533144679999999316e-02 -3.733746660000000078e-02 4.943376950000000214e-02 -1.752848179999999881e-02
1.140893760000000015e+02 7.281236160000000013e-02 -5.931047049999999855e-03 -6.948663419999999424e-02 1.287199519999999986e-02 5.532178349999999911e-02 -8.070126009999999475e-03
1.167925939999999940e+02 6.619786149999999647e-02 1.778552720000000026e-03 -7.438551259999999499e-02 3.303702559999999872e-02 2.648395289999999971e-02 7.675235400000000006e-03
1.194976099999999946e+02 6.352113530000000341e-02 1.402571789999999905e-03 -6.572896259999999602e-02 6.652405070000000364e-02 -5.302151160000000141e-02 -2.454712230000000162e-02
1.222083760000000012e+02 5.562149510000000130e-02 4.088742769999999770e-03 -6.266088990000000247e-02 7.418657710000000358e-04 -3.520800870000000138e-03 7.407679910000000180e-03
1.249092349999999954e+02 6.407381380000000404e-02 4.087093580000000261e-03 -6.329974439999999647e-02 3.685540129999999998e-02 3.143136209999999875e-02 5.224542450000000358e-03
1.276202660000000009e+02 6.094594130000000054e-02 6.453339219999999765e-03 -6.018937380000000115e-02 -9.635388470000000663e-03 1.170102899999999994e-03 -1.083819039999999942e-02
1.303088290000000029e+02 6.557050289999999393e-02 -2.910730609999999993e-03 -6.338838069999999658e-02 8.696187390000000017e-02 4.727563099999999852e-02 9.817754300000000253e-03
1.330139690000000030e+02 5.665447939999999905e-02 5.295252630000000377e-03 -6.307812479999999611e-02 2.989255310000000013e-02 1.911599199999999832e-02 4.954375560000000289e-02
1.357087820000000136e+02 5.277827820000000059e-02 7.947973779999999155e-03 -5.418212160000000083e-02 5.895797810000000250e-02 -1.947643710000000056e-02 1.321902219999999961e-02
1.384028910000000110e+02 6.504409179999999513e-02 1.091767480000000075e-02 -5.614633950000000318e-02 -1.211830830000000048e-03 3.252223390000000009e-03 -4.669715840000000090e-02
1.410995159999999942e+02 6.959617479999999357e-02 5.158911290000000108e-03 -5.227404880000000031e-02 2.902418260000000014e-02 -2.302041310000000132e-02 -1.104942100000000024e-02
1.437903909999999996e+02 6.241594300000000151e-02 2.338947440000000051e-03 -4.848566919999999780e-02 4.039192980000000030e-03 -1.309021389999999972e-02 -1.328496220000000005e-02
1.464868290000000002e+02 6.853671059999999482e-02 5.628645099999999646e-04 -3.794332450000000023e-02 3.400346439999999814e-03 -1.177076929999999917e-02 1.598459150000000042e-03
1.491895790000000090e+02 7.926146320000000689e-02 7.238871999999999494e-04 -3.322631200000000090e-02 -1.504374300000000005e-02 -2.374840409999999860e-02 -1.599078259999999960e-02
1.518863760000000127e+02 8.227663910000000691e-02 2.313599730000000070e-04 -2.732574410000000037e-02 -1.419550879999999932e-02 5.321862430000000310e-02 -3.337100979999999689e-02
1.545910939999999982e+02 7.955498119999999951e-02 2.589155279999999851e-03 -1.312873789999999957e-02 8.610755310000000814e-03 2.816767889999999969e-02 -1.002094480000000065e-01
1.572839380000000062e+02 7.551751780000000303e-02 9.351356419999999961e-03 1.735833419999999877e-02 -1.802271370000000164e-02 -1.733667469999999877e-02 4.177450779999999572e-03
1.599870009999999922e+02 7.860678109999999497e-02 1.224440019999999997e-02 2.049440190000000050e-02 6.327523100000000296e-03 -4.346141629999999978e-02 -2.390772949999999883e-02
1.626867190000000107e+02 7.588241229999999338e-02 1.232784330000000032e-02 3.912854639999999856e-02 -1.607359540000000142e-02 1.847518130000000078e-02 1.367082690000000038e-02
1.653755789999999877e+02 7.448145150000000381e-02 1.043235380000000039e-02 5.076996439999999916e-02 -1.821019029999999990e-03 1.335998430000000063e-02 7.022798149999999462e-02
1.680817820000000040e+02 6.934387979999999396e-02 2.908964669999999919e-04 5.646645349999999952e-02 4.220606560000000375e-03 -3.664290359999999858e-02 4.795016120000000076e-02
1.707797820000000115e+02 6.428793789999999453e-02 9.048687459999999437e-05 5.978631260000000225e-02 -2.106514420000000012e-02 -2.955457629999999961e-02 5.365748210000000074e-02
1.734826730000000055e+02 5.394706190000000262e-02 -4.335571659999999834e-03 6.287826309999999808e-02 2.248013189999999856e-02 1.997793880000000091e-02 -1.896826620000000019e-03
1.761805789999999945e+02 5.208006109999999828e-02 -6.420439049999999807e-03 6.835504840000000693e-02 2.579911619999999961e-02 -1.055034839999999946e-02 6.208519469999999874e-02
1.788781879999999944e+02 5.657975009999999944e-02 -8.704830460000000537e-05 7.068618050000000097e-02 3.245258360000000120e-02 2.569677160000000127e-02 8.358651920000000068e-02
1.815839070000000106e+02 6.818550349999999427e-02 -3.969577640000000220e-03 6.986487819999999405e-02 2.842464160000000156e-02 -1.684556209999999929e-02 7.221621720000000189e-02
1.842902510000000120e+02 6.754644910000000280e-02 -9.605598070000000502e-03 5.969681949999999793e-02 2.079841519999999985e-02 2.302327640000000064e-02 7.018130279999999777e-02
1.870022350000000131e+02 7.174960830000000345e-02 -1.321779770000000055e-02 5.646171509999999699e-02 3.667515799999999937e-02 2.209450309999999931e-02 2.616215079999999887e-02
1.896982350000000110e+02 6.630683310000000386e-02 -8.473258200000000073e-03 5.513525749999999975e-02 2.069456399999999863e-02 4.164585710000000274e-02 5.894694880000000275e-02
1.924099539999999990e+02 6.447528680000000345e-02 5.654738999999999773e-03 5.445903419999999912e-02 5.841504100000000088e-02 5.152386089999999759e-03 2.881340149999999864e-02
1.951200939999999946e+02 5.456550350000000105e-02 -9.443670159999999561e-05 5.796157049999999672e-02 4.383691580000000088e-02 -3.205055560000000248e-02 6.044837029999999833e-02
1.978273599999999988e+02 5.254067340000000141e-02 -2.475196639999999865e-03 6.266210090000000343e-02 2.238800670000000090e-02 1.437533229999999988e-02 3.730210629999999861e-02
2.005433439999999905e+02 5.802604330000000338e-02 -8.717682500000000639e-03 6.236306199999999689e-02 1.608951169999999929e-03 -4.026123110000000282e-02 5.757418670000000183e-02
