# a=0.06095994141886238, b=-147.24146121247287, c=-0.0005173891378013518, xi=8.212258256223082
6.798024120000000226e-01 6.863319669999999595e-02 7.428225559999999603e-03 6.394984069999999632e-02 1.845425079999999871e-02 4.010217430000000138e-02 3.983953650000000152e-02
3.385223030000000133e+00 6.327561469999999633e-02 1.344579750000000039e-02 6.243994989999999967e-02 2.719895639999999996e-03 -2.125760050000000210e-03 3.249996840000000248e-02
6.081808969999999981e+00 5.915870349999999972e-02 9.749290500000000470e-03 6.044278890000000237e-02 1.347453420000000075e-02 1.965128099999999961e-02 1.890618189999999921e-02
8.784350059999999516e+00 6.685338809999999410e-02 5.233516040000000397e-03 4.334099400000000074e-02 4.977257750000000161e-03 -1.118375090000000086e-03 3.750906200000000273e-02
1.149077400000000004e+01 7.620364239999999345e-02 5.164343840000000171e-03 3.467615300000000123e-02 -7.264540859999999486e-04 1.520076939999999953e-02 4.655494429999999795e-02
1.420101619999999976e+01 7.430223269999999824e-02 5.726487900000000247e-04 2.298819820000000055e-02 9.035179620000000078e-03 -1.062938840000000017e-02 -1.605029330000000073e-02
1.690263330000000153e+01 7.089110020000000123e-02 -6.613580139999999637e-04 4.611396400000000381e-03 5.991126379999999613e-03 -4.556585749999999754e-03 -9.412815530000000208e-03
1.960130050000000068e+01 7.518006160000000049e-02 -2.472356220000000195e-03 -1.223150869999999925e-02 -1.858762879999999867e-02 -5.647021109999999892e-03 2.269145339999999872e-02
2.230993330000000086e+01 7.793649340000000092e-02 7.676355000000000157e-03 -2.003697700000000095e-02 -2.781868129999999842e-02 1.165444380000000071e-02 -1.312212190000000035e-02
2.499605680000000163e+01 7.963219589999999404e-02 1.588212899999999830e-02 -2.924701650000000042e-02 -2.978433839999999888e-02 3.103572229999999876e-02 9.730467879999999542e-03
2.769657550000000157e+01 6.709800500000000223e-02 1.367543589999999955e-02 -4.466616129999999990e-02 -6.923158720000000162e-03 9.257461260000000511e-03 2.254391840000000147e-02
3.039972870000000071e+01 7.108525879999999519e-02 9.989107579999999958e-03 -4.928423140000000313e-02 6.927939949999999819e-03 1.204531829999999984e-02 3.538684549999999984e-02
3.308901929999999680e+01 6.801685409999999599e-02 8.287779970000000787e-03 -5.872751710000000125e-02 -4.550183170000000367e-03 3.881969360000000167e-03 -2.539525150000000210e-03
3.580290209999999718e+01 7.226591899999999791e-02 -3.344664920000000024e-03 -5.157649410000000184e-02 2.625377190000000027e-02 -2.810885859999999979e-03 -8.614341810000000418e-03
3.850133019999999817e+01 6.725629589999999880e-02 5.598804080000000308e-03 -4.964092870000000324e-02 4.040222189999999672e-03 5.822325980000000317e-02 -1.409065550000000028e-02
4.120636929999999865e+01 6.491805570000000469e-02 1.583278050000000046e-03 -5.144823409999999680e-02 2.797003149999999910e-02 1.709251750000000125e-02 2.596168559999999931e-02
4.391757549999999810e+01 6.767357940000000294e-02 -6.231861289999999923e-04 -4.840920020000000212e-02 1.036485990000000044e-02 4.446510170000000234e-02 -1.312974010000000046e-02
4.661743330000000185e+01 6.918357399999999768e-02 5.674028719999999956e-03 -4.908792010000000150e-02 -1.818398530000000027e-02 4.743121110000000223e-02 -3.413574949999999969e-02
4.932110829999999879e+01 7.838795430000000675e-02 6.556474159999999864e-03 -4.900898110000000141e-02 3.941451230000000278e-02 3.844024360000000001e-02 -7.962192139999999321e-03
5.200278800000000246e+01 7.167469390000000273e-02 7.287487869999999604e-03 -4.177325400000000272e-02 -3.259792489999999848e-02 -3.380366180000000248e-02 1.798269909999999916e-02
5.471373489999999862e+01 6.081001219999999929e-02 -2.436418210000000065e-04 -4.388195500000000027e-02 3.124451249999999833e-02 3.330211160000000337e-02 -7.870466610000000085e-02
5.740375829999999979e+01 5.661555489999999663e-02 -1.329541559999999987e-03 -4.819003060000000283e-02 -3.111650540000000104e-03 -1.591243560000000015e-02 -5.487475829999999971e-02
6.010274580000000100e+01 5.883568599999999815e-02 -7.356648169999999674e-03 -5.549086939999999663e-02 2.032384140000000061e-02 -1.043835169999999916e-02 -4.090263440000000209e-03
6.279522080000000273e+01 5.076172500000000060e-02 -5.123969610000000084e-03 -5.955125790000000141e-02 2.261025299999999943e-03 2.496273300000000084e-02 -2.904616399999999932e-02
6.549556459999999447e+01 4.153432130000000305e-02 -5.468366120000000066e-03 -6.772069529999999449e-02 -1.166898350000000056e-02 -1.484136619999999913e-02 9.127150389999999849e-03
6.819788649999999564e+01 4.698453250000000220e-02 -1.342471349999999931e-02 -7.224996059999999609e-02 -1.834215219999999922e-04 1.645801579999999972e-02 -1.640944390000000086e-02
7.089568180000000552e+01 5.129533790000000149e-02 -1.061701009999999924e-02 -6.753310160000000617e-02 9.719624350000000395e-04 -4.570964210000000305e-02 7.089203009999999611e-03
7.360085209999999734e+01 4.856974580000000125e-02 -9.392930230000000671e-03 -6.921578679999999817e-02 1.624055400000000079e-02 -2.035206839999999934e-02 -2.549180369999999932e-02
7.630439579999999467e+01 5.318808340000000245e-02 -6.805934399999999732e-03 -6.424012010000000605e-02 1.476914980000000079e-02 1.004850350000000003e-02 -4.478052279999999996e-02
7.900841769999999542e+01 5.478977039999999993e-02 -2.679438590000000160e-04 -6.640640370000000514e-02 3.225503600000000082e-02 8.994999170000000238e-03 -4.449140020000000306e-02
8.171140520000000151e+01 3.681373260000000286e-02 -7.315493170000000357e-03 -6.544051850000000281e-02 3.746425839999999868e-02 1.838807370000000024e-02 -2.305061110000000170e-03
8.441561769999999854e+01 4.071852420000000167e-02 3.199356490000000199e-03 -7.609743250000000625e-02 4.482409329999999942e-02 1.032374320000000074e-02 3.186329000000000244e-02
8.711315369999999803e+01 4.394406819999999853e-02 1.104126570000000087e-03 -6.772968040000000578e-02 3.599692609999999987e-02 4.331548519999999826e-03 6.701587320000000625e-02
8.983395050000000026e+01 4.167268770000000233e-02 8.320462309999999398e-05 -6.859741780000000455e-02 1.606401299999999852e-02 3.095795169999999985e-02 6.971624229999999998e-03
9.253289119999999457e+01 4.965082760000000262e-02 9.248015530000000539e-03 -6.439640859999999634e-02 7.747026720000000331e-03 3.419272859999999969e-02 1.189496370000000039e-02
9.524430990000000463e+01 5.254147919999999777e-02 4.937021009999999731e-03 -5.979684729999999726e-02 3.126349619999999746e-02 1.848383500000000054e-02 -6.868335640000000630e-02
9.795455990000000668e+01 7.011794400000000149e-02 6.606635119999999979e-03 -5.283091129999999830e-02 3.860517380000000331e-02 4.084424179999999842e-03 -3.275084400000000118e-02
1.006540210000000002e+02 5.931367819999999735e-02 5.426143779999999944e-03 -4.449165010000000198e-02 7.487118719999999797e-03 1.513132870000000012e-02 3.137038689999999824e-02
1.033700680000000034e+02 5.831346739999999917e-02 3.181902199999999976e-03 -4.545561570000000023e-02 -7.265086189999999701e-03 5.593256920000000236e-03 -2.797965579999999938e-02
1.060642399999999981e+02 5.303881270000000009e-02 2.142706720000000023e-03 -4.809283539999999885e-02 -1.773740249999999907e-02 3.593442770000000036e-02 7.376457779999999811e-03
1.087596300000000014e+02 5.623432660000000222e-02 -4.183507379999999829e-04 -4.969131710000000007e-02 -1.542150290000000000e-02 1.515210330000000064e-02 -4.185200289999999740e-02
1.114573960000000028e+02 6.686677689999999397e-02 -3.636039169999999952e-03 -4.783243720000000115e-02 -2.136669399999999858e-02 -3.224847420000000187e-02 1.331805150000000063e-02
1.141551460000000020e+02 6.937500839999999336e-02 -7.390592100000000116e-03 -4.935350709999999919e-02 9.850613339999999760e-03 -2.286701190000000120e-02 -2.270545969999999969e-02
1.168521300000000025e+02 6.112580349999999912e-02 -1.974827869999999999e-02 -5.836560889999999752e-02 -2.825440289999999952e-03 -7.406693970000000071e-02 9.717503590000000843e-03
1.195552079999999933e+02 5.393777079999999974e-02 -1.612435539999999834e-02 -5.312741039999999831e-02 8.750586370000000558e-03 -5.346749890000000033e-02 1.773327950000000083e-02
1.222510989999999964e+02 4.205263900000000277e-02 -1.129597859999999926e-02 -5.835846019999999662e-02 -1.248962640000000034e-02 -4.647099760000000107e-02 2.047824609999999990e-02
1.249527400000000057e+02 4.541296589999999772e-02 -6.728007069999999978e-03 -6.541819329999999655e-02 1.203963920000000049e-02 -2.416385019999999981e-02 8.421108449999999135e-03
1.276495830000000069e+02 5.189096409999999909e-02 -2.282150570000000041e-03 -6.848218400000000150e-02 1.570848879999999989e-02 9.857993840000000771e-03 -3.009418910000000169e-02
1.303611300000000028e+02 5.296372829999999865e-02 8.115573730000000610e-03 -7.616621749999999413e-02 3.991659530000000317e-02 1.248209330000000020e-02 -3.676417550000000284e-02
1.330617080000000101e+02 4.529386910000000183e-02 7.792255389999999844e-03 -6.661368089999999964e-02 -1.433121530000000012e-02 -4.157284029999999686e-03 1.531860980000000066e-02
1.357602400000000102e+02 5.831743469999999679e-02 8.565280099999999369e-03 -5.865808329999999682e-02 1.478518910000000026e-02 -5.724563910000000054e-03 3.388107960000000252e-02
1.384480210000000113e+02 7.492817729999999565e-02 2.815811379999999878e-03 -4.999504469999999784e-02 -1.914829380000000053e-02 1.024616750000000021e-02 -1.722513150000000090e-02
1.411493020000000058e+02 7.502385059999999717e-02 -5.806184399999999961e-03 -3.897952069999999908e-02 -1.417175849999999931e-02 3.129064449999999914e-02 -9.449961470000000502e-03
1.438492709999999875e+02 7.773392610000000313e-02 1.780448000000000013e-03 -3.266305380000000119e-02 1.704691890000000062e-03 1.458384840000000009e-02 -5.828075159999999977e-02
1.465388959999999940e+02 7.518274530000000622e-02 -5.533850300000000416e-03 7.078342990000000001e-03 5.418339720000000040e-03 -4.976950950000000318e-02 5.421986269999999955e-03
1.492440210000000036e+02 8.140943119999999311e-02 -8.854521299999999415e-03 2.195223199999999861e-02 -2.256425719999999996e-02 1.263942120000000058e-02 -1.179345740000000038e-02
1.519322860000000048e+02 7.693736040000000165e-02 3.415736490000000265e-04 2.816025529999999916e-02 1.505780580000000077e-02 1.652614910000000173e-02 1.704382330000000015e-02
1.546245209999999872e+02 7.226136800000000637e-02 -3.079081139999999988e-04 3.461167219999999878e-02 -2.902929840000000039e-02 -3.420960619999999924e-03 4.246656020000000309e-02
1.573286459999999920e+02 6.717511319999999730e-02 2.058134159999999886e-03 4.785357719999999704e-02 -9.567647550000000709e-03 -4.538441629999999914e-03 -4.789945610000000234e-05
1.600138650000000098e+02 7.229184190000000065e-02 -1.898853110000000037e-03 4.748229930000000265e-02 -1.668859379999999837e-02 2.811637050000000138e-02 3.428428439999999661e-02
1.627285050000000126e+02 7.086660009999999621e-02 -5.519571229999999974e-03 5.009172969999999697e-02 -4.238338839999999941e-02 -1.575177490000000124e-02 3.387909320000000168e-02
1.654273180000000139e+02 6.721805479999999611e-02 3.842626820000000004e-04 5.287961149999999971e-02 -3.173798049999999871e-02 -1.161283330000000003e-02 -2.635219210000000131e-02
1.681225829999999917e+02 6.192594690000000068e-02 -2.195795099999999986e-03 5.965267560000000330e-02 3.649244480000000262e-02 -1.496381710000000038e-02 -5.530730090000000182e-02
1.708212240000000008e+02 6.294111789999999595e-02 -2.497334590000000170e-03 5.806063470000000226e-02 -1.105937819999999955e-03 1.202835780000000021e-02 -9.222791819999999474e-02
1.735215520000000140e+02 6.124831520000000029e-02 2.228279159999999905e-03 5.635355489999999828e-02 -2.035205509999999871e-02 -2.869413910000000179e-03 -5.795390400000000053e-02
1.762187710000000038e+02 5.561426419999999926e-02 -3.315660120000000176e-03 6.067701710000000109e-02 -4.543896809999999759e-03 -7.619126759999999936e-03 -4.159587470000000037e-02
1.789275519999999915e+02 5.191519940000000055e-02 3.970773559999999855e-03 6.151811029999999791e-02 -4.343216240000000172e-02 -3.936332029999999732e-02 -3.105283199999999983e-03
1.816137080000000026e+02 4.246078300000000194e-02 -3.083419569999999894e-03 6.900729329999999440e-02 2.773875920000000092e-02 -7.144778429999999736e-02 2.465880449999999918e-02
1.843071610000000078e+02 5.048963690000000254e-02 1.775217200000000009e-03 6.507357800000000692e-02 4.276075170000000203e-02 2.697730880000000133e-03 5.089332619999999835e-02
1.870088020000000029e+02 4.867149269999999917e-02 -1.888447979999999899e-03 5.533882479999999854e-02 1.536867100000000042e-02 1.040065629999999998e-02 3.398433370000000092e-02
1.897185360000000003e+02 4.067885890000000337e-02 -9.185757430000000140e-03 6.012691970000000330e-02 2.229908220000000052e-03 -1.456404719999999930e-02 -1.772350710000000079e-02
1.924193180000000041e+02 4.374473830000000230e-02 -7.782598540000000391e-03 6.996813050000000311e-02 1.487929529999999952e-02 -8.098930199999999913e-03 -9.834598409999999180e-03
1.951301609999999869e+02 2.733227469999999909e-02 -3.939443770000000331e-03 7.060289799999999727e-02 8.221662249999999242e-03 -2.793392779999999929e-03 1.814037240000000023e-03
1.978347239999999942e+02 3.802053059999999790e-02 8.511763139999999755e-03 6.623016319999999735e-02 -2.727456110000000059e-02 4.483980020000000177e-03 1.491070560000000086e-02
2.005411300000000097e+02 4.755449650000000139e-02 6.908206800000000342e-03 5.741325309999999876e-02 -3.336204189999999840e-03 2.033238110000000140e-02 1.212013829999999959e-02
2.032401299999999935e+02 5.129784729999999765e-02 8.681784859999999715e-03 6.134659070000000186e-02 -5.949165010000000142e-03 6.418133170000000099e-04 -2.431690649999999898e-02
2.059393650000000093e+02 5.262488969999999655e-02 1.389642350000000080e-03 5.387125319999999662e-02 -8.691085030000000183e-03 5.371140569999999920e-02 -1.401430059999999971e-02
2.086283019999999908e+02 5.068514670000000277e-02 1.477283779999999944e-03 5.237145280000000264e-02 -2.588687729999999965e-02 2.826195180000000071e-02 6.762083739999999975e-03
2.113355679999999950e+02 5.062845660000000331e-02 -1.957750270000000023e-04 5.742395370000000221e-02 -4.487821869999999991e-02 7.460716800000000148e-02 7.370088280000000082e-03
2.140343180000000132e+02 5.307804459999999891e-02 2.952378079999999974e-03 6.721575289999999481e-02 4.343965989999999666e-02 6.173224730000000104e-02 2.670697249999999870e-02
2.167408020000000022e+02 5.132095369999999795e-02 7.107118190000000051e-03 6.000238699999999731e-02 1.434858060000000074e-02 4.485509590000000268e-02 3.196649160000000073e-02
2.194550519999999949e+02 5.771572540000000084e-02 5.189542559999999610e-03 5.248569530000000288e-02 1.708955699999999828e-02 1.624616959999999888e-02 2.218085139999999983e-02
2.221555830000000071e+02 6.227596409999999749e-02 3.416064349999999809e-03 4.346051659999999872e-02 -5.621945650000000072e-02 -8.277504789999999210e-03 1.702893260000000117e-02
2.248583490000000040e+02 6.456988650000000662e-02 -4.846959359999999939e-03 5.183366870000000182e-02 -2.724222819999999948e-02 1.754179319999999917e-02 -1.284764610000000036e-02
2.275528490000000090e+02 6.859287149999999944e-02 -9.746437849999999362e-03 5.328789469999999778e-02 -6.328675579999999690e-02 1.872446659999999971e-02 -2.078222349999999871e-02
2.302406929999999932e+02 6.255743860000000101e-02 -1.214539700000000048e-02 5.733700349999999724e-02 6.191889679999999785e-03 2.025671940000000129e-02 -3.320969410000000101e-03
2.329411460000000034e+02 6.683851229999999977e-02 -1.814345580000000045e-04 5.763806689999999983e-02 -4.894274879999999800e-02 3.029109420000000025e-02 -6.249855169999999661e-03
2.356357710000000054e+02 6.135706130000000147e-02 8.278830020000000831e-03 5.625787639999999673e-02 -6.294103780000000030e-03 1.721101989999999915e-02 1.308840300000000019e-02
2.383479739999999936e+02 6.100287859999999757e-02 6.654489720000000136e-03 5.609625940000000088e-02 -3.600553129999999741e-02 3.362828179999999972e-02 -5.522640479999999658e-02
2.410417710000000113e+02 5.484496929999999743e-02 -1.598612839999999965e-04 6.513659789999999561e-02 -2.526304470000000080e-02 4.773692570000000190e-02 -3.070880330000000033e-02
2.437526459999999986e+02 6.393342000000000469e-02 1.701981240000000105e-03 5.952140639999999733e-02 -3.610393039999999776e-02 2.082641539999999930e-02 -1.805258909999999870e-02
2.464528489999999863e+02 6.315273799999999993e-02 3.291229990000000172e-04 5.290496900000000308e-02 -5.709079379999999933e-03 -9.227854380000000828e-03 5.161134950000000055e-03
2.491503800000000126e+02 5.587774019999999786e-02 7.371610520000000319e-03 5.592487039999999993e-02 5.622318230000000229e-03 -1.545156529999999924e-02 9.158206170000000521e-03
2.518558329999999899e+02 5.169758890000000079e-02 3.514920429999999953e-03 5.843711449999999807e-02 -5.350150809999999930e-03 8.559877829999999743e-03 1.830458169999999926e-02
2.545490990000000124e+02 4.166648970000000340e-02 8.289618150000000601e-03 6.299241519999999872e-02 1.837634520000000146e-02 -4.486934540000000159e-03 4.377524330000000241e-02
2.572484900000000039e+02 4.076428289999999705e-02 1.148248500000000061e-02 6.023368090000000286e-02 1.705490720000000029e-02 3.465524980000000196e-03 -1.929746080000000093e-03
2.599608650000000125e+02 4.332818170000000274e-02 7.024831670000000403e-03 6.235047910000000165e-02 -8.258612769999999770e-02 2.090601099999999865e-02 3.013857350000000157e-02
2.626599429999999984e+02 5.344283760000000105e-02 -5.929275549999999881e-04 7.282023140000000450e-02 -1.405757560000000031e-02 -1.068374279999999982e-02 5.324474159999999928e-02
2.653769899999999780e+02 6.068549389999999821e-02 1.586851940000000001e-04 6.441364210000000146e-02 3.827394970000000049e-03 3.340762199999999793e-02 2.205333209999999888e-04
2.680753530000000069e+02 5.771565909999999688e-02 1.266805640000000059e-02 6.780629950000000017e-02 -4.896014899999999838e-04 2.046544689999999812e-03 3.088537280000000149e-02
