# a=0.0636716033992492, b=-147.17367633572908, c=0.00048325058239654035, xi=6.683579111124723
6.751691090000000450e-01 7.652458260000000179e-02 -3.071044319999999793e-03 5.457116609999999868e-02 -7.626239800000000207e-03 6.423952109999999695e-03 -1.395438359999999955e-05
3.365603810000000085e+00 7.766383829999999600e-02 -6.735745809999999813e-03 4.417428799999999905e-02 1.783588530000000064e-03 -1.681179610000000171e-02 2.847357660000000151e-02
6.076008179999999648e+00 8.528070540000000366e-02 -3.000180519999999951e-03 1.719663650000000099e-02 5.308839919999999886e-03 -5.695422490000000282e-02 3.670600200000000146e-02
8.776887549999999649e+00 8.721236370000000349e-02 2.464106880000000149e-03 -1.285097200000000044e-02 6.860537760000000318e-03 -4.690411800000000159e-02 -1.998641090000000120e-02
1.147339269999999978e+01 7.703248050000000013e-02 -6.060310759999999741e-03 -3.851794540000000322e-02 -2.738643350000000143e-02 1.002980080000000045e-02 -2.851950179999999946e-02
1.416598650000000070e+01 7.701205590000000101e-02 -3.954542620000000251e-03 -4.779133850000000239e-02 -8.117180800000000154e-03 6.967478370000000296e-03 -3.560702510000000182e-02
1.686948650000000072e+01 7.590185100000000629e-02 -8.115803600000000631e-03 -5.772095909999999663e-02 2.080183249999999900e-02 1.135167439999999923e-02 -1.432178589999999994e-02
1.957187550000000087e+01 7.367976969999999459e-02 -1.236799310000000034e-02 -5.476769609999999899e-02 2.760198859999999851e-02 1.749600860000000060e-03 -1.115551400000000005e-02
2.227608650000000168e+01 6.684852330000000398e-02 -1.308104019999999958e-02 -5.741359570000000023e-02 3.858337399999999667e-02 -3.545839630000000020e-02 5.041795820000000150e-03
2.497518960000000021e+01 6.520867079999999316e-02 -1.083182589999999966e-02 -5.155408539999999790e-02 1.868641429999999895e-02 8.852537139999999824e-04 -1.012496939999999943e-02
2.766244269999999972e+01 6.218327450000000339e-02 8.503011130000000120e-04 -5.776766879999999799e-02 6.973665810000000131e-02 -1.882517410000000141e-02 -1.948908549999999948e-02
3.035837240000000037e+01 5.969100179999999728e-02 6.747344300000000274e-03 -5.992155899999999924e-02 6.412514440000000211e-03 5.531711539999999844e-02 -5.054890880000000031e-02
3.306137079999999884e+01 5.240510159999999668e-02 7.214557090000000422e-03 -5.397030139999999671e-02 -2.630914230000000117e-02 6.603508750000000593e-02 -4.027823690000000012e-02
3.576234120000000161e+01 5.867440339999999838e-02 1.673340130000000071e-03 -6.303521219999999592e-02 -3.124328800000000100e-02 4.580640889999999799e-02 -3.573359630000000342e-02
3.845900050000000192e+01 4.926040350000000095e-02 -1.449060039999999902e-03 -5.617601450000000302e-02 -9.491105950000000221e-03 4.644072960000000111e-02 -4.854822899999999830e-03
4.115079740000000186e+01 5.785312039999999933e-02 -9.095876289999999843e-04 -6.684401980000000132e-02 4.586168580000000300e-02 2.749976540000000080e-02 -6.453840300000000287e-04
4.385004740000000112e+01 6.357963880000000456e-02 -3.862814430000000021e-03 -6.810524369999999827e-02 4.390346819999999678e-02 5.474754669999999657e-02 5.418512670000000253e-03
4.655064430000000186e+01 6.733875320000000386e-02 7.527007490000000266e-03 -6.720954680000000570e-02 7.755925219999999787e-02 1.260856670000000054e-02 1.001239110000000029e-02
4.925231459999999828e+01 7.020106550000000667e-02 9.062327920000000023e-03 -6.645449479999999964e-02 7.911425460000000298e-02 6.735353890000000260e-03 -1.236013069999999936e-02
5.196782240000000286e+01 6.501169930000000319e-02 1.290427279999999989e-02 -5.759755300000000272e-02 6.143837869999999729e-02 -5.682404189999999689e-02 2.124637009999999927e-03
5.467563650000000308e+01 7.306934319999999761e-02 1.090350969999999940e-02 -5.647910860000000116e-02 2.952165769999999870e-02 -5.902956790000000314e-02 -6.198032949999999694e-03
5.738060990000000317e+01 6.850594340000000504e-02 8.098697730000000089e-04 -5.380288419999999794e-02 5.443838260000000151e-02 -2.774186080000000040e-02 -5.609044939999999896e-02
6.006924899999999923e+01 6.099657079999999676e-02 -3.751351430000000008e-03 -6.078635839999999707e-02 2.537399480000000068e-02 -1.180056290000000042e-02 -1.877473710000000101e-02
6.277786300000000352e+01 6.554734230000000550e-02 2.115876980000000029e-03 -5.636124089999999809e-02 4.129973480000000141e-02 2.814536150000000042e-02 -5.656158719999999918e-02
6.547383800000000065e+01 6.152584600000000209e-02 -3.891261870000000019e-03 -5.943381360000000307e-02 -1.529627260000000072e-02 -1.220897810000000014e-02 -1.994857850000000127e-02
6.818213649999999859e+01 6.470135890000000556e-02 -3.587585029999999786e-03 -5.886590719999999777e-02 3.374659650000000344e-02 4.947175489999999787e-02 -7.168703419999999937e-02
7.088679109999999639e+01 6.673496800000000562e-02 -2.114912169999999796e-03 -6.354897710000000088e-02 -5.010259040000000080e-02 4.187092109999999978e-02 -1.863982559999999983e-02
7.358609900000000437e+01 6.876557649999999466e-02 -1.086777830000000035e-02 -5.804440040000000134e-02 6.988606129999999986e-03 3.035209709999999936e-02 3.077905240000000046e-03
7.629900519999999631e+01 6.954272490000000528e-02 -1.485143790000000019e-02 -6.700961219999999885e-02 -5.518938119999999836e-02 -5.083056580000000144e-03 -5.170825800000000000e-02
7.899462549999999794e+01 6.107544740000000333e-02 -9.436048009999999792e-03 -5.770661120000000061e-02 -4.755895549999999972e-02 1.326503029999999937e-02 -3.569977099999999820e-02
8.169870679999999652e+01 5.803583989999999693e-02 -1.944546230000000070e-02 -6.699236140000000561e-02 2.604685189999999921e-03 -1.846075910000000153e-02 -8.485401130000000403e-02
8.439895049999999799e+01 5.767929089999999925e-02 -1.504445880000000041e-02 -6.768664739999999402e-02 1.147024819999999936e-03 -2.983737540000000119e-02 -5.051531730000000109e-02
8.708590209999999843e+01 6.514869460000000112e-02 -2.124501079999999847e-02 -5.769682050000000256e-02 4.968613460000000093e-02 4.507283859999999982e-03 2.278508649999999927e-02
8.978443179999999302e+01 6.458850979999999908e-02 -2.341740880000000094e-02 -6.123469990000000168e-02 3.406917179999999906e-02 3.404364879999999954e-03 5.839776509999999865e-02
9.248247399999999629e+01 7.284530869999999991e-02 -1.701439440000000053e-02 -5.497202460000000235e-02 -1.688392439999999908e-03 1.363872730000000033e-02 1.345977859999999970e-02
9.518160520000000702e+01 7.033024929999999453e-02 -1.168526379999999983e-02 -5.446440200000000204e-02 -1.643913909999999978e-02 3.070739479999999924e-02 -3.172395449999999839e-02
9.787675989999999615e+01 6.583899490000000299e-02 -4.748977249999999581e-03 -6.556104799999999677e-02 -5.893927299999999862e-03 1.584161840000000016e-02 -5.281824439999999871e-02
1.005811970000000031e+02 6.404687890000000661e-02 -7.009681599999999582e-03 -6.574684420000000140e-02 2.398477029999999954e-02 4.707607980000000358e-03 -5.290860569999999985e-02
1.032756660000000011e+02 6.639957380000000020e-02 -9.878980819999999639e-04 -7.346302520000000391e-02 4.335120499999999683e-02 -1.262400200000000049e-02 3.842871920000000274e-02
1.059826039999999949e+02 6.851881440000000267e-02 1.796153449999999922e-03 -6.240611330000000317e-02 1.416038470000000049e-02 -7.335464289999999582e-03 4.339815329999999888e-02
1.086788379999999989e+02 5.288036680000000184e-02 1.623922259999999911e-03 -6.390236759999999572e-02 1.627992459999999877e-02 -2.172362159999999959e-02 6.575741170000000413e-02
1.113736970000000071e+02 5.025011370000000144e-02 8.253372670000000064e-03 -6.631802059999999943e-02 1.605996269999999948e-02 -3.740844229999999715e-02 3.377414189999999872e-02
1.140692599999999999e+02 5.862238740000000337e-02 2.021399000000000112e-03 -6.903318009999999394e-02 5.924203460000000004e-02 -4.663446250000000126e-02 -8.927201180000000208e-03
1.167656819999999982e+02 5.487274429999999814e-02 5.017550279999999710e-03 -6.521036850000000440e-02 3.162228279999999836e-02 -5.043403710000000234e-02 4.220662499999999762e-02
1.194616819999999962e+02 5.652458920000000275e-02 3.182629399999999890e-03 -5.773179929999999738e-02 3.126561979999999824e-02 -1.617687350000000107e-02 2.060721969999999847e-02
1.221659939999999978e+02 5.559090290000000267e-02 2.282072889999999920e-03 -6.731404280000000129e-02 2.373592620000000014e-03 -2.010163720000000126e-02 -4.276605859999999676e-02
1.248501820000000038e+02 6.189509180000000305e-02 2.494406059999999987e-03 -6.173064040000000169e-02 3.963253860000000295e-02 -2.283034700000000083e-02 -6.583290440000000299e-03
1.275607909999999947e+02 6.462541630000000203e-02 -5.770627010000000355e-03 -5.941670940000000345e-02 2.031887149999999850e-02 -3.780204310000000179e-02 1.156997119999999928e-02
1.302547289999999975e+02 6.339661829999999887e-02 3.801254769999999963e-03 -6.113216049999999763e-02 8.147380579999999317e-02 1.879837750000000127e-02 -4.114455779999999854e-03
1.329591660000000104e+02 6.149068590000000140e-02 6.048923119999999841e-03 -6.907456580000000124e-02 6.104274400000000295e-02 3.193977469999999957e-02 -4.701786389999999642e-03
1.356652760000000058e+02 7.014937109999999643e-02 7.187901729999999698e-03 -6.328890850000000456e-02 8.873120410000000235e-02 5.631321140000000031e-02 -7.593463309999999578e-03
1.383628689999999892e+02 7.849534460000000269e-02 6.368086229999999964e-04 -5.198375489999999821e-02 9.167709390000000624e-02 3.768975979999999917e-03 1.374172669999999992e-02
1.410719630000000109e+02 7.628400500000000195e-02 2.685718980000000120e-03 -4.225617579999999679e-02 8.530487409999999715e-02 -5.274544710000000219e-02 1.693802549999999865e-02
1.437784790000000044e+02 6.749680909999999923e-02 1.287191870000000023e-03 -3.051363420000000048e-02 1.170708519999999996e-02 -5.658176389999999834e-02 -6.527840519999999688e-03
1.464759320000000002e+02 6.731562939999999329e-02 -3.382198909999999722e-05 -1.046592430000000025e-02 -7.693428440000000396e-03 -1.349714200000000017e-02 -2.944722669999999889e-02
1.491738220000000013e+02 6.965084380000000075e-02 4.455191520000000363e-03 2.283881529999999896e-02 -6.780955610000000133e-03 3.489520249999999990e-02 -3.071435070000000118e-03
1.518714789999999937e+02 6.989530670000000667e-02 1.408388630000000086e-02 4.293628060000000135e-02 -1.977082609999999963e-02 9.883895510000000745e-03 1.347290169999999961e-02
1.545700099999999964e+02 6.886261790000000604e-02 7.416342129999999727e-03 4.735540450000000345e-02 -1.521077179999999951e-03 -1.804111699999999888e-02 3.611242340000000300e-02
1.572803069999999934e+02 6.441481340000000666e-02 9.169599669999999991e-04 5.568303229999999743e-02 1.034026229999999991e-02 3.510614029999999802e-02 1.368762620000000055e-02
1.599814159999999958e+02 5.302491489999999752e-02 -1.119495300000000054e-02 6.083586879999999808e-02 1.032656550000000083e-02 9.064773059999999688e-03 3.377024619999999949e-02
1.626745259999999860e+02 5.786508459999999826e-02 -3.099880729999999855e-03 6.358302600000000082e-02 1.548360179999999989e-02 -6.917799330000000066e-03 5.794657310000000255e-02
1.653859630000000038e+02 6.366301509999999775e-02 2.361093339999999815e-03 6.147209979999999907e-02 2.600004049999999831e-02 7.453490870000000108e-03 3.119604050000000101e-02
1.680892599999999959e+02 7.479357829999999652e-02 7.132493160000000394e-03 4.725874790000000186e-02 1.236682360000000008e-02 -1.175083709999999969e-02 8.385118490000000036e-02
1.707952439999999967e+02 7.385106859999999995e-02 4.327543819999999861e-03 6.170919600000000088e-02 -7.522361340000000354e-03 3.247286659999999714e-02 5.358180190000000342e-02
1.734881970000000138e+02 6.987931990000000038e-02 1.315939259999999956e-03 6.328167719999999719e-02 -1.349718410000000021e-02 4.068686669999999755e-02 6.647933340000000690e-02
1.761981969999999933e+02 6.758079610000000681e-02 -2.154426640000000129e-03 6.613626790000000366e-02 8.989556019999999162e-03 4.901543039999999712e-02 2.622365449999999876e-02
1.788946970000000078e+02 4.934270290000000031e-02 7.277585789999999706e-04 6.348865950000000258e-02 -4.870303290000000014e-03 -1.819485139999999987e-02 2.948527260000000094e-02
1.815894319999999880e+02 6.096279689999999779e-02 -3.115078219999999846e-03 6.731927719999999948e-02 1.859503300000000039e-02 -8.745137059999999810e-03 2.421202949999999923e-02
1.842928689999999960e+02 7.659695519999999702e-02 7.034589350000000282e-03 7.207073449999999715e-02 2.906144730000000120e-02 -5.578771040000000264e-02 6.851153420000000160e-02
1.869847289999999873e+02 7.106724829999999660e-02 5.907407620000000061e-03 6.942307609999999463e-02 -8.589249329999999738e-03 1.754285950000000066e-03 9.254677729999999380e-02
1.896852130000000045e+02 6.589169200000000171e-02 1.052318460000000074e-02 6.506763919999999923e-02 -5.117641610000000195e-03 -2.826833759999999862e-02 7.450779139999999523e-02
1.923737130000000093e+02 6.878765039999999720e-02 -2.023844920000000130e-03 7.010468200000000150e-02 -2.905065420000000134e-02 -1.354692430000000022e-03 5.833452880000000035e-02
1.950787760000000048e+02 6.464648409999999845e-02 -5.887454769999999823e-03 6.597282620000000097e-02 -1.985465000000000146e-02 -1.507310520000000077e-02 2.998294249999999828e-02
1.977768849999999929e+02 6.036381550000000096e-02 -5.146866150000000209e-03 7.243451130000000404e-02 -9.800964000000000551e-03 -4.857035229999999947e-03 4.860610669999999855e-02
2.004692760000000078e+02 5.819078500000000181e-02 -1.302303749999999920e-02 6.988690349999999996e-02 1.633816470000000118e-02 4.727887120000000276e-02 5.163918910000000334e-02
2.031712440000000015e+02 6.160011130000000307e-02 -8.234440839999999234e-03 6.771785199999999505e-02 1.182741720000000073e-02 7.377385309999999821e-03 2.081298570000000153e-02
2.058720260000000053e+02 5.741406479999999757e-02 -1.228218979999999919e-02 6.601116360000000571e-02 -2.325578669999999945e-02 2.251563939999999889e-02 4.517680179999999934e-02
2.085644010000000037e+02 5.935674650000000163e-02 -6.327365369999999982e-03 6.874399200000000376e-02 2.774825370000000117e-03 2.238033769999999908e-02 7.381097409999999581e-02
2.112686659999999961e+02 6.205826140000000185e-02 -9.519270820000000008e-03 6.071760259999999659e-02 3.197268899999999858e-02 4.086905920000000192e-02 8.284033409999999598e-02
2.139699940000000140e+02 6.044425350000000308e-02 -4.427463819999999731e-03 6.365173600000000043e-02 -9.437469179999999694e-03 -1.558464629999999941e-02 6.458922109999999661e-02
2.166803380000000061e+02 6.779226369999999391e-02 -3.726678289999999904e-03 6.447860099999999650e-02 1.124814340000000051e-02 -2.305119829999999898e-02 5.083381940000000071e-02
2.193774469999999894e+02 6.739095259999999810e-02 -5.597965189999999994e-03 6.487544450000000407e-02 -2.441532419999999787e-03 -4.948146459999999691e-02 9.673396459999999974e-02
2.220716970000000003e+02 6.831756140000000421e-02 -7.955362789999999990e-03 5.534272760000000235e-02 -2.234436539999999811e-03 -5.428253739999999716e-03 7.306963090000000161e-02
2.247643689999999879e+02 7.774125780000000485e-02 -3.269651829999999874e-03 5.300223939999999800e-02 -2.017971000000000001e-02 -1.472813599999999931e-02 5.422829650000000196e-02
2.274657760000000053e+02 7.427031570000000582e-02 -7.510511699999999902e-03 6.101974909999999946e-02 2.130586399999999988e-03 3.263246720000000101e-02 2.982040450000000148e-02
2.301713220000000035e+02 6.363132900000000036e-02 -6.669141860000000208e-04 6.455934650000000330e-02 -3.758081180000000070e-05 2.842574939999999856e-02 2.679472230000000052e-02
2.328661040000000071e+02 6.317117160000000620e-02 -4.271064889999999677e-03 6.046112320000000123e-02 1.783293079999999928e-03 1.889405320000000013e-02 7.223908880000000365e-02
2.355699319999999943e+02 6.303666489999999734e-02 -7.771560260000000102e-03 6.592182659999999694e-02 3.657277319999999859e-02 -1.521414540000000024e-02 7.639911500000000355e-02
2.382705880000000036e+02 7.348772520000000641e-02 -6.030261179999999582e-03 6.572929669999999502e-02 2.282326449999999909e-02 4.166085900000000147e-02 1.111857359999999934e-01
2.409775410000000022e+02 6.901797669999999718e-02 -6.209408789999999907e-03 6.331212719999999849e-02 1.114971359999999967e-02 4.063508700000000029e-02 7.515318370000000081e-02
2.436787909999999897e+02 6.856651900000000632e-02 -8.893447610000000236e-04 6.289993630000000058e-02 2.296467749999999905e-02 3.350513499999999839e-02 7.755294090000000584e-02
2.463846660000000099e+02 5.710724889999999748e-02 -9.044057709999999209e-03 6.635819589999999990e-02 5.862340669999999664e-03 1.198528240000000002e-02 7.289834359999999847e-02
2.490795099999999991e+02 5.347270199999999696e-02 2.544591289999999836e-03 6.975871990000000189e-02 8.147502889999999956e-03 3.524501020000000290e-02 4.582250429999999708e-02
2.517814630000000022e+02 5.267376330000000245e-02 -5.888040920000000428e-03 7.374284959999999334e-02 9.517717029999999204e-03 2.865181129999999979e-02 6.422027600000000669e-02
2.544848379999999963e+02 6.551945169999999485e-02 -2.847202400000000203e-03 6.511709089999999367e-02 1.746202380000000040e-02 1.011661020000000077e-02 7.042558359999999407e-02
2.571812130000000138e+02 6.833550950000000235e-02 -1.557656969999999955e-03 5.795259500000000258e-02 1.367199629999999930e-02 2.710453050000000141e-02 -3.957452600000000396e-03
2.598821189999999888e+02 6.421083589999999897e-02 -5.604869079999999851e-03 6.295835029999999333e-02 6.804680199999999651e-03 -5.314525680000000384e-03 1.654668269999999899e-02
2.625874160000000188e+02 6.712466940000000326e-02 2.171585100000000216e-03 5.942712270000000130e-02 -2.999702129999999925e-02 -2.266664139999999966e-02 -4.620029330000000045e-02
2.652837440000000129e+02 6.691470269999999498e-02 -2.548839199999999861e-03 6.373499579999999942e-02 -2.843178520000000029e-02 -1.237266100000000008e-02 -9.163907290000000358e-03
2.679776360000000182e+02 7.448364100000000321e-02 -5.578275779999999646e-04 4.842681360000000018e-02 -5.449293580000000303e-02 2.674571900000000113e-02 -8.386023330000000678e-03
