# a=0.06662562514865197, b=-136.66396813173537, c=-0.0008687068579152187, xi=5.7576284667706386
6.609817879999999590e-01 7.805317809999999523e-02 -1.004286780000000073e-02 8.098358789999999716e-05 -3.934604080000000080e-03 -7.225679060000000237e-03 -2.043652769999999841e-02
3.346679739999999903e+00 6.979706189999999866e-02 -8.663126820000000353e-03 -3.003274300000000063e-02 8.510309029999999853e-04 -4.034876589999999985e-02 3.213902009999999865e-02
6.040664429999999641e+00 6.424355599999999333e-02 -1.381935890000000021e-02 -5.245261739999999839e-02 8.101168150000000439e-04 -3.213066020000000019e-03 7.290104549999999739e-02
8.734306460000000882e+00 7.208641250000000222e-02 -9.506780799999999670e-03 -6.200635139999999962e-02 1.733023659999999994e-02 3.332766309999999981e-04 3.099971909999999983e-02
1.143314819999999976e+01 6.398323979999999411e-02 -1.026795030000000018e-02 -6.504882500000000456e-02 2.185861799999999980e-02 1.269950900000000032e-03 -1.176251860000000066e-02
1.412772009999999945e+01 6.620061180000000323e-02 -5.872562510000000138e-03 -6.198687239999999682e-02 -1.013727290000000086e-02 -4.429004520000000278e-02 -1.178230809999999962e-02
1.683100599999999858e+01 6.270104109999999342e-02 -2.666769109999999818e-03 -6.066066419999999876e-02 -3.042596880000000142e-02 -7.828986159999999639e-02 1.000973569999999944e-02
1.952790600000000154e+01 5.877182560000000083e-02 -4.219636889999999613e-03 -6.105951359999999689e-02 -1.116715660000000077e-03 -8.088664519999999580e-02 6.961757449999999778e-03
2.223763410000000107e+01 5.761183970000000043e-02 7.598248870000000148e-04 -5.808686949999999904e-02 4.798476990000000142e-04 -2.671697710000000073e-02 -3.918463149999999902e-03
2.494002319999999884e+01 5.582312949999999885e-02 -4.144654190000000328e-03 -6.596347519999999631e-02 -2.115076810000000168e-02 2.983919679999999866e-02 -1.243553170000000034e-02
2.764573100000000139e+01 5.791945200000000321e-02 -4.415088559999999669e-03 -6.475710060000000601e-02 -2.486856219999999951e-02 -1.831879949999999993e-02 4.306801390000000035e-02
3.034469350000000176e+01 6.319180359999999885e-02 -4.616958430000000016e-03 -6.555881389999999864e-02 -2.927934130000000093e-02 -4.944487980000000435e-04 4.743003180000000124e-02
3.304592319999999717e+01 7.274168979999999507e-02 -5.207915750000000066e-03 -5.865616679999999944e-02 -2.938317780000000018e-02 6.758238169999999934e-03 2.544442070000000212e-03
3.574124659999999665e+01 7.572661310000000645e-02 -3.486254530000000096e-04 -6.083555460000000109e-02 -1.424033960000000050e-02 3.709280379999999738e-02 2.567141529999999831e-03
3.843935760000000101e+01 6.796317409999999559e-02 -3.292741019999999991e-03 -6.523504859999999794e-02 -2.069355629999999890e-02 3.518015430000000221e-02 2.416144820000000124e-02
4.114571850000000097e+01 5.376698590000000139e-02 -6.234780219999999651e-03 -7.267846349999999844e-02 -3.985882319999999729e-02 6.103879680000000307e-02 2.072513679999999844e-02
4.385800600000000316e+01 5.820199620000000157e-02 -6.341107609999999638e-03 -6.924683030000000628e-02 -2.971119720000000089e-02 1.208879019999999950e-02 2.756653319999999990e-02
4.655367789999999673e+01 6.154680159999999928e-02 -6.529249590000000235e-03 -6.853171249999999437e-02 -1.590156980000000109e-02 -5.686358570000000189e-03 -1.373936639999999952e-02
4.926216689999999687e+01 6.359908590000000472e-02 -1.008977399999999927e-02 -7.569031850000000616e-02 -1.211248200000000080e-02 6.870652519999999319e-02 -1.053544219999999997e-02
5.195185599999999937e+01 6.213423400000000346e-02 -4.688393929999999654e-03 -7.525620959999999859e-02 6.699297679999999559e-04 3.687938419999999690e-02 -2.712083829999999834e-02
5.466072630000000032e+01 6.923868219999999851e-02 -5.228817109999999747e-03 -6.812583680000000586e-02 -9.414935850000000217e-03 1.290962460000000082e-02 -3.112927799999999981e-02
5.736355910000000335e+01 7.524236709999999884e-02 -1.010092620000000059e-02 -6.155967390000000039e-02 -7.159118350000000242e-03 -3.677375000000000088e-02 1.265100549999999963e-02
6.006817010000000323e+01 7.478100610000000537e-02 -7.476083790000000000e-03 -5.522524639999999707e-02 -1.181424040000000029e-02 -4.078716610000000103e-02 9.887581350000000657e-03
6.277228410000000025e+01 7.114228470000000248e-02 -1.310287400000000047e-02 -5.553798520000000072e-02 -1.717169110000000068e-02 -2.414035280000000061e-02 -2.837024669999999981e-03
6.546954039999999964e+01 7.745308489999999657e-02 -9.248951990000000428e-03 -5.152431429999999868e-02 -3.687488540000000148e-02 1.135898559999999960e-02 -1.291536809999999959e-02
6.816754969999999503e+01 7.928153350000000099e-02 -9.755577729999999337e-03 -5.309468219999999988e-02 -3.127627639999999709e-02 2.985501070000000021e-02 -5.320614759999999985e-03
7.086830290000000332e+01 7.369311859999999603e-02 -7.132116689999999821e-03 -6.185348329999999784e-02 -2.840340410000000149e-02 2.144580979999999998e-02 -1.192401220000000039e-03
7.356345760000000666e+01 6.504013729999999494e-02 -7.353401760000000294e-03 -6.758115970000000416e-02 -3.551843550000000072e-02 -2.905574269999999966e-03 -2.687988399999999972e-02
7.625923099999999977e+01 6.240159060000000091e-02 -1.182820289999999934e-02 -7.158474530000000224e-02 -2.816200550000000011e-02 -2.403999849999999966e-02 -5.394631530000000043e-03
7.896533410000000686e+01 6.671815189999999451e-02 -5.399688369999999966e-03 -7.303899549999999519e-02 1.579122739999999983e-02 7.644457500000000072e-03 4.662959640000000072e-02
8.167710130000000390e+01 5.668477350000000053e-02 -7.164099799999999567e-03 -7.370976110000000692e-02 -1.721546020000000107e-02 1.053419270000000019e-02 4.777172739999999834e-02
8.437913260000000548e+01 5.992012389999999689e-02 -5.178283619999999796e-03 -7.627732889999999655e-02 -2.783469389999999877e-02 1.969009869999999857e-02 2.407071510000000081e-02
8.708437630000000240e+01 6.121172879999999678e-02 -6.047816840000000242e-03 -7.549237179999999936e-02 -1.896216519999999878e-02 1.467475260000000031e-02 -2.984825890000000065e-02
8.979106070000000273e+01 5.734968879999999963e-02 -1.737755070000000053e-03 -6.980402439999999764e-02 -2.172579440000000153e-02 -1.122579549999999995e-02 -4.298411480000000062e-02
9.249810600000000704e+01 6.278821680000000460e-02 -4.631371549999999983e-03 -6.897894220000000409e-02 3.544135830000000060e-03 -1.780794410000000050e-02 -1.569671259999999915e-02
9.520317470000000526e+01 6.331425559999999397e-02 -2.011532749999999888e-04 -6.579678640000000134e-02 1.090769379999999983e-02 -3.682378530000000177e-02 -3.961909360000000213e-02
9.789886070000000018e+01 7.186507879999999571e-02 -2.644666219999999932e-03 -6.337708749999999835e-02 -1.349839870000000023e-03 -5.293766750000000049e-02 -4.388533139999999805e-02
1.005949920000000049e+02 7.735447080000000530e-02 5.546556240000000354e-04 -5.940789459999999689e-02 2.542097110000000101e-03 8.674464380000000002e-03 -3.037674029999999983e-02
1.032884140000000031e+02 7.890275750000000365e-02 -1.715293710000000095e-03 -5.593811120000000137e-02 -4.514128969999999658e-03 -4.207573929999999796e-03 -7.871798890000000076e-03
1.059903199999999970e+02 7.050638110000000125e-02 4.108193440000000411e-03 -5.204997769999999968e-02 -2.146825600000000153e-02 4.841486379999999923e-02 3.177195879999999972e-02
1.086884450000000015e+02 6.799475280000000232e-02 2.601511380000000144e-03 -6.025180919999999912e-02 -2.781702830000000112e-02 4.764986110000000302e-02 1.723894249999999989e-02
1.113849450000000019e+02 6.666368429999999790e-02 5.306709960000000233e-03 -6.835009929999999456e-02 -2.621976499999999904e-02 2.212460490000000071e-02 -3.766816669999999839e-02
1.140792890000000028e+02 5.951059079999999890e-02 7.442046219999999893e-03 -6.534003080000000407e-02 -3.980625489999999739e-02 -1.548794340000000068e-02 -1.240153580000000026e-02
1.167764289999999932e+02 5.193733810000000090e-02 2.551970870000000186e-03 -7.451263739999999802e-02 -2.099047269999999854e-02 -3.791078440000000133e-02 5.887240700000000420e-04
1.194763200000000012e+02 4.428961790000000148e-02 5.046395609999999692e-03 -7.546969689999999398e-02 3.808874570000000178e-03 -2.625791489999999926e-03 -1.602619400000000055e-02
1.221713979999999964e+02 4.917157829999999757e-02 -1.844000020000000073e-03 -7.739892800000000572e-02 -1.577891249999999884e-02 -8.385836379999999160e-03 3.836869739999999862e-02
1.248686950000000024e+02 5.382983539999999789e-02 2.770476229999999963e-03 -7.041385579999999422e-02 6.317028360000000002e-03 5.614567399999999698e-04 4.511187789999999975e-02
1.275647259999999932e+02 6.311381889999999328e-02 8.536088689999999464e-04 -6.223948650000000332e-02 3.186044119999999896e-02 3.369246079999999727e-02 1.768935329999999848e-02
1.302605859999999893e+02 6.889792749999999744e-02 7.508123510000000141e-04 -5.827345579999999858e-02 2.847563460000000074e-02 1.862714240000000118e-02 -2.699031190000000108e-02
1.329503670000000000e+02 7.511113510000000382e-02 -3.923181890000000324e-03 -3.918885569999999707e-02 3.671640699999999952e-02 -1.544208270000000001e-02 -6.878870580000000234e-02
1.356465860000000134e+02 7.686485780000000545e-02 -3.832060799999999819e-03 -8.012106130000000090e-03 2.826489969999999852e-02 3.099471789999999963e-02 -1.082428790000000002e-01
1.383456329999999923e+02 7.773969310000000688e-02 -2.436048729999999805e-03 1.979147059999999958e-02 -8.382851930000000812e-03 3.254984939999999716e-02 -7.524754629999999556e-02
1.410400699999999858e+02 7.243414260000000104e-02 2.470293140000000016e-03 3.649333920000000231e-02 -1.531513519999999975e-02 2.461262530000000136e-03 -6.175054190000000241e-03
1.437318359999999871e+02 6.611262010000000522e-02 4.630648950000000120e-04 5.495831760000000066e-02 -2.236787549999999861e-02 -2.337972110000000048e-02 -1.528223339999999937e-02
1.464375540000000058e+02 5.618553779999999748e-02 -1.697217499999999950e-03 5.893638310000000324e-02 -5.861286710000000039e-02 -7.704760720000000326e-03 2.866775879999999832e-02
1.491435700000000111e+02 5.665120919999999671e-02 -4.110168630000000066e-03 6.349063430000000119e-02 -6.584008319999999637e-02 -1.357392829999999953e-02 4.240455690000000111e-02
1.518385230000000092e+02 5.833780909999999875e-02 1.397186639999999959e-04 6.276897039999999872e-02 -2.834750759999999856e-02 -2.589464140000000136e-02 3.460585649999999708e-02
1.545384139999999888e+02 6.387594019999999484e-02 6.188409649999999755e-03 6.882941049999999339e-02 2.973975200000000124e-02 1.180277580000000043e-03 2.522282610000000161e-02
1.572472260000000119e+02 6.831582160000000681e-02 -3.564397649999999970e-03 6.559051180000000092e-02 5.721028489999999828e-02 5.960597249999999986e-02 5.301060359999999749e-02
1.599452890000000025e+02 6.916312230000000449e-02 1.629602360000000040e-03 6.444926300000000663e-02 1.201824880000000074e-02 8.213080659999999478e-02 7.087675110000000306e-04
1.626469920000000116e+02 6.246969759999999872e-02 -3.666940159999999838e-03 7.181696410000000530e-02 -3.057566130000000104e-02 4.911580239999999847e-02 -4.603957360000000137e-02
1.653527259999999899e+02 5.812476899999999974e-02 2.047116610000000031e-03 7.387591940000000357e-02 -3.819088610000000161e-02 4.001201919999999856e-02 -5.159423090000000295e-02
1.680600230000000010e+02 6.051311990000000224e-02 -6.695080740000000034e-04 7.398350200000000654e-02 -1.303821049999999947e-02 2.334864710000000062e-03 -6.623726530000000057e-02
1.707533040000000142e+02 6.020273350000000107e-02 -2.214435300000000106e-04 6.927644950000000357e-02 6.364698879999999837e-02 -1.034377069999999933e-02 -5.608793950000000306e-02
1.734593830000000025e+02 6.117800419999999684e-02 -4.895599540000000055e-03 6.741715909999999867e-02 7.403462099999999491e-02 -1.266656560000000049e-02 -4.813735429999999732e-02
1.761612259999999992e+02 5.892907759999999745e-02 -7.403820390000000369e-03 6.582639020000000118e-02 8.956399819999999456e-02 3.198701129999999976e-02 -3.350143170000000059e-02
1.788635390000000029e+02 6.394154309999999786e-02 -7.977453760000000017e-04 7.002873229999999338e-02 5.068474020000000163e-02 3.724949269999999757e-02 -4.575627040000000006e-02
1.815663670000000138e+02 6.589175830000000567e-02 4.203778440000000005e-03 7.009844860000000177e-02 1.796863859999999966e-02 3.355879330000000049e-02 1.628381710000000038e-02
1.842678510000000074e+02 5.843610290000000179e-02 2.171555740000000005e-03 6.489510110000000498e-02 -1.435423920000000048e-02 -2.108037529999999896e-02 1.004689879999999952e-01
1.869637580000000128e+02 6.272843090000000676e-02 1.165105320000000069e-03 6.408266420000000019e-02 -5.491506119999999685e-02 -1.779124190000000091e-02 7.080751799999999985e-03
1.896705699999999979e+02 6.538163160000000362e-02 4.558365640000000031e-03 6.409159120000000598e-02 -5.309392389999999934e-02 -4.101082369999999727e-02 -1.498460490000000020e-02
1.923702729999999974e+02 6.855514570000000030e-02 7.781790660000000200e-03 6.741606679999999352e-02 -5.253562170000000003e-03 -4.803714889999999987e-02 -3.912724809999999775e-02
1.950779290000000117e+02 6.472174810000000389e-02 1.126642580000000032e-03 6.935673370000000615e-02 3.787681610000000199e-02 -2.005682909999999958e-02 -3.242331920000000173e-02
1.977816950000000134e+02 6.330771509999999491e-02 4.586531349999999931e-03 6.302337650000000568e-02 5.779819010000000062e-02 9.574196780000000448e-03 9.122506710000000477e-03
2.004844449999999938e+02 6.468780270000000499e-02 -1.042748559999999956e-03 6.154207910000000087e-02 6.037411329999999889e-03 2.590226309999999962e-02 5.491237499999999938e-02
2.031831789999999955e+02 6.235806940000000048e-02 -2.189231869999999809e-03 5.915279920000000163e-02 -8.000092369999999703e-03 -1.908277199999999958e-03 2.671127300000000065e-02
2.058815390000000036e+02 5.753530290000000158e-02 -3.997379199999999758e-03 5.996869529999999948e-02 4.401671470000000086e-03 8.893370399999999537e-03 3.000038539999999934e-02
2.085733360000000118e+02 6.042554740000000146e-02 -8.166437489999999258e-03 6.425928679999999560e-02 1.583051720000000148e-02 -1.049304719999999934e-02 5.060170950000000140e-02
2.112624610000000018e+02 5.873617450000000184e-02 -5.117269259999999639e-03 6.220745469999999777e-02 4.033288499999999888e-02 -2.487085350000000153e-02 6.056867560000000345e-02
2.139686790000000087e+02 5.631018389999999790e-02 -6.351883620000000133e-03 5.909630390000000094e-02 -4.861649929999999759e-02 -7.138652569999999475e-02 8.232364949999999848e-02
2.166623830000000055e+02 6.533150599999999752e-02 -5.240482769999999825e-03 5.845448369999999699e-02 -5.717911419999999884e-02 -2.939854319999999840e-02 6.591794669999999357e-02
2.193490859999999998e+02 6.496414929999999588e-02 -7.495320459999999657e-03 6.643242269999999339e-02 -5.319312300000000188e-02 -4.885028730000000145e-03 2.358918260000000128e-02
2.220458669999999870e+02 7.241138560000000279e-02 -4.134034360000000269e-03 7.404309750000000190e-02 -2.312201690000000032e-02 4.829428460000000090e-02 -1.150808029999999919e-02
2.247446329999999932e+02 7.098178780000000132e-02 -1.432068730000000002e-03 6.194473649999999998e-02 1.349224440000000060e-02 7.438374030000000081e-02 4.234815470000000137e-02
2.274448360000000093e+02 6.901632900000000126e-02 1.427279459999999944e-03 6.716286139999999572e-02 1.009996709999999923e-02 1.589859260000000066e-02 6.368425129999999434e-02
2.301478199999999958e+02 6.408180180000000448e-02 3.240082149999999866e-03 6.325044550000000210e-02 2.623599589999999968e-02 -4.944152019999999842e-02 3.064452349999999964e-02
2.328491950000000088e+02 5.684243089999999748e-02 2.723321590000000146e-03 6.262506549999999339e-02 2.071179759999999814e-03 -5.800407259999999787e-02 -2.862466970000000083e-02
2.355525079999999889e+02 5.173601500000000325e-02 5.721796900000000220e-03 6.330528600000000228e-02 -1.115245240000000033e-02 -5.349599560000000385e-03 -4.442524760000000211e-02
2.382503509999999949e+02 5.032710759999999700e-02 -5.864511089999999843e-04 6.292814139999999834e-02 1.433304139999999963e-02 -1.390154140000000003e-02 6.390313300000000432e-03
2.409593199999999911e+02 6.119930979999999715e-02 3.344403110000000127e-03 6.071752009999999838e-02 -7.502678550000000009e-03 -1.672886499999999901e-02 4.610809680000000320e-03
2.436579759999999908e+02 6.507164070000000244e-02 4.261865489999999874e-03 5.741031240000000341e-02 -4.971781599999999975e-03 -1.139149629999999976e-02 -3.305423610000000206e-02
2.463560229999999933e+02 7.096595410000000603e-02 8.109332610000000510e-03 4.655630100000000132e-02 2.017120190000000132e-02 -1.699212060000000052e-02 -3.988741009999999948e-02
2.490549919999999986e+02 7.200846959999999963e-02 1.191899400000000046e-02 4.362769329999999918e-02 1.101957850000000010e-02 -6.593610380000000659e-02 -1.613618110000000078e-02
2.517520539999999869e+02 6.944670649999999668e-02 5.418177619999999840e-03 4.907626429999999845e-02 -8.009519340000000043e-04 -3.004693400000000084e-02 -1.596849540000000109e-02
2.544499289999999974e+02 7.276517000000000401e-02 3.139826010000000035e-03 4.166716200000000064e-02 -2.230203199999999941e-02 -2.179645360000000143e-02 1.864817410000000134e-02
2.571524919999999952e+02 7.008414329999999859e-02 6.953055849999999725e-03 4.710058760000000039e-02 -4.268539639999999885e-02 -9.873893160000000134e-04 4.687307730000000311e-02
2.598548200000000179e+02 7.061695819999999624e-02 -1.103630630000000060e-03 4.862188519999999931e-02 -7.035840429999999646e-02 -2.062329489999999849e-02 3.143572780000000039e-02
2.625516329999999812e+02 7.360098269999999776e-02 -2.034024540000000172e-03 4.371048909999999954e-02 -1.675075950000000022e-02 -5.845397610000000171e-04 2.021345940000000146e-02
2.652444919999999797e+02 7.436686920000000478e-02 -3.538642729999999948e-03 2.814352469999999856e-02 -6.833254189999999652e-03 2.658123719999999982e-02 -4.367192389999999952e-02
2.679345880000000193e+02 7.857217710000000133e-02 -1.062271359999999998e-02 1.841605899999999851e-02 4.632440469999999678e-03 2.668063479999999849e-02 -4.434608610000000117e-02
