# a=0.06615165076611704, b=-137.1663246818553, c=0.001035971282963781, xi=7.945355932638781
6.682447639999999911e-01 7.032049479999999408e-02 6.221234519999999622e-03 -1.461434139999999958e-02 -5.548994489999999578e-03 -4.134342390000000228e-02 4.591606659999999951e-02
3.360608270000000175e+00 7.473382539999999519e-02 4.678343399999999874e-03 -3.586349850000000034e-02 -6.762622609999999982e-04 2.576160000000000082e-03 2.276213519999999851e-02
6.050463749999999585e+00 7.281636950000000552e-02 8.270268759999999456e-03 -4.629195230000000133e-02 3.900461440000000009e-03 3.884749220000000003e-02 3.924840410000000196e-02
8.750268119999999428e+00 6.803225659999999342e-02 7.517323069999999954e-03 -5.349537549999999753e-02 -1.082645250000000003e-02 5.085148319999999861e-02 2.156911419999999954e-02
1.144785249999999976e+01 6.384438389999999575e-02 8.985529620000000037e-03 -5.536967760000000016e-02 -2.890961839999999991e-02 3.721464210000000050e-02 -1.178959299999999925e-02
1.414518370000000047e+01 7.266085560000000443e-02 4.823792280000000106e-03 -6.109608770000000272e-02 -1.671432830000000105e-02 4.765151370000000192e-02 -1.062285299999999981e-02
1.683889309999999995e+01 6.652246809999999566e-02 5.386221769999999590e-03 -6.479572890000000196e-02 -1.508991829999999958e-02 3.413227499999999665e-02 4.570881100000000197e-02
1.952946969999999993e+01 6.679003760000000456e-02 -2.695789620000000209e-03 -6.667381629999999393e-02 2.174965530000000109e-03 2.017051859999999947e-02 6.807048109999999652e-02
2.221840720000000147e+01 7.425667079999999365e-02 4.031157639999999667e-03 -7.199913880000000099e-02 1.892827349999999867e-02 6.690471389999999574e-02 1.379024249999999917e-02
2.492169159999999906e+01 7.120985609999999633e-02 -1.188993169999999949e-04 -7.056172769999999317e-02 7.466645350000000389e-03 -4.043725320000000206e-02 -4.782118259999999788e-02
2.762590870000000010e+01 6.569069310000000272e-02 -2.965967199999999977e-03 -6.132360349999999710e-02 1.209583730000000044e-02 -1.408861540000000065e-02 -8.713980420000000393e-02
3.033501030000000043e+01 5.936728959999999777e-02 -2.332404149999999995e-03 -6.280843569999999820e-02 1.931290199999999985e-02 -2.999674570000000068e-02 -5.355825659999999960e-02
3.304096030000000184e+01 5.820480719999999997e-02 -5.097564179999999889e-03 -6.980468280000000358e-02 1.051313069999999968e-02 -2.702128050000000056e-03 -3.829662360000000293e-02
3.574593219999999860e+01 5.646143960000000322e-02 -7.784132430000000047e-03 -7.012905440000000157e-02 2.370163219999999946e-02 -7.148507049999999925e-03 -3.117700639999999856e-02
3.845015560000000221e+01 6.639509729999999721e-02 -6.005892320000000111e-03 -6.241622659999999934e-02 3.757740810000000098e-03 -1.965193330000000044e-02 -6.106461669999999585e-03
4.115130870000000129e+01 7.211088549999999930e-02 -1.867105489999999974e-03 -6.382886690000000307e-02 3.055637400000000073e-02 -3.388307360000000074e-02 -2.003433170000000138e-02
4.384343690000000038e+01 7.219512770000000024e-02 8.021687540000000446e-04 -6.020145510000000227e-02 1.792588330000000063e-02 -5.716820589999999785e-02 -4.228118690000000346e-02
4.654299160000000057e+01 6.748291019999999585e-02 5.682249860000000360e-03 -6.197821729999999918e-02 2.596881150000000110e-02 -4.776874250000000266e-02 -5.207647910000000324e-02
4.924344310000000036e+01 6.405925290000000216e-02 2.629258650000000207e-03 -6.199253889999999795e-02 1.307730879999999957e-02 -3.592037380000000224e-02 -3.906030569999999896e-02
5.195209619999999973e+01 6.480869300000000055e-02 -2.258912110000000067e-03 -5.668097359999999668e-02 2.146553979999999903e-02 -6.884711919999999749e-03 -9.414070320000000533e-03
5.466059779999999790e+01 6.091828559999999670e-02 1.173148400000000079e-03 -6.291160399999999597e-02 -6.941736419999999623e-03 -1.203894160000000026e-02 2.881647249999999896e-02
5.735619309999999871e+01 5.929864239999999703e-02 -5.731325169999999542e-04 -6.774266909999999975e-02 1.735197670000000053e-02 -2.992622129999999991e-02 3.879725259999999929e-03
6.005670409999999748e+01 5.800251609999999836e-02 5.607470619999999940e-03 -7.287389230000000662e-02 2.942862699999999887e-02 -1.766261770000000092e-02 -7.009489980000000245e-03
6.275234470000000186e+01 5.969730659999999967e-02 -5.540287480000000327e-03 -7.457031090000000584e-02 3.524672110000000302e-02 -1.535452399999999960e-02 -7.808372420000000112e-03
6.545739620000000514e+01 6.152769030000000000e-02 7.112852749999999842e-03 -7.139730069999999928e-02 3.412169210000000341e-02 4.964287700000000192e-03 -1.417370989999999949e-02
6.816567589999999655e+01 5.117245599999999811e-02 8.441561149999999604e-04 -7.633261480000000376e-02 5.648497849999999793e-02 -1.850661300000000162e-02 1.525024779999999960e-03
7.086846500000000049e+01 5.670849840000000142e-02 2.333439649999999847e-05 -7.197338529999999790e-02 4.230618640000000097e-02 -1.856568319999999869e-02 -1.284087610000000067e-02
7.357754620000000045e+01 6.279160629999999688e-02 -5.600485569999999989e-03 -6.964945100000000111e-02 1.332863890000000016e-02 -2.415978889999999962e-03 6.227671720000000320e-03
7.627503839999999968e+01 5.930082539999999985e-02 -7.129171999999999593e-03 -5.978099950000000107e-02 1.666173959999999940e-02 5.882718599999999659e-03 -3.171652259999999807e-02
7.897699160000000518e+01 6.067514379999999763e-02 -5.440400189999999858e-03 -6.799734039999999480e-02 1.105054310000000081e-02 -1.162998500000000067e-02 -3.039502789999999968e-02
8.168102749999999901e+01 5.515420339999999727e-02 -5.901061909999999813e-03 -6.646939229999999921e-02 -4.294324480000000221e-03 -3.066571339999999909e-02 -4.671125639999999801e-02
8.438189619999999991e+01 5.304736589999999724e-02 -2.583926690000000123e-03 -6.340143369999999556e-02 1.170075899999999981e-02 -1.310418439999999976e-02 -1.803895460000000048e-02
8.707695870000000582e+01 5.578992650000000331e-02 -2.426653920000000197e-03 -6.321541140000000447e-02 2.474593920000000072e-02 7.151211040000000040e-04 1.797861070000000144e-02
8.978926970000000551e+01 5.678593590000000080e-02 -2.101695520000000032e-04 -7.011371349999999392e-02 1.799594289999999902e-02 1.047780419999999948e-02 6.278353959999999345e-02
9.249056810000000439e+01 6.834621070000000687e-02 1.863368580000000080e-03 -7.082220840000000295e-02 3.856580860000000111e-02 3.185609789999999802e-02 4.597761260000000211e-02
9.518465089999999407e+01 6.187999109999999664e-02 2.270671069999999868e-03 -6.478192030000000379e-02 3.091967519999999983e-02 1.262179719999999977e-02 -1.217192779999999933e-02
9.789051969999999869e+01 6.112578340000000138e-02 9.566148579999999430e-03 -6.187182799999999677e-02 -3.341749309999999824e-03 -1.394051630000000055e-02 -2.210230799999999933e-03
1.005864789999999971e+02 5.667868370000000294e-02 7.920837420000000073e-03 -6.219936630000000299e-02 -1.689604499999999843e-02 2.794749759999999930e-02 1.509711059999999973e-02
1.032824480000000023e+02 7.020914309999999603e-02 1.169706419999999927e-02 -6.343116460000000623e-02 -1.784349299999999847e-02 2.687731369999999884e-02 2.255648539999999952e-02
1.059804790000000025e+02 6.565145000000000008e-02 1.640161299999999892e-02 -6.192471289999999795e-02 -2.438207129999999875e-02 1.127822570000000003e-02 4.262264729999999668e-03
1.086760100000000051e+02 6.585792779999999347e-02 1.281498449999999949e-02 -6.584429279999999551e-02 -1.807922470000000031e-02 -4.229587600000000308e-02 7.965165539999999322e-03
1.113735420000000005e+02 6.540379520000000335e-02 1.133957520000000024e-02 -6.186136720000000311e-02 -1.630425289999999985e-02 -3.279572199999999937e-02 1.114268679999999914e-02
1.140687450000000069e+02 6.909089309999999484e-02 2.380003319999999915e-03 -5.735498809999999698e-02 7.607770280000000426e-03 -2.618999370000000063e-02 -3.437069539999999812e-02
1.167667129999999958e+02 6.736689499999999609e-02 1.483251760000000100e-03 -5.861038109999999746e-02 6.213294240000000190e-03 -1.783233529999999831e-02 -4.338072560000000299e-02
1.194657289999999961e+02 6.949450860000000452e-02 1.634128319999999905e-03 -5.979740220000000217e-02 -1.603908550000000127e-02 -2.129774699999999882e-02 7.929370849999999461e-04
1.221713230000000010e+02 7.260557889999999515e-02 -4.431097610000000325e-03 -6.208945500000000173e-02 -8.001447349999999542e-03 -1.339525599999999948e-02 -1.336447310000000001e-03
1.248685260000000028e+02 6.966944399999999704e-02 -6.643745290000000088e-03 -6.042271800000000026e-02 -3.135419379999999923e-02 1.597931409999999927e-02 -2.833561890000000152e-02
1.275708379999999948e+02 7.123683990000000132e-02 -5.908186660000000132e-03 -5.474614910000000223e-02 -2.055493270000000039e-02 2.260615610000000011e-02 -6.488080829999999521e-02
1.302762600000000077e+02 7.578114589999999928e-02 -6.329782340000000319e-03 -4.609064660000000008e-02 -1.802344260000000170e-02 1.471541269999999957e-02 -6.800310739999999854e-02
1.329626670000000104e+02 8.210949230000000321e-02 -9.605789170000000399e-05 -2.916949010000000064e-02 2.709750490000000130e-03 1.263351820000000077e-02 -6.129498509999999761e-02
1.356535570000000064e+02 8.882332850000000668e-02 7.167010690000000413e-03 -1.359465959999999959e-02 -2.222565840000000070e-02 3.430088769999999759e-02 -1.748354950000000074e-02
1.383488380000000006e+02 9.345831420000000334e-02 1.025231440000000036e-02 1.090966569999999962e-02 -5.517750289999999794e-03 8.224400129999999681e-04 -1.541850439999999968e-03
1.410365099999999927e+02 8.755190190000000650e-02 4.392862919999999775e-03 3.107786209999999910e-02 3.774544839999999929e-02 -6.452261169999999602e-02 -2.222742109999999854e-02
1.437308700000000101e+02 8.589168780000000503e-02 7.411566789999999953e-03 4.667516000000000026e-02 1.208121499999999932e-02 -3.418490600000000101e-02 -4.609424260000000162e-02
1.464254950000000122e+02 7.690468500000000041e-02 7.250730629999999587e-03 5.672561269999999711e-02 -6.223608289999999973e-03 -1.927514359999999913e-02 -2.707388989999999843e-02
1.491245570000000100e+02 7.983721609999999691e-02 6.281652209999999577e-03 6.348251439999999524e-02 4.825607350000000323e-02 2.202849730000000159e-02 -1.033936949999999947e-03
1.518180419999999913e+02 7.015410819999999548e-02 -8.775941139999999651e-04 6.197430510000000170e-02 7.427258520000000475e-02 4.426180620000000343e-02 1.348459609999999934e-02
1.545196200000000033e+02 6.638445780000000462e-02 -1.108972200000000021e-03 5.888701319999999767e-02 1.896300979999999969e-02 2.185257540000000095e-02 2.632458830000000000e-02
1.572293699999999887e+02 5.593743439999999956e-02 6.653286439999999986e-04 6.621684460000000494e-02 -2.010082740000000007e-02 -5.628788390000000197e-02 2.936326530000000004e-02
1.599363380000000063e+02 5.612580190000000108e-02 1.509388109999999956e-03 6.836032790000000359e-02 -2.031474929999999880e-03 -1.095198849999999974e-01 -2.750067299999999978e-02
1.626416979999999910e+02 5.763733010000000184e-02 -1.041585120000000018e-04 7.007901800000000681e-02 2.191642499999999980e-02 -7.764456140000000617e-02 -1.285235730000000055e-02
1.653582130000000063e+02 6.047124470000000279e-02 -3.422834970000000060e-03 6.701393109999999320e-02 -1.337875160000000056e-02 -4.737872459999999813e-02 3.312604260000000245e-02
1.680656820000000096e+02 5.694830099999999978e-02 -4.296371719999999943e-03 6.338532959999999827e-02 -4.281034830000000208e-02 -2.205221220000000079e-02 9.646835930000000059e-02
1.707634319999999946e+02 5.279198150000000145e-02 -1.834453850000000068e-03 6.981314710000000034e-02 -5.209875419999999979e-02 -2.213880160000000069e-02 5.188024179999999735e-02
1.734584949999999992e+02 6.189452139999999936e-02 1.283117189999999960e-03 7.357491230000000326e-02 -2.394380080000000147e-02 -1.322490349999999940e-02 1.910323309999999858e-02
1.761518069999999909e+02 5.809017949999999847e-02 2.454524170000000217e-04 7.112558519999999385e-02 -4.943296110000000229e-03 -3.586869189999999930e-02 3.137075610000000098e-02
1.788478379999999959e+02 6.349477570000000570e-02 -3.978805620000000313e-03 7.099272939999999588e-02 -9.243449869999999713e-04 -4.148786899999999667e-02 3.770557730000000021e-04
1.815546510000000069e+02 6.348314480000000204e-02 -1.005332689999999946e-02 6.912963110000000522e-02 -1.355772629999999965e-02 -8.042180499999999205e-03 -2.483228120000000039e-03
1.842541200000000003e+02 6.188849009999999873e-02 -5.738352979999999937e-03 7.409721319999999778e-02 1.374363590000000045e-02 4.372182239999999886e-02 -8.167301619999999332e-03
1.869600100000000111e+02 6.132412949999999779e-02 -5.348304140000000213e-03 7.894454730000000087e-02 -6.668485810000000270e-03 6.577816379999999741e-02 -3.242146100000000038e-03
1.896631820000000062e+02 5.930938449999999945e-02 -1.260087640000000057e-02 7.259980189999999667e-02 2.522341699999999798e-03 3.746537290000000187e-02 5.514611950000000012e-02
1.923625419999999906e+02 6.178404220000000002e-02 -1.186185839999999957e-02 7.046717510000000129e-02 1.085276249999999991e-02 -2.403137149999999903e-02 4.161898900000000207e-02
1.950638700000000085e+02 6.406242180000000508e-02 -8.632799119999999549e-03 6.463282210000000083e-02 -1.896020920000000137e-02 1.052237879999999917e-02 3.013890240000000054e-02
1.977690259999999967e+02 6.762193760000000109e-02 -1.150436649999999998e-02 6.103880379999999939e-02 -3.684318479999999785e-02 -1.100951579999999951e-02 2.089409390000000061e-02
2.004652450000000101e+02 6.634715080000000431e-02 -7.128536119999999941e-03 5.591415040000000114e-02 -2.687100190000000100e-03 -7.140995109999999368e-02 -2.556725580000000081e-02
2.031614950000000022e+02 6.916302080000000241e-02 -4.707034560000000062e-03 6.472285630000000622e-02 -4.461107329999999815e-02 -3.705342529999999801e-02 -3.153028480000000244e-02
2.058625099999999861e+02 7.083960790000000396e-02 -1.744675019999999922e-03 6.587847080000000521e-02 -6.740147639999999329e-02 1.939405439999999925e-02 -1.184392480000000074e-03
2.085573379999999872e+02 6.965405280000000476e-02 -5.303306660000000217e-04 6.516746369999999733e-02 -3.403720779999999668e-02 3.643254110000000018e-02 9.032357019999999459e-03
2.112576510000000098e+02 6.845280500000000545e-02 -1.109375589999999929e-03 6.663331200000000010e-02 -2.020464240000000022e-02 1.893843159999999970e-02 -5.725767209999999691e-02
2.139543380000000070e+02 6.477298739999999555e-02 -3.729344989999999836e-03 7.206827849999999924e-02 2.565111919999999920e-02 4.404014779999999851e-02 -1.075391110000000067e-01
2.166550259999999923e+02 6.646043510000000654e-02 -4.930215630000000029e-03 6.797951439999999623e-02 7.292386339999999689e-02 -6.000325410000000026e-03 -6.163354530000000192e-02
2.193616670000000113e+02 6.409025979999999345e-02 -1.099468680000000032e-02 6.174168740000000183e-02 7.376039830000000186e-02 -5.031525810000000293e-02 -2.127056800000000011e-02
2.220595099999999888e+02 6.612286639999999382e-02 -7.522996080000000224e-03 6.050214680000000345e-02 4.761806880000000325e-02 -7.607659379999999472e-02 -2.935687739999999837e-02
2.247673699999999997e+02 6.652934959999999565e-02 -2.793703880000000198e-03 6.022504280000000321e-02 -2.159839049999999830e-02 -2.143271979999999965e-02 -1.496178190000000026e-03
2.274597129999999936e+02 6.177196690000000268e-02 -4.814609289999999785e-03 6.472678049999999739e-02 -4.555106400000000222e-02 4.279057160000000054e-02 -1.823428950000000048e-02
2.301599480000000142e+02 6.562790559999999440e-02 1.287076160000000073e-03 6.718536649999999610e-02 -2.463853649999999881e-02 1.434862219999999931e-02 3.268623290000000070e-02
2.328604009999999960e+02 7.314253499999999464e-02 3.112986339999999821e-03 7.149860639999999767e-02 2.513716640000000194e-04 3.639995809999999749e-02 6.640277199999999880e-02
2.355532129999999995e+02 7.058166100000000387e-02 2.505424269999999808e-03 6.385288399999999864e-02 5.866563579999999750e-02 2.386597520000000028e-02 7.037252729999999602e-03
2.382510570000000030e+02 7.374069749999999368e-02 5.071981429999999728e-03 6.815688030000000008e-02 6.840729789999999699e-02 -1.914017789999999941e-02 1.827570900000000109e-02
2.409449170000000038e+02 6.927802040000000106e-02 1.051404419999999937e-02 6.696403019999999651e-02 4.473664790000000252e-02 -5.192401489999999911e-03 6.877731869999999768e-03
2.436438070000000096e+02 6.888950420000000685e-02 4.861139429999999581e-03 7.192100179999999510e-02 1.830913149999999906e-02 3.259731820000000280e-02 -1.119713259999999960e-02
2.463362759999999980e+02 6.110028969999999754e-02 3.001637790000000021e-03 7.132757520000000684e-02 -2.274303709999999853e-02 5.462240489999999754e-02 -3.263907439999999896e-03
2.490409319999999980e+02 6.231450670000000108e-02 4.592729499999999992e-03 7.742878920000000054e-02 -5.910006560000000131e-02 3.483257029999999727e-02 2.334967489999999896e-02
2.517331509999999923e+02 6.799770489999999723e-02 3.795694510000000195e-03 7.492153699999999639e-02 -2.541536809999999855e-02 1.740589470000000055e-02 -3.233144379999999818e-02
2.544366669999999999e+02 6.757372979999999585e-02 3.677337960000000208e-03 7.729520530000000278e-02 4.964217719999999660e-03 4.493994190000000222e-02 -1.999153899999999914e-02
2.571329170000000204e+02 6.473788319999999874e-02 6.606669570000000234e-03 7.128981269999999648e-02 1.025792430000000005e-01 4.532627210000000038e-03 -6.338756099999999678e-03
2.598333539999999857e+02 6.635925600000000535e-02 8.927979250000000686e-03 6.019031090000000195e-02 1.447045909999999935e-01 -1.596531489999999942e-02 2.020223780000000163e-02
2.625257920000000240e+02 6.712425850000000582e-02 7.859748470000000459e-03 4.526240780000000130e-02 7.666678579999999799e-02 -2.334173729999999836e-03 2.371073619999999882e-02
2.652267600000000130e+02 6.727798969999999878e-02 1.446933069999999967e-02 2.536339610000000119e-02 1.320318709999999951e-02 1.489585899999999914e-02 3.437400969999999945e-02
2.679202480000000151e+02 7.156677370000000260e-02 6.639171220000000123e-03 4.751352969999999946e-03 5.056491930000000384e-03 -1.380292969999999918e-02 1.316719059999999983e-02
