# a=0.0637336249061806, b=-140.89838897487567, c=0.002611019973345055, xi=17.24129476934538
6.695563190000000109e-01 7.842531540000000079e-02 -2.307370100000000028e-03 2.374736920000000001e-02 4.197262110000000296e-02 6.032759210000000413e-03 -1.692613450000000084e-03
3.378012019999999893e+00 7.429884119999999315e-02 6.837112749999999829e-03 2.501089780000000096e-02 -7.263656260000000107e-03 1.385016839999999964e-02 -2.450151949999999912e-02
6.074784359999999772e+00 7.990907340000000247e-02 -3.546780920000000038e-03 1.420242749999999984e-02 1.619571939999999918e-02 1.197196799999999950e-02 -3.121904260000000000e-02
8.778953899999999422e+00 7.432744950000000350e-02 2.610218320000000109e-03 -6.970583150000000082e-03 3.714271040000000166e-03 -8.089217019999999161e-03 -4.043797329999999912e-02
1.147457589999999961e+01 7.034470510000000176e-02 1.812738460000000050e-03 -2.063155620000000148e-02 3.730831589999999975e-02 -2.552948080000000050e-02 -2.795429199999999864e-02
1.418267280000000063e+01 6.389507290000000228e-02 -7.637453919999999787e-04 -3.208402429999999972e-02 2.793258809999999911e-02 -2.078147970000000094e-02 -4.172182480000000138e-02
1.687936970000000159e+01 5.738222949999999961e-02 -8.836952869999999474e-03 -5.350438739999999888e-02 5.097813930000000271e-02 6.471016799999999847e-03 -1.380849559999999983e-02
1.958248999999999995e+01 4.733772099999999927e-02 -7.342885680000000486e-04 -5.685500179999999903e-02 1.631247900000000126e-02 -2.907764729999999867e-02 -5.344264399999999748e-03
2.229635869999999898e+01 4.691182530000000128e-02 -7.432253619999999901e-03 -6.749508079999999577e-02 -1.062009319999999979e-02 -9.671091309999999344e-03 -9.504493249999999838e-02
2.498941190000000034e+01 5.213724470000000166e-02 -8.909150620000000353e-03 -7.267133759999999665e-02 4.280623979999999967e-02 3.146804369999999657e-02 -4.401051019999999842e-02
2.770127439999999908e+01 5.493197949999999857e-02 -4.786982480000000206e-03 -6.952365950000000128e-02 -1.195923190000000060e-02 5.138494300000000063e-03 -6.320503550000000637e-02
3.040511499999999856e+01 6.380211280000000484e-02 -6.564523780000000412e-03 -6.902582529999999605e-02 2.789544470000000081e-02 -3.506928720000000027e-02 1.330257070000000034e-02
3.310123370000000165e+01 6.129912269999999996e-02 -6.842237979999999699e-03 -5.456677969999999822e-02 3.018887979999999860e-02 4.672711000000000399e-03 2.066969100000000045e-02
3.579404939999999868e+01 5.979319749999999906e-02 -9.128367510000000642e-03 -4.685198840000000253e-02 5.203824759999999688e-02 9.415085420000000177e-03 -7.336549650000000374e-03
3.849739309999999648e+01 6.265679000000000387e-02 -6.872247950000000272e-03 -4.511439800000000000e-02 -2.906646350000000045e-02 3.731164700000000334e-02 -3.075507450000000004e-02
4.118796189999999768e+01 7.026096199999999625e-02 -6.059012219999999893e-03 -4.470658140000000058e-02 8.084206079999999711e-03 4.150188230000000089e-02 -5.101723820000000215e-02
4.389094620000000191e+01 8.204075389999999912e-02 -4.223827720000000144e-04 -5.193311240000000190e-02 7.348484420000000452e-04 1.756140239999999866e-02 -3.164122230000000063e-02
4.658846659999999673e+01 7.712499979999999644e-02 2.519828259999999935e-04 -4.437635069999999737e-02 2.569282919999999956e-02 -2.227289669999999843e-03 4.622258619999999874e-02
4.928499159999999790e+01 7.237203059999999799e-02 -4.907833779999999819e-03 -3.451707779999999698e-02 -8.738955209999999668e-03 -1.650480400000000139e-02 2.584735310000000133e-02
5.198169000000000040e+01 7.417380519999999811e-02 -8.889908170000000373e-03 -3.957896980000000231e-02 -2.337981269999999875e-02 -2.056180309999999963e-03 2.699659739999999905e-02
5.468193060000000116e+01 6.969331450000000594e-02 -1.788718089999999979e-03 -4.482813149999999996e-02 1.931011239999999921e-02 -3.508776809999999968e-02 5.882597950000000020e-02
5.738408840000000311e+01 5.997885890000000109e-02 -1.736142069999999918e-03 -4.460205849999999972e-02 1.092758490000000048e-02 3.605451350000000305e-02 3.878732210000000041e-02
6.009100250000000187e+01 5.949903289999999845e-02 7.686593650000000250e-03 -5.733045739999999973e-02 3.515293249999999758e-02 2.497731809999999969e-02 1.990653330000000110e-02
6.278651190000000071e+01 6.946260390000000284e-02 1.031556770000000055e-03 -4.353794150000000335e-02 1.608173530000000032e-02 2.222767939999999859e-02 -8.276575300000000310e-04
6.549262899999999377e+01 6.521484769999999487e-02 6.063261050000000362e-04 -4.569636569999999814e-02 -3.717446950000000139e-02 -1.357043729999999953e-03 3.256015279999999873e-02
6.817894160000000170e+01 6.915802359999999316e-02 -4.329887820000000338e-03 -4.653081399999999673e-02 -3.071254920000000138e-02 -2.977914480000000159e-03 -1.557659169999999968e-02
7.088702279999999689e+01 6.338260280000000690e-02 -3.072656439999999975e-03 -5.343911550000000205e-02 -8.544636170000000086e-02 2.517433209999999852e-02 -3.213593199999999900e-02
7.358120719999999437e+01 5.474582010000000193e-02 -6.239779860000000018e-03 -5.902721369999999745e-02 2.278578079999999968e-03 9.330466069999999654e-03 -4.350276880000000096e-02
7.628130720000000053e+01 4.070506749999999729e-02 -4.089911459999999790e-03 -6.724971659999999518e-02 3.070426069999999952e-02 3.264488859999999798e-02 7.992415629999999327e-03
7.899094159999999931e+01 3.811790810000000029e-02 1.249200659999999971e-03 -6.735736489999999410e-02 4.561340939999999899e-02 6.821097400000000494e-04 3.185792750000000090e-02
8.169843219999999917e+01 4.639679409999999948e-02 -7.367995710000000212e-03 -6.638551769999999352e-02 2.086100249999999975e-02 -3.881720059999999722e-02 3.228547959999999994e-02
8.441022440000000415e+01 5.262390580000000234e-02 -4.914442590000000013e-03 -5.953681589999999801e-02 -5.422649199999999940e-03 5.405750360000000261e-03 1.634713679999999850e-02
8.711278690000000324e+01 4.896227639999999742e-02 -7.118499549999999891e-03 -5.866592620000000285e-02 -2.955551229999999960e-02 7.763229580000000248e-03 1.145008779999999969e-02
8.980760089999999707e+01 4.740925759999999739e-02 -6.388402229999999571e-03 -6.274946000000000690e-02 -1.032563719999999956e-02 2.930334969999999831e-02 -1.692173639999999986e-03
9.251695410000000663e+01 5.279996170000000183e-02 -1.142077640000000067e-02 -6.828310490000000232e-02 -1.907259310000000013e-02 1.063785280000000000e-02 -3.671362699999999868e-02
9.522121500000000083e+01 5.138582740000000038e-02 -9.778002339999999556e-03 -6.101000599999999857e-02 -1.428142930000000053e-02 -1.382197159999999994e-02 -1.340539540000000064e-02
9.793170720000000529e+01 4.942383770000000065e-02 -1.390018579999999920e-02 -5.237587839999999911e-02 -9.839414419999999509e-03 -2.018998259999999975e-02 9.497723339999999959e-03
1.006386040000000008e+02 5.337589229999999824e-02 -7.405784149999999726e-03 -5.561772830000000223e-02 -7.488066570000000144e-02 -2.941278180000000009e-03 -1.397905650000000072e-03
1.033383539999999954e+02 5.977154340000000177e-02 -7.027090350000000062e-03 -6.087267789999999817e-02 -1.219943019999999989e-02 -4.889775150000000336e-04 1.822229179999999837e-02
1.060301819999999964e+02 6.575862270000000509e-02 -1.224158820000000036e-02 -5.875731170000000197e-02 1.202073280000000082e-03 1.347659569999999987e-02 3.345659969999999900e-02
1.087368069999999989e+02 6.766602310000000009e-02 -8.850441000000000558e-03 -6.036691920000000072e-02 -2.400179209999999883e-02 -1.489632800000000035e-02 1.611597080000000057e-02
1.114348700000000036e+02 6.412081120000000245e-02 -1.747544290000000106e-03 -6.088623099999999899e-02 1.037118740000000060e-02 -2.545924780000000109e-02 2.106808960000000012e-03
1.141395420000000058e+02 6.054588899999999857e-02 3.611528020000000054e-03 -5.707596670000000122e-02 -3.599081999999999976e-02 -1.980839969999999978e-02 -3.740441750000000204e-03
1.168414319999999975e+02 5.722194070000000132e-02 8.897035689999999164e-03 -5.436928159999999954e-02 1.097926660000000075e-02 -3.980172159999999931e-02 -3.477686480000000135e-02
1.195405879999999996e+02 6.497704619999999931e-02 5.113697969999999975e-03 -5.731964779999999815e-02 -4.034781419999999841e-02 -1.399695599999999963e-02 -3.924646990000000006e-04
1.222362760000000037e+02 6.819495920000000211e-02 1.068439049999999994e-02 -5.162004070000000139e-02 4.423796769999999851e-02 3.205014169999999968e-02 -2.298112619999999849e-03
1.249276509999999973e+02 6.946846060000000378e-02 1.577947650000000035e-02 -4.501585350000000124e-02 1.743647110000000073e-03 -1.318636509999999984e-02 1.924054089999999856e-02
1.276386980000000051e+02 7.322474160000000398e-02 1.367695000000000022e-02 -3.066591969999999875e-02 2.185426010000000169e-02 -2.455717509999999840e-02 -1.752587569999999872e-02
1.303359010000000069e+02 7.256777189999999433e-02 1.897437849999999981e-02 -2.876964439999999887e-02 -2.413199240000000057e-04 -2.607155400000000026e-02 -2.923789640000000120e-02
1.330363539999999887e+02 8.180489039999999656e-02 1.878822650000000136e-02 -2.480255870000000126e-02 5.730622590000000044e-02 8.527333870000000648e-03 -1.257807650000000027e-02
1.357360879999999952e+02 8.619685420000000597e-02 1.765623200000000087e-02 -2.170098310000000141e-02 3.677401300000000123e-02 -1.594912160000000120e-02 -1.227786590000000053e-02
1.384371040000000050e+02 7.621094069999999332e-02 1.287062850000000001e-02 -8.880871409999999480e-03 1.174736780000000015e-02 -5.163043929999999726e-02 -1.391857850000000106e-03
1.411272600000000068e+02 7.412266959999999627e-02 1.495140080000000038e-02 -5.948160080000000410e-04 -2.299524110000000093e-02 -1.231561490000000064e-02 1.083098889999999960e-02
1.438185729999999865e+02 7.650223250000000308e-02 5.609437400000000240e-03 2.418779899999999941e-02 -2.242702380000000106e-02 -5.248559230000000159e-02 -1.775853670000000079e-02
1.465145569999999964e+02 8.229865159999999458e-02 3.805391380000000198e-03 2.919125410000000115e-02 -2.657973300000000122e-02 -1.102679690000000004e-02 -2.161843440000000074e-02
1.492250099999999975e+02 7.547959890000000005e-02 6.704399740000000288e-03 4.060060630000000143e-02 -3.200611980000000328e-02 1.723917289999999866e-02 -1.158379300000000021e-02
1.519235879999999952e+02 7.741032820000000314e-02 -1.983997309999999993e-03 3.396487859999999803e-02 -1.739381500000000084e-03 3.569798150000000336e-02 -2.289716849999999873e-02
1.546104479999999910e+02 7.810573799999999400e-02 -5.655401800000000277e-03 3.942854610000000315e-02 -6.655830849999999806e-03 3.016742249999999903e-02 5.687981720000000185e-02
1.573248379999999997e+02 7.050095979999999873e-02 -1.027465399999999938e-02 3.717660779999999721e-02 2.239070300000000138e-02 1.876359429999999856e-02 3.382523259999999782e-02
1.600259320000000116e+02 6.893032209999999660e-02 -1.183961239999999950e-02 4.207758059999999745e-02 5.357283000000000010e-03 2.861802310000000071e-02 4.878620539999999756e-02
1.627354479999999910e+02 5.889720519999999682e-02 -7.900471620000000181e-03 5.146053159999999793e-02 -1.346064530000000078e-02 1.331694320000000042e-02 1.622464209999999922e-03
1.654418379999999900e+02 5.831204350000000064e-02 -1.513412069999999941e-03 5.823647299999999694e-02 -2.399929969999999892e-03 1.325783980000000070e-02 1.559195019999999945e-02
1.681424949999999967e+02 6.421234609999999787e-02 8.114169740000000365e-04 6.234171749999999762e-02 -9.077392150000000368e-03 1.514826709999999958e-02 -4.014965350000000016e-03
1.708494169999999883e+02 5.860057839999999879e-02 2.891009659999999905e-03 6.892689509999999631e-02 -2.714852729999999922e-02 6.004351140000000094e-03 -1.807949489999999965e-02
1.735415570000000116e+02 4.965247359999999666e-02 7.294831499999999622e-03 7.226659019999999434e-02 -3.123873649999999932e-02 -1.439494950000000037e-02 -2.767284739999999882e-02
1.762507449999999949e+02 5.408973450000000016e-02 9.421968969999999560e-04 6.567630469999999332e-02 2.314829670000000117e-02 -1.457694019999999924e-02 -1.914415129999999868e-02
1.789568380000000047e+02 4.546610549999999945e-02 -1.004663429999999927e-02 6.518470310000000489e-02 9.824203409999999331e-03 2.798564510000000130e-02 3.193500569999999789e-02
1.816647130000000061e+02 2.817756689999999925e-02 -2.363034530000000018e-03 7.554664079999999504e-02 1.508543790000000089e-03 3.006290480000000168e-02 1.950912109999999899e-04
1.843699630000000127e+02 1.968158509999999931e-02 -2.180724670000000129e-03 7.655200049999999479e-02 -1.800801909999999928e-03 -8.934390619999999644e-03 -1.838795060000000120e-02
1.870768380000000093e+02 1.662080770000000027e-02 5.771964709999999853e-03 7.599083950000000420e-02 2.065687030000000132e-02 -1.563229149999999928e-02 -6.316124340000000377e-04
1.897774320000000046e+02 1.852085960000000170e-02 1.044579560000000011e-02 8.690777260000000226e-02 -1.151729060000000054e-02 -3.776622360000000261e-02 4.713848319999999759e-02
1.924826199999999972e+02 2.209898639999999942e-02 8.661450140000000533e-03 8.459275839999999547e-02 1.797343469999999888e-02 -4.504490810000000289e-02 5.310299660000000060e-02
1.951758539999999869e+02 2.533702679999999888e-02 4.883346279999999963e-03 8.086545959999999478e-02 1.371360209999999968e-02 -3.996761840000000177e-02 3.317784079999999691e-02
1.978639479999999935e+02 2.164566119999999927e-02 1.403798619999999976e-02 7.773196590000000517e-02 4.454114989999999850e-03 -2.029121030000000103e-02 3.014899559999999895e-02
2.005686670000000049e+02 1.833543090000000139e-02 6.140512409999999976e-03 6.723543999999999354e-02 3.274478940000000171e-02 1.718207750000000020e-02 3.736972980000000111e-02
2.032644319999999993e+02 2.516865180000000049e-02 5.720060350000000238e-03 6.797718329999999365e-02 -2.815704990000000157e-02 1.967204820000000021e-02 2.925076190000000086e-03
2.059796509999999898e+02 4.881202479999999927e-02 7.803297760000000053e-04 5.148291709999999743e-02 2.025715729999999840e-02 4.133326450000000124e-02 2.644766819999999977e-03
2.086821979999999996e+02 6.425607569999999824e-02 3.707335490000000181e-03 6.092864299999999761e-02 1.074128759999999931e-03 1.586066469999999895e-02 -1.475576689999999989e-02
2.113779010000000085e+02 6.118055079999999701e-02 -1.097189049999999950e-03 5.615767459999999878e-02 6.337567260000000376e-03 -5.827099809999999880e-02 3.829844629999999694e-02
2.140840880000000084e+02 5.927083460000000248e-02 3.366935970000000181e-03 5.338706499999999744e-02 1.450130389999999998e-02 1.950035060000000070e-02 -8.757070849999999684e-03
2.167961510000000089e+02 5.856293230000000211e-02 1.037059750000000023e-02 5.496991410000000300e-02 2.099191609999999982e-03 3.044553369999999926e-02 9.497573530000000264e-02
2.195034479999999917e+02 6.247013249999999740e-02 1.022642340000000025e-02 5.549508799999999797e-02 8.780001989999999465e-03 1.589423350000000040e-02 4.952791279999999713e-02
2.222072919999999954e+02 5.940554829999999953e-02 6.318755720000000277e-03 6.245456089999999738e-02 -3.980151860000000381e-03 1.722496030000000150e-02 3.337171569999999865e-02
2.249088849999999979e+02 5.044034879999999971e-02 9.042929919999999691e-03 5.584184739999999841e-02 -4.377234950000000180e-02 2.998435929999999916e-02 -2.179591539999999831e-03
2.276096510000000137e+02 5.446594939999999802e-02 1.791262869999999882e-02 5.130041800000000041e-02 -3.868371419999999672e-02 8.261658289999999558e-03 -1.416994769999999938e-02
2.303041819999999973e+02 5.351964599999999711e-02 2.927798590000000103e-02 4.897357079999999779e-02 -1.674895560000000047e-02 1.118067260000000021e-02 -4.337481130000000323e-02
2.329984169999999892e+02 6.233622040000000308e-02 2.548035909999999890e-02 3.719383829999999697e-02 -4.321594950000000324e-02 2.448116389999999837e-02 -3.627046999999999910e-02
2.356951819999999884e+02 6.109468490000000140e-02 2.773846580000000062e-02 3.875382339999999814e-02 -3.365150599999999770e-02 3.557915949999999883e-02 -1.674385449999999873e-02
2.383881350000000054e+02 6.137463230000000242e-02 2.816431640000000014e-02 3.980332570000000292e-02 -3.093086180000000074e-02 1.323799479999999973e-02 -3.558255800000000024e-02
2.410803070000000048e+02 5.954145190000000032e-02 1.579879790000000145e-02 4.216892800000000135e-02 -3.309446900000000136e-02 -1.622817699999999988e-02 2.527833469999999846e-02
2.437836509999999919e+02 5.598467029999999733e-02 -2.055352710000000072e-03 4.156568399999999858e-02 -1.218108440000000015e-02 -3.540130799999999939e-02 -4.412909990000000310e-02
2.464873069999999871e+02 6.193620100000000323e-02 -1.185263549999999999e-02 5.109041219999999744e-02 -2.074259339999999854e-02 -1.574871989999999944e-02 -1.115165710000000018e-02
2.491864319999999964e+02 6.758264860000000318e-02 -1.023192669999999950e-02 4.844177589999999756e-02 -6.488031770000000399e-03 4.751599750000000053e-03 7.144120979999999885e-03
2.518949790000000064e+02 6.559696160000000331e-02 -5.054975679999999631e-03 4.694313239999999693e-02 -1.231452499999999978e-02 2.018081310000000017e-02 4.275626289999999961e-03
2.545916510000000130e+02 6.353529830000000100e-02 -1.270038979999999970e-02 4.445937440000000129e-02 -8.612625199999999689e-03 -1.115105190000000024e-03 1.085148309999999991e-02
2.572994630000000029e+02 6.967808059999999748e-02 1.487364260000000125e-04 4.784676370000000289e-02 -1.535699719999999990e-02 1.522302600000000061e-02 1.090574589999999998e-03
2.600013230000000135e+02 6.962156299999999742e-02 6.346377329999999817e-03 5.340183870000000249e-02 7.783138119999999729e-03 -4.254293779999999969e-02 1.916453530000000044e-02
2.626886200000000144e+02 6.977456379999999458e-02 1.235872860000000045e-02 4.684435189999999749e-02 -1.256634899999999923e-02 -1.395389619999999956e-02 4.634073109999999746e-02
2.653915259999999989e+02 6.798643590000000292e-02 7.942029830000000776e-03 4.638893229999999784e-02 1.987978339999999997e-02 -3.908593400000000273e-02 -2.974917620000000137e-02
2.680809360000000083e+02 7.717955099999999902e-02 1.213926220000000056e-02 3.412604009999999771e-02 2.939522710000000080e-02 -2.338730300000000165e-02 -3.645707240000000109e-03
