# a=0.06057850025281961, b=-133.5228252514445, c=0.005884244361425604, xi=10.70264849409092
6.766270229999999941e-01 7.089267979999999691e-02 -6.717057000000000236e-03 6.142489920000000075e-02 -1.138232689999999978e-02 -7.774235319999999588e-03 1.491011889999999986e-02
3.374824439999999814e+00 7.623407190000000555e-02 -7.837092570000000688e-03 5.660850180000000231e-02 -2.114332630000000102e-02 3.975234850000000306e-03 2.236460599999999868e-02
6.069446619999999903e+00 7.810525940000000167e-02 -1.467325899999999926e-02 4.444382959999999827e-02 2.906535960000000002e-02 4.437898669999999941e-04 -3.996185559999999685e-03
8.762881469999999950e+00 8.773308529999999938e-02 -1.669538270000000060e-02 2.209435729999999903e-02 5.332904410000000039e-02 -4.062361550000000089e-05 1.571516560000000076e-02
1.146089429999999965e+01 8.802213640000000616e-02 -6.402682150000000086e-03 -1.368411489999999872e-04 6.264229450000000088e-02 5.666266179999999812e-03 1.135433180000000077e-02
1.415358960000000010e+01 9.009036119999999648e-02 -8.358933359999999244e-03 -1.473777320000000009e-02 3.764247510000000296e-02 6.347830890000000226e-02 -1.418089760000000067e-02
1.684108960000000010e+01 8.554413190000000056e-02 -2.077637629999999885e-03 -3.565658099999999969e-02 5.159661050000000082e-02 3.332161720000000049e-02 -3.733991269999999835e-02
1.954564740000000000e+01 8.409223700000000024e-02 -4.490013200000000232e-03 -4.659029440000000272e-02 5.252840849999999839e-02 4.590964079999999836e-02 -5.633399769999999918e-02
2.223742550000000051e+01 7.791541000000000439e-02 -2.266000759999999784e-03 -6.033587890000000065e-02 4.183407880000000051e-02 1.847644570000000000e-02 -1.481239600000000024e-02
2.495020829999999989e+01 6.498971650000000266e-02 -5.423893390000000120e-03 -5.216371699999999834e-02 5.685575080000000031e-02 -1.341512779999999919e-03 -6.051187310000000034e-03
2.764666929999999923e+01 5.005708340000000062e-02 2.885674099999999999e-03 -6.198808199999999990e-02 3.634451639999999872e-02 -2.184397279999999997e-02 -2.778919590000000078e-02
3.035066769999999892e+01 5.600048020000000099e-02 1.065710960000000026e-04 -6.642458310000000365e-02 5.102267099999999861e-02 -2.553616670000000144e-02 -4.727827829999999704e-02
3.306695049999999725e+01 6.133379149999999835e-02 7.331717879999999701e-03 -6.405174019999999857e-02 -5.614940979999999892e-05 -3.962079500000000032e-02 -4.040944459999999683e-02
3.575801770000000346e+01 6.299315419999999832e-02 1.153070580000000074e-02 -5.477885639999999917e-02 6.139047239999999815e-03 -5.348344499999999752e-02 -8.929285159999999708e-03
3.847328799999999660e+01 4.921495570000000014e-02 1.386696209999999964e-02 -5.534792050000000158e-02 -3.730998669999999878e-02 2.174140110000000181e-03 9.324356400000000794e-03
4.116466929999999991e+01 3.990786000000000333e-02 1.264254029999999952e-02 -5.585739569999999959e-02 -1.720315100000000073e-03 1.384422710000000022e-02 1.542096379999999961e-03
4.387663649999999649e+01 4.360456480000000218e-02 4.988299239999999767e-03 -6.048544709999999908e-02 3.809818069999999779e-02 -6.671755630000000218e-04 -3.126975659999999685e-02
4.657703329999999653e+01 3.048301340000000165e-02 -7.682599569999999482e-04 -6.553997120000000509e-02 -2.394482350000000023e-02 5.832937820000000037e-03 4.416146860000000340e-02
4.929080369999999789e+01 3.152567059999999977e-02 -3.305799620000000015e-03 -6.157803440000000211e-02 2.757458869999999951e-02 2.745840360000000122e-03 7.359263369999999825e-03
5.198444119999999913e+01 4.140068890000000307e-02 -6.179085449999999896e-03 -5.894182519999999897e-02 4.464441209999999577e-03 -5.420049409999999797e-03 9.118000279999999985e-03
5.469998180000000332e+01 4.994211249999999658e-02 -6.695453310000000144e-03 -5.259200829999999965e-02 7.061680390000000043e-03 1.153076530000000065e-02 -3.761547020000000074e-02
5.740694580000000258e+01 4.597946609999999795e-02 -1.092188720000000085e-02 -6.109018299999999929e-02 -5.281420539999999789e-03 2.868714090000000147e-02 -2.996631389999999950e-02
6.010719269999999881e+01 4.270212689999999811e-02 -7.961641360000000500e-03 -6.624328270000000296e-02 -1.082906410000000069e-02 2.017150969999999960e-02 -3.286067899999999681e-02
6.281715990000000005e+01 5.545056539999999867e-02 -1.591146480000000044e-02 -5.338246750000000262e-02 -7.692987660000000054e-03 7.245218129999999798e-03 -3.278259559999999878e-02
6.551086460000000500e+01 6.071206920000000312e-02 -1.225486160000000034e-03 -4.084919859999999736e-02 -8.194566979999999556e-02 -1.882984749999999912e-03 1.702702799999999961e-02
6.820772549999999512e+01 7.056945870000000398e-02 -1.214924729999999941e-03 -3.828374059999999773e-02 -1.778101129999999945e-03 2.050982949999999999e-02 3.189039030000000163e-02
7.090820990000000279e+01 6.765778109999999457e-02 -1.428001979999999965e-04 -4.859546569999999982e-02 -4.457712540000000404e-03 9.878757780000000516e-03 -1.203898379999999990e-02
7.361645830000000501e+01 5.954506930000000309e-02 -3.405991269999999928e-03 -5.301484830000000037e-02 9.510030480000000730e-03 1.050028079999999926e-02 -1.734342590000000073e-02
7.632237870000000157e+01 5.526979559999999764e-02 4.316217459999999694e-03 -5.948507160000000155e-02 2.518082660000000098e-02 -1.333549979999999920e-02 -1.700036959999999889e-02
7.902664579999999717e+01 5.829879109999999698e-02 3.301371579999999844e-03 -6.179990199999999684e-02 -1.044667640000000036e-02 -2.773374090000000139e-02 7.059716550000000139e-03
8.173142239999999958e+01 6.389480940000000220e-02 5.563059549999999943e-03 -4.732209650000000073e-02 -2.540781449999999922e-04 -4.289821960000000239e-02 1.962611770000000089e-02
8.442067079999999635e+01 6.150582360000000220e-02 1.065269089999999925e-02 -4.732016339999999682e-02 1.581498760000000017e-02 -4.158813380000000309e-02 3.512609280000000139e-02
8.711561770000000138e+01 6.951348029999999956e-02 3.958979419999999680e-03 -4.396931109999999837e-02 1.105967679999999946e-02 2.043894259999999921e-02 5.708563409999999755e-02
8.981644430000000057e+01 7.626854800000000545e-02 4.630790079999999760e-03 -5.082577170000000116e-02 -2.378857050000000081e-03 1.397824309999999917e-02 8.436523669999999517e-03
9.250726299999999469e+01 7.298842310000000499e-02 5.473497330000000327e-04 -5.163911709999999960e-02 -1.678301739999999917e-02 1.186074760000000068e-02 1.513343619999999931e-02
9.520483489999999449e+01 6.282304369999999749e-02 -6.678575350000000299e-04 -5.656513369999999902e-02 -3.915265689999999910e-02 1.522021609999999955e-02 -3.672775999999999992e-03
9.790016769999999724e+01 5.586039889999999675e-02 4.729627010000000097e-03 -6.139821360000000117e-02 -2.574648829999999847e-02 -1.471372680000000016e-02 -3.717157439999999730e-02
1.006053430000000048e+02 5.313747619999999866e-02 4.518058870000000136e-03 -5.808284970000000130e-02 -2.094219920000000082e-02 -1.237286999999999935e-02 -4.150471160000000076e-02
1.032999829999999974e+02 6.111202660000000092e-02 9.468876120000000590e-03 -5.721630240000000200e-02 -1.472198979999999983e-02 3.367742950000000152e-02 3.982510639999999741e-02
1.060056399999999996e+02 5.234714339999999716e-02 6.602087470000000263e-03 -5.181496549999999729e-02 -4.475973639999999976e-02 3.666195270000000006e-02 5.600079990000000202e-02
1.087012959999999993e+02 4.731431049999999805e-02 2.934072480000000059e-03 -6.466006050000000505e-02 -5.537300359999999810e-02 1.052903929999999925e-02 2.051585510000000084e-02
1.114024359999999945e+02 4.946709230000000124e-02 5.784669779999999581e-03 -5.761011180000000231e-02 -1.404221110000000022e-02 -4.326806920000000195e-02 -3.880005639999999784e-03
1.140968110000000024e+02 5.273708729999999900e-02 6.861972120000000425e-03 -5.563168570000000257e-02 1.443235820000000023e-02 -9.305064929999999797e-04 3.819631210000000009e-03
1.167999520000000047e+02 5.524429499999999882e-02 9.752479019999999582e-03 -6.050449310000000080e-02 -3.270441370000000056e-03 1.844799499999999828e-02 -3.512450570000000272e-02
1.194977959999999939e+02 5.929346630000000007e-02 1.246359269999999971e-02 -5.032389140000000094e-02 2.188817560000000037e-02 2.941687559999999965e-02 -1.810720450000000148e-02
1.221890769999999975e+02 6.322016060000000548e-02 6.754615040000000112e-03 -4.372668760000000127e-02 -3.505204299999999801e-02 9.640890839999999296e-03 3.747613160000000127e-03
1.248841709999999949e+02 7.427552950000000653e-02 8.277116189999999402e-03 -3.243829289999999865e-02 6.474915349999999827e-03 2.218992250000000055e-02 -4.715447159999999749e-02
1.275800459999999958e+02 6.830521230000000110e-02 -3.696117369999999888e-03 -2.305891950000000037e-02 1.550845120000000042e-02 4.107237109999999775e-02 -3.766988059999999694e-02
1.302900769999999966e+02 6.846308280000000523e-02 7.855368099999999435e-05 -1.213326479999999978e-02 5.223100929999999892e-02 6.023187769999999858e-02 -3.964126230000000056e-03
1.329898430000000076e+02 6.552095550000000546e-02 -2.026927759999999981e-03 1.211150789999999909e-03 -3.609722550000000075e-03 3.348236789999999713e-02 2.086121520000000160e-02
1.356969829999999888e+02 6.407231589999999588e-02 -1.390213269999999903e-04 2.257323959999999949e-02 2.115522970000000003e-02 3.629647550000000139e-02 -3.404352800000000085e-03
1.383990770000000055e+02 7.616036689999999831e-02 5.923665350000000170e-03 3.622554559999999896e-02 -1.415413079999999942e-02 3.278349319999999956e-02 -4.592450690000000370e-03
1.411044050000000141e+02 7.186062699999999637e-02 7.827924809999999359e-03 5.318696099999999788e-02 2.672136069999999849e-02 -5.768028470000000074e-02 -1.177392839999999961e-02
1.438037490000000105e+02 6.628434310000000385e-02 8.429168779999999389e-03 4.650657440000000031e-02 4.711667929999999865e-03 -2.186285519999999968e-02 -1.050919059999999919e-02
1.465054519999999911e+02 5.469168139999999734e-02 6.775873259999999794e-03 3.869526909999999875e-02 1.615526649999999946e-03 -4.442498710000000045e-02 -8.633256809999999976e-03
1.492095769999999959e+02 5.101075549999999764e-02 9.358304910000000282e-03 4.508376079999999730e-02 2.256404550000000019e-03 -1.542054040000000008e-02 -4.699039289999999702e-02
1.519181710000000010e+02 4.518906820000000157e-02 1.532595619999999915e-02 6.419873750000000545e-02 8.686462849999999902e-03 9.971631230000000713e-04 -1.535602720000000046e-02
1.546167179999999917e+02 5.452787530000000049e-02 1.031034559999999961e-02 6.138228589999999985e-02 4.268284070000000381e-03 1.344902019999999997e-02 -3.217940749999999989e-02
1.573091080000000090e+02 6.184480109999999919e-02 1.537218909999999925e-02 6.826068289999999428e-02 -3.348600399999999977e-02 -1.021644080000000052e-02 5.830076370000000091e-02
1.600161400000000071e+02 5.498027330000000018e-02 1.015155639999999922e-02 5.965106430000000071e-02 -2.405383740000000166e-03 -1.703504880000000082e-02 1.867833779999999999e-02
1.627107799999999997e+02 4.068068970000000145e-02 1.945851869999999997e-02 6.242781659999999816e-02 -1.851631540000000034e-02 -2.673431000000000071e-02 2.737102010000000071e-02
1.654078900000000090e+02 4.401526199999999944e-02 1.067220349999999963e-02 6.376298230000000677e-02 -1.749168099999999851e-02 -3.136258349999999917e-02 1.887009480000000072e-02
1.681154209999999978e+02 3.830331260000000015e-02 5.915461549999999867e-03 6.479826739999999807e-02 7.229738450000000247e-03 -5.512635600000000136e-02 -1.035903190000000019e-04
1.708192799999999920e+02 3.918700809999999674e-02 1.794929370000000052e-03 7.472242110000000548e-02 -1.395176989999999916e-02 -3.436196889999999782e-02 -3.082376079999999893e-02
1.735079519999999889e+02 3.845106620000000169e-02 9.025870130000000421e-03 6.778848490000000115e-02 -3.748017819999999948e-03 -3.078680140000000180e-03 1.699093029999999838e-02
1.762049680000000080e+02 4.854958999999999664e-02 3.417701869999999979e-03 6.689056979999999375e-02 7.863566950000000326e-04 2.891307959999999885e-02 -1.966449959999999955e-02
1.789020299999999963e+02 5.243352989999999769e-02 5.218266420000000107e-03 6.015934230000000160e-02 -1.032360769999999921e-02 2.626268379999999875e-02 -1.460073679999999985e-02
1.815956079999999986e+02 5.156606650000000042e-02 4.386407180000000301e-03 6.395708540000000220e-02 1.918560169999999898e-02 1.243486270000000032e-02 -3.910005929999999658e-02
1.843080300000000022e+02 4.001683479999999793e-02 -3.214945940000000016e-03 6.998442950000000051e-02 1.833709459999999930e-02 4.656775669999999728e-02 -2.323043539999999907e-02
1.870125459999999862e+02 3.201320869999999680e-02 -9.778393180000000823e-03 7.111301070000000668e-02 1.256447270000000081e-02 1.806613049999999943e-02 -4.942362940000000204e-02
1.897311860000000081e+02 1.790696259999999956e-02 -1.378010990000000033e-02 7.034916019999999659e-02 9.302864250000000834e-03 6.008092279999999868e-02 -2.658594460000000131e-02
1.924219209999999975e+02 8.324072289999999777e-03 -1.248036339999999966e-02 7.835009149999999645e-02 -1.550826790000000080e-02 3.738731549999999709e-02 -1.546372619999999976e-02
1.951164829999999881e+02 1.209192559999999923e-02 -6.344377059999999763e-03 8.404790169999999672e-02 1.791396430000000151e-02 -2.263216029999999893e-02 -5.473085259999999758e-02
1.978341550000000097e+02 1.783185030000000032e-02 -1.791132410000000064e-03 8.604917859999999807e-02 6.836843219999999555e-02 2.869485150000000012e-02 3.279955340000000052e-02
2.005260150000000010e+02 3.470008179999999748e-02 -1.849014609999999901e-03 7.484335020000000560e-02 1.705489040000000150e-02 2.746232040000000027e-02 5.271657619999999683e-02
2.032453429999999912e+02 4.325274650000000137e-02 -5.348165119999999731e-03 7.407074980000000197e-02 3.480187230000000159e-02 2.864537810000000045e-02 5.008685069999999767e-02
2.059366860000000088e+02 5.575161440000000329e-02 -7.314080270000000369e-03 7.110028849999999734e-02 -1.770262920000000018e-02 -1.409177269999999961e-02 2.024161060000000123e-02
2.086423739999999896e+02 6.090331449999999980e-02 -9.208648689999999679e-03 5.967469229999999847e-02 -7.502698529999999970e-03 -2.203932839999999879e-02 3.083668939999999886e-02
2.113347180000000094e+02 5.902810070000000242e-02 -1.898556560000000046e-02 5.377236440000000145e-02 2.254278470000000041e-03 5.657723519999999576e-03 -1.570714260000000140e-02
2.140389680000000112e+02 5.600838489999999947e-02 -2.019676009999999897e-02 5.695818810000000121e-02 -2.498115520000000062e-02 -3.342665110000000300e-02 1.227989170000000005e-02
2.167471400000000017e+02 6.423932159999999614e-02 -1.980246160000000144e-02 5.952028869999999999e-02 3.516801320000000064e-02 1.341145269999999973e-02 2.201051050000000023e-02
2.194467649999999992e+02 4.952167729999999712e-02 -1.718524589999999991e-02 5.378280779999999872e-02 1.102657980000000017e-02 3.061933290000000071e-02 1.374250789999999917e-02
2.221486240000000123e+02 4.653309540000000188e-02 -1.235985749999999987e-02 5.509408670000000285e-02 4.127154029999999946e-03 -2.205988600000000077e-03 -2.430436790000000107e-03
2.248492489999999862e+02 5.137040810000000068e-02 -7.632026089999999728e-03 6.778098059999999869e-02 -1.160020060000000082e-02 1.510685999999999973e-02 -1.350198720000000095e-03
2.275493580000000122e+02 5.836927120000000302e-02 -8.742522219999999955e-03 7.518549119999999586e-02 -1.434402610000000064e-02 -3.004395810000000107e-04 -2.029371090000000113e-02
2.302461399999999969e+02 5.744866240000000290e-02 -1.110809949999999949e-02 6.594410579999999966e-02 -3.123442140000000020e-02 1.261161059999999987e-02 -1.004395169999999912e-03
2.329396079999999927e+02 5.830092369999999996e-02 -2.652335489999999799e-03 6.750312799999999558e-02 -3.615845229999999771e-02 6.119335239999999961e-03 -5.437468249999999857e-03
2.356303430000000105e+02 6.147360419999999687e-02 2.391561930000000134e-03 6.890541309999999309e-02 -1.617662729999999952e-02 2.327731190000000006e-02 1.626585570000000161e-02
2.383314520000000130e+02 5.767745140000000298e-02 6.797705260000000069e-03 5.886468360000000205e-02 -1.005052560000000046e-02 -3.088738950000000094e-02 6.209106619999999951e-03
2.410367329999999981e+02 5.771697819999999785e-02 1.782549170000000127e-02 5.118555000000000327e-02 -3.930770810000000330e-03 6.136027940000000208e-03 -5.578183900000000320e-03
2.437364049999999907e+02 5.997871949999999952e-02 -7.626747780000000046e-03 5.780734480000000036e-02 -1.774197060000000034e-02 6.010926940000000350e-03 -3.044242319999999891e-02
2.464315770000000043e+02 6.256004399999999521e-02 -4.651237649999999911e-03 6.139769879999999735e-02 -2.072265319999999980e-02 -7.722448859999999846e-03 -1.458773529999999978e-02
2.491384989999999959e+02 6.263275420000000149e-02 -3.055312279999999880e-03 6.245517109999999816e-02 1.243555439999999984e-02 -1.780149929999999894e-02 1.175013899999999972e-02
2.518287489999999877e+02 6.589032760000000655e-02 -3.300439589999999875e-03 7.003540749999999371e-02 -5.661416259999999673e-03 -1.230552359999999984e-02 2.050336239999999907e-02
2.545320609999999988e+02 5.849913930000000262e-02 1.711551269999999963e-03 5.898545969999999944e-02 -4.435273990000000374e-03 3.391110729999999990e-02 1.611059559999999946e-02
2.572391400000000203e+02 5.397109430000000124e-02 2.525887499999999834e-03 5.712090909999999883e-02 -7.178426019999999824e-04 1.925399130000000078e-03 -2.061750810000000100e-02
2.599430300000000216e+02 5.604177319999999879e-02 1.295486520000000037e-02 5.236797430000000170e-02 6.299456079999999833e-03 6.927044119999999777e-03 2.658557660000000072e-02
2.626403270000000134e+02 5.447407910000000297e-02 9.995876370000000150e-03 5.697910719999999679e-02 -1.364462879999999920e-02 1.505037470000000072e-02 1.327365529999999932e-02
2.653380609999999820e+02 6.876455809999999780e-02 7.310094159999999848e-03 6.068007839999999681e-02 -1.595226480000000099e-02 2.529003590000000051e-02 -1.263015640000000016e-02
2.680411070000000109e+02 6.833134109999999817e-02 -3.803901859999999973e-04 4.836229110000000303e-02 -5.534923939999999987e-02 -3.518252969999999952e-02 -2.510520969999999880e-02
