# a=0.05958197499618121, b=-148.75522688428768, c=0.0016139026721815107, xi=7.2292669510262675
6.875880749999999653e-01 5.536740469999999747e-02 -2.017935209999999809e-03 6.652005639999999942e-02 -1.231839579999999962e-02 1.360761100000000036e-02 3.071822300000000196e-03
3.393173599999999901e+00 5.448717489999999747e-02 3.284792800000000193e-03 6.449488070000000683e-02 1.060722770000000013e-04 2.905406020000000054e-03 4.420319290000000040e-02
6.089094219999999780e+00 5.765532360000000245e-02 1.843990030000000092e-04 6.580117570000000582e-02 1.484113429999999942e-02 1.383257040000000077e-02 8.769692310000000435e-02
8.806261720000000182e+00 5.058917980000000175e-02 2.625652579999999871e-03 7.040244019999999936e-02 3.359141210000000238e-02 1.763691109999999951e-02 1.997788400000000131e-02
1.151396339999999974e+01 5.236970170000000008e-02 -5.622496980000000468e-04 6.660623799999999817e-02 3.519694770000000167e-02 7.709942180000000159e-03 4.889310010000000317e-02
1.421843220000000052e+01 6.146380500000000330e-02 8.459443930000000596e-05 6.159152240000000111e-02 3.176365879999999697e-02 -2.149370780000000106e-02 1.626446289999999850e-02
1.692228220000000150e+01 6.340247540000000515e-02 -3.414799010000000006e-03 5.707243490000000335e-02 8.536247040000000119e-03 1.046086369999999930e-03 4.155081430000000242e-02
1.961767589999999828e+01 6.051510410000000145e-02 -4.146432379999999591e-03 4.982768480000000083e-02 2.560597220000000035e-02 -1.345995690000000022e-02 4.234139490000000255e-02
2.230500089999999958e+01 6.432239400000000495e-02 -6.811750339999999605e-03 4.636378000000000027e-02 -8.599096049999999450e-03 -1.260886750000000077e-02 2.897972069999999942e-02
2.500105560000000082e+01 7.139417620000000630e-02 -3.817963609999999904e-03 3.753181419999999935e-02 -2.167312890000000145e-02 3.033751330000000052e-02 2.153242929999999843e-03
2.769645560000000017e+01 7.157728210000000035e-02 -1.314647839999999977e-02 3.123024040000000126e-02 -2.392899839999999834e-02 1.546928080000000046e-02 -2.004925960000000090e-02
3.038916030000000035e+01 7.372893129999999462e-02 -5.424603329999999612e-03 2.120587820000000012e-02 -1.519307240000000031e-02 4.863295699999999749e-02 -2.926194780000000023e-02
3.307645560000000273e+01 7.643192990000000075e-02 -8.484848439999999510e-05 1.215531149999999998e-02 -1.303152620000000081e-02 6.498654340000000135e-04 2.356006479999999889e-02
3.577418529999999919e+01 6.925821259999999369e-02 -9.806800169999999386e-03 1.258097259999999950e-03 -9.714506649999999494e-03 -1.366399710000000024e-02 -1.711067919999999937e-02
3.847124939999999782e+01 7.225771020000000544e-02 -6.894515539999999942e-03 -2.029716729999999844e-02 -2.108777540000000058e-03 2.836755909999999839e-02 1.812899559999999952e-02
4.116438060000000121e+01 7.400647019999999354e-02 -7.616187459999999854e-03 -4.069507029999999692e-02 -2.726020050000000153e-02 3.879953459999999771e-02 -5.608156779999999911e-04
4.387372909999999848e+01 6.158492460000000029e-02 -3.479165580000000060e-03 -5.132438050000000251e-02 -3.005385039999999841e-02 3.311298440000000343e-02 -2.582203439999999905e-02
4.657162280000000010e+01 5.914337690000000258e-02 -2.348177309999999966e-03 -6.027135659999999923e-02 6.767142999999999770e-03 -1.289401519999999919e-02 -2.108631559999999891e-02
4.925013839999999732e+01 6.721959900000000487e-02 -5.897483959999999872e-03 -5.761999760000000026e-02 -2.267955979999999871e-02 4.433081830000000327e-03 -3.603432919999999956e-02
5.195747130000000169e+01 6.567521669999999701e-02 -1.247216800000000049e-02 -5.482147750000000014e-02 1.770411859999999893e-02 -4.123298579999999658e-02 -1.794839739999999975e-02
5.464597750000000076e+01 6.620131719999999831e-02 -1.057350810000000016e-02 -5.910827660000000233e-02 -3.262820259999999872e-03 3.316468270000000156e-03 -4.816835170000000055e-02
5.735892750000000007e+01 6.123552029999999868e-02 -1.785241889999999998e-02 -5.987568139999999844e-02 2.111079830000000060e-02 -2.158690309999999890e-02 1.045701869999999915e-02
6.005642749999999808e+01 6.288519720000000646e-02 -1.378394049999999947e-02 -6.264110350000000327e-02 -2.235432650000000049e-02 -2.064122150000000100e-02 -3.154239179999999976e-02
6.275757749999999646e+01 6.242194350000000030e-02 -1.290112199999999924e-02 -5.518278780000000078e-02 3.538806629999999894e-03 3.278208359999999766e-02 -2.397519140000000173e-03
6.545195560000000512e+01 6.205080749999999923e-02 -8.190956879999999191e-03 -5.991226659999999982e-02 1.563277069999999898e-04 -2.857742989999999955e-02 4.665773810000000028e-03
6.814595250000000703e+01 6.219072870000000308e-02 3.990705759999999881e-04 -5.070588830000000158e-02 -3.716587600000000047e-02 2.176666420000000074e-02 3.392035099999999876e-03
7.085247130000000482e+01 5.584653729999999872e-02 -5.531401699999999831e-03 -5.326022739999999867e-02 -1.265434219999999992e-02 3.426039200000000062e-02 -2.210262920000000131e-02
7.355545410000000572e+01 5.559767239999999916e-02 -9.149032620000000643e-03 -5.054865129999999707e-02 -1.109858049999999999e-02 8.183654239999999316e-03 1.134836399999999967e-02
7.626263690000000395e+01 6.169271719999999681e-02 -5.128523949999999956e-03 -5.323475099999999682e-02 -2.222416929999999902e-02 2.417160729999999827e-02 -3.601388760000000244e-02
7.895573380000000441e+01 6.190556130000000185e-02 -4.475263200000000226e-03 -5.745447270000000189e-02 -9.441370450000000081e-03 4.665453729999999993e-02 -1.091601919999999996e-02
8.165996970000000488e+01 6.048329439999999835e-02 2.221676630000000204e-03 -5.870988299999999743e-02 1.058110940000000014e-02 -3.654486209999999874e-02 -1.385343120000000032e-02
8.436248840000000371e+01 5.397040759999999909e-02 -1.954786640000000068e-03 -5.840131760000000227e-02 -1.724451340000000138e-02 -1.776785380000000039e-02 -4.007099630000000162e-03
8.707310250000000451e+01 5.312521309999999886e-02 4.037973450000000193e-03 -5.995941359999999720e-02 2.671218969999999970e-02 2.700113850000000065e-02 -8.632384159999999251e-03
8.977769000000000688e+01 6.422828179999999498e-02 1.793861929999999993e-02 -4.952258050000000328e-02 8.321911330000000828e-03 2.425899449999999874e-02 -2.322232070000000009e-02
9.247204309999999339e+01 6.173455779999999921e-02 1.513573919999999969e-02 -4.190579299999999674e-02 -2.400443420000000078e-02 3.998108859999999903e-02 -4.666008590000000206e-02
9.517515410000000031e+01 6.560090960000000693e-02 1.074348460000000040e-02 -4.344156369999999795e-02 1.033061570000000026e-02 -5.253737500000000248e-03 -4.572293019999999764e-02
9.786767439999999851e+01 5.736490229999999940e-02 1.085705300000000062e-03 -4.747215300000000304e-02 -3.771192210000000062e-03 -1.264856609999999958e-02 -4.201123469999999693e-02
1.005771680000000003e+02 6.465483299999999489e-02 -8.834093979999999664e-04 -5.238959230000000272e-02 2.091805230000000002e-02 3.915669050000000068e-02 -3.136553289999999966e-02
1.032721990000000005e+02 6.464091010000000415e-02 -2.921251259999999971e-03 -6.132461460000000059e-02 -3.825596919999999911e-03 3.356563249999999776e-02 -8.239338359999999473e-02
1.059819490000000002e+02 4.818104119999999657e-02 5.176598860000000170e-03 -5.258621220000000290e-02 1.927086730000000109e-02 3.695317580000000157e-02 -3.830940940000000100e-02
1.086882460000000066e+02 4.059395689999999862e-02 8.373680460000000429e-04 -6.730512669999999531e-02 1.060428490000000015e-02 1.639648189999999908e-02 -1.036903079999999949e-01
1.113920739999999938e+02 4.745231099999999702e-02 5.263632820000000269e-04 -7.720488799999999929e-02 2.416414290000000117e-02 -2.066325759999999845e-02 -7.091513759999999722e-02
1.140753090000000043e+02 5.334075729999999960e-02 5.740361920000000041e-03 -7.848464210000000163e-02 5.112913000000000180e-03 8.807496550000000132e-03 -6.925733150000000504e-02
1.167839490000000069e+02 5.726538199999999662e-02 1.006200550000000034e-02 -5.970396640000000255e-02 1.135027639999999956e-02 -3.151659230000000006e-02 -1.563699160000000046e-02
1.194851060000000018e+02 5.890670800000000207e-02 9.884578329999999316e-03 -6.382462440000000181e-02 9.990877699999999376e-03 -1.040272289999999954e-02 -5.100016529999999715e-02
1.221894960000000054e+02 5.814380219999999710e-02 -3.116881169999999920e-03 -5.513036989999999665e-02 -2.610322649999999994e-02 -6.792307469999999889e-03 -4.581565779999999949e-02
1.248870430000000056e+02 4.182424159999999919e-02 -3.019458479999999855e-03 -6.023221160000000185e-02 1.728216169999999968e-02 -3.038618200000000116e-02 -3.654308030000000262e-02
1.275910429999999991e+02 4.716015490000000088e-02 -4.903376109999999649e-03 -6.128150019999999837e-02 4.502270399999999673e-02 -2.242914679999999817e-03 -4.029147190000000045e-02
1.302837150000000008e+02 6.426919159999999742e-02 3.692666990000000211e-03 -6.295422639999999348e-02 2.632355930000000038e-02 -3.432436789999999960e-02 -3.785821090000000139e-02
1.329934489999999983e+02 6.613450340000000260e-02 -4.894593580000000319e-03 -6.291059659999999332e-02 2.467914850000000118e-02 1.813107320000000022e-02 -4.017189709999999941e-02
1.356865589999999884e+02 6.151314759999999826e-02 7.286841649999999636e-03 -6.218553529999999718e-02 -2.245799780000000065e-02 2.456635299999999911e-02 -1.739630760000000081e-02
1.383819180000000131e+02 6.977811429999999926e-02 9.394983200000000048e-03 -5.376066930000000105e-02 -4.275483560000000426e-03 -4.638025480000000297e-03 -2.400420060000000091e-02
1.410768710000000112e+02 6.797077740000000146e-02 4.658492079999999869e-03 -4.155987010000000009e-02 -8.764714389999999147e-03 -5.828098729999999991e-03 -3.923638830000000105e-02
1.437809489999999926e+02 7.183705399999999741e-02 1.869406980000000093e-03 -3.838746760000000258e-02 -4.299524209999999909e-03 -2.378514469999999832e-03 -3.620582650000000319e-02
1.464841209999999876e+02 6.740054619999999441e-02 1.427422820000000085e-02 -1.247699820000000050e-02 -2.470920639999999932e-02 6.892368509999999976e-03 -1.107396870000000068e-02
1.491785120000000120e+02 7.044759450000000200e-02 1.616805379999999848e-02 7.594099150000000256e-03 -6.174152859999999798e-02 1.504716010000000000e-02 3.955120050000000137e-02
1.518752619999999922e+02 7.118968929999999751e-02 1.740330190000000110e-02 2.600814879999999857e-02 -6.126059019999999938e-02 -2.778749389999999805e-03 1.349120909999999873e-04
1.545667149999999879e+02 6.762386069999999638e-02 1.757703760000000129e-02 3.837638310000000136e-02 -2.512302749999999890e-02 -8.030075919999999159e-03 -2.933652330000000030e-02
1.572675279999999987e+02 6.940674959999999782e-02 1.805536409999999869e-02 4.572560409999999742e-02 -3.114033509999999949e-02 1.091240710000000030e-02 -5.815552150000000142e-02
1.599587929999999858e+02 6.118915910000000125e-02 4.910664730000000033e-03 5.543162129999999743e-02 -4.086159999999999792e-02 -2.525070990000000126e-02 -2.957049169999999977e-02
1.626553399999999954e+02 6.139068069999999849e-02 4.799759149999999739e-04 5.978020829999999841e-02 -2.360521310000000123e-02 -3.740335780000000193e-02 5.225130229999999654e-03
1.653559490000000096e+02 6.492886409999999719e-02 -9.194528069999999926e-04 6.136804919999999663e-02 -3.651538320000000115e-02 -7.526973969999999764e-03 2.822527240000000104e-02
1.680557929999999942e+02 6.777918539999999714e-02 -3.850264569999999834e-03 6.176188500000000248e-02 -7.062439170000000405e-03 8.427772729999999726e-03 5.279631609999999725e-02
1.707660899999999913e+02 5.686806490000000103e-02 -1.001684920000000048e-02 6.957532190000000061e-02 -2.701825589999999958e-02 2.733140249999999874e-04 4.802892820000000118e-02
1.734695739999999944e+02 5.796316180000000290e-02 -1.528414560000000005e-02 6.163796450000000315e-02 1.462839959999999960e-02 -4.723859529999999834e-02 5.146199600000000290e-02
1.761732309999999870e+02 5.263898899999999714e-02 -1.399706380000000083e-02 6.370666240000000258e-02 -9.345898769999999578e-03 -3.379106990000000157e-03 3.415661050000000191e-03
1.788799960000000056e+02 5.333494369999999818e-02 -1.469561129999999959e-02 5.695913810000000077e-02 -1.428361539999999964e-02 -1.263952110000000038e-02 -1.261762590000000024e-02
1.815873239999999953e+02 5.937151980000000134e-02 -3.147583729999999923e-03 6.117024260000000074e-02 -1.327810320000000037e-02 3.605181319999999773e-02 -2.625223910000000146e-02
1.842862930000000006e+02 5.717709409999999909e-02 -2.555293550000000118e-03 6.656951399999999630e-02 -1.880514499999999881e-02 -1.828559990000000121e-02 6.609101220000000027e-03
1.869913870000000031e+02 5.318553639999999694e-02 4.102141769999999646e-03 5.948520749999999802e-02 -3.082259990000000074e-02 -2.592776960000000089e-02 5.561738539999999675e-02
1.896965590000000077e+02 5.394766919999999938e-02 8.004772900000000149e-03 5.480305020000000166e-02 -2.695047979999999968e-02 -1.208108299999999941e-02 7.018152460000000314e-02
1.924028560000000141e+02 5.855392539999999812e-02 6.262355120000000219e-03 5.517528740000000181e-02 -4.684662369999999937e-02 -1.159895489999999973e-02 2.634587060000000147e-02
1.951106210000000090e+02 5.948029409999999739e-02 7.939399240000000538e-03 5.685620190000000018e-02 -4.762042040000000198e-02 -2.115692660000000058e-02 1.825271820000000031e-02
1.978114960000000053e+02 5.326976530000000071e-02 1.082624559999999930e-02 6.282158070000000427e-02 -4.721687249999999975e-02 -1.689412300000000047e-02 3.816239750000000042e-02
2.005141529999999932e+02 5.083988670000000321e-02 3.527194439999999966e-03 6.740040540000000191e-02 -3.971208839999999796e-02 2.518565609999999858e-02 -1.046088319999999988e-02
2.032127930000000049e+02 4.805932579999999676e-02 6.902742459999999802e-03 7.058412769999999892e-02 2.687043019999999990e-03 1.292141169999999964e-02 -1.181024299999999978e-02
2.059137460000000033e+02 4.776751099999999861e-02 3.724464939999999960e-03 7.221175529999999954e-02 -6.053070340000000181e-03 3.418506529999999766e-02 4.985754759999999793e-03
2.086218399999999917e+02 4.570924170000000009e-02 4.965564760000000001e-03 6.361033809999999677e-02 -5.571127719999999922e-02 -2.397115999999999830e-02 2.767074309999999898e-02
2.113204810000000009e+02 4.491995879999999969e-02 7.458328190000000288e-03 7.233905009999999636e-02 -3.988507220000000325e-02 -3.765770449999999818e-03 1.055128819999999988e-02
2.140222310000000050e+02 4.849457769999999945e-02 -4.011498530000000111e-03 8.036047920000000122e-02 -4.088103269999999838e-03 3.393802810000000336e-02 -4.187042600000000399e-03
2.167330120000000022e+02 5.589843130000000243e-02 3.462626309999999961e-03 6.919180449999999538e-02 -1.774844860000000107e-02 7.452333989999999735e-03 -8.308856539999999458e-03
2.194434489999999869e+02 5.402461859999999755e-02 -9.653968109999999962e-04 7.287878879999999671e-02 -8.269133759999999778e-02 -1.173556289999999960e-02 -3.368306979999999978e-02
2.221451989999999910e+02 4.626332889999999753e-02 -5.963721279999999701e-03 5.731340809999999758e-02 -6.630467950000000499e-02 3.041678629999999828e-02 -5.495558639999999911e-02
2.248376989999999864e+02 5.819533219999999812e-02 -8.038221249999999776e-03 6.011926060000000183e-02 -1.816711370000000103e-02 -2.427942359999999897e-02 -2.296601350000000014e-02
2.275399339999999881e+02 6.038507490000000200e-02 -2.290562370000000150e-03 6.148902020000000107e-02 -1.824190220000000045e-03 1.889798999999999949e-03 -2.899687829999999904e-03
2.302251210000000015e+02 5.956834689999999932e-02 -9.295693920000000499e-03 6.591479009999999528e-02 3.961502139999999866e-02 2.052962250000000058e-03 1.560100099999999976e-02
2.329166679999999872e+02 6.384228990000000159e-02 -6.551679460000000253e-03 6.387771609999999545e-02 -1.528726660000000008e-02 7.961920120000000323e-03 4.564315649999999697e-02
2.356293870000000084e+02 6.216575950000000073e-02 -1.089490079999999930e-02 6.013868149999999912e-02 -2.367131470000000126e-02 -5.049602230000000205e-03 3.703915499999999722e-02
2.383204029999999989e+02 5.488271869999999941e-02 -7.614826120000000274e-03 6.314429920000000362e-02 -6.588583400000000423e-02 8.161645979999999911e-03 4.286848909999999707e-02
2.410252930000000049e+02 6.297171310000000688e-02 -6.914521580000000146e-03 6.658716700000000266e-02 -4.131301119999999938e-02 1.764683800000000150e-02 1.419871529999999944e-02
2.437137309999999957e+02 6.870886280000000623e-02 -4.132992630000000348e-03 5.708140960000000069e-02 1.431772889999999906e-03 1.768319640000000012e-02 -1.505221810000000049e-02
2.464134029999999882e+02 6.000211619999999690e-02 -1.727029520000000025e-03 5.531292940000000213e-02 -3.461240890000000237e-02 -1.140220039999999962e-02 2.882995389999999918e-03
2.491101989999999944e+02 6.596149149999999683e-02 7.662295840000000503e-04 4.784501790000000171e-02 -3.811959759999999919e-02 2.847985940000000160e-02 -2.621495810000000135e-02
2.518159489999999892e+02 6.562435849999999349e-02 -4.670561999999999631e-03 4.922446049999999740e-02 -7.339936510000000247e-02 1.075921089999999983e-02 -3.129550729999999725e-02
2.545015119999999911e+02 5.458611490000000316e-02 1.863641440000000059e-03 6.020999939999999856e-02 -2.177478230000000001e-02 1.112051780000000017e-02 -1.284184960000000000e-02
2.572016990000000192e+02 5.722372950000000069e-02 -6.016400530000000357e-03 5.985631990000000319e-02 -6.267240009999999750e-02 1.882203600000000032e-02 1.923526149999999976e-02
2.599090899999999920e+02 5.537012820000000030e-02 -1.841131919999999984e-03 6.401737679999999764e-02 -5.914268579999999720e-02 -2.805900420000000117e-02 6.337202850000000186e-03
2.626099489999999719e+02 5.487131800000000226e-02 -3.918309180000000176e-03 5.582735440000000104e-02 -4.891600969999999882e-03 -1.268194760000000004e-02 -8.455553799999999606e-03
2.653139959999999746e+02 5.796512510000000062e-02 3.925532669999999731e-03 6.008096539999999847e-02 -1.471165719999999915e-03 -2.582446530000000011e-03 3.244868340000000087e-03
2.680219329999999900e+02 5.682620179999999660e-02 -1.130702240000000004e-02 5.933353689999999736e-02 -8.528914009999999379e-03 1.395120709999999892e-03 -1.367116089999999978e-02
