# a=0.05807139773820315, b=-139.77975223985018, c=-0.004265138067506674, xi=6.166473025446812
6.914714709999999487e-01 6.024031579999999941e-02 9.330930289999999575e-04 6.963207899999999950e-02 1.679672840000000006e-03 -1.099346990000000038e-02 3.578646240000000339e-02
3.393610910000000036e+00 5.534177280000000115e-02 7.511606439999999642e-03 6.427303989999999523e-02 -5.621800790000000027e-03 3.626752280000000023e-02 9.310811300000000623e-02
6.092137629999999859e+00 6.446226600000000417e-02 5.538761459999999581e-03 5.430125789999999675e-02 -1.921494539999999904e-02 2.167509689999999947e-02 6.747811089999999901e-02
8.791609810000000635e+00 6.528451759999999438e-02 1.666895469999999865e-02 4.439873750000000036e-02 1.143427219999999973e-02 1.418401510000000081e-02 2.488401609999999972e-02
1.147644670000000033e+01 6.741402629999999896e-02 9.111858440000000434e-03 3.390259699999999959e-02 -2.250710759999999949e-02 3.561400249999999851e-02 4.438001300000000288e-02
1.417695289999999986e+01 7.240918009999999794e-02 1.289995780000000036e-02 1.173487900000000014e-02 4.534087410000000110e-03 2.056824429999999995e-02 1.668825820000000113e-04
1.687659980000000104e+01 7.658829759999999376e-02 1.601761750000000109e-02 -5.079925069999999612e-03 -1.622610910000000031e-02 -1.668874529999999842e-02 1.035477320000000034e-02
1.958692639999999940e+01 7.287626469999999856e-02 1.455837689999999948e-02 -7.418629460000000266e-03 2.615702379999999914e-03 -1.659251330000000024e-02 -2.829502799999999985e-02
2.228627320000000012e+01 7.414784430000000148e-02 2.138036880000000056e-02 -1.128316820000000061e-02 2.005235329999999899e-02 4.308089729999999874e-03 2.537543550000000148e-02
2.499645449999999869e+01 7.956845760000000323e-02 1.860999699999999965e-02 -2.874396740000000061e-02 -5.620964230000000377e-04 -4.201519829999999850e-04 -1.280033070000000019e-03
2.769282330000000059e+01 7.864863360000000359e-02 1.469793879999999921e-02 -2.982538709999999968e-02 -4.004712240000000284e-02 -1.986419830000000011e-02 -4.833778020000000300e-03
3.040151230000000027e+01 7.800846190000000624e-02 7.199376050000000186e-03 -3.742532660000000289e-02 1.097929140000000053e-02 2.343585200000000094e-03 -6.447988590000000575e-02
3.309554039999999731e+01 8.041486670000000392e-02 1.343335149999999936e-02 -4.633386810000000161e-02 -5.595766289999999990e-03 2.656545930000000014e-02 -6.403172440000000354e-02
3.579531699999999717e+01 7.208449190000000562e-02 3.010269769999999838e-03 -4.729891869999999776e-02 2.149906990000000073e-02 8.013644470000000353e-02 -1.635378729999999864e-02
3.849186389999999847e+01 6.487193280000000395e-02 1.954243639999999867e-04 -6.198011359999999748e-02 2.467122050000000039e-02 3.345336010000000276e-02 -5.426452739999999830e-02
4.119843420000000123e+01 5.901071389999999750e-02 1.491104390000000043e-02 -5.581530430000000015e-02 -1.064999219999999969e-02 2.559003060000000079e-02 -3.314665940000000033e-02
4.390680609999999717e+01 6.293447239999999665e-02 1.245292599999999958e-02 -5.624273560000000310e-02 1.044473760000000015e-02 3.726980750000000175e-02 -8.525657570000000351e-02
4.660500290000000234e+01 7.069756850000000203e-02 1.038757489999999999e-02 -5.434433009999999759e-02 1.110274510000000027e-02 -1.765896269999999921e-02 -8.795655980000000040e-02
4.930079359999999866e+01 7.771087170000000321e-02 -3.972218950000000123e-04 -6.251073910000000400e-02 -1.711821239999999911e-02 5.400853409999999827e-03 -8.545203210000000549e-02
5.199893420000000077e+01 7.415023499999999490e-02 3.246060319999999853e-03 -5.127976719999999961e-02 1.098001070000000079e-02 2.084822579999999828e-02 -5.622551320000000047e-02
5.470086539999999786e+01 6.730505119999999342e-02 8.831990320000000089e-03 -5.759991860000000102e-02 1.003700809999999964e-03 2.248360890000000029e-02 -8.412504660000000301e-02
5.739346390000000042e+01 6.131361860000000136e-02 5.077753540000000398e-03 -5.346495720000000312e-02 -3.191054859999999799e-02 -1.312546510000000069e-02 -1.907610610000000026e-02
6.009382639999999753e+01 6.052088449999999675e-02 1.116005140000000083e-02 -5.583681640000000279e-02 -3.091762970000000096e-03 -7.363120859999999941e-03 -9.778963740000000404e-04
6.279151699999999892e+01 5.340758429999999807e-02 9.437075160000000726e-03 -6.372287829999999376e-02 6.203649599999999653e-03 -2.698624269999999950e-02 -8.206861590000000262e-02
6.548873729999999682e+01 5.832804049999999740e-02 9.190998129999999183e-03 -5.612439450000000080e-02 -7.746917039999999706e-03 -4.728729780000000271e-02 -6.534547760000000358e-03
6.817850919999999348e+01 6.022996010000000039e-02 4.527581539999999717e-03 -6.468585120000000521e-02 2.708929180000000173e-02 -1.794023180000000120e-02 -1.754682130000000118e-02
7.087940290000000232e+01 6.480040680000000164e-02 3.561969610000000064e-03 -5.060997729999999750e-02 -8.010189160000000252e-03 -3.092725730000000020e-02 1.670797720000000153e-02
7.356885450000000048e+01 5.332866859999999681e-02 -3.277305790000000201e-03 -5.176195380000000318e-02 -1.659361170000000010e-02 -6.058629460000000168e-03 -3.858443999999999763e-02
7.626719819999999572e+01 5.673840329999999682e-02 -1.234000860000000104e-03 -4.580773459999999686e-02 -2.196932320000000161e-02 2.683579699999999978e-03 1.508884039999999933e-02
7.897059040000000607e+01 5.299281649999999788e-02 -9.092614009999999691e-03 -6.239653330000000109e-02 -6.856870269999999941e-03 2.449790469999999984e-02 -4.283696230000000327e-02
8.166252479999999991e+01 6.219792550000000086e-02 -3.904668400000000164e-03 -6.654297350000000499e-02 -8.591068230000000264e-03 2.431709810000000013e-02 8.851084099999999982e-03
8.436871069999999406e+01 6.498175559999999629e-02 -7.921569309999999895e-04 -7.253563949999999871e-02 6.804242809999999642e-03 -3.184923419999999977e-02 -7.191558989999999318e-02
8.706009199999999737e+01 5.967297359999999828e-02 -3.959491570000000203e-03 -6.258312280000000172e-02 -3.284487510000000127e-03 -1.845944050000000031e-02 -1.025490490000000032e-02
8.975957329999999956e+01 6.018784840000000053e-02 2.707657779999999952e-03 -6.312413590000000296e-02 7.581576070000000181e-03 -1.659864609999999949e-02 -4.969303850000000161e-02
9.246868729999999914e+01 5.615666879999999667e-02 3.427183270000000101e-03 -5.640187900000000198e-02 2.864120880000000161e-02 -1.318994629999999980e-02 -5.824252740000000067e-02
9.516503889999999899e+01 5.296243359999999734e-02 2.135039750000000073e-03 -6.204163580000000150e-02 3.964084410000000280e-02 1.984467850000000075e-02 -4.360614620000000108e-02
9.787734360000000322e+01 6.322037680000000548e-02 -3.018485000000000005e-03 -6.166352580000000055e-02 2.271623650000000050e-02 5.435633919999999925e-02 -4.234096660000000178e-02
1.005781139999999994e+02 6.609368440000000511e-02 -1.681855409999999992e-03 -6.538826749999999965e-02 -4.738310679999999803e-03 -2.418786939999999913e-02 -3.669354429999999861e-02
1.032874730000000056e+02 5.993004560000000230e-02 -2.205534590000000125e-03 -6.885561279999999340e-02 1.332871440000000032e-02 -8.910704639999999371e-03 -3.809991570000000050e-02
1.059851919999999978e+02 5.405385239999999786e-02 -8.333707929999999847e-03 -7.008475100000000069e-02 1.230296330000000063e-02 -2.551633840000000139e-02 -9.529456820000000578e-03
1.086999110000000002e+02 4.491958179999999690e-02 -6.188356249999999760e-03 -7.035912549999999432e-02 2.017024770000000033e-03 -3.308927879999999655e-02 -3.173525640000000175e-02
1.114075359999999932e+02 4.154911750000000320e-02 -2.303830540000000211e-03 -6.620805270000000575e-02 3.006642890000000082e-02 9.293238000000000540e-03 1.687932669999999986e-03
1.141104260000000039e+02 3.879009709999999694e-02 4.413681710000000010e-04 -6.629551000000000194e-02 1.166559850000000072e-02 -1.403205800000000003e-02 -4.213081300000000307e-02
1.168189260000000047e+02 5.025521909999999814e-02 2.695320269999999969e-03 -6.242792059999999893e-02 1.959468119999999841e-02 -1.480292440000000043e-02 -4.404688169999999847e-02
1.195071920000000034e+02 4.879509989999999964e-02 -2.065865709999999827e-03 -7.059440159999999520e-02 1.382811580000000047e-02 -7.919927320000000673e-03 -2.704586280000000065e-02
1.222189889999999934e+02 5.564965840000000302e-02 -6.543896670000000360e-03 -6.482198760000000559e-02 1.525749239999999937e-02 -1.447192240000000005e-02 -1.974118440000000030e-02
1.249161139999999932e+02 6.404978890000000147e-02 -6.659447490000000407e-03 -6.034348319999999904e-02 1.594882309999999873e-02 2.878435780000000027e-02 -9.702918720000000205e-03
1.276196450000000056e+02 6.920521960000000639e-02 -7.658611299999999733e-03 -5.234174750000000070e-02 -2.168964760000000047e-02 -6.134263509999999739e-03 -2.397453999999999905e-02
1.303172549999999887e+02 6.375831580000000665e-02 -9.071721370000000728e-03 -5.160656680000000329e-02 -4.205187529999999604e-03 1.255431190000000016e-02 -5.995715409999999995e-02
1.330064729999999997e+02 6.098521519999999807e-02 -1.642910839999999970e-02 -4.400960150000000209e-02 -1.167593750000000055e-02 4.648430099999999870e-03 -5.389320020000000315e-03
1.357010050000000092e+02 7.002048360000000249e-02 -9.551150589999999815e-03 -4.023145320000000302e-02 -7.820495199999999425e-03 -2.202410369999999954e-04 -3.587892589999999715e-02
1.383860980000000040e+02 8.363535019999999987e-02 -1.203525729999999939e-02 -1.692840060000000077e-02 -8.983147979999999908e-03 1.879232100000000072e-02 2.681909970000000143e-02
1.410754729999999881e+02 8.595798740000000493e-02 -1.604778100000000044e-04 1.596339389999999964e-03 -2.942439180000000140e-02 1.694752440000000041e-02 -7.372628219999999982e-03
1.437625979999999970e+02 7.485724579999999961e-02 1.297591530000000008e-04 2.679681839999999843e-02 -4.130738390000000294e-03 -3.236783000000000021e-03 3.472754110000000199e-02
1.464552860000000010e+02 6.772094139999999818e-02 -4.745000370000000342e-03 4.939844349999999995e-02 -2.293430620000000073e-03 3.856476900000000048e-03 7.382209320000000276e-03
1.491623170000000016e+02 6.269840629999999526e-02 -6.114215739999999746e-03 5.700260449999999812e-02 -2.252406850000000099e-02 4.153139599999999820e-02 1.606949339999999907e-02
1.518660360000000082e+02 5.933494240000000003e-02 7.135414880000000466e-04 5.485036339999999760e-02 -4.018010999999999805e-02 -6.126294539999999587e-03 -1.261328769999999974e-02
1.545703479999999956e+02 6.335517799999999811e-02 8.220143899999999941e-04 5.462118869999999654e-02 -4.865369509999999814e-02 -3.352923230000000310e-02 -2.924722670000000184e-03
1.572820979999999906e+02 6.515272340000000106e-02 3.235313149999999912e-03 5.835444050000000021e-02 -4.087678499999999882e-02 3.569635630000000254e-02 -4.956081849999999928e-02
1.599757079999999974e+02 6.758626569999999500e-02 6.863884659999999749e-03 5.989723920000000063e-02 3.761603780000000001e-03 3.896480699999999714e-02 3.570547800000000143e-03
1.626878480000000025e+02 6.283443959999999995e-02 1.102664460000000058e-03 5.315976239999999770e-02 -4.104465000000000197e-02 3.644347960000000192e-02 -2.012339499999999878e-02
1.653967079999999896e+02 7.119793670000000574e-02 1.148189339999999923e-03 5.080138869999999834e-02 -5.221698770000000184e-02 -2.528911740000000172e-02 -1.957587100000000163e-02
1.680898799999999937e+02 6.660152410000000356e-02 6.078078609999999944e-03 5.188472449999999986e-02 2.896367429999999969e-03 -5.466100859999999811e-02 1.499454010000000025e-02
1.707865199999999959e+02 6.104973080000000024e-02 1.960031540000000110e-03 4.505923199999999768e-02 -5.173685869999999909e-03 1.616720390000000052e-03 1.570340770000000150e-02
1.734835050000000081e+02 5.944203470000000017e-02 7.976387870000000574e-03 4.069532619999999962e-02 2.497241470000000074e-02 -3.572539570000000247e-02 3.713484439999999859e-02
1.761908329999999978e+02 5.611281910000000261e-02 6.977764160000000243e-03 4.733899800000000019e-02 -6.805496190000000223e-02 3.934346210000000052e-03 -1.064126420000000017e-02
1.788959889999999859e+02 5.878320449999999836e-02 1.617122440000000002e-04 5.505170200000000097e-02 -6.421879560000000320e-02 2.767665830000000035e-02 -2.922317600000000001e-02
1.815955199999999934e+02 5.759336190000000077e-02 5.793417850000000431e-04 5.702390649999999894e-02 -6.073542750000000129e-02 -9.430846390000000717e-03 -4.453510810000000167e-03
1.842945200000000057e+02 5.625875820000000166e-02 -7.404891270000000039e-03 5.252290779999999742e-02 -6.493041350000000080e-03 -5.766275380000000089e-02 3.701379040000000314e-02
1.870007390000000100e+02 6.613542129999999686e-02 -5.182472750000000072e-03 5.321818250000000250e-02 2.247279620000000155e-03 -4.445844140000000102e-04 2.568739730000000124e-03
1.897122549999999990e+02 6.476701360000000629e-02 -1.449625979999999946e-02 5.665653019999999929e-02 6.621483359999999485e-04 6.288609070000000280e-03 -7.064304329999999965e-03
1.924190979999999911e+02 6.674440210000000262e-02 -1.505664360000000083e-02 4.663550200000000229e-02 2.086179069999999792e-03 -9.859832420000000722e-03 -5.167380309999999866e-02
1.951243169999999907e+02 6.210648850000000110e-02 -1.469273100000000054e-02 4.837733909999999971e-02 -1.804921060000000063e-02 2.460806150000000025e-02 -2.224660219999999994e-02
1.978207390000000032e+02 5.843274390000000040e-02 -4.322006120000000153e-03 5.710137669999999777e-02 -2.725721370000000129e-02 -1.219374930000000036e-03 1.525191390000000050e-02
2.005340050000000076e+02 4.867184070000000334e-02 -5.056353319999999998e-03 6.038118089999999771e-02 -2.659168430000000138e-02 4.656460240000000195e-02 -4.253998729999999839e-03
2.032362390000000119e+02 5.173709619999999898e-02 4.947733319999999754e-03 5.792157330000000104e-02 -5.769498339999999670e-02 2.199406649999999935e-02 2.026722800000000171e-02
2.059415830000000085e+02 5.142517290000000324e-02 2.764299349999999912e-03 6.647888200000000303e-02 -1.898318540000000151e-02 1.639578309999999844e-02 4.699919019999999892e-02
2.086323950000000025e+02 5.088551820000000031e-02 -3.634083629999999843e-03 6.647454290000000265e-02 -3.803833789999999659e-02 -4.789662570000000411e-03 4.184893619999999897e-02
2.113320359999999880e+02 5.010016960000000102e-02 1.605232129999999971e-03 5.903175170000000277e-02 1.158097089999999933e-03 -1.162581030000000085e-02 1.935650319999999980e-02
2.140277389999999968e+02 5.631285479999999927e-02 1.757416159999999937e-03 6.039358570000000204e-02 -4.927736139999999709e-02 -5.499757539999999660e-03 5.088960000000000011e-02
2.167271289999999908e+02 5.744654870000000246e-02 -6.440388509999999712e-03 5.614812140000000062e-02 -2.093833640000000024e-02 4.962409839999999683e-02 5.489830019999999977e-02
2.194267079999999908e+02 6.789149819999999724e-02 -3.367984860000000115e-03 4.340611109999999856e-02 -2.944719540000000080e-02 -5.233452430000000433e-03 4.443526679999999784e-02
2.221097699999999975e+02 6.220112269999999999e-02 7.109020689999999594e-04 5.048055380000000120e-02 4.547316049999999832e-02 4.167682030000000037e-02 7.487793589999999777e-02
2.248148170000000050e+02 7.178905879999999962e-02 1.534954370000000089e-03 4.768159980000000187e-02 3.373540380000000088e-02 1.405616379999999940e-03 1.615043509999999904e-02
2.275081920000000082e+02 7.314832159999999639e-02 -5.768247909999999617e-03 3.469143720000000125e-02 -1.305534450000000058e-03 1.143202349999999923e-02 4.252760139999999661e-02
2.302107389999999896e+02 6.621708240000000190e-02 -6.438710169999999587e-03 3.200478970000000117e-02 -3.899215419999999682e-02 1.605858410000000035e-03 -1.795646269999999836e-02
2.329226759999999956e+02 6.406797449999999949e-02 -2.654550940000000026e-03 3.942900679999999936e-02 -9.025786030000000626e-02 1.615648899999999957e-02 -5.337221799999999905e-02
2.356257699999999886e+02 7.061211789999999322e-02 -1.556052850000000029e-02 3.807621380000000139e-02 -9.812732089999999519e-02 4.223008579999999734e-03 -6.412034669999999714e-02
2.383265670000000114e+02 7.086158269999999482e-02 1.482693439999999965e-03 4.672807770000000221e-02 -5.554591009999999829e-02 2.378450550000000066e-02 -6.433511949999999591e-02
2.410124889999999880e+02 6.798971430000000371e-02 5.934247150000000401e-03 4.533409139999999837e-02 -2.764778130000000202e-03 -3.478601230000000211e-02 -1.381924930000000057e-03
2.437195509999999956e+02 6.233302809999999999e-02 3.477493950000000011e-04 5.656515649999999812e-02 -1.522618530000000026e-02 -5.320343190000000055e-03 -3.316821240000000087e-03
2.464180509999999913e+02 6.518789710000000293e-02 3.470056919999999802e-03 6.233032060000000263e-02 -2.162755090000000047e-02 2.529834300000000091e-02 8.997564269999999351e-03
2.491127700000000118e+02 5.732471530000000232e-02 -6.815364800000000244e-03 5.593397600000000330e-02 -3.178000350000000085e-02 -2.566844139999999858e-02 -2.996365070000000033e-02
2.518189110000000142e+02 4.322269930000000038e-02 -3.276777340000000191e-03 6.558542189999999605e-02 -7.588803639999999739e-02 -3.296610319999999927e-02 -5.033364080000000268e-02
2.545152229999999918e+02 4.985617199999999721e-02 -1.014231550000000044e-02 5.605214079999999710e-02 -4.447490669999999702e-02 -4.677519130000000122e-03 -1.610574470000000064e-02
2.572042079999999942e+02 5.261005920000000335e-02 -3.193182149999999973e-03 5.894892520000000191e-02 -1.593880950000000143e-02 1.896474080000000104e-03 9.916841080000000572e-03
2.599080829999999764e+02 5.591239630000000016e-02 -3.102867320000000061e-03 5.543636539999999974e-02 -1.435056089999999993e-02 3.526882050000000081e-03 3.023586550000000039e-02
2.625968799999999987e+02 5.298029509999999803e-02 2.679285430000000125e-04 6.161015660000000033e-02 -2.949155300000000021e-02 2.915559880000000159e-02 6.433698070000000435e-02
2.653240979999999922e+02 4.230521150000000202e-02 -3.678111469999999824e-03 6.512710600000000405e-02 2.436419390000000088e-02 1.979849649999999850e-02 1.337554739999999992e-02
2.680297049999999786e+02 3.972973889999999869e-02 -2.915914180000000176e-04 7.401824860000000283e-02 1.642077529999999910e-02 5.869811550000000357e-03 2.837793409999999836e-02
