# a=0.05981318023018888, b=-127.15202524705515, c=-0.005306280881335701, xi=6.551849280213949
6.684992400000000501e-01 7.673248709999999639e-02 4.923780479999999814e-03 -3.254340170000000199e-02 4.394671099999999941e-02 -5.493722080000000476e-04 -1.020967170000000070e-02
3.361902160000000084e+00 7.056169730000000362e-02 7.300102840000000266e-03 -3.888737359999999699e-02 5.338020410000000188e-02 8.181721399999999575e-03 -2.508293090000000142e-02
6.059224509999999952e+00 6.810226099999999727e-02 -4.623926019999999803e-04 -4.211444899999999825e-02 5.412522580000000277e-02 -6.888264780000000198e-03 -4.692389040000000122e-02
8.761309819999999249e+00 6.429470389999999980e-02 -2.497730909999999922e-03 -5.462311040000000090e-02 4.703179400000000177e-02 3.393501589999999707e-02 -2.986905139999999903e-02
1.146133309999999916e+01 5.689358540000000186e-02 -8.925001470000000839e-03 -5.118190079999999920e-02 5.748452619999999680e-02 -1.418515759999999966e-02 1.404404019999999989e-02
1.416650970000000065e+01 5.449475990000000186e-02 -7.646725430000000066e-03 -4.543664709999999801e-02 9.606850610000000623e-02 -1.710591620000000146e-02 -3.132857669999999928e-02
1.687743620000000178e+01 5.851361749999999667e-02 -7.389607070000000014e-03 -3.745412559999999891e-02 6.625248999999999722e-03 -1.531200020000000016e-02 -3.238305889999999743e-02
1.958214720000000142e+01 6.261909810000000631e-02 -4.730829859999999797e-03 -3.590975419999999779e-02 3.666954439999999676e-02 -3.655653359999999890e-03 -3.575202940000000301e-02
2.228907219999999967e+01 7.487141730000000661e-02 -8.341389439999999378e-03 -3.293504249999999745e-02 -3.023808130000000052e-02 3.753752219999999945e-02 -3.319944390000000023e-02
2.498149250000000166e+01 7.672193480000000232e-02 3.424766630000000180e-03 -3.966149869999999883e-02 2.793477750000000065e-02 1.600981989999999966e-02 2.215954809999999900e-02
2.768837530000000058e+01 7.072269139999999565e-02 -2.998893940000000127e-04 -4.510576730000000201e-02 1.833756989999999962e-02 4.847719870000000326e-03 -1.100299390000000072e-02
3.040148780000000173e+01 6.585144260000000416e-02 2.786440319999999859e-03 -5.791470490000000249e-02 2.928906200000000112e-02 -3.035232350000000023e-02 -2.985458490000000159e-02
3.310535180000000111e+01 6.761323889999999726e-02 1.829302749999999920e-03 -5.409489289999999673e-02 3.947848970000000096e-02 1.965142530000000068e-02 -2.681071599999999833e-02
3.580772689999999869e+01 6.103663809999999856e-02 9.211952400000000818e-03 -5.112559159999999908e-02 -7.520012650000000402e-03 1.371775339999999933e-02 2.929185839999999888e-02
3.851286280000000062e+01 5.888291939999999725e-02 4.232734519999999806e-03 -5.260995560000000099e-02 1.871549609999999947e-02 2.422503349999999972e-02 -3.734096139999999731e-02
4.120088779999999673e+01 5.091771739999999963e-02 -3.708081400000000144e-04 -5.116672740000000053e-02 -5.175959279999999690e-03 2.213402089999999892e-02 5.419976209999999989e-03
4.390035970000000276e+01 5.766934239999999684e-02 -5.921942570000000459e-04 -4.835137629999999853e-02 3.498682050000000154e-02 3.055137000000000130e-02 -2.316915900000000167e-02
4.659894400000000303e+01 6.023031449999999981e-02 3.206195660000000190e-03 -6.014835770000000192e-02 -1.219421730000000079e-02 2.936734430000000062e-02 -2.890991849999999946e-02
4.929416899999999657e+01 6.864741570000000570e-02 -1.446039529999999980e-04 -6.447848520000000472e-02 4.302802809999999728e-02 -9.660665860000000604e-03 -5.724432179999999933e-03
5.199685649999999981e+01 7.215571040000000325e-02 -5.473862940000000059e-03 -5.484140690000000040e-02 -2.171136190000000007e-02 2.639087479999999847e-02 -5.317024609999999873e-02
5.469547060000000016e+01 7.382270770000000371e-02 -8.697240130000000527e-05 -5.140522759999999886e-02 4.086133959999999760e-02 1.944578849999999994e-04 -6.899053709999999895e-02
5.738857689999999678e+01 6.246252800000000327e-02 -1.328996949999999930e-03 -4.449079090000000042e-02 -1.475643069999999987e-02 1.534657119999999989e-03 1.339841580000000060e-02
6.008891440000000017e+01 5.760087979999999747e-02 2.957840660000000173e-03 -4.055596429999999697e-02 7.082786100000000237e-03 2.189719789999999833e-02 2.590327359999999857e-02
6.278513310000000303e+01 6.285763329999999316e-02 -1.491552909999999989e-03 -3.960123389999999771e-02 -4.242836240000000259e-02 1.422923929999999997e-02 -1.083137439999999965e-02
6.547153470000000652e+01 5.959222730000000162e-02 -3.520068869999999888e-03 -5.408637720000000065e-02 -1.179880730000000023e-02 -5.259155990000000114e-03 -3.846380110000000019e-02
6.818580029999999681e+01 5.366303680000000104e-02 7.982747430000000340e-04 -6.574094099999999719e-02 -3.833780910000000181e-02 2.093708240000000109e-02 9.410932570000000649e-03
7.088391590000000519e+01 5.749647840000000204e-02 -5.759318430000000266e-03 -6.916950639999999706e-02 2.874481309999999887e-02 4.245375960000000171e-02 1.991130730000000015e-02
7.357977219999999363e+01 5.610810640000000321e-02 -1.698055360000000043e-04 -7.579289150000000086e-02 7.343732409999999830e-04 1.593522580000000105e-02 8.250206890000000293e-03
7.628769560000000638e+01 5.633742039999999757e-02 7.606745990000000207e-03 -7.073391769999999579e-02 3.535561940000000319e-02 -3.123807660000000111e-02 -9.481576150000000508e-03
7.898527529999999786e+01 5.232759919999999815e-02 -5.780968720000000420e-04 -6.420977980000000529e-02 2.601281630000000164e-02 -6.872575270000000347e-03 -2.266068699999999880e-02
8.169112529999999595e+01 5.104833809999999999e-02 -6.523129320000000146e-04 -5.997721109999999689e-02 1.495464760000000080e-02 -2.503052069999999948e-02 -4.216530940000000338e-02
8.441071279999999888e+01 4.875234900000000038e-02 -5.872392459999999613e-03 -5.397564640000000052e-02 -1.932122060000000113e-02 2.397787800000000108e-02 -4.983629960000000164e-02
8.711441430000000707e+01 4.385928840000000162e-02 -9.585159169999999534e-03 -6.180609079999999783e-02 2.405321549999999906e-02 1.763991430000000013e-02 -6.559371460000000369e-03
8.981857370000000174e+01 5.153737580000000013e-02 -1.334200380000000012e-02 -5.532918829999999843e-02 -4.499764619999999972e-03 1.387405860000000008e-03 8.607345040000000461e-03
9.252162690000000111e+01 6.235450979999999921e-02 -8.883161299999999330e-03 -5.761705109999999685e-02 4.817221280000000272e-02 -1.634282150000000017e-02 4.236853559999999991e-02
9.523351900000000114e+01 6.253152200000000605e-02 -5.270720940000000153e-03 -5.866538119999999829e-02 -2.862455159999999915e-02 9.870878430000000481e-03 2.873491259999999894e-02
9.793304089999999462e+01 5.807092619999999761e-02 -7.180162999999999823e-03 -5.930074779999999768e-02 1.000533389999999981e-02 -1.323531080000000040e-02 -1.235542960000000044e-02
1.006313569999999942e+02 4.927614679999999664e-02 4.428804490000000371e-03 -6.136575880000000316e-02 -3.768508749999999879e-02 -2.234743120000000013e-02 4.602001970000000122e-03
1.033390129999999942e+02 3.835460019999999831e-02 -4.538649910000000336e-03 -6.306854230000000228e-02 1.602090509999999982e-02 -3.879399609999999859e-02 -9.206993519999999778e-04
1.060486690000000038e+02 4.126601319999999989e-02 1.683183719999999930e-03 -7.575837400000000332e-02 -4.421878659999999711e-02 -8.763980439999999317e-03 4.584548730000000127e-02
1.087418569999999960e+02 4.519811750000000267e-02 -6.960336699999999932e-03 -7.464607669999999418e-02 5.753366050000000009e-03 8.434684010000000195e-04 3.268077269999999923e-02
1.114400279999999981e+02 6.000335200000000285e-02 -9.334594200000000813e-03 -6.231333680000000069e-02 4.145099979999999906e-02 5.481859300000000053e-03 -1.996207429999999859e-03
1.141375129999999984e+02 6.571583150000000206e-02 -9.845768689999999379e-03 -6.540776589999999779e-02 3.052817370000000113e-02 -2.147475180000000129e-04 -5.057067299999999654e-02
1.168419190000000043e+02 7.144035640000000187e-02 -2.740814270000000059e-03 -7.006257920000000250e-02 -7.003816190000000490e-04 -2.158021149999999927e-04 -6.295364159999999876e-02
1.195365129999999994e+02 6.393332790000000321e-02 -5.813845770000000170e-03 -6.353588979999999498e-02 6.590761449999999605e-03 -6.492742370000000388e-03 -3.690054100000000198e-02
1.222181070000000034e+02 5.942756059999999840e-02 -5.922174379999999884e-03 -4.422103630000000229e-02 4.801950289999999677e-02 -1.458241270000000013e-02 1.672514779999999951e-02
1.249191069999999968e+02 6.224278290000000158e-02 1.108582060000000077e-03 -1.868869390000000089e-02 4.606392850000000025e-03 -6.591826439999999565e-02 3.369644000000000198e-03
1.276078720000000004e+02 6.640697859999999952e-02 -8.808753460000000660e-03 3.261603550000000042e-03 2.236547659999999979e-02 -3.220598329999999759e-02 2.866069350000000071e-02
1.303041379999999947e+02 6.704905449999999656e-02 -5.582351600000000358e-03 2.465596230000000055e-02 2.193942369999999850e-02 -2.188496670000000116e-02 -4.793576419999999970e-03
1.329964819999999861e+02 7.231125530000000190e-02 -9.325081659999999786e-03 2.564378510000000014e-02 -8.797227109999999906e-03 -1.550935070000000054e-02 1.065887790000000050e-02
1.356922470000000089e+02 7.580081839999999738e-02 1.425711160000000090e-03 3.847683179999999981e-02 -8.864996700000000660e-03 -4.096987659999999816e-03 -3.107152020000000098e-03
1.383935280000000034e+02 6.758768939999999781e-02 3.045395130000000134e-03 5.047135660000000301e-02 -6.122940410000000250e-02 -4.450149789999999911e-02 4.379791670000000126e-05
1.410980279999999993e+02 6.191562510000000324e-02 5.185764259999999654e-03 6.149910940000000159e-02 1.222975289999999986e-02 2.237440549999999799e-03 -6.814037119999999956e-04
1.438024350000000027e+02 6.637046470000000642e-02 -2.030277950000000144e-03 5.779110650000000154e-02 -5.042389769999999771e-02 -1.751743949999999897e-02 4.392891489999999760e-02
1.465086850000000140e+02 7.087940930000000139e-02 -1.216377060000000017e-02 5.474735890000000105e-02 1.336429729999999948e-02 1.652018179999999864e-02 1.830858460000000035e-02
1.492086380000000077e+02 6.707711289999999937e-02 8.774129709999999634e-04 5.360220079999999943e-02 3.871829199999999877e-03 4.050293509999999819e-02 1.406651090000000069e-02
1.519040750000000060e+02 6.144650950000000306e-02 -1.265219699999999958e-03 4.492764519999999789e-02 -8.365199909999999212e-03 2.507287849999999957e-02 2.163366040000000087e-02
1.545942469999999958e+02 6.676082860000000230e-02 4.568446909999999956e-05 4.684586179999999933e-02 9.950040769999999798e-03 1.800018440000000081e-02 3.249034690000000142e-02
1.573014499999999884e+02 6.799654830000000094e-02 7.959658539999999892e-04 3.381443249999999817e-02 -1.363437829999999962e-02 8.142977960000000529e-03 -5.668724919999999778e-02
1.600057160000000067e+02 6.589920929999999732e-02 4.463654430000000076e-03 4.589341229999999855e-02 -7.670019759999999708e-03 3.478972200000000209e-02 3.141043319999999722e-02
1.627101690000000076e+02 5.478681789999999968e-02 3.734122129999999790e-03 5.917593429999999655e-02 -1.240435410000000072e-02 -2.283006020000000105e-03 1.603417080000000064e-02
1.654028720000000021e+02 4.827586450000000140e-02 2.072226060000000069e-04 6.811997059999999604e-02 -3.698958959999999740e-02 -1.325683540000000037e-03 3.938461280000000314e-02
1.681064660000000117e+02 5.508894599999999975e-02 -1.020039699999999994e-02 6.574404320000000468e-02 -1.104805870000000016e-02 4.118651739999999728e-02 1.934439459999999847e-02
1.708060440000000142e+02 6.851627559999999562e-02 -7.229738230000000258e-03 5.990042100000000230e-02 1.242637119999999949e-02 5.207090640000000201e-03 1.795237909999999881e-02
1.735044969999999864e+02 6.550248109999999568e-02 -1.448034450000000063e-02 5.077820839999999669e-02 -5.432586050000000333e-03 1.271427820000000080e-03 3.818035300000000021e-02
1.762096380000000124e+02 6.647108990000000217e-02 -2.007265999999999911e-02 3.465025239999999784e-02 -2.856983219999999993e-03 -1.262993710000000040e-02 5.311929719999999855e-02
1.789247780000000034e+02 6.065330570000000004e-02 -1.739336480000000171e-02 5.014118070000000288e-02 -2.392847889999999943e-03 1.445742419999999917e-02 8.951019189999999404e-02
1.816270910000000072e+02 6.162128859999999736e-02 -1.455914479999999983e-02 4.361793149999999841e-02 -2.028906880000000065e-02 -2.158595799999999884e-02 3.664754960000000256e-02
1.843224030000000084e+02 5.414730820000000083e-02 -8.743046739999999623e-03 4.057341290000000128e-02 -3.021070299999999847e-02 -4.814670029999999767e-02 3.641246950000000260e-02
1.870135909999999910e+02 5.967192550000000040e-02 -9.191750239999999308e-03 3.723512779999999661e-02 -3.097395249999999878e-02 -1.666173450000000070e-02 3.533130599999999982e-03
1.897071689999999933e+02 6.302724070000000067e-02 -2.913648290000000161e-03 3.839366610000000124e-02 -3.212328049999999685e-02 -1.201604849999999940e-02 1.492602590000000062e-02
1.924040280000000109e+02 5.456773809999999891e-02 -2.618739839999999815e-03 4.464870110000000031e-02 -3.764947579999999849e-02 1.566562670000000088e-02 -1.227403959999999981e-02
1.951064030000000002e+02 5.153329639999999767e-02 2.551685010000000111e-03 4.408834229999999965e-02 -1.669137060000000158e-02 1.530599539999999903e-03 -4.494961979999999996e-02
1.978001529999999946e+02 5.458647820000000345e-02 5.367648990000000418e-03 5.858029020000000281e-02 9.093551289999999773e-03 7.353691790000000186e-03 9.964242530000000375e-03
2.005005600000000072e+02 6.350548579999999721e-02 1.160274979999999971e-03 6.484146670000000279e-02 -1.268520610000000055e-02 -6.096889799999999707e-03 1.006728720000000035e-02
2.032136999999999887e+02 5.109695840000000322e-02 2.807101639999999825e-03 6.466557420000000611e-02 1.866303210000000087e-02 -1.865100230000000039e-02 -1.979797059999999914e-02
2.059108249999999884e+02 4.751468369999999747e-02 -3.010364520000000056e-04 5.837650440000000107e-02 2.156407400000000078e-03 -7.388396890000000113e-03 4.957283929999999755e-02
2.086164499999999862e+02 4.477063740000000042e-02 -6.126726380000000090e-03 5.747406299999999885e-02 8.908919790000000699e-03 3.829822890000000174e-02 5.795026860000000030e-02
2.113286850000000072e+02 5.361821840000000061e-02 3.149565219999999992e-03 6.098162499999999764e-02 2.195061330000000130e-02 3.455222250000000023e-02 6.361978549999999788e-02
2.140383099999999956e+02 4.742361820000000339e-02 1.546495799999999914e-02 5.838546559999999858e-02 1.336387699999999970e-02 3.385412339999999826e-02 4.306463170000000146e-02
2.167504189999999937e+02 4.649938809999999700e-02 2.513281919999999989e-02 6.647225110000000436e-02 -8.358555619999999409e-03 -7.462820709999999982e-03 -9.239648120000000867e-03
2.194439659999999890e+02 4.677911750000000174e-02 1.221676390000000015e-02 7.602192979999999878e-02 -2.557617510000000094e-02 5.914815480000000167e-03 -2.971408819999999881e-02
2.221465129999999988e+02 5.169433620000000312e-02 4.399819670000000051e-03 7.132915900000000309e-02 1.782309699999999955e-02 2.230635790000000049e-02 -2.260741449999999902e-02
2.248465909999999894e+02 5.203629669999999818e-02 1.790844300000000089e-03 6.628854269999999438e-02 -6.796273789999999690e-03 8.557690789999999187e-03 -1.360177140000000048e-02
2.275472320000000082e+02 5.772850909999999863e-02 -1.080483609999999955e-02 6.846981219999999368e-02 -5.807980909999999747e-03 -1.757413270000000166e-02 1.354807709999999998e-02
2.302515750000000025e+02 6.157986800000000288e-02 1.006472640000000027e-04 6.851476900000000314e-02 -1.688760700000000055e-04 1.428715499999999930e-02 -1.762388919999999942e-02
2.329545439999999985e+02 5.339690109999999795e-02 -2.807801300000000062e-03 6.739244360000000433e-02 4.574463790000000279e-03 -1.159577999999999998e-02 1.824269820000000084e-02
2.356441069999999911e+02 6.634053789999999617e-02 9.112178089999999932e-04 6.599739030000000006e-02 -2.716545959999999964e-03 6.755105150000000058e-02 1.485563579999999925e-02
2.383424349999999947e+02 7.338410500000000503e-02 1.175456989999999931e-02 5.561773689999999909e-02 -7.499032380000000310e-03 9.328136480000000577e-03 9.179882860000000352e-03
2.410373569999999859e+02 6.221549249999999698e-02 1.224084649999999941e-02 5.920709059999999802e-02 2.254000570000000078e-02 2.753007450000000134e-02 -8.516714040000000372e-04
2.437310280000000091e+02 5.721812729999999764e-02 1.436642999999999948e-02 5.871810529999999667e-02 7.007101390000000131e-03 -2.063866179999999939e-02 1.308451639999999930e-02
2.464302000000000135e+02 5.538331020000000077e-02 4.174923060000000283e-03 5.577986649999999713e-02 2.136906309999999851e-02 -2.815905490000000094e-02 1.697986870000000106e-02
2.491338250000000016e+02 5.919205429999999796e-02 4.133660810000000171e-03 6.093726220000000166e-02 2.320133640000000136e-02 -2.669978339999999964e-02 2.319716609999999957e-02
2.518364660000000015e+02 6.475208809999999371e-02 -3.584944689999999910e-03 5.254061670000000073e-02 1.249806569999999985e-02 -3.793324129999999655e-02 3.540569519999999665e-02
2.545390749999999969e+02 7.037408139999999646e-02 -8.645115570000000416e-03 4.626698850000000168e-02 1.466210440000000059e-02 8.286908109999999508e-03 3.150412949999999851e-02
2.572391999999999825e+02 7.955653040000000564e-02 -8.719626269999999207e-03 4.089058369999999665e-02 2.137319219999999839e-02 6.438583020000000247e-03 1.351068629999999972e-02
2.599366689999999949e+02 7.543090519999999521e-02 -6.154616310000000402e-03 3.957780379999999848e-02 2.177409250000000157e-02 2.403055730000000154e-02 1.739842830000000104e-02
2.626407940000000281e+02 8.975581270000000667e-02 1.384619699999999932e-03 1.478293510000000012e-02 5.681834450000000127e-03 8.159899379999999754e-04 -1.791187119999999855e-02
2.653373569999999972e+02 8.768617589999999629e-02 3.385518420000000177e-03 5.575453380000000396e-03 3.765730899999999992e-02 -1.354120670000000075e-02 -9.414170200000000419e-03
2.680362709999999993e+02 8.147555780000000081e-02 1.080231350000000062e-02 -1.537825810000000015e-02 4.971089699999999695e-02 4.199634100000000300e-03 -1.114144980000000059e-03
