# a=0.06287732196733009, b=-153.28787133354535, c=0.001787746979231067, xi=8.664287621702146
6.932663519999999746e-01 7.604544389999999543e-02 5.601444560000000059e-03 5.546111489999999700e-02 -3.534544559999999724e-02 6.715752369999999916e-02 1.539115459999999998e-02
3.385970229999999859e+00 8.086955449999999601e-02 -1.313393179999999870e-04 4.362994230000000195e-02 1.500023359999999931e-02 4.274499539999999931e-02 2.975626149999999887e-02
6.075139919999999805e+00 7.748236960000000340e-02 4.787611320000000233e-03 3.350208699999999984e-02 1.835947220000000088e-02 1.017269059999999919e-02 8.705319599999999935e-02
8.755646640000000147e+00 8.665945490000000195e-02 -3.667545060000000114e-03 2.590758979999999850e-02 5.845002960000000164e-02 -2.048834570000000136e-03 1.245390269999999966e-01
1.146224400000000010e+01 8.474928760000000061e-02 5.457259180000000043e-03 -4.991425449999999792e-03 -4.992124449999999630e-03 2.080324399999999851e-03 5.195861930000000156e-02
1.415547369999999994e+01 7.934617409999999982e-02 3.183687839999999828e-03 -1.540576240000000006e-02 1.272438019999999961e-02 6.710942289999999831e-03 2.736992389999999900e-03
1.685789550000000148e+01 7.487409709999999496e-02 1.774744690000000036e-03 -3.733906310000000006e-02 -3.644686060000000040e-03 1.509992759999999930e-03 -2.548892690000000016e-02
1.954908929999999856e+01 6.923387200000000186e-02 -7.447984129999999856e-03 -4.890611839999999683e-02 -5.376295090000000193e-03 -2.403638040000000142e-02 -1.404238619999999965e-02
2.224852680000000049e+01 6.433968119999999846e-02 -7.026037139999999608e-04 -5.222205679999999961e-02 1.197422729999999928e-02 -4.610007829999999973e-02 -5.216612479999999802e-02
2.495161269999999831e+01 6.047824050000000229e-02 -6.432147660000000003e-03 -6.428933940000000624e-02 3.857924409999999998e-02 2.414383620000000105e-02 -3.077218090000000128e-02
2.766540339999999887e+01 6.164197510000000296e-02 -4.347466859999999842e-04 -6.297382830000000653e-02 1.804541089999999945e-02 -1.649708750000000029e-02 2.413329919999999962e-02
3.036074869999999848e+01 5.158414620000000006e-02 5.060326579999999824e-03 -6.493639369999999744e-02 -1.016571590000000039e-02 1.114997740000000029e-02 4.936370629999999732e-02
3.307155960000000050e+01 5.978416140000000073e-02 2.704043030000000038e-03 -6.005521230000000071e-02 -4.619889640000000332e-03 2.097101129999999827e-02 1.053678289999999962e-02
3.577406429999999915e+01 5.314478260000000259e-02 6.054523089999999663e-03 -6.648963280000000364e-02 1.508631099999999982e-02 3.471472490000000050e-02 5.222508480000000175e-02
3.847035180000000310e+01 5.309164699999999876e-02 -8.445277719999999891e-03 -6.203994169999999669e-02 2.198524240000000046e-02 4.779961860000000312e-02 4.191175510000000326e-02
4.118109090000000094e+01 5.886802640000000225e-02 -6.599270370000000219e-03 -6.017428799999999939e-02 -1.902684060000000080e-02 1.688775169999999839e-02 -2.695326799999999898e-02
4.388109550000000070e+01 5.837825320000000068e-02 -5.435249030000000384e-03 -6.251678060000000203e-02 2.453186190000000017e-02 4.093013160000000261e-02 -3.057161729999999938e-02
4.658722840000000076e+01 5.112241060000000115e-02 4.947159249999999860e-05 -6.880730390000000529e-02 9.171959089999999135e-03 3.175979240000000037e-02 -1.486595760000000016e-02
4.927697990000000061e+01 4.920920749999999760e-02 1.820147540000000052e-03 -6.712907329999999451e-02 -2.681833540000000057e-02 2.775139979999999978e-02 1.989092209999999972e-02
5.198391900000000021e+01 5.186110139999999813e-02 5.379298960000000306e-04 -7.547572410000000231e-02 -1.195123560000000036e-02 -8.072710860000000335e-03 -1.726535950000000069e-02
5.467815800000000337e+01 4.585756269999999996e-02 -4.319192920000000137e-03 -7.090273490000000012e-02 4.363661840000000042e-02 -1.114393829999999960e-02 2.193704640000000011e-02
5.739172680000000071e+01 3.776517100000000016e-02 -2.891806149999999746e-04 -7.366543479999999866e-02 -2.474960749999999959e-02 -6.646001949999999492e-02 3.310546639999999846e-02
6.009854709999999756e+01 4.644170410000000165e-02 1.248767169999999991e-03 -6.370300199999999469e-02 8.995114070000000822e-03 -4.828700729999999691e-02 -2.567195549999999951e-02
6.280516589999999866e+01 4.956434020000000107e-02 -2.254079520000000069e-03 -7.109403200000000145e-02 3.896959120000000141e-03 -3.185559780000000053e-03 -3.485781529999999739e-02
6.550992680000000234e+01 5.442960480000000323e-02 4.609745590000000406e-03 -6.059769329999999815e-02 -2.141344779999999892e-02 -1.640266339999999975e-02 -4.866320579999999785e-02
6.821411740000000634e+01 5.291372720000000335e-02 1.486128229999999920e-03 -6.756693260000000423e-02 -3.063222850000000066e-02 4.261918680000000015e-02 -2.985990909999999832e-02
7.092320960000000696e+01 5.248421799999999915e-02 -2.701841569999999964e-04 -6.708213940000000430e-02 -2.393266150000000064e-02 5.714262070000000054e-03 6.444592049999999656e-03
7.362776739999999620e+01 4.905287559999999686e-02 -3.110023459999999851e-03 -6.608631900000000448e-02 4.685802739999999841e-03 5.784315980000000364e-03 -1.638428850000000006e-03
7.633069399999999405e+01 5.368764179999999803e-02 -1.476148829999999980e-03 -5.862313620000000197e-02 -3.510573360000000115e-02 -4.073666559999999937e-02 5.043745799999999752e-02
7.902547370000000626e+01 4.997243579999999935e-02 -4.173850169999999971e-03 -5.565108900000000081e-02 1.533031740000000099e-03 -3.114821149999999830e-02 4.658478860000000304e-02
8.173001120000000697e+01 5.196100239999999759e-02 -1.696318679999999929e-03 -6.646992660000000663e-02 1.639037330000000072e-03 -4.029930190000000079e-02 -2.258552369999999865e-02
8.441820020000000113e+01 5.251749070000000241e-02 -1.013212020000000060e-02 -5.816760430000000176e-02 -5.198358069999999866e-03 -2.034841509999999951e-02 1.421134909999999946e-02
8.712335960000000057e+01 6.398568759999999356e-02 -1.471748179999999954e-02 -6.718436649999999510e-02 3.074543260000000069e-02 7.155627270000000130e-03 -9.597020640000000422e-03
8.981495019999999840e+01 5.605194289999999857e-02 -6.481868899999999878e-03 -5.921480409999999722e-02 6.758031059999999868e-02 1.254934549999999968e-02 2.468817049999999860e-02
9.253197049999999990e+01 5.365706349999999764e-02 -1.082966389999999966e-02 -6.661572279999999902e-02 4.590472639999999827e-02 7.261985700000000120e-03 -4.944590139999999884e-03
9.523072050000000388e+01 5.187855959999999877e-02 -1.135832940000000048e-02 -5.820611299999999683e-02 2.829176679999999972e-02 2.483556500000000042e-02 -5.852193579999999742e-03
9.792849400000000060e+01 4.622418589999999911e-02 -1.075066709999999981e-02 -5.873365030000000236e-02 1.484499830000000041e-02 3.054785990000000173e-02 -2.590184060000000235e-04
1.006341209999999933e+02 5.520080120000000340e-02 -6.822339850000000254e-03 -5.521538229999999742e-02 -8.288169919999999538e-03 6.511405859999999657e-02 -1.032090350000000080e-02
1.033177459999999996e+02 6.699518560000000678e-02 1.916264599999999976e-03 -5.247615290000000321e-02 6.693489419999999746e-02 5.419538570000000111e-03 1.512045050000000029e-02
1.060098550000000017e+02 6.416024130000000381e-02 -2.359912420000000090e-03 -4.688729099999999761e-02 7.436297819999999892e-02 -1.559265689999999975e-02 3.024694010000000127e-02
1.087147920000000028e+02 6.837871950000000421e-02 -3.864358840000000142e-03 -4.298570649999999826e-02 4.163126930000000253e-02 -7.574287879999999813e-03 1.730076670000000108e-02
1.114094639999999998e+02 7.267573089999999902e-02 -8.017206710000000444e-03 -4.384296559999999870e-02 3.788777430000000307e-02 -1.917600280000000129e-02 1.824807560000000009e-02
1.141064489999999978e+02 7.002284150000000207e-02 -8.263409850000000278e-03 -5.203505800000000209e-02 1.289309899999999988e-02 9.406830950000000247e-03 4.159618009999999783e-02
1.168052770000000038e+02 5.124809689999999807e-02 -1.808563419999999894e-02 -5.333486330000000025e-02 4.749043139999999802e-02 -2.602204940000000036e-02 1.385043920000000005e-02
1.195105269999999962e+02 5.460249479999999822e-02 -1.409912609999999962e-02 -6.159065130000000027e-02 -1.130898110000000054e-02 -6.510889749999999865e-02 4.111377060000000021e-03
1.222106670000000008e+02 5.763962410000000175e-02 -6.587938599999999985e-03 -6.023282709999999707e-02 5.247175440000000080e-02 -3.979935140000000204e-02 1.950758010000000139e-02
1.249199959999999976e+02 5.310555880000000090e-02 1.829318089999999936e-04 -6.584914290000000447e-02 -1.300183700000000046e-02 -4.453983759999999986e-02 9.958020919999999512e-03
1.276310270000000031e+02 4.477486139999999754e-02 2.568009669999999928e-03 -6.986769589999999863e-02 3.406969149999999891e-02 -1.809766169999999993e-02 -2.967225910000000078e-02
1.303286669999999958e+02 4.320657080000000344e-02 -2.307404480000000129e-03 -7.455779580000000684e-02 -4.072291649999999590e-03 -6.995385629999999882e-03 -1.749790060000000133e-02
1.330214489999999898e+02 5.013806690000000010e-02 2.157857240000000021e-04 -7.142590799999999629e-02 5.557246440000000037e-02 5.206557900000000072e-02 -4.068689999999999807e-02
1.357224960000000067e+02 6.127375809999999895e-02 5.652695840000000228e-03 -7.413396569999999852e-02 1.307071559999999945e-02 7.354051000000000338e-03 -4.274091990000000035e-02
1.384183079999999961e+02 6.434875260000000319e-02 -6.497467460000000373e-04 -6.731009540000000568e-02 4.003850689999999962e-02 -4.411716359999999851e-03 1.598102510000000073e-02
1.411327459999999974e+02 6.120250490000000293e-02 -4.114165369999999745e-03 -5.361509920000000207e-02 3.883569939999999970e-02 2.580092159999999857e-02 -3.235662979999999814e-03
1.438262919999999951e+02 5.585866030000000149e-02 -4.272077610000000157e-03 -5.403483039999999737e-02 -2.641019450000000116e-02 3.531028189999999706e-02 4.040508870000000113e-02
1.465227460000000121e+02 6.486494180000000609e-02 -2.828725429999999832e-03 -3.959478579999999720e-02 -1.808254200000000006e-02 2.118248639999999877e-02 3.491324400000000300e-02
1.492226829999999893e+02 6.379658850000000103e-02 -5.002274360000000426e-03 -2.532498830000000020e-02 -1.675042319999999960e-02 1.054894760000000013e-03 -1.730980400000000155e-02
1.519227919999999870e+02 6.890529469999999435e-02 5.882474450000000320e-03 1.216775360000000097e-03 -2.635440610000000169e-02 -7.402231350000000338e-04 2.909637630000000072e-02
1.546234959999999887e+02 6.692226630000000509e-02 2.423450709999999935e-03 1.538478610000000059e-02 -2.228336850000000105e-02 4.746875309999999855e-03 -4.721055839999999809e-02
1.573144639999999868e+02 6.690983520000000351e-02 -4.004173089999999834e-04 2.424436920000000092e-02 -2.167689869999999894e-02 3.002730379999999852e-02 5.514252909999999485e-04
1.600211830000000077e+02 5.972434070000000317e-02 3.457919739999999915e-03 3.749615340000000269e-02 -1.319383770000000060e-02 -4.218607220000000074e-03 -4.583227210000000162e-02
1.627124169999999879e+02 5.647807170000000015e-02 5.499502469999999719e-03 5.639364809999999895e-02 -2.445258960000000134e-02 -3.904615589999999720e-02 2.707083630000000143e-02
1.654193239999999889e+02 5.698776660000000327e-02 4.442157250000000265e-03 5.698734259999999746e-02 2.339783340000000170e-03 -1.355143009999999933e-02 6.036692209999999781e-03
1.681221050000000048e+02 6.200183850000000330e-02 -3.028580290000000043e-03 4.764485689999999746e-02 2.656186850000000124e-03 -9.945633049999999531e-03 -4.827784649999999900e-02
1.708235420000000033e+02 6.580103460000000237e-02 8.330725690000000258e-04 5.336337719999999923e-02 -6.970302119999999789e-03 1.968490070000000064e-02 -1.011657240000000052e-04
1.735267299999999864e+02 6.798291089999999870e-02 -7.064254419999999686e-04 5.402678520000000345e-02 -8.486010909999999394e-03 8.755063529999999612e-04 2.287205360000000090e-02
1.762271519999999896e+02 6.473576559999999480e-02 3.826557989999999909e-03 5.969980440000000055e-02 1.811331190000000160e-02 7.656558669999999865e-03 3.477757280000000339e-02
1.789106050000000039e+02 4.851822790000000218e-02 9.713489210000000309e-04 6.541725760000000056e-02 -6.199080390000000218e-03 -3.562988599999999950e-02 -4.575522099999999870e-03
1.816019640000000095e+02 5.116367100000000084e-02 -2.415209289999999901e-03 6.539920339999999443e-02 -8.248584740000000290e-03 -3.982627400000000178e-02 8.935245169999999834e-03
1.843028079999999989e+02 5.934465590000000124e-02 1.180133300000000066e-02 6.485261189999999565e-02 -4.060866479999999598e-03 -3.156281699999999996e-02 3.479561379999999982e-02
1.869874020000000030e+02 6.326623689999999467e-02 1.794847059999999999e-03 5.937967940000000305e-02 -1.503865560000000080e-02 -6.010961599999999766e-03 5.599144350000000159e-02
1.896859489999999937e+02 5.658706129999999807e-02 5.525683130000000332e-03 5.903914109999999771e-02 -2.026810319999999832e-02 -1.890109010000000020e-02 6.326293550000000598e-02
1.923879169999999874e+02 5.564254619999999679e-02 1.029073200000000035e-02 5.960528050000000327e-02 -2.569544979999999895e-02 -1.852531400000000106e-02 2.868982000000000129e-02
1.950881050000000130e+02 4.705118479999999964e-02 2.504315760000000012e-03 6.472373069999999562e-02 -1.135984399999999915e-02 -1.366323690000000035e-02 3.112271029999999841e-02
1.977989959999999883e+02 3.828792419999999669e-02 -5.958087859999999965e-03 6.853284619999999716e-02 3.199194949999999930e-03 -1.761899210000000132e-02 2.035843790000000167e-02
2.005062770000000114e+02 3.951802819999999938e-02 -8.601076200000000102e-03 7.528976639999999942e-02 -1.744474340000000054e-02 -8.415733769999999420e-03 8.947259860000000842e-03
2.032033859999999947e+02 4.272515040000000180e-02 -5.265185559999999848e-03 7.835858880000000359e-02 -1.893110749999999884e-02 3.017452630000000066e-02 3.061496210000000037e-02
2.058931990000000098e+02 5.146665930000000194e-02 -3.988046940000000012e-03 7.526179199999999403e-02 -3.448727649999999700e-02 6.505189910000000464e-02 3.709068179999999715e-02
2.086019019999999955e+02 4.274519179999999863e-02 -7.434899109999999582e-03 7.655677040000000155e-02 1.753087409999999971e-02 1.316151890000000040e-02 3.040756669999999939e-02
2.112946210000000065e+02 4.462315690000000223e-02 6.965217629999999544e-04 7.228813900000000126e-02 1.156016680000000046e-03 -2.538695340000000043e-03 1.975784920000000014e-02
2.140054169999999942e+02 4.240189939999999824e-02 -8.000485959999999522e-03 6.345850409999999331e-02 6.422517089999999623e-03 -2.849791869999999949e-02 1.463191829999999950e-02
2.167091360000000009e+02 4.553038840000000337e-02 -8.846379280000000534e-04 6.440683149999999746e-02 1.176119920000000003e-03 2.480203400000000058e-02 -2.202843239999999897e-02
2.194104959999999949e+02 4.310076630000000270e-02 -7.624597619999999576e-03 6.286866060000000089e-02 -8.301770059999999743e-03 2.339934230000000059e-03 3.667497439999999748e-02
2.221199330000000032e+02 4.993011859999999663e-02 -4.502671819999999950e-03 6.138383249999999902e-02 1.995839199999999841e-02 3.220271809999999957e-02 -3.115627030000000033e-02
2.248204639999999870e+02 3.957070480000000195e-02 -1.163846559999999995e-03 6.307817779999999597e-02 -4.126751889999999922e-04 -9.643525510000000578e-03 1.962423110000000026e-03
2.275180740000000128e+02 4.240787809999999741e-02 1.436093120000000002e-03 6.254622310000000629e-02 -5.539989000000000371e-03 4.227070139999999920e-02 -6.713162499999999686e-03
2.302235110000000020e+02 4.579927019999999876e-02 4.946915609999999811e-03 6.029575050000000186e-02 2.845883810000000153e-02 -1.303527110000000065e-02 3.604857169999999694e-02
2.329182299999999941e+02 5.450619990000000331e-02 -7.744413910000000172e-03 5.715089710000000045e-02 -1.898211389999999998e-02 7.442763740000000322e-03 7.805451480000000219e-02
2.356337770000000091e+02 5.834704649999999937e-02 -8.434439590000000417e-03 5.214828170000000013e-02 2.482443520000000153e-02 -2.561626210000000035e-03 2.154045300000000107e-02
2.383286050000000103e+02 5.755669950000000257e-02 -8.030533890000000202e-03 5.558067850000000115e-02 -2.926832999999999865e-02 3.422726849999999793e-02 2.636113979999999898e-02
2.410329330000000141e+02 5.965923220000000221e-02 2.240470689999999893e-03 6.040408299999999731e-02 1.983714640000000182e-03 2.913674189999999886e-02 5.398580270000000181e-02
2.437311520000000087e+02 5.289261199999999857e-02 4.329677299999999869e-04 5.890289609999999759e-02 -2.770009030000000066e-02 4.727358079999999935e-02 3.242836009999999769e-02
2.464389490000000080e+02 5.130614659999999799e-02 5.344804110000000302e-03 6.446253970000000166e-02 4.571930640000000136e-03 -1.714695139999999896e-02 4.635058050000000207e-02
2.491423080000000141e+02 5.441359099999999727e-02 5.353585309999999743e-03 6.166258840000000269e-02 -1.592246120000000154e-02 -1.403355059999999987e-03 1.643249210000000127e-02
2.518332609999999931e+02 5.222133450000000093e-02 6.264138679999999709e-03 5.721790670000000134e-02 -3.067208479999999904e-02 1.960219180000000172e-02 2.108844409999999919e-02
2.545440419999999904e+02 5.317959190000000336e-02 -7.080679280000000062e-03 5.902663390000000010e-02 -2.710977020000000185e-03 9.083592959999999342e-03 9.017055520000000039e-04
2.572348079999999868e+02 4.643323139999999682e-02 -7.836363299999999504e-03 6.166838630000000265e-02 1.487126989999999933e-02 1.128649450000000082e-02 2.216820320000000011e-02
2.599428080000000136e+02 5.210475850000000075e-02 -1.959356570000000096e-03 6.748435730000000576e-02 9.537157929999999853e-03 2.832068310000000148e-03 5.909682690000000321e-02
2.626628860000000145e+02 6.512897230000000426e-02 3.486402159999999785e-03 5.850070649999999928e-02 -3.112483580000000027e-02 -1.077522080000000056e-02 -3.020130589999999934e-02
2.653591670000000136e+02 6.262890499999999860e-02 1.060592209999999987e-02 5.916299290000000266e-02 -5.224562309999999932e-02 1.593520149999999927e-02 -1.124075520000000078e-02
2.680618430000000103e+02 6.534636750000000216e-02 8.534706450000000347e-03 6.183766319999999678e-02 -4.580448639999999683e-02 -1.000787409999999954e-02 1.634643090000000021e-02
