# a=0.06456456389491495, b=-147.35812105442392, c=-0.00023090261767641474, xi=8.161542544168523
6.743838229999999934e-01 7.887820889999999641e-02 -4.742378700000000023e-03 4.659439419999999998e-02 2.353537279999999912e-03 8.407910949999999883e-03 4.523251110000000262e-03
3.374388989999999922e+00 8.314561439999999803e-02 -1.904737699999999902e-03 4.005046450000000063e-02 -1.981123359999999861e-02 1.737018300000000084e-02 -2.368738030000000147e-02
6.064198049999999895e+00 8.702961289999999739e-02 -3.010520699999999841e-03 1.776452950000000086e-02 3.530701449999999741e-02 -4.129213930000000254e-03 3.655028009999999796e-03
8.773812899999999360e+00 8.388199509999999526e-02 -6.260437970000000234e-03 -1.051328240000000067e-02 -7.708901570000000099e-03 1.765043189999999929e-02 1.795423219999999973e-02
1.146188300000000027e+01 8.049178419999999945e-02 -1.563127070000000030e-03 -2.630586639999999907e-02 -6.242319550000000050e-03 1.450915409999999940e-02 4.816764560000000306e-02
1.416557519999999926e+01 7.890393290000000115e-02 -2.489522909999999922e-03 -4.420206089999999949e-02 2.451744859999999832e-02 -1.093584920000000016e-02 3.534768919999999731e-02
1.686978309999999937e+01 6.321859909999999472e-02 -7.600571970000000004e-03 -4.888919080000000278e-02 4.742188070000000200e-02 -4.934987580000000339e-03 1.549731550000000083e-02
1.957472369999999984e+01 5.713551909999999706e-02 -1.072836419999999985e-02 -5.749257869999999798e-02 6.696917820000000687e-02 9.692278650000000356e-03 1.792118549999999894e-02
2.226706270000000032e+01 6.268987709999999935e-02 -7.898751830000000015e-03 -4.857743230000000079e-02 8.915798380000000689e-02 4.304121510000000206e-02 7.503899659999999604e-03
2.497478309999999979e+01 6.543411300000000208e-02 -1.365693610000000020e-03 -5.929280139999999755e-02 -7.187708279999999866e-03 2.554916910000000138e-02 -2.220888899999999902e-02
2.767590960000000067e+01 6.460387239999999809e-02 -3.248511810000000166e-03 -5.372871060000000004e-02 -2.125889460000000147e-02 2.150576959999999857e-02 -2.972231720000000077e-02
3.037145340000000004e+01 6.005500679999999786e-02 4.519040329999999758e-03 -6.110043080000000099e-02 -4.805806370000000050e-02 1.975391029999999833e-03 1.474740740000000071e-02
3.305492060000000265e+01 6.351301110000000250e-02 7.281404959999999635e-03 -5.411387310000000117e-02 5.180385220000000013e-02 1.994574069999999893e-02 2.411818630000000033e-02
3.575715650000000068e+01 5.484958219999999662e-02 9.579502320000000612e-03 -5.304783899999999941e-02 4.583685250000000405e-03 1.445470589999999986e-02 2.501852679999999954e-02
3.845731270000000279e+01 6.922809700000000233e-02 8.050912420000000402e-03 -6.913046670000000393e-02 1.705574970000000093e-02 3.205661750000000226e-02 4.986081299999999689e-02
4.116218150000000264e+01 7.135259870000000559e-02 2.262941090000000158e-03 -6.730001119999999559e-02 2.925911000000000137e-02 -9.905163159999999176e-04 1.786452839999999945e-02
4.385506269999999773e+01 7.699744749999999638e-02 4.592296660000000016e-03 -6.104384060000000306e-02 4.939192629999999973e-02 -6.104973199999999718e-03 1.930391240000000133e-02
4.657460019999999901e+01 6.935833710000000041e-02 8.264868639999999912e-04 -6.640340590000000376e-02 4.768906490000000137e-02 -2.115672970000000153e-02 -3.426265559999999710e-02
4.927525649999999757e+01 6.177966630000000098e-02 4.032925459999999601e-03 -7.088536350000000652e-02 9.322022850000000194e-02 8.792459160000000093e-03 -1.161591790000000108e-03
5.197766270000000333e+01 6.266782740000000074e-02 3.376831189999999951e-03 -6.481744089999999514e-02 8.124058670000000593e-02 -1.691037470000000126e-02 1.804129839999999915e-02
5.467796899999999738e+01 6.027861429999999826e-02 -1.152410389999999939e-03 -5.948937280000000244e-02 2.997420799999999871e-02 8.697786690000000598e-03 2.074599889999999974e-02
5.738273310000000293e+01 6.587710360000000043e-02 -1.624021129999999929e-03 -5.562887519999999697e-02 1.379911879999999938e-02 -3.609305250000000020e-02 -4.269050370000000011e-02
6.008862210000000204e+01 6.582074179999999886e-02 -5.413621999999999879e-03 -5.749408720000000195e-02 -2.435610770000000078e-02 -1.178162389999999962e-02 -5.530222109999999996e-02
6.279619559999999723e+01 6.616133359999999686e-02 -1.304298379999999959e-02 -6.241786869999999682e-02 7.738150410000000159e-03 -2.080726039999999943e-02 -3.839419639999999689e-02
6.549843149999999525e+01 6.345328499999999816e-02 -8.151188000000000183e-03 -7.216346460000000462e-02 -2.954006610000000071e-03 -3.974919670000000294e-03 -1.362287480000000037e-02
6.818660959999999704e+01 6.599690060000000524e-02 -8.283698049999999730e-03 -6.550322259999999397e-02 9.888424260000000521e-02 4.873636569999999918e-02 3.256168539999999834e-02
7.089531900000000064e+01 6.284101879999999529e-02 -1.025352709999999973e-02 -6.533939399999999509e-02 6.577531579999999767e-02 -6.565453500000000345e-03 -1.391408159999999936e-02
7.360805019999999388e+01 6.752061650000000526e-02 -8.906510430000000311e-03 -6.050692020000000143e-02 8.208290040000000565e-02 8.878343609999999643e-04 -1.303400560000000062e-02
7.630825489999999434e+01 6.099522470000000307e-02 -1.005846669999999922e-02 -6.628144499999999439e-02 3.742319670000000126e-02 -1.326267729999999929e-02 1.255606169999999924e-02
7.900897059999999783e+01 5.535499409999999898e-02 -9.249750790000000472e-03 -7.407069430000000343e-02 3.853009140000000082e-02 -5.928047349999999993e-02 1.842304109999999898e-03
8.170930020000000127e+01 5.388199169999999955e-02 -1.438836259999999936e-02 -6.823767729999999365e-02 1.171364190000000020e-02 9.489842730000000405e-04 5.252430889999999686e-03
8.439257840000000499e+01 5.765433429999999859e-02 -1.921744159999999937e-02 -6.273899480000000306e-02 4.267371889999999751e-02 -2.206074750000000181e-03 2.678568110000000002e-02
8.709241269999999702e+01 6.574517480000000025e-02 -2.518031739999999907e-02 -6.918917430000000313e-02 5.203575590000000112e-02 -5.423713269999999934e-03 1.007537850000000046e-03
8.978559090000000253e+01 6.799860530000000070e-02 -1.349379090000000017e-02 -5.578913060000000035e-02 5.380799530000000136e-02 3.516828059999999728e-02 2.214022740000000031e-02
9.247970809999999631e+01 7.068544020000000483e-02 -1.999638119999999977e-02 -5.581163979999999997e-02 6.734665689999999594e-02 -1.709496799999999858e-02 7.622377690000000337e-03
9.518092989999999531e+01 6.763748760000000415e-02 -2.257713319999999843e-02 -5.193681070000000233e-02 4.691016209999999964e-02 3.844238069999999976e-03 2.913949750000000005e-02
9.788003930000000707e+01 6.805488660000000301e-02 -2.253646029999999828e-02 -5.739350580000000118e-02 2.897307840000000120e-02 1.374178560000000049e-02 -7.652932749999999916e-04
1.005806390000000050e+02 5.200867790000000129e-02 -5.249967070000000069e-03 -6.674502250000000081e-02 3.672702500000000342e-02 2.433845310000000081e-02 1.383133689999999950e-02
1.032785609999999963e+02 5.642606299999999853e-02 -4.102344100000000424e-03 -6.643917650000000230e-02 4.816933090000000139e-02 3.694537929999999748e-02 -2.548193099999999933e-02
1.059813419999999979e+02 5.026368920000000295e-02 6.661004590000000128e-03 -7.255147820000000525e-02 3.263151789999999691e-02 5.341081679999999665e-02 -2.423932909999999830e-02
1.086755919999999946e+02 5.318023100000000142e-02 7.040521220000000094e-03 -6.906129390000000090e-02 6.020237789999999950e-02 -2.708172470000000040e-02 -5.162713049999999998e-03
1.113792169999999970e+02 5.487155199999999705e-02 7.581637819999999771e-03 -7.341067369999999814e-02 2.065394710000000023e-02 -1.287370210000000036e-02 -1.046638310000000058e-02
1.140744360000000057e+02 5.664200800000000063e-02 6.635195420000000038e-03 -6.369866809999999435e-02 1.042856449999999928e-02 -3.622005209999999698e-02 -2.436088960000000123e-02
1.167692490000000021e+02 6.443890539999999612e-02 1.864154320000000050e-03 -6.654661800000000182e-02 7.270885240000000277e-03 -2.640283389999999869e-02 -3.232147850000000044e-02
1.194577019999999976e+02 6.776602040000000160e-02 5.471822759999999883e-03 -6.155828859999999680e-02 6.606669430000000620e-02 6.687575690000000515e-05 -6.144366899999999937e-03
1.221632800000000003e+02 6.560704629999999926e-02 4.807006709999999718e-03 -5.647071690000000227e-02 4.267495009999999755e-02 -8.768571910000000011e-03 -1.223749690000000036e-02
1.248653580000000005e+02 6.590556000000000192e-02 -4.278864759999999844e-03 -5.855273099999999675e-02 2.172005470000000146e-02 2.393298300000000142e-02 6.312009490000000146e-03
1.275634670000000028e+02 6.700693500000000358e-02 1.382343590000000098e-03 -6.712470249999999417e-02 8.866880180000000222e-02 2.144581090000000079e-03 6.381591380000000042e-03
1.302711079999999981e+02 6.737329159999999595e-02 -1.968367469999999803e-03 -7.025495980000000251e-02 4.297063930000000198e-02 2.584427239999999987e-02 -3.797909010000000141e-02
1.329781389999999988e+02 5.678792710000000327e-02 5.858169600000000081e-03 -6.608626870000000597e-02 -4.871863209999999743e-03 4.073079059999999696e-02 -5.531200699999999811e-03
1.356795610000000067e+02 6.024300340000000170e-02 1.023835099999999970e-02 -5.923896599999999707e-02 4.297612459999999857e-02 2.622953509999999960e-02 -1.956873640000000164e-02
1.383910140000000126e+02 6.464125010000000560e-02 1.786881090000000047e-02 -5.368499420000000244e-02 7.828387180000000167e-03 -1.983660129999999938e-02 -8.717270080000000601e-03
1.410968269999999904e+02 6.991151760000000048e-02 5.479537530000000087e-03 -4.251589430000000253e-02 4.091708289999999859e-02 2.585850649999999959e-02 -1.460009219999999948e-02
1.437833579999999927e+02 5.939312869999999883e-02 9.984597629999999654e-03 -2.242686569999999963e-02 5.768738489999999941e-02 2.795360289999999914e-02 -3.273993499999999779e-02
1.464880300000000091e+02 6.445303500000000574e-02 1.021218630000000037e-02 -8.335126499999999730e-03 -1.949349549999999931e-02 -3.199175519999999939e-02 1.225178879999999984e-02
1.491884520000000123e+02 6.301270949999999982e-02 1.174531350000000002e-02 1.218307060000000004e-02 6.022179130000000248e-03 -3.781421070000000328e-02 9.377200719999999974e-04
1.518798270000000059e+02 6.359682980000000430e-02 1.203351979999999974e-02 3.695108589999999971e-02 6.228828579999999907e-03 -3.346304099999999893e-02 3.298958040000000286e-02
1.545826859999999954e+02 6.702423629999999799e-02 3.010259639999999983e-03 4.570251410000000097e-02 -4.624274969999999860e-03 1.021899989999999932e-02 2.789197800000000130e-02
1.572808109999999999e+02 6.704338790000000103e-02 -1.226352769999999957e-03 5.188285740000000285e-02 1.651653490000000099e-02 2.523587460000000209e-03 4.270868270000000022e-02
1.599840140000000019e+02 6.687606999999999580e-02 2.837813320000000142e-04 5.515574909999999831e-02 9.386829710000000812e-03 -3.951488649999999880e-02 7.241883759999999393e-02
1.626990460000000098e+02 6.089853290000000335e-02 5.698677299999999534e-04 5.610293160000000279e-02 2.192042740000000114e-02 2.337227069999999948e-02 7.419504540000000387e-04
1.654006550000000004e+02 6.323273120000000302e-02 6.987694659999999988e-03 5.638114839999999739e-02 1.643589029999999868e-02 -2.532895019999999858e-02 -8.635198639999999357e-03
1.680994210000000066e+02 5.925831320000000263e-02 2.608978689999999923e-03 5.916236670000000336e-02 -2.211711010000000019e-02 -3.415805029999999937e-02 2.320806849999999984e-03
1.708033110000000079e+02 6.070948159999999677e-02 1.701102770000000085e-03 6.136620849999999822e-02 1.848028449999999934e-02 -1.386046609999999971e-02 1.115163140000000053e-02
1.735103740000000130e+02 6.013281820000000027e-02 5.856800039999999737e-04 6.582895749999999324e-02 -1.114389510000000048e-02 -1.547773499999999941e-02 3.992145209999999750e-02
1.762052799999999877e+02 5.623523980000000311e-02 -4.987099499999999783e-03 7.541732119999999817e-02 6.219333090000000140e-03 3.343594049999999707e-02 5.885858699999999694e-02
1.789037490000000048e+02 5.813185440000000204e-02 4.521387959999999609e-03 8.056300310000000242e-02 -7.189737950000000405e-03 3.285568400000000305e-02 6.343777220000000605e-02
1.816112799999999936e+02 5.945784590000000036e-02 1.365645449999999903e-03 7.554875329999999334e-02 -1.420122880000000004e-02 -1.740436199999999896e-04 4.510167000000000342e-02
1.843018739999999980e+02 6.242618700000000104e-02 -4.353491999999999605e-03 6.916662510000000375e-02 -2.279311629999999922e-02 2.985850970000000076e-02 5.329597319999999916e-02
1.869993269999999939e+02 7.446046850000000161e-02 1.330240690000000087e-02 6.568775270000000444e-02 -2.597478019999999860e-02 -2.611035700000000070e-02 4.551859619999999718e-02
1.896956079999999929e+02 6.856897720000000584e-02 1.673559750000000066e-03 6.341695949999999471e-02 -1.401053309999999996e-02 -8.664714349999999912e-03 1.908606900000000064e-02
1.923898110000000088e+02 6.174678819999999957e-02 3.791725420000000187e-03 6.530120490000000666e-02 6.541321649999999686e-04 1.040190159999999919e-02 5.277820099999999681e-02
1.950748739999999941e+02 5.133336539999999726e-02 2.224072560000000046e-03 6.794596460000000560e-02 1.863344390000000114e-02 3.096740419999999966e-02 7.854827990000000371e-02
1.977792800000000000e+02 4.857367580000000046e-02 3.764541479999999971e-03 6.532199730000000371e-02 1.254601810000000039e-02 1.931071100000000124e-02 7.321629559999999481e-02
2.004888269999999864e+02 5.103979430000000345e-02 -1.137620379999999994e-02 6.583869639999999357e-02 2.088116580000000042e-02 2.969969819999999927e-02 4.826705220000000046e-02
2.031779989999999998e+02 4.771830900000000042e-02 -1.736373399999999873e-02 6.637261569999999833e-02 -1.496658780000000022e-02 4.419609710000000323e-03 6.240891540000000071e-02
2.058776239999999973e+02 5.096118370000000258e-02 -1.704487990000000050e-02 7.273801289999999586e-02 3.121964030000000043e-02 1.146754130000000003e-02 3.267821650000000272e-02
2.085804050000000132e+02 4.945602600000000015e-02 -1.522809389999999971e-02 6.422527849999999650e-02 7.725966770000000303e-03 2.691349739999999990e-02 3.003257999999999969e-02
2.112781390000000101e+02 5.248314829999999737e-02 -1.124429899999999927e-02 6.898886799999999486e-02 -4.678362450000000082e-03 1.561150619999999989e-03 2.621627270000000121e-02
2.139772330000000125e+02 5.335297910000000310e-02 -2.926075399999999906e-03 5.710596340000000104e-02 2.496009199999999970e-02 6.526842510000000278e-03 3.465036810000000217e-02
2.166856549999999970e+02 5.895216849999999897e-02 -6.489134780000000054e-03 5.926927669999999815e-02 1.138837990000000043e-02 8.067046549999999649e-02 4.834858110000000292e-02
2.193833579999999870e+02 7.552508800000000411e-02 -3.681074280000000074e-03 5.562983669999999742e-02 1.917689720000000098e-02 -1.356375509999999964e-04 6.056464520000000296e-02
2.220873890000000017e+02 7.754424510000000603e-02 -7.902324149999999468e-04 5.626079230000000098e-02 -2.723309469999999829e-02 6.624710500000000404e-03 7.045545799999999859e-02
2.247852959999999882e+02 6.876947419999999978e-02 -4.188249730000000344e-03 5.378151850000000012e-02 3.187273799999999855e-03 -1.132026310000000015e-02 2.652650609999999964e-02
2.274704049999999995e+02 6.800154949999999421e-02 -1.904755920000000011e-04 5.720728060000000031e-02 -1.463942439999999998e-02 1.934275359999999833e-02 9.783604419999999968e-02
2.301697330000000079e+02 6.575335490000000505e-02 -8.114096770000000722e-03 6.221360730000000117e-02 8.829660139999999467e-04 3.100547619999999976e-02 9.579979909999999932e-02
2.328760139999999978e+02 6.527800999999999743e-02 -4.593441099999999791e-03 6.512257339999999450e-02 7.337739260000000069e-03 1.300330700000000041e-02 4.974575559999999674e-02
2.355770609999999863e+02 6.411289679999999935e-02 4.618267110000000113e-03 6.387469299999999628e-02 3.936249180000000319e-03 -2.927587120000000112e-02 6.551103969999999554e-02
2.382704990000000009e+02 6.451599880000000176e-02 9.288889820000000019e-03 6.431678909999999361e-02 1.501739730000000057e-02 2.316934340000000037e-03 7.015662100000000234e-02
2.409837799999999959e+02 6.941839599999999333e-02 1.250788190000000008e-02 6.723544920000000535e-02 3.973484809999999756e-02 -1.352580880000000055e-02 4.263400120000000043e-02
2.436851859999999874e+02 6.768070099999999589e-02 6.401080120000000352e-03 6.784707800000000510e-02 6.666352640000000433e-03 -1.430359140000000062e-03 5.743974920000000095e-02
2.464045610000000011e+02 6.523473770000000338e-02 1.454486700000000082e-03 6.901768340000000168e-02 3.418623199999999696e-02 2.662372130000000003e-02 5.208118369999999858e-02
2.491212800000000129e+02 6.376719220000000299e-02 4.243943580000000305e-03 7.611289359999999504e-02 4.550869059999999855e-02 2.775540669999999877e-02 4.763159559999999987e-02
2.518153110000000083e+02 7.267930179999999851e-02 -8.478780700000000670e-03 6.394469260000000543e-02 -4.704101439999999572e-03 6.348657179999999886e-03 5.441917219999999750e-02
2.545193889999999897e+02 6.551815749999999328e-02 -3.023074839999999948e-04 6.803637519999999883e-02 6.316379240000000346e-03 8.410987930000000598e-03 8.691115800000000224e-02
2.572202169999999910e+02 6.640015470000000530e-02 -4.389879309999999805e-03 5.332421140000000170e-02 -2.302799079999999846e-02 -1.735540689999999844e-02 -8.167926049999999633e-03
2.599245609999999829e+02 6.297056560000000025e-02 -7.602290170000000017e-04 4.873915849999999744e-02 -2.118469879999999861e-02 3.482249470000000052e-03 1.875665940000000032e-02
2.626154670000000237e+02 6.775921029999999734e-02 5.329064400000000138e-05 5.840506990000000204e-02 -1.373479569999999927e-01 -5.690030530000000052e-03 -1.082230619999999949e-02
2.652967639999999960e+02 7.423790349999999372e-02 1.574822549999999998e-03 6.151568839999999733e-02 -3.041054680000000038e-02 1.294622919999999927e-02 -1.568804890000000118e-02
2.679915389999999888e+02 8.032395539999999390e-02 2.995740279999999957e-03 5.533208130000000224e-02 -4.643372889999999864e-02 3.563372060000000174e-02 -8.879258450000000052e-03
