# a=0.06602306754505578, b=-129.23334934094225, c=-0.003231068286018915, xi=9.104414152972588
6.695576810000000156e-01 6.702008630000000355e-02 -3.199548530000000026e-03 3.930179319999999726e-02 2.226728710000000153e-02 -8.317963059999999159e-03 -1.915358959999999972e-02
3.373483929999999908e+00 7.314621749999999922e-02 -3.432735790000000006e-03 2.329917730000000131e-02 4.465050169999999763e-02 -1.968170949999999836e-02 6.583355450000000220e-02
6.069787520000000214e+00 7.184709070000000475e-02 -5.554890130000000176e-03 -3.722090129999999861e-03 5.315486099999999769e-02 6.558856439999999875e-05 9.413325459999999367e-02
8.771246590000000509e+00 7.167688690000000029e-02 -1.064535339999999990e-02 -2.620083570000000112e-02 3.800860009999999789e-02 7.670049980000000385e-03 5.658705399999999774e-02
1.147460850000000043e+01 6.640815029999999619e-02 -4.784051539999999679e-03 -4.347486760000000144e-02 1.330187459999999933e-02 -3.353967489999999663e-02 -1.637212669999999967e-02
1.417721000000000053e+01 7.284486749999999344e-02 -5.843386499999999630e-03 -3.854356469999999785e-02 -1.579228150000000063e-03 -1.302728939999999933e-02 -2.071744359999999792e-03
1.688582720000000137e+01 8.051245869999999749e-02 -5.388787190000000026e-03 -4.237900160000000055e-02 -8.026001859999999655e-03 -4.734543790000000224e-02 4.287324829999999976e-02
1.958111630000000147e+01 8.073739600000000294e-02 -1.627040749999999992e-03 -4.527162459999999750e-02 -9.067234040000000245e-03 -2.338126050000000067e-02 2.149238520000000020e-03
2.228513189999999966e+01 7.379998209999999448e-02 1.667864069999999959e-03 -5.023004860000000044e-02 1.741100699999999918e-02 1.888984989999999966e-03 -1.333726549999999893e-03
2.498462100000000063e+01 6.551331180000000143e-02 4.558978060000000074e-04 -5.986652809999999658e-02 3.038459539999999875e-03 7.889892869999999905e-03 2.730892869999999861e-02
2.768478809999999868e+01 6.672391760000000172e-02 -1.073929250000000028e-03 -6.010252869999999775e-02 -2.079730349999999936e-02 -1.720075069999999970e-02 2.582009570000000018e-02
3.039092249999999851e+01 6.313490909999999734e-02 4.017679099999999729e-04 -6.734623519999999308e-02 -2.862508819999999912e-02 2.934893879999999830e-02 -1.105184199999999922e-02
3.309458970000000022e+01 5.628633429999999743e-02 3.058010150000000163e-03 -7.036929359999999356e-02 -1.940031849999999947e-02 6.729255529999999576e-03 -1.976497149999999897e-02
3.579786310000000071e+01 5.461095920000000326e-02 9.655178180000000302e-04 -7.119163850000000127e-02 -2.477473100000000122e-02 3.530651390000000278e-02 -4.589134119999999789e-02
3.849881160000000335e+01 6.863855759999999695e-02 -2.121668760000000164e-03 -7.571585899999999647e-02 -1.730656900000000081e-02 1.023702320000000054e-01 -6.047532879999999861e-02
4.118744130000000325e+01 6.980045149999999921e-02 -1.884199430000000047e-03 -7.342423900000000225e-02 2.981858490000000202e-03 4.257941839999999922e-02 -7.618318429999999808e-02
4.388222100000000125e+01 6.696002980000000104e-02 -4.363403709999999838e-03 -6.889565779999999584e-02 2.751247559999999912e-02 -6.370746850000000121e-03 -5.538799240000000235e-02
4.658438499999999749e+01 6.525793990000000599e-02 -6.599002439999999622e-03 -6.555875810000000303e-02 1.554688830000000056e-02 4.010024350000000390e-03 -3.989447339999999814e-02
4.928182249999999698e+01 6.329528489999999841e-02 -7.987462080000000408e-03 -6.752174810000000083e-02 2.730373670000000100e-02 1.874647210000000147e-02 -2.198098609999999883e-02
5.198378499999999747e+01 6.135907210000000195e-02 -3.841530200000000186e-03 -6.627089910000000250e-02 1.317194510000000048e-02 7.861600510000000402e-03 -2.644971419999999837e-02
5.468330219999999997e+01 6.285644940000000014e-02 -4.477938330000000300e-03 -6.770353530000000619e-02 -1.115003359999999907e-03 -5.595011819999999754e-03 2.395731690000000094e-02
5.737607249999999937e+01 6.678991700000000420e-02 2.348783790000000000e-03 -6.720352470000000300e-02 -1.127890970000000083e-02 3.962361519999999665e-02 3.591025259999999775e-02
6.006634600000000290e+01 6.739157860000000166e-02 5.738637070000000145e-03 -6.848268209999999745e-02 3.185189279999999911e-03 4.777661939999999774e-02 -6.888442179999999977e-03
6.276699909999999960e+01 6.314237209999999656e-02 3.590765499999999839e-03 -6.513991500000000656e-02 6.247757670000000409e-03 4.404118939999999982e-02 -5.430987429999999810e-02
6.546754439999999420e+01 6.322707710000000092e-02 5.572033429999999690e-03 -6.705614170000000207e-02 3.625713459999999749e-02 1.915253470000000124e-02 -5.153206639999999977e-02
6.817228660000000673e+01 6.386009959999999763e-02 -1.901735400000000020e-03 -6.795340950000000602e-02 3.606076899999999946e-02 2.382484340000000193e-03 -3.188008679999999873e-02
7.087388350000000514e+01 6.010683700000000323e-02 -3.552742739999999871e-03 -6.098580940000000034e-02 2.061826649999999941e-02 8.144107540000000266e-04 -3.394980789999999665e-02
7.357987570000000233e+01 6.749360890000000168e-02 -4.113202370000000087e-03 -5.855220540000000140e-02 -1.359748369999999942e-02 1.322131390000000004e-03 -1.483026139999999923e-02
7.627167570000000296e+01 6.708446440000000177e-02 -3.663380530000000202e-04 -7.163669770000000159e-02 -1.020278380000000026e-02 9.242902839999999134e-03 2.744887669999999946e-02
7.896510069999999359e+01 6.145923570000000336e-02 -3.327497009999999967e-03 -7.967314350000000156e-02 3.291612330000000253e-02 3.061408440000000161e-02 3.072257579999999877e-02
8.166156320000000335e+01 5.344104320000000324e-02 -9.085794879999999421e-03 -8.103420779999999379e-02 7.246472580000000441e-02 9.314007859999999181e-03 9.729164900000000088e-03
8.434993969999999308e+01 5.346828359999999947e-02 -8.524011399999999877e-03 -7.952904380000000439e-02 5.758560280000000337e-02 -3.311701219999999696e-02 7.864640739999999644e-03
8.704745690000000025e+01 5.732700069999999842e-02 -6.648603609999999622e-03 -7.022241170000000088e-02 4.136350379999999965e-02 -2.041343690000000169e-02 2.314870869999999942e-02
8.974732099999999946e+01 5.320413150000000146e-02 -4.397925460000000342e-03 -6.588699089999999758e-02 1.490332549999999999e-02 -2.033536589999999922e-02 1.256274670000000031e-02
9.245279600000000642e+01 5.128421439999999998e-02 -4.531439380000000169e-03 -6.847623660000000390e-02 1.486903980000000083e-02 -1.431232799999999916e-02 8.028747359999999569e-03
9.515479750000000081e+01 6.157501840000000060e-02 -7.068838390000000207e-03 -6.467741439999999398e-02 2.253835059999999973e-02 -2.455721450000000056e-03 -1.499304890000000001e-02
9.786448190000000125e+01 6.664981379999999900e-02 -5.446976089999999715e-04 -6.396456970000000131e-02 9.082889699999999612e-04 2.371414180000000135e-02 -2.815315789999999971e-02
1.005729709999999955e+02 6.593830059999999937e-02 1.410172259999999947e-03 -6.217841069999999887e-02 -1.329865620000000078e-03 2.029743069999999806e-03 -8.300281839999999745e-03
1.032748930000000058e+02 7.512656850000000441e-02 5.810149379999999912e-03 -7.416338159999999458e-02 2.485540379999999841e-02 1.388840620000000034e-03 1.138053309999999957e-02
1.059773930000000064e+02 7.525619910000000412e-02 9.902191679999999797e-05 -6.923208309999999421e-02 5.515774100000000318e-02 2.062332409999999977e-02 -2.656145270000000169e-04
1.086778620000000046e+02 7.339130959999999593e-02 -8.599434599999999538e-04 -6.422094790000000553e-02 5.257905470000000248e-02 8.058279419999999846e-03 -4.109040819999999761e-02
1.113766739999999942e+02 6.104778710000000053e-02 -3.891398109999999900e-03 -6.697251660000000384e-02 -7.769926889999999829e-03 -1.433632630000000047e-02 -2.082205800000000093e-02
1.140751429999999971e+02 6.274355289999999918e-02 1.642724880000000090e-03 -7.020726979999999950e-02 -1.273689819999999917e-02 -7.456982829999999956e-04 -1.838831419999999855e-02
1.167768769999999989e+02 5.948447850000000009e-02 -4.876808350000000174e-03 -6.104612970000000000e-02 -1.228981879999999950e-02 -2.198838050000000155e-02 -4.908742940000000027e-02
1.194756270000000029e+02 6.401649339999999910e-02 -5.723460110000000087e-03 -5.027913750000000126e-02 -1.748700479999999984e-03 2.595188680000000067e-02 -4.456745950000000345e-02
1.221759080000000068e+02 6.889243389999999412e-02 -8.634960120000000072e-03 -4.131555110000000031e-02 -3.700278089999999714e-02 3.407614230000000077e-02 -2.861835810000000133e-02
1.248702830000000006e+02 7.725758409999999854e-02 -7.203342009999999691e-03 -4.111894879999999919e-02 4.689416299999999739e-03 2.093117569999999872e-02 -3.618459489999999862e-02
1.275670960000000065e+02 8.328481790000000218e-02 -2.608647369999999785e-03 -1.712433860000000044e-02 3.113824990000000140e-02 2.783553719999999967e-02 -2.114539470000000032e-02
1.302643150000000105e+02 8.609767129999999768e-02 4.134172079999999874e-03 4.751957640000000274e-03 7.395357370000000229e-03 4.241552350000000332e-02 -2.028667420000000027e-02
1.329715960000000052e+02 8.678201839999999390e-02 5.831127660000000150e-03 2.629091550000000124e-02 -2.702833799999999898e-02 2.531626879999999968e-02 -3.862728320000000104e-02
1.356673150000000021e+02 7.213729500000000405e-02 3.245965920000000188e-03 3.866170869999999843e-02 -1.137178069999999911e-03 4.323295779999999922e-03 -6.782559740000000670e-02
1.383731119999999919e+02 6.311752549999999351e-02 8.263432890000000156e-03 5.197307620000000267e-02 4.151898119999999741e-03 2.741266759999999927e-02 -5.394286689999999718e-02
1.410748930000000030e+02 6.796896460000000084e-02 6.585294809999999582e-03 4.971392790000000311e-02 -1.875191749999999963e-02 2.345882449999999939e-02 -1.855359449999999938e-02
1.437890179999999987e+02 6.879619260000000014e-02 5.791810560000000031e-03 5.801918150000000274e-02 -1.983669769999999929e-02 -5.221598420000000094e-04 3.080927459999999868e-02
1.464864080000000115e+02 6.349938069999999657e-02 4.709249100000000021e-04 5.353314580000000100e-02 1.112053890000000086e-02 1.001268560000000049e-04 3.664381740000000054e-03
1.491873620000000074e+02 6.321912749999999970e-02 -1.159324389999999948e-03 5.437327039999999972e-02 6.385373760000000176e-03 -7.604108239999999956e-03 -3.034026030000000138e-02
1.518863299999999867e+02 6.313293279999999952e-02 -2.249983630000000027e-04 5.286444740000000031e-02 1.488689169999999999e-02 -3.198412350000000293e-02 -8.229661040000000802e-03
1.545815179999999884e+02 5.763156989999999869e-02 1.319105610000000052e-03 5.417643070000000005e-02 1.536071519999999968e-02 -2.509444029999999964e-02 -7.189825179999999663e-03
1.572884549999999990e+02 6.062620249999999683e-02 -5.680847579999999571e-03 5.276392769999999760e-02 -3.776289680000000093e-02 5.147851569999999793e-02 2.010855470000000051e-03
1.599818620000000067e+02 6.756906360000000666e-02 -3.276409120000000046e-03 5.046440049999999927e-02 -5.048952379999999823e-02 4.482160990000000345e-02 -3.869568150000000234e-02
1.626777519999999981e+02 7.400615900000000191e-02 -2.751382530000000184e-03 5.762616140000000053e-02 -2.755151360000000077e-02 4.012998689999999757e-02 -9.487243290000000814e-03
1.653743299999999863e+02 7.051416679999999992e-02 -7.138816810000000318e-03 5.962152589999999974e-02 -2.964882140000000069e-02 6.222892430000000197e-02 3.460363150000000205e-04
1.680656270000000063e+02 6.794447339999999669e-02 -3.691309120000000211e-03 6.199519710000000322e-02 -1.866931479999999963e-02 5.030178479999999896e-02 3.865846500000000296e-02
1.707643459999999891e+02 6.160487349999999723e-02 9.902991640000000356e-04 7.329955929999999731e-02 -3.444855310000000115e-02 -8.814291689999999985e-03 3.638974799999999954e-02
1.734538619999999867e+02 5.894018630000000258e-02 -2.145282730000000210e-03 7.497807569999999366e-02 -1.674222130000000081e-03 -5.187472309999999892e-02 -2.448712839999999877e-02
1.761472679999999968e+02 5.715858499999999787e-02 4.468538680000000082e-03 6.968549050000000245e-02 1.541819829999999981e-03 1.516098190000000033e-02 -5.144051260000000181e-02
1.788379400000000032e+02 6.172255160000000157e-02 2.569031069999999986e-03 7.200194999999999512e-02 3.936687610000000337e-02 2.490400150000000173e-02 -2.098218079999999985e-02
1.815388149999999996e+02 6.029696069999999908e-02 2.905899339999999925e-03 6.547338229999999371e-02 1.228156659999999961e-03 1.967119670000000084e-02 3.612009690000000245e-02
1.842369239999999877e+02 5.577505509999999833e-02 2.656931149999999797e-03 7.506553809999999549e-02 -1.766263699999999839e-02 9.438258830000000738e-03 2.769608360000000088e-02
1.869385019999999997e+02 5.893572259999999702e-02 2.020316060000000059e-03 7.375404430000000178e-02 -3.056193910000000111e-02 5.375048430000000342e-03 3.297609399999999746e-02
1.896513459999999895e+02 6.148242859999999976e-02 3.692163540000000053e-03 6.975590780000000268e-02 -4.370166360000000277e-02 1.175616370000000070e-02 1.109502409999999981e-02
1.923517050000000097e+02 6.801040690000000055e-02 7.776710729999999731e-03 6.576914089999999491e-02 -1.746650549999999996e-02 5.119063470000000116e-02 -2.788753659999999857e-02
1.950445799999999963e+02 6.806047249999999660e-02 7.481362029999999962e-03 6.017366209999999715e-02 3.089864850000000052e-02 9.744882829999999135e-03 2.072018570000000014e-03
1.977407049999999913e+02 7.424977430000000156e-02 4.741144059999999848e-03 5.875610480000000024e-02 1.476909210000000063e-02 -2.960520629999999903e-02 8.252807160000000253e-03
2.004355799999999874e+02 6.366429690000000030e-02 6.669639810000000009e-03 5.722478489999999890e-02 9.912652120000000483e-03 6.857316349999999922e-03 2.647422030000000023e-02
2.031341119999999876e+02 5.850028220000000334e-02 8.765754980000000154e-03 5.874005830000000178e-02 1.622955519999999888e-02 -1.246501889999999946e-02 -2.750749950000000096e-02
2.058336899999999901e+02 5.752966489999999933e-02 3.151624210000000034e-03 5.776830570000000137e-02 2.652739969999999906e-02 9.773233879999999613e-04 -2.053913859999999952e-02
2.085329710000000034e+02 6.260826110000000666e-02 -1.398532480000000107e-03 6.016328509999999824e-02 -6.729473219999999693e-03 -1.444051220000000003e-02 -2.816246619999999805e-03
2.112306269999999984e+02 6.363261450000000374e-02 3.974730759999999669e-03 6.022956430000000333e-02 -1.889974919999999961e-02 5.012775099999999817e-02 1.478655100000000021e-02
2.139248299999999858e+02 5.889818940000000197e-02 1.108057859999999999e-02 6.171959030000000179e-02 5.540155339999999675e-04 4.360453809999999958e-02 5.346019529999999909e-02
2.166294399999999882e+02 6.178680870000000103e-02 8.016607429999999396e-03 6.579846470000000336e-02 6.988646069999999988e-03 1.268069779999999973e-02 6.603371639999999765e-02
2.193330180000000098e+02 6.341500490000000212e-02 7.285698129999999655e-03 6.743684969999999557e-02 -2.156224660000000126e-02 -4.688906450000000087e-02 1.178126130000000001e-02
2.220317829999999901e+02 6.854327729999999674e-02 6.115101890000000304e-03 6.268358279999999838e-02 -2.210154389999999941e-02 -4.252872859999999589e-03 2.603534340000000086e-02
2.247387209999999982e+02 7.403927509999999601e-02 9.217171780000000050e-03 6.305426370000000169e-02 -4.173838280000000123e-02 -4.750103910000000318e-02 8.581192849999999539e-02
2.274344079999999906e+02 7.777335459999999701e-02 5.070240600000000368e-03 6.528767500000000334e-02 -5.861812899999999799e-02 -3.559484820000000105e-02 6.455938260000000650e-02
2.301266270000000134e+02 6.366892740000000550e-02 1.191578939999999925e-03 6.608323789999999420e-02 -2.470178140000000092e-02 -2.307756450000000153e-02 -6.015734529999999629e-03
2.328359399999999937e+02 5.960594339999999991e-02 8.107037830000000250e-03 6.615709849999999725e-02 -3.075784360000000106e-02 -1.223502379999999966e-02 -4.732595239999999939e-03
2.355291740000000118e+02 5.537629620000000114e-02 -3.229339840000000020e-03 7.040302959999999999e-02 1.416961599999999990e-03 9.253476150000000114e-04 -5.136809230000000115e-02
2.382268620000000112e+02 5.080085530000000293e-02 -3.156655820000000157e-03 7.265823220000000582e-02 1.944689549999999850e-02 2.786231839999999890e-02 -2.347247059999999982e-02
2.409391430000000014e+02 3.619874499999999745e-02 -3.684196820000000018e-03 7.373944170000000520e-02 -1.988614179999999981e-02 -7.494082760000000433e-03 -4.338527340000000385e-03
2.436492990000000134e+02 3.444020939999999781e-02 -5.620563179999999576e-03 7.715420959999999551e-02 -6.129362430000000195e-03 -9.553333560000000155e-03 2.629323219999999805e-03
2.463528770000000065e+02 3.999179569999999906e-02 -7.014634579999999911e-03 7.583236100000000091e-02 -2.626237400000000152e-02 -4.639363259999999822e-02 2.119750529999999897e-02
2.490578299999999956e+02 4.691747050000000252e-02 -4.718449450000000364e-03 7.248857679999999581e-02 -3.515515770000000179e-02 -1.955535859999999945e-02 1.411395420000000067e-02
2.517515329999999949e+02 5.683076749999999705e-02 -2.174589700000000014e-03 7.080276439999999560e-02 -8.848740359999999333e-03 -4.242581900000000350e-03 -3.839326989999999884e-02
2.544527050000000088e+02 6.558335730000000585e-02 -3.168728540000000007e-03 6.753149919999999751e-02 -7.487742160000000150e-04 1.620078839999999909e-02 -4.334652950000000143e-02
2.571471270000000118e+02 6.542867589999999678e-02 -2.511144370000000133e-03 6.367155759999999776e-02 -4.060547569999999745e-03 2.691359700000000178e-04 8.451742540000000380e-04
2.598471430000000169e+02 6.610561959999999848e-02 -6.304325960000000013e-03 5.417058140000000077e-02 -1.445127530000000094e-03 -1.270422220000000033e-02 2.767252929999999833e-02
2.625429710000000227e+02 6.452097919999999487e-02 -9.013005529999999765e-03 5.456162590000000062e-02 2.552623489999999995e-02 -1.202665179999999959e-02 -3.762755899999999879e-03
2.652460800000000063e+02 6.030030709999999877e-02 -6.451556980000000205e-03 5.205448359999999969e-02 3.119935990000000103e-02 -2.906783439999999913e-02 -3.470864910000000247e-02
2.679445200000000114e+02 6.212910519999999964e-02 -5.946011040000000018e-03 5.497873109999999730e-02 1.047318600000000065e-02 -9.694462549999999582e-03 -4.816611810000000216e-02
