# a=0.06695437680664779, b=-136.9378621010208, c=-0.000282680924063718, xi=6.174117944224535
6.564572699999999816e-01 7.656703609999999938e-02 -8.390532270000000681e-03 -3.617606709999999972e-03 -2.360216539999999974e-02 -1.331900329999999993e-02 -1.229742049999999962e-02
3.342733319999999786e+00 6.835665890000000577e-02 -7.612799009999999915e-03 -3.239822750000000140e-02 -1.187258209999999918e-02 -1.814834580000000003e-02 3.129683319999999880e-02
6.037765659999999812e+00 6.506037110000000012e-02 -1.225371609999999917e-02 -4.736484610000000345e-02 -1.170077689999999941e-02 2.481675259999999855e-02 8.029131239999999503e-02
8.737358629999999238e+00 7.068813940000000240e-02 -8.068754520000000555e-03 -6.159440280000000323e-02 -6.817977499999999975e-03 -3.177027450000000086e-02 2.686321300000000037e-02
1.142918889999999976e+01 6.454601460000000679e-02 -8.042982889999999649e-03 -6.515216079999999743e-02 1.765339629999999882e-02 -5.878207659999999668e-02 -5.141184079999999712e-03
1.412788270000000068e+01 6.342505789999999810e-02 -3.341285539999999839e-03 -6.081374099999999755e-02 2.123363279999999909e-02 -4.741428660000000100e-02 -2.628795739999999822e-03
1.683012019999999964e+01 6.461351799999999479e-02 -1.260087559999999943e-03 -5.493185660000000220e-02 -2.708191449999999920e-03 -6.826409910000000303e-02 -1.259471390000000031e-02
1.953047019999999989e+01 5.937472950000000083e-02 7.022209399999999662e-04 -5.860925150000000083e-02 -1.463684739999999984e-02 -4.900650859999999831e-02 -2.564602209999999882e-02
2.223644210000000143e+01 5.676280200000000109e-02 -9.673760520000000522e-04 -6.039667779999999958e-02 -2.485799910000000001e-02 -5.453290389999999876e-02 -3.775899609999999740e-02
2.493797800000000109e+01 5.535551219999999828e-02 -3.818403489999999938e-03 -6.434054729999999500e-02 -3.498795860000000063e-02 1.359092859999999972e-02 -2.140113300000000014e-03
2.764584520000000012e+01 6.055777150000000303e-02 -2.391535829999999908e-03 -6.869171289999999319e-02 -4.294325470000000255e-02 -2.226856890000000061e-02 8.798970759999999447e-02
3.034150770000000108e+01 6.628999800000000275e-02 -7.285248050000000045e-03 -6.377908290000000591e-02 -2.366863339999999982e-02 -3.298839080000000312e-02 8.120420270000000551e-02
3.304321079999999711e+01 7.223296799999999462e-02 -6.518223220000000061e-03 -5.799184190000000044e-02 -1.543236939999999974e-02 -1.019975180000000023e-02 1.332519019999999985e-02
3.573947489999999760e+01 7.266751470000000490e-02 -1.785250439999999921e-03 -6.163544869999999787e-02 -2.321793930000000047e-02 1.874064409999999861e-02 7.681211240000000197e-03
3.844369050000000243e+01 6.614033360000000361e-02 -3.688409699999999937e-03 -6.273354320000000539e-02 -2.266366140000000001e-02 3.612737569999999870e-02 2.484583439999999907e-02
4.114498890000000131e+01 5.431712190000000107e-02 -3.457966670000000176e-03 -6.799059270000000488e-02 -5.407878420000000047e-02 5.256466679999999975e-02 4.258595700000000067e-02
4.385244829999999894e+01 5.833915939999999994e-02 -5.525268510000000410e-03 -6.779514130000000027e-02 -3.953218070000000250e-02 2.536841869999999916e-02 5.587685399999999664e-02
4.655345770000000272e+01 6.139250169999999757e-02 -6.449563759999999736e-03 -6.643129890000000481e-02 -2.671032850000000167e-02 3.331155739999999699e-02 2.481696900000000122e-02
4.926031859999999796e+01 6.404294850000000205e-02 -6.879617240000000106e-03 -7.390328140000000656e-02 -2.879919270000000017e-02 7.523971050000000105e-02 1.710247570000000134e-02
5.194557019999999881e+01 6.497181900000000010e-02 -2.949920510000000103e-03 -7.195358359999999565e-02 -1.566032329999999953e-03 4.397074609999999939e-02 9.278295770000000164e-03
5.465434520000000163e+01 6.488563049999999943e-02 -6.480864499999999979e-03 -6.607550299999999377e-02 -2.197461009999999992e-02 1.946116999999999986e-02 -2.750177180000000065e-03
5.736590300000000298e+01 7.209175580000000416e-02 -8.008957250000000444e-03 -6.394830420000000015e-02 2.687257919999999980e-03 1.167049619999999989e-02 2.407828019999999972e-02
6.006917800000000085e+01 7.344123280000000586e-02 -9.380941090000000787e-03 -5.183437409999999690e-02 -2.062791909999999937e-02 6.023519869999999742e-03 2.071343839999999908e-02
6.277313110000000052e+01 7.286819190000000390e-02 -1.070995060000000040e-02 -5.804626040000000070e-02 -1.564615150000000024e-02 1.307904149999999932e-02 1.530112129999999966e-02
6.547553739999999323e+01 7.638537010000000238e-02 -1.076851870000000017e-02 -5.336439999999999934e-02 -1.394695020000000056e-02 1.740820280000000136e-02 1.598029529999999906e-02
6.816807330000000320e+01 7.916339910000000368e-02 -7.983320069999999199e-03 -5.725949379999999839e-02 -4.456208829999999677e-02 2.632830250000000108e-02 2.269676519999999989e-02
7.086412799999999379e+01 7.543893999999999600e-02 -6.794642069999999763e-03 -6.288299890000000059e-02 -3.427917119999999984e-02 -1.521235759999999904e-03 2.685508760000000078e-02
7.356403579999999920e+01 6.126679329999999701e-02 -5.799188309999999888e-03 -6.843526830000000449e-02 -2.655658669999999902e-02 1.244195349999999926e-03 -5.968568290000000193e-03
7.626095460000000514e+01 6.006796749999999963e-02 -1.132232149999999951e-02 -7.246105889999999994e-02 -1.808433170000000104e-02 -4.090920769999999845e-02 1.128117449999999945e-02
7.895939830000000370e+01 6.120106449999999920e-02 -8.212088770000000593e-03 -7.127945400000000598e-02 -1.348084410000000011e-02 -9.103286840000000477e-03 3.899383869999999835e-02
8.167778110000000424e+01 5.722257070000000279e-02 -9.042756580000000169e-03 -6.944972809999999663e-02 -1.935366540000000093e-02 6.283658770000000171e-02 5.506906050000000274e-02
8.437848270000000639e+01 6.086554739999999741e-02 -8.368437850000000344e-03 -7.783827529999999550e-02 -7.518332949999999640e-03 3.151811050000000169e-02 3.455444810000000283e-02
8.708974519999999586e+01 6.210464269999999704e-02 -5.858532829999999782e-03 -7.847588299999999628e-02 -1.701493559999999947e-02 -6.187642430000000159e-03 -2.549205169999999888e-03
8.979533419999999921e+01 5.573973709999999887e-02 -7.335649329999999841e-04 -7.125705470000000263e-02 -3.353457349999999781e-02 -5.513574180000000401e-03 -4.280450119999999747e-02
9.249759210000000564e+01 6.303275040000000384e-02 -5.221664210000000021e-03 -6.967610150000000391e-02 -2.778083339999999971e-02 -3.138810539999999788e-02 -5.504339839999999873e-02
9.520231710000000191e+01 6.414769330000000269e-02 1.181329930000000030e-03 -6.827051409999999876e-02 -1.562525119999999892e-02 -4.260442269999999837e-02 -4.623885240000000230e-02
9.789498580000000061e+01 7.455341510000000615e-02 -2.695633130000000036e-04 -5.963733709999999993e-02 -4.582899470000000378e-03 -1.689580889999999988e-02 -1.862502300000000097e-02
1.005943610000000064e+02 7.458951739999999941e-02 3.050934419999999994e-03 -5.760751120000000280e-02 -5.054315850000000269e-03 -6.542585699999999872e-03 -1.569083090000000097e-02
1.032911260000000055e+02 7.220415130000000514e-02 1.913970830000000017e-03 -5.263069270000000216e-02 -1.003360299999999901e-03 1.399828959999999990e-02 -1.821518629999999833e-02
1.059858300000000071e+02 6.829914730000000156e-02 6.170225770000000061e-03 -4.900660949999999932e-02 1.607438450000000033e-02 1.204286029999999952e-02 -4.358736410000000304e-03
1.086918610000000029e+02 6.878286259999999430e-02 4.229968409999999845e-03 -5.280903440000000310e-02 -8.117039170000000126e-04 3.646316379999999663e-02 7.526734919999999995e-03
1.113831890000000016e+02 6.519153530000000585e-02 8.125676380000000296e-03 -6.340172560000000013e-02 -1.462585649999999932e-02 1.938493849999999973e-03 -1.277686010000000059e-02
1.140827670000000040e+02 5.871230560000000043e-02 9.408105329999999489e-03 -7.138264569999999698e-02 -1.807912529999999851e-02 9.157225439999999933e-04 1.287191269999999992e-02
1.167800639999999959e+02 5.329890269999999763e-02 4.086161359999999909e-03 -7.302424100000000362e-02 -2.371039200000000027e-02 1.311877969999999949e-03 3.635671099999999989e-02
1.194731730000000027e+02 5.045233329999999905e-02 3.185544429999999805e-03 -7.731200550000000282e-02 -1.189259389999999979e-02 2.588623989999999913e-03 -1.328493969999999975e-02
1.221751260000000059e+02 4.714585329999999852e-02 -3.207306540000000056e-03 -7.583896440000000017e-02 -1.446808460000000018e-02 9.586973340000000746e-03 2.482625600000000141e-02
1.248701729999999941e+02 5.565103739999999882e-02 1.143111609999999988e-03 -7.311308950000000584e-02 2.899728140000000162e-02 -9.964003100000000390e-03 3.582538589999999940e-02
1.275585800000000063e+02 6.142101080000000185e-02 -1.094841330000000026e-03 -6.477078449999999765e-02 4.358647789999999661e-02 4.969223269999999831e-03 4.011861629999999984e-02
1.302647509999999897e+02 7.249141900000000138e-02 -2.337758579999999961e-03 -5.534400209999999765e-02 2.399468529999999877e-02 -2.585355480000000108e-02 1.202373460000000054e-02
1.329541580000000067e+02 7.715237499999999526e-02 -6.236692159999999638e-03 -3.618615029999999733e-02 4.806265579999999954e-02 -2.915526220000000043e-02 -4.752909670000000225e-02
1.356498300000000086e+02 7.726857339999999852e-02 -1.020417299999999911e-03 -9.996987739999999359e-03 4.162619869999999861e-02 2.903426169999999938e-03 -7.162155920000000398e-02
1.383433449999999993e+02 7.579346700000000325e-02 2.202103679999999845e-03 1.541213299999999974e-02 -3.157154259999999952e-03 1.454375360000000061e-02 -7.104885099999999620e-02
1.410434079999999994e+02 7.177201719999999618e-02 4.163850339999999699e-03 3.327826560000000239e-02 -3.645659889999999792e-02 5.530742019999999870e-03 -5.005072420000000223e-03
1.437391110000000083e+02 6.806461469999999792e-02 1.407007540000000060e-03 5.540513040000000222e-02 -2.000285599999999941e-02 -6.555573630000000387e-03 1.645138560000000000e-02
1.464372830000000079e+02 5.886600439999999795e-02 1.560275019999999885e-04 5.794508109999999684e-02 -5.888705369999999717e-02 1.437996379999999935e-02 7.318956429999999569e-02
1.491428449999999941e+02 5.982094930000000227e-02 -3.506268910000000152e-03 6.209396760000000098e-02 -1.080587600000000037e-01 -2.345739640000000029e-02 4.255156890000000303e-02
1.518369079999999940e+02 6.057610110000000159e-02 2.956086399999999833e-03 6.232183830000000146e-02 -5.754427950000000347e-02 -2.330662169999999853e-02 -1.782769920000000161e-02
1.545392669999999953e+02 6.625624550000000501e-02 6.548077119999999758e-03 6.843412040000000640e-02 -1.717001290000000043e-03 3.762892060000000080e-03 4.746019219999999747e-03
1.572436419999999941e+02 7.084065189999999568e-02 -1.759576689999999954e-03 6.810779670000000063e-02 1.447259369999999955e-02 5.909019740000000243e-02 2.598545190000000130e-02
1.599477510000000109e+02 7.102327170000000134e-02 -1.518303900000000017e-03 6.585434850000000673e-02 -1.082812550000000025e-03 7.739103099999999902e-02 1.152601949999999993e-02
1.626500169999999912e+02 6.286949360000000653e-02 -4.097526800000000045e-03 7.173563210000000190e-02 -1.378585750000000006e-02 6.134427390000000285e-02 -9.718940900000000438e-03
1.653528609999999901e+02 5.709915990000000163e-02 1.453367500000000067e-03 7.396967120000000340e-02 -2.773735370000000085e-03 5.619798699999999786e-02 -5.744336190000000342e-02
1.680616420000000062e+02 6.001969520000000058e-02 7.223278619999999551e-04 7.824285009999999707e-02 4.656679019999999947e-02 -1.361663720000000008e-02 -7.649489149999999515e-02
1.707603609999999890e+02 5.740750890000000106e-02 -1.635149069999999958e-03 6.934349589999999619e-02 8.348567490000000091e-02 -3.212817429999999946e-02 -6.671771940000000012e-02
1.734650800000000004e+02 5.885151050000000245e-02 -5.232900210000000427e-03 6.787168080000000048e-02 8.081859969999999338e-02 -1.815125050000000045e-02 -2.993070700000000084e-02
1.761688300000000140e+02 5.722161989999999948e-02 -7.006495510000000301e-03 6.583281270000000684e-02 4.068872049999999740e-02 2.028809440000000144e-02 -3.597783269999999672e-02
1.788693299999999908e+02 6.333496809999999977e-02 -1.244203090000000006e-03 7.220276859999999464e-02 1.548380279999999991e-02 3.693873760000000034e-02 -4.801415590000000094e-03
1.815680949999999996e+02 6.566803620000000175e-02 4.331274700000000213e-03 7.504477919999999469e-02 -1.465660260000000055e-02 3.768171809999999733e-02 2.958872629999999976e-02
1.842644699999999887e+02 5.929504840000000138e-02 -1.345299930000000020e-04 6.801574870000000328e-02 -2.339407329999999841e-02 -4.478725260000000069e-02 6.558376779999999795e-02
1.869627509999999972e+02 6.335300230000000254e-02 -2.380764149999999892e-03 6.304506629999999390e-02 -2.868775889999999884e-02 -4.857154579999999749e-02 -1.481032279999999930e-02
1.896672979999999882e+02 6.346793859999999565e-02 4.874304220000000298e-03 6.569827229999999907e-02 -2.406870800000000116e-02 -2.949291659999999857e-02 -6.424226850000000488e-02
1.923704390000000046e+02 6.732961440000000131e-02 2.189081989999999787e-03 6.947818919999999843e-02 4.527769529999999681e-03 -3.965734440000000249e-02 -5.751179370000000096e-02
1.950762510000000134e+02 6.435224690000000691e-02 -2.910520560000000138e-03 6.639241449999999656e-02 7.177419540000000431e-02 -9.324731759999999731e-03 -5.353459339999999678e-02
1.977836110000000076e+02 6.251713640000000627e-02 3.731362560000000151e-03 6.156495780000000029e-02 6.357691009999999476e-02 4.462336740000000246e-02 -1.012422839999999914e-02
2.004846420000000080e+02 6.527410179999999784e-02 -2.462595990000000096e-03 6.086998379999999931e-02 2.922625439999999852e-02 4.851296470000000111e-02 3.443067610000000167e-02
2.031790479999999945e+02 6.573180939999999362e-02 -2.748033009999999946e-03 5.724396040000000185e-02 1.830901450000000166e-02 1.844315250000000059e-02 1.070101239999999947e-02
2.058778450000000078e+02 5.796423340000000229e-02 -5.724986369999999873e-03 5.856635570000000290e-02 4.541187109999999909e-03 5.226878090000000414e-03 9.343261170000000462e-03
2.085746420000000114e+02 6.107284550000000034e-02 -7.083772989999999846e-03 6.869547480000000317e-02 3.453530440000000205e-03 -1.349062520000000008e-02 3.015044869999999877e-02
2.112620330000000024e+02 6.118214090000000105e-02 -6.125242260000000188e-03 6.773417980000000227e-02 4.785880599999999679e-02 -1.599691870000000127e-02 5.664951829999999994e-02
2.139677829999999972e+02 5.955845399999999679e-02 -6.976485020000000072e-03 6.355923950000000322e-02 -2.884418180000000026e-02 -6.196092660000000057e-02 9.504325230000000568e-02
2.166673299999999927e+02 6.486355130000000246e-02 -7.109796029999999704e-03 6.201717460000000237e-02 -6.254752539999999805e-02 -2.603115829999999922e-02 7.024222709999999870e-02
2.193557669999999860e+02 6.774709569999999570e-02 -4.994026050000000168e-03 6.496629249999999467e-02 -7.993467240000000362e-02 3.753522019999999682e-02 1.104892990000000061e-03
2.220495329999999967e+02 7.247010219999999725e-02 -6.761630379999999593e-03 7.187116450000000101e-02 -2.359647250000000002e-02 4.628784269999999812e-02 -3.978260510000000000e-02
2.247415330000000040e+02 7.431542889999999402e-02 -4.981560220000000316e-03 6.450347689999999523e-02 2.296842480000000145e-02 5.955526860000000255e-02 1.237116509999999954e-02
2.274497360000000015e+02 6.993360129999999508e-02 2.720691370000000164e-03 6.372860969999999403e-02 -1.553604130000000064e-04 4.469659399999999921e-02 4.276581399999999922e-02
2.301503449999999873e+02 6.310554820000000009e-02 2.560847719999999935e-03 6.170818399999999926e-02 2.118254940000000031e-02 -1.786322450000000020e-02 7.443704659999999737e-03
2.328547979999999882e+02 5.673933750000000054e-02 4.149482129999999824e-03 6.350737620000000694e-02 2.753069820000000108e-03 -4.216503879999999871e-02 -7.495531869999999541e-02
2.355593450000000075e+02 5.110119999999999940e-02 8.408222939999999632e-03 6.446973379999999809e-02 -5.201030449999999999e-02 -4.493288060000000424e-03 -5.698509570000000191e-02
2.382555330000000140e+02 5.422219429999999840e-02 3.193343090000000037e-03 6.537325260000000082e-02 -2.425522670000000020e-02 -1.014385010000000073e-02 -1.622871429999999879e-02
2.409659230000000036e+02 6.054223899999999770e-02 2.647046980000000108e-03 6.449890640000000008e-02 -4.270380089999999823e-02 -2.356949519999999854e-02 1.346078640000000076e-02
2.436528920000000085e+02 6.692705590000000426e-02 5.756184460000000024e-03 6.140897969999999789e-02 -8.317494080000000043e-04 8.764528469999999585e-03 -7.746336409999999596e-03
2.463532669999999882e+02 7.313308179999999936e-02 7.602781759999999861e-03 4.707221909999999981e-02 3.288192530000000335e-02 -4.919923720000000250e-03 -2.935052419999999856e-02
2.490499859999999899e+02 7.363781349999999615e-02 1.002100939999999926e-02 4.483076469999999758e-02 3.452601439999999910e-02 -8.298750439999999506e-02 -2.139589019999999875e-05
2.517487830000000031e+02 6.753064849999999841e-02 4.751228060000000329e-03 5.067750809999999745e-02 1.982118219999999889e-02 -3.047939380000000073e-02 1.369557610000000057e-02
2.544481110000000115e+02 6.710427770000000625e-02 4.982951959999999854e-03 4.730717329999999804e-02 -2.615402740000000170e-02 -9.375040189999999524e-04 6.732475070000000505e-02
2.571522360000000162e+02 6.750637769999999482e-02 8.300928390000000129e-03 4.915390759999999776e-02 -7.510628480000000606e-02 -1.612504589999999918e-02 5.738287710000000014e-02
2.598550010000000157e+02 6.704050899999999813e-02 -3.516146899999999923e-04 4.716531260000000197e-02 -9.072205049999999826e-02 1.527729209999999921e-02 -8.227528430000000462e-03
2.625575799999999731e+02 7.094726949999999310e-02 2.173777510000000131e-03 4.286086320000000172e-02 -2.353313409999999856e-02 -6.442230410000000275e-03 -1.943550990000000173e-02
2.652502049999999940e+02 7.111938639999999812e-02 -2.339006109999999805e-03 2.780616359999999940e-02 -8.743591519999999867e-03 -1.722984170000000162e-02 -2.583093599999999879e-02
2.679335300000000188e+02 7.558257610000000681e-02 -4.870331579999999730e-03 1.569122959999999858e-02 -1.405105360000000018e-02 2.123084609999999900e-02 -8.550297150000000374e-03
