# a=0.06587600167318498, b=-128.4702104208863, c=-0.0004193109471628131, xi=11.68963139376059
6.970642150000000425e-01 6.092070890000000211e-02 -1.460275890000000028e-02 3.620682039999999907e-02 1.756420729999999888e-02 2.525218569999999885e-02 2.922582290000000100e-03
3.390520710000000104e+00 6.361279100000000186e-02 -2.070946540000000169e-02 1.993632899999999916e-02 2.203726920000000089e-02 9.248160170000000032e-04 2.572992379999999857e-02
6.081851330000000111e+00 6.927491650000000556e-02 -1.340903709999999999e-02 1.996823689999999846e-02 2.181503590000000159e-02 3.389407359999999786e-02 5.132133719999999732e-02
8.773636489999999455e+00 6.773952090000000259e-02 -1.502441569999999997e-02 6.815219280000000147e-04 3.546496069999999830e-03 4.069708369999999742e-02 2.875412349999999923e-02
1.146897230000000079e+01 6.331537360000000225e-02 -9.642310410000000387e-03 -2.339049610000000154e-02 -1.750178479999999967e-02 8.410484200000000040e-04 1.166492990000000084e-02
1.417535039999999924e+01 5.941602909999999654e-02 -8.133489379999999172e-03 -4.666585329999999726e-02 -4.945602989999999671e-02 -6.178802619999999857e-02 1.315792439999999980e-02
1.686986130000000017e+01 5.774525240000000226e-02 -2.149257930000000091e-03 -5.851705210000000129e-02 -4.152736480000000091e-02 -1.383547249999999944e-02 1.861682640000000138e-02
1.956855350000000016e+01 4.982700880000000276e-02 3.891276419999999993e-03 -6.990730080000000235e-02 -3.597804699999999911e-02 -2.734330550000000064e-03 2.261198039999999868e-02
2.227008010000000127e+01 4.731074219999999858e-02 1.664515130000000006e-03 -7.344183819999999807e-02 -3.679658339999999916e-02 -3.525556319999999938e-02 2.248631870000000060e-02
2.497584880000000140e+01 5.305318039999999680e-02 7.505935509999999680e-05 -7.519736130000000129e-02 1.947080049999999922e-03 -4.429855639999999949e-03 1.338780049999999978e-02
2.768035199999999918e+01 6.457908169999999892e-02 -2.059495750000000201e-03 -6.605694559999999993e-02 -7.761093020000000078e-03 2.942099119999999970e-02 8.824003270000000190e-03
3.039354409999999973e+01 6.908250339999999490e-02 9.210925820000000425e-04 -5.936006860000000301e-02 -8.114383929999999939e-03 -5.259933559999999814e-02 4.904215659999999755e-02
3.309437230000000341e+01 6.387339590000000455e-02 1.595054469999999903e-03 -5.569225490000000167e-02 -9.894882580000000094e-03 -5.234648830000000058e-02 1.188075360000000018e-02
3.579774729999999749e+01 7.076475529999999570e-02 1.269831080000000025e-03 -5.243564650000000216e-02 -1.358602090000000061e-02 -3.059435829999999912e-02 -2.363827849999999842e-02
3.849406760000000105e+01 7.501574810000000149e-02 4.389921290000000330e-03 -5.942176739999999874e-02 -1.077116780000000017e-02 -6.745197910000000352e-04 -2.186480970000000135e-02
4.118807379999999796e+01 7.341437209999999991e-02 7.311160090000000215e-03 -5.852824029999999927e-02 -5.970797970000000371e-03 4.545977030000000058e-02 1.288741499999999929e-02
4.388487700000000302e+01 6.000642490000000079e-02 7.170394820000000266e-03 -6.420772399999999380e-02 5.596405559999999757e-04 1.274334830000000036e-02 1.244094360000000052e-02
4.657999569999999778e+01 6.263744479999999726e-02 1.023676450000000036e-02 -6.230232249999999999e-02 1.832313480000000161e-02 -2.509542019999999943e-02 1.815933289999999839e-02
4.928166759999999869e+01 7.166008460000000690e-02 9.747556790000000415e-03 -6.155270079999999866e-02 9.315278139999999193e-03 -1.278041599999999930e-02 -7.745856150000000016e-03
5.198243949999999813e+01 7.521452469999999335e-02 9.473612830000000332e-03 -6.420671129999999671e-02 -1.285328189999999926e-02 1.342632059999999961e-02 2.058508049999999839e-02
5.468240509999999688e+01 7.171501299999999413e-02 8.006939180000000392e-03 -7.283096779999999326e-02 -2.145284979999999980e-02 4.016428539999999936e-02 2.011694129999999983e-02
5.737663950000000312e+01 7.143219670000000576e-02 8.165287579999999656e-03 -7.244519069999999505e-02 -2.881728880000000020e-03 6.277359990000000098e-03 -2.276954910000000137e-02
6.007818629999999871e+01 6.809918780000000227e-02 7.891253690000000695e-03 -6.625835550000000462e-02 1.334146760000000029e-02 1.343561369999999938e-04 -1.727606640000000152e-02
6.276976290000000347e+01 6.879829379999999328e-02 6.043276709999999968e-03 -5.576946840000000100e-02 6.064815389999999619e-03 9.283271569999999515e-03 -3.056788519999999870e-02
6.547196130000000380e+01 7.245315030000000489e-02 3.209810259999999835e-03 -6.479973490000000280e-02 1.239345579999999968e-02 1.329742759999999989e-02 -3.922536869999999898e-02
6.816553629999999941e+01 6.755628249999999502e-02 2.354558479999999902e-03 -7.039867460000000243e-02 -2.435674259999999914e-03 1.148968199999999933e-02 -1.005651209999999969e-02
7.086157230000000595e+01 6.211017640000000145e-02 5.196118530000000055e-03 -7.055014710000000189e-02 -3.262185179999999712e-02 -3.979918619999999949e-03 -2.757005200000000114e-02
7.355571439999999939e+01 6.687975770000000042e-02 6.089808680000000259e-03 -6.851682940000000666e-02 -1.227494800000000037e-03 2.487227399999999977e-03 -3.698860479999999812e-02
7.624805659999999818e+01 7.547656799999999389e-02 1.249588039999999928e-02 -6.681841489999999772e-02 2.337865550000000139e-02 1.615497600000000145e-02 -6.618293269999999708e-03
7.895419730000000413e+01 7.283591579999999788e-02 9.252682499999999657e-03 -6.308467619999999498e-02 3.109819449999999888e-02 1.473074660000000050e-02 5.135243760000000185e-02
8.164930819999999301e+01 7.363929569999999591e-02 6.232154030000000046e-03 -6.404123609999999578e-02 1.980284610000000028e-02 6.300893919999999912e-03 1.775856199999999857e-02
8.435502230000000168e+01 7.403013980000000549e-02 9.803626310000000676e-03 -6.544705389999999623e-02 1.966344249999999946e-02 -3.580983360000000119e-03 -7.635133270000000333e-03
8.705829260000000147e+01 7.092535440000000135e-02 1.102020360000000032e-02 -6.403743559999999779e-02 8.690980260000000105e-04 -8.586345380000000305e-02 1.027726529999999951e-02
8.977276910000000498e+01 6.461530890000000138e-02 1.128813809999999924e-02 -6.490291820000000655e-02 3.583341870000000123e-02 -9.015135829999999795e-02 3.176313239999999788e-02
9.247115510000000427e+01 6.434574789999999989e-02 4.430893069999999705e-03 -6.463941600000000509e-02 2.428800290000000112e-02 -3.048593299999999978e-02 8.024832529999999589e-03
9.516870509999999683e+01 6.318781029999999410e-02 1.181644479999999957e-03 -7.327236550000000570e-02 1.439699919999999980e-02 5.114310139999999824e-03 -1.100696559999999897e-03
9.787254260000000272e+01 6.275265659999999801e-02 -2.461917719999999932e-04 -6.665854390000000573e-02 1.042529290000000081e-02 -2.806835800000000158e-02 8.224470760000000434e-05
1.005713470000000029e+02 6.457417529999999461e-02 -1.763619680000000009e-03 -6.802477789999999969e-02 2.708975190000000033e-02 4.382098519999999726e-03 -3.698764909999999878e-02
1.032638939999999934e+02 5.626265259999999740e-02 -1.570826839999999889e-04 -6.497001389999999821e-02 2.840152409999999877e-02 2.325667710000000124e-02 -4.107294949999999722e-02
1.059657849999999968e+02 6.227131780000000338e-02 -4.004632089999999797e-03 -6.497694699999999324e-02 1.545371849999999971e-02 -1.084767130000000024e-02 -7.043090739999999760e-03
1.086731130000000007e+02 5.736136609999999830e-02 -1.117252539999999926e-02 -5.603618259999999796e-02 3.923098019999999783e-03 -1.413793240000000076e-02 2.656602400000000058e-02
1.113792540000000031e+02 6.688154200000000216e-02 -8.285118600000000375e-03 -5.578892970000000340e-02 2.736750379999999816e-03 1.135468310000000043e-02 3.175722030000000060e-03
1.140858470000000011e+02 7.553244050000000598e-02 -6.321665219999999738e-03 -5.005543839999999911e-02 -2.528394470000000158e-02 4.155889289999999993e-03 -2.609653170000000161e-02
1.167855500000000006e+02 7.730559049999999321e-02 -6.459003280000000236e-03 -4.607066519999999943e-02 -4.119550710000000060e-02 6.019859800000000073e-03 -2.836172569999999976e-02
1.194869719999999944e+02 7.619631020000000587e-02 -2.974548149999999870e-03 -3.864519260000000289e-02 -4.833120209999999806e-02 -2.107172540000000135e-02 -5.171979740000000325e-02
1.221811129999999963e+02 8.367236209999999452e-02 -1.014164120000000079e-02 -4.226499140000000015e-02 -3.489918549999999897e-02 -2.544938739999999880e-02 -5.667954230000000343e-02
1.248782999999999959e+02 7.897223030000000144e-02 -6.492793880000000128e-03 -2.696657759999999959e-02 -3.746431380000000283e-02 -4.620962390000000336e-02 -5.203641479999999986e-03
1.275744720000000001e+02 8.025601670000000187e-02 -1.109330210000000067e-02 -3.533123290000000135e-03 -2.658371489999999948e-02 -3.381328249999999980e-02 -1.124689559999999915e-02
1.302744099999999889e+02 8.358950789999999853e-02 -1.325615070000000020e-02 1.289377669999999983e-02 -2.974331130000000111e-03 -3.018049620000000030e-02 -3.998206049999999956e-02
1.329704099999999869e+02 7.920642940000000021e-02 -9.674275209999999570e-03 2.111821510000000054e-02 -1.016915969999999947e-02 -1.779227239999999974e-02 -4.417507999999999851e-02
1.356659879999999987e+02 8.321817350000000613e-02 -7.852362150000000152e-03 3.400064390000000214e-02 -2.803513789999999978e-02 1.241124719999999913e-04 -1.283956909999999993e-02
1.383666440000000080e+02 7.178691239999999973e-02 1.663041490000000079e-03 5.048342399999999897e-02 -2.944192920000000130e-02 -5.252776519999999977e-02 -7.173222029999999812e-03
1.410558000000000050e+02 6.979817050000000633e-02 -7.718617619999999790e-04 5.993463959999999896e-02 -1.081969649999999991e-02 -1.966958190000000009e-02 -4.191416399999999681e-02
1.437554719999999975e+02 6.261850289999999764e-02 2.167719370000000065e-03 5.417146989999999801e-02 -1.606643870000000127e-02 1.013395959999999901e-03 -2.214205450000000103e-02
1.464605970000000070e+02 5.632003149999999930e-02 1.425136689999999956e-02 6.069828459999999926e-02 -8.007834319999999895e-02 -1.082331400000000055e-02 1.952559389999999895e-02
1.491610349999999983e+02 6.026711039999999714e-02 1.182038940000000073e-02 6.279399939999999458e-02 -5.894230300000000145e-02 -3.928009839999999780e-02 1.528664509999999935e-02
1.518672379999999862e+02 6.726992010000000521e-02 1.296858319999999974e-02 5.779276249999999726e-02 -3.185803780000000252e-02 -2.511910529999999975e-02 2.434356049999999994e-02
1.545680040000000020e+02 6.712022469999999463e-02 1.792750580000000010e-02 5.788443580000000172e-02 -9.647613049999999996e-03 3.957181469999999923e-02 4.826953700000000125e-02
1.572647540000000106e+02 5.927300969999999697e-02 1.511347560000000055e-02 5.610248040000000158e-02 -1.267664859999999977e-02 -5.379566660000000000e-02 4.244145599999999720e-03
1.599659249999999986e+02 5.736187830000000210e-02 1.222227589999999933e-02 6.144783050000000163e-02 -4.747782109999999778e-02 -4.299620660000000316e-02 -3.249550279999999930e-02
1.626621440000000121e+02 6.003577770000000091e-02 1.214760210000000000e-02 6.513922810000000174e-02 -3.274949650000000267e-02 -2.395418100000000147e-02 -2.041071009999999991e-02
1.653572849999999903e+02 5.677726699999999932e-02 5.515443709999999847e-03 6.014988029999999986e-02 -2.165803319999999935e-02 1.515376790000000015e-02 2.284052359999999907e-02
1.680531750000000102e+02 6.517063409999999946e-02 2.603471759999999996e-03 5.780668590000000162e-02 -1.662210189999999838e-02 -1.041188720000000081e-02 -2.506801750000000120e-02
1.707494409999999903e+02 7.091242940000000439e-02 3.882233299999999793e-03 6.233366860000000287e-02 2.127163470000000001e-02 -2.500539120000000101e-02 -4.781894359999999677e-02
1.734570659999999975e+02 6.831982370000000415e-02 -1.820189460000000057e-04 6.223914380000000052e-02 -2.796391429999999997e-02 -5.150439679999999597e-03 -5.635247389999999829e-02
1.761524719999999888e+02 6.531799580000000049e-02 1.739397369999999988e-03 6.346330320000000136e-02 -3.278438040000000112e-03 -7.793329949999999728e-02 -5.063386179999999903e-02
1.788569410000000062e+02 6.415233200000000635e-02 -6.890228800000000250e-03 6.036030900000000088e-02 -1.486834859999999932e-02 -7.306754679999999391e-02 -2.440401700000000007e-02
1.815543790000000115e+02 6.603661589999999804e-02 -4.604320759999999853e-03 6.485386340000000305e-02 4.002669899999999892e-02 -4.843399610000000133e-02 -4.648186630000000069e-02
1.842543630000000121e+02 6.748269149999999716e-02 -4.395965130000000290e-03 5.937270590000000292e-02 5.962882669999999830e-02 -2.463043510000000047e-02 -4.735865499999999950e-02
1.869589880000000051e+02 6.582368630000000331e-02 -4.206789919999999634e-03 6.480501900000000537e-02 -1.500537000000000051e-02 2.107319519999999863e-02 -1.508159920000000029e-02
1.896509250000000009e+02 6.535031410000000096e-02 -2.751569799999999989e-03 6.588394089999999315e-02 -7.062609890000000334e-02 6.376402389999999420e-02 4.637586350000000301e-03
1.923431600000000117e+02 5.614145780000000252e-02 -7.714257650000000410e-04 7.286438739999999414e-02 -6.233752420000000100e-02 6.007327920000000293e-02 7.396331470000000463e-02
1.950411129999999957e+02 5.586343070000000105e-02 -8.926085990000000216e-04 7.337974399999999675e-02 -3.438252559999999819e-02 3.746836259999999919e-02 5.561324980000000029e-02
1.977382220000000075e+02 5.723821159999999825e-02 1.492376919999999912e-03 6.832783920000000399e-02 2.697945129999999858e-02 2.440471799999999886e-02 5.126788909999999838e-02
2.004318000000000097e+02 5.813701549999999996e-02 1.438739280000000042e-03 6.035769009999999990e-02 7.431021929999999387e-02 -2.171555920000000153e-02 -2.410876359999999941e-02
2.031325659999999971e+02 5.712423739999999972e-02 1.822085030000000078e-03 5.793598729999999836e-02 4.019086019999999759e-02 -3.043701839999999898e-03 3.041416049999999885e-02
2.058254410000000121e+02 5.901369039999999899e-02 -2.543514519999999848e-03 6.124604060000000266e-02 1.971571880000000040e-02 -1.490620679999999894e-03 4.891658380000000333e-02
2.085237070000000017e+02 6.207366200000000167e-02 -2.929663559999999816e-03 5.793726469999999767e-02 5.227271969999999941e-03 4.675666299999999692e-02 3.889926120000000015e-02
2.112232380000000092e+02 6.191700979999999882e-02 -2.728307460000000025e-04 6.261981989999999831e-02 -1.782359849999999926e-02 2.392851270000000141e-02 9.082641060000000433e-03
2.139182849999999974e+02 6.291493169999999580e-02 3.700351020000000081e-03 6.242955709999999797e-02 5.103399990000000164e-03 -1.085696520000000061e-02 2.494412049999999992e-02
2.166168000000000120e+02 6.713453340000000158e-02 -3.776450319999999795e-03 6.795266660000000292e-02 -1.791705799999999960e-02 -4.081257869999999760e-02 7.550485079999999516e-02
2.193156749999999988e+02 7.020844269999999832e-02 -2.619061470000000075e-03 7.273857840000000352e-02 -5.302112769999999670e-02 -3.877844839999999849e-02 4.887108230000000025e-02
2.220141910000000109e+02 5.572571789999999914e-02 -1.730476649999999894e-03 7.924952709999999456e-02 -7.901291909999999530e-02 -7.868962079999999859e-02 3.333214059999999729e-02
2.247184410000000128e+02 5.261742519999999812e-02 -5.058844859999999874e-03 8.538784130000000305e-02 -6.090810239999999709e-02 -1.366969309999999972e-02 6.455314419999999553e-02
2.274258320000000140e+02 5.158118600000000109e-02 -5.071907020000000418e-03 8.076256019999999980e-02 -3.502421040000000194e-03 -6.596042679999999762e-03 1.159664309999999983e-02
2.301343320000000006e+02 5.080390709999999671e-02 -7.316442840000000371e-03 7.599281260000000093e-02 -8.731859260000000497e-03 2.843438720000000114e-02 9.551798610000000397e-03
2.328305039999999906e+02 5.040710689999999827e-02 -2.720330420000000027e-03 6.977066640000000042e-02 4.258876200000000049e-03 5.798603740000000256e-02 1.312517139999999985e-02
2.355345189999999889e+02 5.460155700000000195e-02 -6.146617099999999653e-03 7.062803439999999766e-02 5.584970770000000258e-03 4.470511039999999769e-02 2.587879959999999854e-02
2.382405660000000012e+02 6.184111049999999749e-02 -9.695169550000000414e-03 6.703538159999999912e-02 -3.292850669999999869e-02 -2.744746389999999907e-03 4.105977339999999920e-02
2.409360819999999990e+02 6.389158000000000337e-02 -9.549949389999999594e-03 6.793785900000000322e-02 -5.345705410000000171e-03 2.575051189999999837e-02 4.017869539999999878e-02
2.436420039999999858e+02 6.550453430000000021e-02 -1.272683290000000030e-02 6.188696159999999835e-02 -2.110928730000000142e-02 -1.828131410000000123e-02 3.943223559999999711e-02
2.463472849999999994e+02 6.076105939999999761e-02 -1.422486729999999922e-02 6.417231980000000224e-02 -2.732745409999999889e-02 -3.961744049999999656e-02 6.715388569999999890e-02
2.490503319999999974e+02 5.429483140000000013e-02 -1.185894610000000002e-02 6.221329600000000126e-02 -3.523113989999999973e-02 -1.906001220000000038e-02 -5.960621329999999697e-03
2.517496600000000058e+02 5.204235749999999716e-02 -1.508045029999999925e-02 6.745751569999999808e-02 -1.883588790000000068e-02 1.748111139999999897e-02 -3.169682900000000275e-02
2.544517219999999895e+02 5.107334499999999916e-02 -1.543407989999999973e-02 6.856576400000000127e-02 -1.331972239999999925e-02 8.496528640000000632e-03 -4.394919290000000311e-02
2.571598000000000184e+02 4.496467650000000177e-02 -1.277674799999999923e-02 6.685033499999999684e-02 -1.330992159999999994e-02 7.339463269999999852e-03 -1.855797910000000009e-02
2.598619249999999852e+02 4.879077799999999993e-02 -1.478473829999999919e-02 6.184582689999999772e-02 1.891574199999999928e-02 -1.848117339999999845e-02 -2.193086080000000021e-02
2.625697069999999940e+02 5.449893950000000292e-02 -1.123890049999999932e-02 6.415740529999999775e-02 1.384644420000000035e-02 -2.124489109999999972e-02 -3.055999699999999847e-02
2.652661749999999756e+02 5.699111870000000274e-02 -1.561193100000000077e-02 6.574281229999999476e-02 2.062869839999999840e-03 1.495654660000000045e-02 -2.161343459999999841e-02
2.679708089999999743e+02 5.678849309999999678e-02 -1.456574059999999997e-02 5.274341800000000025e-02 2.587646940000000104e-02 5.107945419999999903e-02 7.704488029999999668e-03
