# a=0.05808020296390666, b=-140.212831287065, c=-0.0032690722608352237, xi=5.958252890811161
6.922354179999999912e-01 6.117194070000000344e-02 1.340327640000000035e-04 6.934742759999999728e-02 6.538649060000000304e-03 -3.555515809999999777e-02 1.178144840000000006e-02
3.395904180000000050e+00 5.823090040000000051e-02 6.958641259999999613e-03 6.799670169999999514e-02 1.861788459999999881e-02 1.363284849999999923e-02 7.715741889999999659e-02
6.083269180000000276e+00 6.372773140000000114e-02 3.858187840000000014e-03 5.638249800000000311e-02 -1.727089149999999976e-02 1.640423540000000152e-02 5.964685809999999838e-02
8.790729969999999227e+00 6.448220179999999968e-02 1.552821859999999922e-02 3.986054530000000123e-02 -3.480046139999999968e-04 -1.140678959999999985e-02 2.377750240000000084e-02
1.147881120000000088e+01 6.769406399999999824e-02 8.191030269999999974e-03 3.667046069999999741e-02 -1.044280679999999920e-02 1.466835589999999911e-03 2.978396170000000096e-03
1.418134719999999938e+01 7.667840400000000556e-02 1.128613019999999932e-02 1.165073980000000051e-02 2.886899290000000205e-03 3.865540940000000009e-02 2.954726920000000194e-03
1.687363930000000067e+01 7.526438300000000414e-02 1.660561500000000065e-02 -4.814696870000000246e-03 -1.253911840000000028e-02 3.251918089999999983e-02 2.851150309999999841e-02
1.958325500000000119e+01 7.669899619999999418e-02 1.578795740000000017e-02 -1.689554719999999954e-02 1.887722879999999964e-02 -2.106670349999999886e-02 -1.979395009999999899e-02
2.229088780000000014e+01 7.650332960000000293e-02 2.285353910000000044e-02 -1.847157359999999915e-02 3.521959499999999937e-02 -1.492742499999999937e-02 -2.601991410000000209e-03
2.499485179999999929e+01 8.112544650000000357e-02 1.763044969999999836e-02 -3.194370290000000251e-02 -1.962828349999999958e-02 -2.396943649999999995e-02 -8.594927489999999379e-03
2.770016430000000085e+01 7.633386740000000503e-02 1.511044890000000016e-02 -2.858693699999999976e-02 -2.648824940000000031e-02 -4.316286180000000056e-02 -3.845826329999999654e-02
3.040008930000000120e+01 7.414631380000000216e-02 7.310138170000000067e-03 -3.947366079999999749e-02 -1.726713510000000076e-02 1.182788539999999992e-02 -7.281923060000000669e-02
3.309349089999999904e+01 7.791494279999999772e-02 9.242928040000000789e-03 -4.343603599999999731e-02 -1.538153610000000081e-02 1.701926659999999925e-02 -4.533933999999999881e-02
3.580111749999999660e+01 7.441627879999999917e-02 4.770544520000000351e-03 -4.584994979999999776e-02 9.813036179999999956e-03 6.464268850000000344e-02 -3.325557149999999740e-02
3.849565030000000121e+01 6.766914109999999649e-02 3.707135280000000040e-03 -5.658442389999999989e-02 -7.614832440000000174e-03 4.851387330000000303e-02 -2.924995409999999949e-02
4.120295500000000288e+01 6.138966960000000195e-02 1.912050129999999862e-02 -5.540734850000000183e-02 4.711165080000000345e-03 3.507680920000000313e-02 -1.003330929999999947e-02
4.390803929999999866e+01 6.540010479999999737e-02 1.489236180000000007e-02 -5.546777020000000225e-02 -1.814320739999999987e-02 4.198229459999999746e-02 -7.252187109999999604e-02
4.660746749999999849e+01 6.907178149999999850e-02 1.293321300000000069e-02 -6.088861980000000174e-02 -3.637550839999999924e-03 -2.414979199999999979e-02 -6.497595030000000160e-02
4.930239559999999699e+01 7.718449559999999987e-02 4.087341989999999925e-03 -6.365281370000000494e-02 -1.601411930000000081e-02 2.381764789999999896e-02 -8.123556999999999306e-02
5.199969399999999808e+01 7.556790979999999935e-02 2.632715900000000189e-03 -5.169827200000000345e-02 -3.410685310000000168e-03 2.036538330000000133e-02 -6.205382150000000180e-02
5.470836899999999758e+01 6.657147820000000604e-02 6.841290110000000299e-03 -5.885018520000000197e-02 3.050559129999999911e-03 3.682722920000000046e-03 -8.024257240000000346e-02
5.739764399999999966e+01 5.871912130000000313e-02 8.215928969999999540e-03 -5.464429199999999709e-02 7.193214590000000103e-03 -1.059634599999999954e-02 -3.257666349999999850e-02
6.009247680000000003e+01 5.673970080000000082e-02 1.295772040000000083e-02 -5.200795910000000077e-02 -2.332433420000000132e-02 -3.575696529999999786e-03 -3.052871110000000138e-02
6.279174869999999942e+01 5.742510549999999686e-02 9.148520710000000028e-03 -6.349743850000000300e-02 -2.109773809999999916e-02 -2.809143529999999847e-02 -8.181951410000000424e-02
6.548933150000000580e+01 6.193991900000000300e-02 3.559245730000000062e-03 -5.876713880000000029e-02 2.702567869999999983e-02 -5.025376859999999835e-02 -8.282627250000000607e-03
6.817577219999999727e+01 6.137285099999999910e-02 -1.487759020000000093e-03 -5.953192050000000179e-02 -1.493448149999999919e-03 -1.576680650000000100e-02 -4.071729179999999948e-02
7.087780180000000030e+01 5.941899939999999852e-02 -1.248473420000000000e-03 -4.992064880000000177e-02 4.789559530000000250e-04 -8.402160069999999384e-03 3.130520260000000179e-03
7.357358150000000308e+01 5.419573679999999810e-02 -3.191557739999999893e-03 -4.668913870000000049e-02 -6.794581660000000023e-03 -1.326846039999999942e-02 -6.015418210000000182e-02
7.627565810000000113e+01 5.538273839999999920e-02 1.225942739999999909e-03 -4.687985919999999862e-02 -2.145831789999999920e-02 9.875672060000000030e-03 5.972842840000000021e-03
7.897294870000000344e+01 5.106798209999999921e-02 -8.201472720000000174e-03 -5.831818460000000315e-02 2.054878560000000104e-02 6.357163170000000064e-03 -3.351000789999999951e-02
8.165928619999999682e+01 6.075886579999999898e-02 -2.506661199999999940e-03 -6.625267320000000071e-02 1.844872159999999886e-02 -1.050049690000000010e-03 2.431204210000000032e-02
8.436706429999999557e+01 6.075754850000000123e-02 -4.633463430000000008e-03 -6.767489670000000068e-02 1.445825260000000063e-02 3.033701059999999953e-03 -4.167375520000000250e-02
8.705936119999999789e+01 5.469599800000000261e-02 -1.220465679999999971e-04 -5.983461469999999671e-02 3.285660929999999896e-03 -1.655016020000000046e-02 -2.216317779999999946e-02
8.977010649999999714e+01 6.034445100000000034e-02 5.150396500000000398e-03 -5.890179150000000169e-02 -9.791274949999999658e-03 -6.272289670000000261e-03 -7.182670519999999337e-02
9.246628780000000347e+01 5.779464430000000319e-02 -1.505179300000000038e-03 -5.645008569999999948e-02 1.079544120000000031e-02 5.046016730000000075e-03 -6.339360759999999873e-02
9.516635809999999651e+01 6.310330090000000614e-02 -1.878065230000000108e-03 -6.126451499999999856e-02 1.923551039999999920e-02 2.903888959999999936e-02 -6.691874150000000354e-02
9.788180180000000519e+01 6.805558650000000098e-02 -8.523553940000000049e-04 -6.180345639999999807e-02 2.088253409999999907e-02 2.043061449999999946e-02 -6.715468169999999626e-02
1.005764329999999944e+02 6.780494080000000479e-02 -5.313618590000000232e-03 -6.040787110000000321e-02 8.702805000000000306e-04 3.885357519999999964e-03 -3.738448419999999828e-02
1.032891670000000062e+02 6.283606149999999835e-02 -5.613855399999999763e-04 -6.914259270000000512e-02 2.603778999999999859e-04 -2.848794899999999852e-02 -5.937226000000000309e-02
1.059960269999999980e+02 5.615834210000000132e-02 -6.283119099999999804e-03 -7.056617399999999540e-02 -1.564575459999999890e-02 -1.661162739999999874e-02 -4.199942040000000099e-02
1.087038079999999951e+02 4.608641830000000106e-02 -1.159733389999999991e-03 -6.750341990000000014e-02 1.322153889999999957e-02 -2.479680769999999951e-02 -2.933903649999999863e-02
1.114054330000000022e+02 4.197207010000000155e-02 -2.191959930000000022e-03 -6.534683800000000431e-02 3.684617259999999755e-02 2.684637310000000110e-02 -9.904959770000000899e-04
1.141124329999999958e+02 4.110730940000000000e-02 -5.798821649999999663e-05 -6.281354929999999337e-02 1.776423829999999870e-02 6.156584639999999713e-03 -2.157119310000000026e-02
1.168172459999999973e+02 5.125448509999999680e-02 1.930720529999999970e-03 -6.580909090000000572e-02 3.159436189999999950e-02 -3.998803410000000003e-02 -3.684250220000000187e-02
1.195062920000000020e+02 4.981443339999999664e-02 -4.981461589999999773e-03 -7.505481190000000413e-02 -3.548128399999999922e-03 -1.455494809999999944e-02 -8.607983879999999560e-03
1.222156829999999985e+02 5.330072710000000047e-02 -8.151022529999999572e-03 -6.700243919999999964e-02 2.422077099999999858e-02 -6.810959729999999795e-03 -2.220190500000000094e-02
1.249215420000000023e+02 6.042121579999999714e-02 -4.456717899999999670e-03 -6.542276330000000584e-02 1.659967130000000041e-02 1.308616819999999965e-02 -4.836165760000000341e-02
1.276227769999999992e+02 6.734962449999999656e-02 -9.297766630000000795e-03 -5.332790250000000315e-02 -2.000445480000000165e-02 -1.232873930000000055e-02 -2.437369420000000050e-02
1.303124489999999867e+02 6.101957150000000135e-02 -5.467062889999999876e-03 -5.221471679999999810e-02 -1.782681360000000145e-02 -2.082963250000000044e-02 -3.818980169999999785e-02
1.330032769999999971e+02 5.902089919999999740e-02 -1.546634549999999914e-02 -4.641831159999999790e-02 -2.533580449999999970e-02 9.816836730000000344e-03 7.908046440000000149e-03
1.357013860000000136e+02 6.654282220000000414e-02 -8.203188340000000522e-03 -4.385300610000000127e-02 -3.500096870000000276e-02 1.020608469999999962e-02 -5.793582050000000046e-03
1.383897770000000094e+02 8.370728060000000303e-02 -8.418598470000000084e-03 -1.568767410000000001e-02 -1.718700999999999909e-02 -1.460965739999999999e-02 2.949088840000000170e-02
1.410862140000000124e+02 8.663331979999999710e-02 -2.086488050000000075e-05 -1.051132080000000092e-03 -1.445033830000000061e-02 7.276866620000000231e-04 -5.544141469999999683e-02
1.437714019999999948e+02 7.626476440000000412e-02 5.814290110000000164e-04 2.320248169999999943e-02 -2.696410790000000092e-03 -2.643248330000000021e-02 4.849180499999999894e-02
1.464534329999999898e+02 6.913329949999999502e-02 2.217096009999999957e-03 4.964086310000000168e-02 9.137599740000000234e-03 1.393483059999999982e-02 2.816374420000000017e-02
1.491589170000000024e+02 6.368821859999999890e-02 -5.931923150000000238e-04 5.634049619999999953e-02 -1.739292409999999844e-02 3.908432160000000107e-03 2.719386600000000057e-02
1.518708860000000129e+02 6.234646619999999889e-02 4.532369819999999827e-03 5.449121159999999880e-02 -3.148012449999999796e-02 2.684170469999999902e-03 -1.096226699999999950e-02
1.545719799999999964e+02 6.154146729999999954e-02 4.233902159999999686e-03 5.865819109999999975e-02 -4.063868939999999708e-02 -1.978221159999999854e-02 2.153633120000000151e-02
1.572848860000000002e+02 6.835963779999999768e-02 2.332465360000000008e-03 5.797837060000000237e-02 -1.813470190000000121e-02 5.940633540000000296e-02 -4.318065089999999911e-02
1.599858859999999936e+02 6.861811639999999823e-02 5.662773289999999994e-03 5.814164320000000247e-02 -3.117024820000000116e-03 1.374901469999999931e-02 1.123979970000000064e-02
1.626951050000000123e+02 6.143349690000000224e-02 1.946055390000000097e-03 5.810448669999999927e-02 -4.455487510000000206e-02 3.359467649999999667e-02 5.135453239999999801e-03
1.653963860000000068e+02 6.654597680000000348e-02 8.029800659999999663e-04 5.552674660000000290e-02 -4.419400180000000039e-02 -1.755998350000000097e-02 3.430220309999999773e-02
1.680846669999999961e+02 6.391558490000000259e-02 7.305177759999999937e-03 5.055337170000000213e-02 1.665737089999999934e-02 -3.017225839999999881e-02 1.669341720000000126e-02
1.707899639999999977e+02 6.002899040000000269e-02 6.573757609999999682e-03 4.667916280000000001e-02 1.810466919999999952e-02 9.724462689999999535e-03 7.872707609999999787e-03
1.734866670000000113e+02 5.955370830000000087e-02 3.847111749999999886e-03 4.189457869999999723e-02 2.825753640000000164e-02 -3.205662499999999832e-02 1.262829449999999971e-02
1.761852460000000065e+02 5.893954459999999757e-02 3.782672669999999869e-03 4.552715920000000027e-02 -5.180460790000000065e-02 1.259556839999999983e-02 9.552553340000000462e-03
1.788982460000000003e+02 5.851309860000000057e-02 -1.318078239999999996e-03 5.534108979999999983e-02 -5.009857739999999671e-02 3.737000690000000236e-02 4.753806000000000177e-03
1.816010109999999997e+02 5.859658639999999752e-02 1.902307010000000041e-05 5.539259209999999878e-02 -8.421998410000000601e-02 -1.760578490000000093e-02 -1.948863280000000080e-03
1.842983079999999916e+02 5.669805709999999749e-02 -7.464221990000000431e-03 5.555652989999999847e-02 -3.618750849999999991e-02 -5.899866730000000170e-02 6.540459779999999688e-03
1.870080419999999890e+02 6.755971750000000497e-02 -4.468419930000000137e-03 5.353408090000000286e-02 -5.538157490000000099e-02 -3.688850350000000278e-02 1.184921370000000061e-03
1.897121830000000102e+02 6.969342450000000355e-02 -1.167506890000000012e-02 5.741383369999999986e-02 4.025913150000000156e-03 2.138811579999999862e-03 -1.067907440000000034e-02
1.924147460000000081e+02 6.911596550000000116e-02 -1.264731929999999942e-02 4.561762119999999976e-02 -8.219768599999999897e-03 6.310621479999999582e-03 -1.950804789999999872e-02
1.951255889999999908e+02 6.145393629999999774e-02 -1.693030079999999910e-02 4.679686420000000319e-02 -3.565259939999999850e-02 3.208337239999999729e-02 -3.774951220000000163e-02
1.978233240000000137e+02 5.595069510000000301e-02 -6.302231539999999729e-03 5.889838669999999943e-02 -2.921686169999999916e-02 -7.185501280000000136e-03 -1.637717940000000053e-02
2.005376990000000035e+02 4.907302849999999744e-02 -4.277995589999999959e-03 6.116836009999999935e-02 -4.545839780000000135e-02 1.117512030000000073e-02 -1.619962020000000058e-02
2.032374639999999886e+02 5.085195049999999967e-02 7.655523860000000048e-03 6.027403209999999956e-02 -3.890896750000000237e-02 2.132552659999999980e-04 2.453008699999999903e-02
2.059477919999999926e+02 5.274310640000000328e-02 -1.341354099999999931e-03 6.739551289999999584e-02 -8.714342530000000406e-03 2.935275379999999906e-02 9.099375070000000412e-03
2.086383390000000020e+02 5.026982110000000059e-02 -2.943280740000000020e-03 6.881278429999999890e-02 -3.022313540000000007e-02 -1.113763999999999943e-03 3.083896360000000156e-02
2.113442459999999983e+02 4.731574150000000117e-02 -1.487393320000000071e-03 6.051138159999999711e-02 -3.306840429999999970e-02 -5.325744739999999956e-03 2.390220709999999957e-03
2.140329959999999971e+02 5.981885259999999982e-02 -1.879811880000000065e-03 6.242755850000000079e-02 -7.601904780000000306e-02 9.485186300000000154e-03 3.978399350000000334e-02
2.167291209999999921e+02 6.085620120000000133e-02 -7.909912030000000593e-03 5.599527740000000142e-02 -9.404707369999999386e-03 3.027175810000000064e-02 6.594561910000000526e-02
2.194253390000000081e+02 6.873740159999999766e-02 -5.713645429999999852e-03 4.880712410000000168e-02 -3.126244940000000305e-02 -2.881737220000000002e-02 5.864325549999999804e-02
2.221139330000000029e+02 6.159305310000000311e-02 3.370950739999999807e-03 5.270235599999999881e-02 5.158804449999999930e-02 2.716973480000000121e-02 9.962653159999999841e-02
2.248170419999999865e+02 6.266507309999999609e-02 -3.991708290000000096e-04 4.875117870000000159e-02 3.905827320000000019e-02 8.495598050000000706e-03 4.720034669999999960e-02
2.275185270000000060e+02 7.145670319999999909e-02 -5.693269699999999739e-03 3.478497249999999708e-02 1.949066069999999887e-02 2.704130379999999945e-02 5.122723619999999811e-02
2.302099019999999996e+02 6.228364799999999701e-02 -2.609719529999999978e-03 2.794305060000000160e-02 1.235382369999999969e-04 -7.338340650000000059e-04 -7.723363589999999827e-03
2.329175419999999974e+02 6.518376339999999713e-02 -5.687971259999999828e-03 3.750565869999999968e-02 -9.976354960000000105e-02 2.600560320000000133e-02 -4.268243879999999990e-02
2.356261829999999975e+02 7.093395730000000288e-02 -1.207712390000000025e-02 3.649307260000000247e-02 -8.818444690000000474e-02 -1.232399470000000025e-02 -7.037997090000000511e-02
2.383250740000000008e+02 6.846030779999999483e-02 -7.404176469999999583e-04 4.360624390000000100e-02 8.333162709999999626e-04 1.792692829999999876e-02 -5.810359589999999907e-02
2.410198860000000138e+02 6.582895789999999858e-02 5.295383409999999957e-03 4.614123409999999759e-02 6.685037470000000301e-03 -1.216119369999999963e-02 -8.962826499999999863e-04
2.437188079999999957e+02 6.353448300000000271e-02 1.529769440000000027e-03 5.682327270000000347e-02 4.553146730000000308e-02 8.285406630000000452e-03 7.522725889999999985e-03
2.464163240000000030e+02 6.976868740000000124e-02 2.327606580000000144e-03 5.694634340000000183e-02 1.606957609999999995e-02 2.490518159999999953e-02 2.744687449999999931e-02
2.491159490000000005e+02 6.045342420000000133e-02 -6.281019179999999813e-03 5.700110659999999690e-02 -1.467962209999999941e-02 -6.144547319999999792e-03 2.115383880000000147e-02
2.518244019999999921e+02 4.371052300000000113e-02 -6.288843879999999643e-03 6.501309049999999534e-02 -7.781422729999999677e-02 -1.213225960000000048e-02 -2.547120749999999892e-02
2.545270109999999875e+02 4.948145729999999659e-02 -9.920773880000000738e-03 6.355476990000000215e-02 -7.876937330000000070e-02 1.204995139999999985e-02 -5.963815229999999863e-03
2.572114329999999995e+02 5.050528099999999909e-02 -7.950389000000000414e-03 6.059749109999999772e-02 -3.860860669999999911e-02 3.576913850000000214e-03 -3.303861909999999784e-03
2.599166359999999827e+02 5.463036739999999752e-02 -9.145002069999999886e-03 5.692538030000000165e-02 -6.568097489999999428e-02 -1.786338000000000162e-02 1.666458629999999913e-02
2.626089959999999905e+02 4.768300129999999970e-02 -4.433791749999999900e-03 6.049207949999999695e-02 -1.461926239999999932e-02 4.376050660000000217e-03 3.919238500000000319e-02
2.653242920000000140e+02 4.818442080000000238e-02 -1.412528209999999946e-03 6.391720139999999828e-02 -3.857892040000000192e-03 1.523863609999999945e-02 3.961707500000000159e-02
2.680334629999999834e+02 4.207303550000000142e-02 1.933191020000000039e-03 7.320938019999999324e-02 1.109340940000000039e-02 3.906165259999999900e-03 3.307434919999999862e-02
