# a=0.06283153377923059, b=-155.01133709703902, c=-0.0016654664763195686, xi=8.556371601214511
7.072735839999999552e-01 7.605883099999999342e-02 -8.987725510000000792e-03 3.772855779999999964e-02 -7.475903239999999797e-03 -3.691352010000000135e-03 -1.402863610000000018e-02
3.397315789999999947e+00 7.830664750000000673e-02 -1.363647949999999970e-02 2.275970370000000159e-02 3.453578909999999863e-02 -1.115503160000000035e-02 -1.363135730000000073e-02
6.096747200000000255e+00 8.258650800000000292e-02 -8.727516350000000603e-03 3.566079560000000141e-03 -9.058244210000000046e-04 -2.705269849999999802e-03 2.635593729999999996e-02
8.788477979999999690e+00 7.420022460000000319e-02 -8.629171169999999905e-03 -5.876987799999999589e-03 2.831925500000000151e-02 1.615503550000000135e-02 4.780614439999999847e-03
1.148059519999999978e+01 8.363369969999999431e-02 -1.700304849999999994e-03 -2.675432070000000051e-02 -2.950719709999999850e-03 3.296454749999999656e-02 -2.306150770000000086e-02
1.417327170000000081e+01 8.427527660000000420e-02 -7.067111850000000126e-03 -3.622314520000000093e-02 1.180907139999999925e-02 2.970316320000000038e-02 -1.248707859999999975e-02
1.687582330000000042e+01 7.461198460000000032e-02 4.488958280000000160e-05 -4.258270919999999904e-02 1.797777490000000006e-02 1.101287750000000051e-02 -3.224738500000000341e-02
1.956639360000000138e+01 6.943694540000000526e-02 9.797993420000000991e-04 -4.368834509999999782e-02 1.451744919999999918e-02 3.340800340000000049e-03 1.121046199999999916e-02
2.226445610000000030e+01 6.126755059999999808e-02 -3.326117009999999923e-03 -4.755359330000000218e-02 -7.636560560000000067e-03 1.161064569999999954e-03 -5.297481600000000096e-02
2.495126390000000072e+01 6.152782729999999728e-02 -3.572567879999999970e-03 -5.832367029999999813e-02 3.875460129999999670e-02 -9.582873069999999285e-03 -1.038567550000000020e-02
2.765390920000000108e+01 6.020046949999999925e-02 -1.290347040000000035e-02 -5.471980659999999691e-02 1.437842809999999999e-02 1.289220930000000050e-02 1.199812920000000067e-02
3.034684359999999970e+01 6.086296100000000014e-02 -1.181096660000000020e-02 -5.952374180000000181e-02 -2.819918960000000058e-02 -1.588121199999999872e-02 4.559728729999999730e-02
3.304584520000000225e+01 5.688059279999999746e-02 -7.924047610000000200e-03 -6.247243859999999926e-02 -1.665813780000000022e-02 7.667594950000000339e-03 1.588584129999999831e-02
3.574404990000000026e+01 6.759830560000000543e-02 -7.180746079999999684e-03 -6.641872610000000565e-02 3.214233510000000238e-02 1.351427539999999934e-02 3.887872180000000177e-02
3.844745770000000107e+01 6.276311090000000203e-02 -5.831787389999999911e-03 -6.411245109999999525e-02 -4.866811010000000144e-04 -3.531378909999999954e-02 2.684052729999999998e-02
4.115739669999999961e+01 7.155289360000000043e-02 -1.371794230000000087e-02 -6.138857030000000048e-02 -1.384179009999999925e-02 -5.102496900000000335e-02 -3.999890980000000290e-02
4.386537950000000308e+01 6.887513509999999839e-02 -9.952014509999999176e-03 -6.772345130000000102e-02 2.461909630000000057e-02 -4.272809300000000171e-02 -5.505218659999999709e-02
4.656299669999999935e+01 5.467485309999999682e-02 -9.919981989999999972e-03 -5.187856099999999665e-02 4.652157619999999771e-02 -1.056463239999999928e-02 -1.606614079999999986e-02
4.926654669999999925e+01 5.511640739999999761e-02 -8.198709589999999582e-04 -6.445051409999999481e-02 2.671549759999999885e-02 -1.094322959999999983e-02 -1.699401780000000042e-02
5.197377170000000035e+01 5.563133320000000076e-02 -6.585505519999999835e-03 -6.683289109999999977e-02 -7.129318699999999745e-03 -3.596978570000000132e-03 1.106446590000000063e-02
5.465857950000000187e+01 5.275458830000000210e-02 -2.561568670000000103e-03 -6.399000100000000468e-02 5.959540010000000110e-02 -3.364862560000000079e-03 3.814646530000000146e-02
5.736609990000000181e+01 6.579872280000000073e-02 2.228715249999999905e-03 -5.602533760000000251e-02 4.667422640000000109e-03 1.782344240000000024e-02 1.733934300000000012e-02
6.006725300000000090e+01 7.327323380000000386e-02 2.038806319999999801e-03 -6.692367890000000541e-02 1.739901380000000164e-02 2.920820630000000098e-02 7.190869509999999604e-03
6.276306859999999688e+01 6.359786739999999383e-02 -4.008550839999999726e-03 -5.731652250000000143e-02 3.119503850000000106e-02 -1.174876520000000049e-02 -1.482836549999999934e-02
6.546439359999999397e+01 5.926764980000000238e-02 -1.507747229999999985e-03 -6.180202249999999786e-02 -2.311550709999999828e-02 4.161427480000000345e-03 -1.810968019999999873e-02
6.816224200000000621e+01 5.072012160000000103e-02 4.523596649999999959e-04 -6.912784580000000401e-02 -4.322047400000000178e-02 6.427067580000000134e-03 -2.801388440000000118e-02
7.085862020000000427e+01 5.196803579999999950e-02 8.542625950000000412e-03 -7.250547590000000486e-02 1.040280740000000016e-02 1.362973299999999978e-02 -5.094384309999999694e-02
7.356671079999999563e+01 4.786145809999999695e-02 8.997083499999999207e-03 -6.373147160000000588e-02 -1.100917560000000059e-02 -2.998805120000000088e-02 -3.340509109999999920e-02
7.627168740000000469e+01 5.074327509999999875e-02 9.888401990000000169e-03 -6.357920359999999493e-02 1.147254200000000050e-02 2.721703220000000131e-02 -4.146555729999999718e-02
7.897281549999999584e+01 4.878240340000000036e-02 1.548414979999999941e-02 -6.653107369999999854e-02 1.192346759999999943e-02 1.162505810000000021e-02 -4.538494889999999601e-03
8.167839519999999709e+01 4.988012829999999981e-02 1.639083729999999892e-02 -7.292340469999999963e-02 3.844535629999999704e-02 5.851224700000000160e-03 -4.791470590000000002e-02
8.436384990000000528e+01 4.862756409999999946e-02 5.168623699999999599e-03 -6.700885920000000662e-02 1.212406509999999988e-03 -5.582259190000000287e-02 -2.690507379999999837e-02
8.706511550000000454e+01 6.331928239999999597e-02 9.590740719999999234e-03 -6.166626020000000319e-02 5.412390859999999942e-02 -2.307280719999999993e-02 -2.004115349999999879e-02
8.976782020000000273e+01 7.131886810000000188e-02 1.024195829999999946e-02 -6.317846959999999512e-02 2.820137060000000098e-02 1.968129539999999983e-02 -3.247341969999999883e-02
9.247096550000000548e+01 7.106209630000000221e-02 1.205664960000000022e-02 -5.879211580000000270e-02 2.779160370000000047e-02 3.037470379999999796e-03 -1.205768949999999964e-02
9.516531080000000031e+01 5.817136059999999942e-02 5.459941460000000170e-03 -6.759054679999999815e-02 6.981419040000000353e-02 -1.022009119999999979e-02 -3.968287610000000194e-03
9.785886859999999388e+01 6.230364609999999859e-02 2.377452009999999911e-03 -6.897044589999999642e-02 1.049499799999999983e-01 -1.487050690000000022e-02 2.481464909999999899e-02
1.005686050000000051e+02 6.272608289999999365e-02 9.888091720000000487e-03 -6.424056429999999707e-02 9.888640730000000656e-02 1.411092239999999984e-02 -8.069065680000000367e-04
1.032740890000000036e+02 5.946891829999999962e-02 1.455270229999999949e-02 -7.229174280000000286e-02 3.518139669999999913e-02 5.321494400000000013e-02 4.590963509999999859e-02
1.059696200000000061e+02 4.824448299999999773e-02 6.033842390000000375e-03 -7.353995480000000140e-02 4.257069709999999896e-02 4.005903190000000003e-02 2.844635140000000006e-02
1.086654479999999978e+02 5.602189049999999754e-02 1.106514810000000081e-03 -6.810053309999999915e-02 3.663628060000000131e-02 8.537119100000000599e-03 -7.569858040000000329e-03
1.113704330000000056e+02 5.998276019999999875e-02 -2.987074340000000095e-03 -7.103056909999999613e-02 4.457571400000000239e-02 1.849999709999999940e-03 -4.649785549999999740e-02
1.140690110000000033e+02 6.484596680000000168e-02 5.093744719999999601e-03 -5.900681320000000091e-02 7.344895410000000513e-02 1.375660069999999895e-04 -6.077621190000000173e-02
1.167737609999999933e+02 6.264012979999999953e-02 -3.851288420000000077e-03 -5.342283169999999942e-02 8.188572430000000402e-02 2.506212199999999918e-02 -1.207099810000000079e-02
1.194828550000000007e+02 7.013080060000000115e-02 -1.724500159999999916e-03 -6.614111170000000484e-02 5.249558509999999872e-02 4.027899409999999986e-02 -2.881865960000000101e-02
1.221811200000000071e+02 7.066211819999999866e-02 -3.511114069999999796e-03 -6.228797700000000132e-02 6.452155839999999809e-02 4.658859259999999919e-02 3.029549070000000024e-02
1.248700730000000050e+02 6.519703890000000390e-02 -4.638931909999999617e-03 -6.267267699999999608e-02 4.454888719999999802e-02 6.387791789999999748e-02 -1.343784819999999970e-02
1.275771979999999957e+02 5.942631770000000174e-02 -4.831848510000000263e-03 -5.888399500000000147e-02 2.463963159999999972e-02 1.249682759999999962e-02 -3.510363799999999951e-02
1.302753390000000024e+02 4.907422659999999964e-02 -7.872282280000000160e-03 -6.166288999999999798e-02 1.478321609999999967e-02 -4.556778679999999929e-03 -2.294186999999999962e-02
1.329833549999999889e+02 5.547057140000000164e-02 -7.513364550000000211e-03 -5.447669349999999938e-02 1.330968759999999994e-02 1.058710770000000079e-02 6.878550340000000145e-03
1.356907300000000021e+02 6.180096189999999962e-02 -5.545495899999999985e-03 -5.374246559999999728e-02 -1.449171640000000011e-02 -2.420911220000000058e-02 -4.771434849999999818e-03
1.383955259999999896e+02 6.009868899999999681e-02 1.048305850000000100e-03 -5.425750740000000183e-02 2.446828579999999961e-02 1.993632219999999858e-02 1.500160199999999930e-02
1.411036049999999875e+02 5.870380659999999834e-02 -2.652071260000000031e-03 -5.414685080000000011e-02 -9.770854529999999441e-03 2.217707149999999933e-02 6.759611510000000136e-03
1.438117919999999970e+02 7.276594390000000467e-02 7.217702349999999788e-04 -5.289239519999999750e-02 8.779000309999999974e-03 -6.722915809999999680e-03 9.626667910000000260e-04
1.465203700000000140e+02 7.208494910000000366e-02 -4.245190620000000373e-03 -6.006129269999999770e-02 2.768345570000000158e-02 -6.118549570000000361e-03 -2.648039400000000085e-02
1.492172140000000127e+02 6.867625980000000019e-02 -1.452249050000000048e-02 -4.677975549999999899e-02 -1.749199320000000002e-02 -3.687944449999999708e-02 -3.831902050000000198e-02
1.519142139999999870e+02 7.223377949999999770e-02 -1.935674839999999841e-02 -2.344651500000000111e-02 -2.731360739999999857e-02 -4.555610709999999980e-02 -2.107493660000000005e-02
1.546076669999999922e+02 7.901973489999999933e-02 -2.293793400000000010e-02 -3.219268319999999978e-03 -4.404619400000000379e-03 -3.647774539999999732e-02 2.679547549999999889e-02
1.572965419999999881e+02 7.456054939999999520e-02 -1.979767160000000040e-02 2.112398509999999924e-02 -2.492898389999999992e-02 -1.236495880000000082e-02 4.733416950000000206e-02
1.600038230000000112e+02 6.988355409999999490e-02 -1.570001600000000067e-02 3.805003609999999675e-02 -3.934823209999999648e-03 -3.645721899999999904e-02 1.843438270000000156e-02
1.627002139999999883e+02 6.995282149999999810e-02 -1.246220529999999931e-02 4.143081590000000092e-02 -1.391909220000000016e-02 3.822808899999999982e-02 1.419910630000000007e-02
1.654081360000000132e+02 6.972369840000000596e-02 -2.416696659999999827e-03 4.275500559999999978e-02 2.267049190000000039e-04 1.005446119999999985e-02 -1.202810020000000084e-02
1.681026200000000017e+02 6.473154479999999877e-02 -6.527851829999999599e-03 5.047854709999999995e-02 2.633554109999999837e-02 -1.376083210000000022e-02 2.277315120000000109e-02
1.708117450000000019e+02 6.411522470000000085e-02 2.571981080000000208e-03 5.108924749999999709e-02 7.659462130000000042e-03 5.725320820000000081e-03 1.238357279999999921e-02
1.735248860000000093e+02 6.006505399999999967e-02 7.209522700000000131e-03 5.295291540000000158e-02 1.193325129999999942e-02 -6.826803050000000012e-03 6.184171959999999746e-02
1.762206830000000082e+02 6.309357760000000592e-02 5.603584229999999944e-03 5.560877919999999974e-02 4.480205319999999714e-03 -4.003707410000000022e-02 3.398823759999999861e-02
1.789267140000000040e+02 6.587006739999999583e-02 1.011270229999999999e-02 6.020957760000000131e-02 -1.367688350000000053e-02 5.037363060000000191e-03 5.632487159999999965e-02
1.816183389999999918e+02 6.827983840000000082e-02 1.085310719999999993e-02 6.292529889999999571e-02 -7.066380419999999767e-03 2.523815329999999982e-02 5.477652119999999736e-02
1.843130580000000123e+02 6.328792619999999702e-02 -7.759828590000000218e-05 6.298648229999999348e-02 -2.461094799999999881e-03 3.948828449999999823e-02 3.743894259999999696e-02
1.870126359999999863e+02 5.942415670000000122e-02 9.881476930000000769e-03 7.329385500000000497e-02 2.823431939999999874e-04 -9.722337359999999595e-03 6.162674640000000148e-02
1.897060419999999965e+02 6.082702479999999717e-02 2.020134240000000161e-03 6.516448489999999982e-02 2.421021980000000184e-03 5.038882249999999605e-03 7.592162750000000515e-02
1.924049950000000138e+02 5.603299979999999680e-02 4.651813579999999719e-03 6.348423240000000689e-02 1.835450099999999876e-02 3.275643539999999881e-02 1.116611889999999940e-01
1.951070420000000070e+02 5.057808250000000311e-02 -9.464987350000000075e-05 5.873014220000000174e-02 -5.618139200000000361e-03 1.981890119999999908e-02 1.220945680000000075e-02
1.977937300000000107e+02 5.599428020000000311e-02 4.342683830000000113e-03 6.098939669999999674e-02 7.851236819999999478e-03 5.463768279999999672e-02 6.131198570000000181e-02
2.004867450000000133e+02 5.189388229999999935e-02 -6.087857989999999851e-03 6.610093679999999583e-02 3.913240680000000223e-04 3.181107369999999768e-02 5.937772270000000324e-02
2.031993080000000020e+02 5.154764309999999849e-02 -1.786670640000000143e-02 6.887598999999999805e-02 2.359546610000000030e-02 5.840972950000000372e-03 7.771530429999999601e-02
2.058921510000000126e+02 4.229652639999999936e-02 -9.940813649999999738e-03 7.057171489999999880e-02 1.381078279999999959e-03 -1.930425369999999932e-02 2.868766359999999974e-02
2.086120420000000024e+02 3.815494209999999858e-02 -3.867096789999999976e-04 6.849064550000000251e-02 4.068268309999999860e-02 -1.706772440000000127e-02 2.875995699999999919e-02
2.113139480000000106e+02 4.216048719999999916e-02 3.306562570000000194e-03 6.425243540000000197e-02 1.949141019999999988e-02 2.090457119999999946e-02 7.187959580000000126e-02
2.140372140000000059e+02 5.232999750000000283e-02 9.207789560000000442e-03 6.294792909999999408e-02 3.677207130000000046e-02 2.419067269999999881e-02 5.362845029999999819e-02
2.167331829999999968e+02 5.664625670000000141e-02 8.970268179999999272e-03 6.022535030000000095e-02 2.466949579999999989e-02 1.325646980000000016e-02 6.638879949999999808e-02
2.194388390000000015e+02 6.569571740000000604e-02 6.169972870000000123e-03 6.231084890000000015e-02 -7.740123710000000427e-03 1.735961550000000159e-02 6.723947500000000688e-02
2.221371049999999912e+02 6.840035660000000350e-02 7.326946529999999597e-03 6.141554850000000010e-02 -1.394844100000000066e-02 -2.097219869999999986e-02 8.269486550000000602e-02
2.248344800000000134e+02 6.629180880000000442e-02 4.031917539999999890e-03 6.044800129999999827e-02 -1.757573999999999942e-02 3.778175419999999993e-03 9.046541689999999802e-02
2.275372920000000079e+02 6.412174010000000479e-02 1.221268399999999969e-02 6.129935739999999716e-02 -6.983496090000000135e-03 -3.131621390000000060e-02 7.720031099999999369e-02
2.302434800000000052e+02 6.602455640000000348e-02 6.866511060000000249e-03 6.404552619999999419e-02 2.036356909999999937e-02 1.221867230000000040e-02 5.862758900000000079e-02
2.329410420000000101e+02 6.573870149999999635e-02 3.408387460000000032e-03 6.240432979999999824e-02 -2.876374190000000053e-02 -1.787236719999999932e-02 6.235198919999999922e-02
2.356460580000000107e+02 6.353804039999999542e-02 5.258799760000000198e-03 5.686690629999999885e-02 -1.229290350000000059e-02 -2.990602620000000142e-02 3.666689559999999903e-02
2.383431050000000084e+02 6.269678219999999524e-02 6.224569909999999942e-03 5.402416010000000296e-02 -3.161710250000000083e-02 2.931613040000000114e-02 4.634983550000000042e-03
2.410401669999999967e+02 6.707266909999999582e-02 1.300953319999999941e-02 6.220189350000000089e-02 1.622524809999999901e-02 -5.154357279999999784e-03 7.814937099999999526e-02
2.437399010000000033e+02 5.824419599999999808e-02 -2.501292979999999999e-03 5.121116559999999707e-02 4.353372389999999627e-03 -3.936460989999999993e-02 -2.930635039999999851e-03
2.464409009999999967e+02 5.981472289999999886e-02 3.285394259999999903e-03 5.934878949999999875e-02 1.297906790000000025e-02 -7.781540770000000377e-03 8.685320050000000514e-02
2.491456670000000031e+02 6.247123510000000129e-02 4.478170880000000129e-04 5.542442150000000123e-02 1.821235150000000092e-03 -3.793773749999999889e-02 3.079495180000000124e-02
2.518420889999999872e+02 6.048749679999999851e-02 -6.216928049999999838e-03 5.590310450000000181e-02 -3.225320690000000115e-03 1.341554369999999920e-02 7.981237489999999657e-02
2.545430420000000140e+02 6.071735989999999666e-02 -8.725661069999999728e-03 4.680154439999999888e-02 2.465842719999999932e-03 2.512937999999999977e-02 1.875357459999999962e-02
2.572552450000000022e+02 5.549413529999999706e-02 -5.503231390000000098e-03 5.943548519999999891e-02 6.601126250000000431e-03 1.872625630000000069e-02 6.854261369999999770e-03
2.599405419999999935e+02 6.649445719999999560e-02 -1.176608089999999981e-02 6.378891259999999730e-02 -9.136546779999999215e-03 4.958199980000000361e-03 4.828702480000000158e-02
2.626459009999999807e+02 6.794104689999999613e-02 -1.307903309999999993e-02 5.743888689999999964e-02 -6.198849530000000163e-02 -3.903020559999999944e-02 -3.453771819999999770e-02
2.653452449999999772e+02 6.611093599999999515e-02 -1.110178809999999919e-02 5.587144339999999820e-02 -6.498878169999999788e-02 5.454072439999999890e-03 -5.682935690000000262e-02
2.680391139999999837e+02 6.981053280000000527e-02 -1.440810210000000036e-02 4.191726109999999866e-02 1.287207179999999996e-03 6.914430029999999935e-03 -5.257937270000000163e-02
