# a=0.06341309939293806, b=-147.15271255327588, c=0.0005530485905651019, xi=6.366571557498393
6.768768139999999933e-01 7.545094789999999552e-02 -2.311350379999999993e-03 5.455026710000000084e-02 -9.226514150000000164e-03 -1.483756710000000076e-02 1.100519810000000036e-02
3.374447069999999993e+00 7.671849540000000300e-02 -6.009128370000000122e-03 4.165681809999999957e-02 1.502693369999999994e-02 -2.130849970000000052e-02 3.656920129999999963e-02
6.076147380000000098e+00 8.336004130000000678e-02 -2.507048650000000007e-03 1.632011090000000039e-02 1.958869649999999893e-02 -6.301781850000000296e-02 4.829546860000000219e-02
8.781814880000000656e+00 8.579899589999999410e-02 2.541384580000000115e-03 -9.704037999999999900e-03 -1.102964430000000044e-02 -4.227331659999999935e-02 -4.638238470000000113e-02
1.147266379999999941e+01 7.765266170000000023e-02 -3.624354529999999821e-03 -3.942961219999999850e-02 -1.547038230000000007e-02 -1.597110099999999927e-03 -3.920699150000000327e-02
1.417144350000000053e+01 7.435468169999999433e-02 -5.793233489999999840e-03 -4.937572130000000142e-02 -3.815617620000000005e-03 8.573511020000000593e-03 -4.561794639999999790e-02
1.687392940000000152e+01 7.851618309999999767e-02 -8.943895869999999443e-03 -5.727519720000000258e-02 2.073212329999999867e-02 8.849724240000000561e-03 -3.344597459999999745e-02
1.957614500000000035e+01 7.567635270000000469e-02 -1.178543899999999998e-02 -5.816410140000000117e-02 -2.150836059999999914e-04 -6.690422530000000173e-03 -6.895633649999999976e-03
2.227805280000000110e+01 6.864531170000000293e-02 -1.264540400000000071e-02 -5.454971410000000048e-02 1.055151699999999984e-02 -3.866238589999999864e-02 -6.773505969999999571e-03
2.497360129999999856e+01 6.538416299999999515e-02 -9.457059040000000139e-03 -5.424000880000000302e-02 3.617451320000000109e-02 -1.106597299999999978e-02 8.145366099999999567e-05
2.766798879999999983e+01 6.214392640000000051e-02 -8.918022009999999802e-04 -5.701932989999999868e-02 7.192672860000000334e-02 -3.376092869999999802e-02 -1.295213830000000073e-02
3.035889819999999872e+01 6.037697399999999992e-02 4.029379020000000387e-03 -5.997503089999999676e-02 1.714771290000000059e-02 5.571767440000000016e-02 -3.718917559999999900e-02
3.306598410000000143e+01 5.176617480000000188e-02 8.541713779999999742e-03 -5.590445179999999764e-02 -3.179840660000000235e-02 4.467494649999999984e-02 -5.969609120000000241e-02
3.576381529999999742e+01 5.863050560000000050e-02 -7.996145619999999550e-04 -6.703295300000000623e-02 -1.219064790000000051e-02 3.293725460000000022e-02 -4.679581270000000154e-02
3.845975750000000204e+01 4.725097500000000061e-02 -4.289301710000000337e-03 -5.542611509999999936e-02 -2.011239000000000082e-02 4.770100399999999824e-02 -3.452481830000000279e-02
4.115346069999999656e+01 5.744725039999999672e-02 3.491704530000000256e-04 -6.511496029999999657e-02 4.477687300000000176e-02 1.142340499999999932e-02 -9.057090599999999617e-03
4.385334189999999666e+01 5.821183569999999891e-02 -2.966563849999999825e-03 -6.970875679999999353e-02 3.612020170000000002e-02 3.083657119999999932e-02 -9.224179790000000198e-03
4.655243879999999734e+01 6.640667899999999624e-02 6.450237989999999672e-03 -6.661379739999999383e-02 5.834485219999999833e-02 2.739223279999999927e-02 -1.527606219999999917e-02
4.925104499999999774e+01 7.141373289999999874e-02 9.562524240000000106e-03 -6.522962969999999971e-02 5.301406799999999753e-02 7.363536769999999912e-03 -5.288509739999999910e-04
5.197597160000000116e+01 6.587604980000000277e-02 1.349284230000000022e-02 -5.802885420000000044e-02 4.770452859999999712e-02 -6.157707939999999824e-02 -2.863817730000000131e-02
5.468062319999999943e+01 7.324664000000000175e-02 1.336623590000000049e-02 -5.592057930000000204e-02 3.695185410000000059e-02 -5.165287970000000117e-02 -2.247124060000000104e-02
5.738415439999999990e+01 6.755611359999999510e-02 3.137930939999999860e-03 -5.359622559999999841e-02 5.967265149999999990e-02 -2.777886980000000144e-02 -2.544694180000000097e-02
6.007248570000000143e+01 6.293525910000000168e-02 -1.816577719999999934e-03 -6.125616169999999888e-02 2.408830290000000054e-02 -5.326328330000000381e-03 -2.696166560000000205e-03
6.277335599999999971e+01 6.384456719999999363e-02 3.796438620000000194e-03 -5.644090680000000276e-02 6.137853079999999739e-02 2.253306219999999874e-02 -5.327639979999999886e-02
6.548084190000000149e+01 6.081007349999999895e-02 -2.879437339999999824e-03 -5.463432289999999719e-02 -2.384605119999999925e-02 -1.165142790000000053e-02 -3.014148020000000094e-02
6.819021999999999650e+01 6.544147429999999654e-02 -1.721324750000000027e-03 -5.727554509999999849e-02 1.303113629999999926e-02 4.759177929999999779e-02 -7.906923150000000344e-02
7.088584190000000262e+01 6.593615210000000615e-02 -2.543077710000000123e-03 -6.365415219999999430e-02 -5.058604359999999828e-02 1.702388029999999872e-02 -2.566299530000000148e-02
7.359335599999999999e+01 6.928222159999999907e-02 -8.798357580000000858e-03 -5.838686810000000282e-02 -1.651973219999999928e-03 3.431079499999999810e-02 -1.965590789999999838e-02
7.630255289999999491e+01 6.900056829999999530e-02 -1.399739319999999954e-02 -6.599818529999999794e-02 -3.049303559999999927e-02 2.564918719999999958e-02 -6.117350419999999928e-02
7.899687000000000126e+01 6.386624450000000230e-02 -1.155539939999999932e-02 -5.540274790000000033e-02 -2.879737679999999980e-02 3.783724559999999959e-02 -5.524124519999999705e-02
8.170504819999999313e+01 6.044192880000000268e-02 -1.702294080000000057e-02 -6.618562719999999955e-02 1.229463819999999930e-02 -1.493492920000000050e-02 -9.636652789999999857e-02
8.440274970000000110e+01 5.985702849999999936e-02 -1.643989629999999952e-02 -6.565157580000000048e-02 4.941930300000000297e-03 -2.253163169999999882e-02 -5.143801969999999696e-02
8.709814500000000237e+01 6.406964910000000069e-02 -1.792124079999999828e-02 -5.838660629999999768e-02 4.533322850000000293e-02 1.218570050000000043e-02 2.238737489999999969e-03
8.979411849999999617e+01 6.225923669999999799e-02 -2.298560989999999873e-02 -5.901205909999999999e-02 2.144275929999999927e-02 4.548737539999999756e-04 3.613846569999999703e-02
9.248851849999999786e+01 7.196188900000000110e-02 -1.670111869999999984e-02 -5.720052379999999992e-02 -2.013184859999999840e-02 1.633023830000000093e-02 4.564669240000000273e-03
9.519021220000000483e+01 6.869945889999999611e-02 -7.563967090000000074e-03 -5.446559320000000232e-02 -2.632038969999999853e-02 2.797025939999999919e-02 -4.659541510000000247e-02
9.788223720000000583e+01 6.460931770000000185e-02 1.595306500000000065e-03 -6.752273150000000224e-02 -1.097967809999999926e-02 4.091896700000000053e-03 -5.580140330000000343e-02
1.005879639999999995e+02 6.748349180000000336e-02 -8.075391030000000220e-03 -6.793464890000000533e-02 1.807248590000000042e-03 1.889012009999999986e-03 -4.066377239999999921e-02
1.032877759999999938e+02 6.767628600000000216e-02 -3.792588919999999949e-06 -6.924800650000000057e-02 4.382670369999999704e-02 -3.095869880000000005e-02 2.817569019999999896e-02
1.059885579999999976e+02 6.738410820000000079e-02 6.374390789999999623e-04 -6.056651350000000211e-02 2.064884440000000140e-02 -1.473218459999999994e-02 4.865757479999999885e-02
1.086830889999999954e+02 5.680919520000000250e-02 -9.526101310000000206e-04 -6.336280079999999371e-02 1.155871749999999977e-03 -1.362292390000000020e-02 6.526031470000000223e-02
1.113864329999999967e+02 5.246816819999999826e-02 5.974824769999999632e-03 -6.362969020000000531e-02 1.699242030000000167e-02 -4.144958969999999743e-02 2.562647720000000087e-02
1.140828390000000070e+02 5.774314679999999894e-02 2.356020160000000131e-03 -6.979733940000000525e-02 6.581782949999999410e-02 -3.412294550000000148e-02 -1.456722570000000029e-02
1.167775579999999991e+02 5.407824900000000184e-02 5.282518069999999656e-03 -6.590611520000000390e-02 3.384552250000000262e-02 -3.946157980000000037e-02 5.079177470000000028e-02
1.194753079999999983e+02 5.408110160000000055e-02 4.408916720000000296e-03 -5.881096649999999898e-02 2.409622960000000133e-02 -1.023871879999999936e-02 1.838647380000000067e-02
1.221791199999999975e+02 5.353461469999999667e-02 -2.328296559999999975e-04 -6.767831219999999315e-02 -2.327158580000000115e-02 -1.647456029999999974e-02 -3.377671520000000149e-02
1.248616039999999998e+02 6.282639610000000097e-02 1.391374830000000062e-03 -6.558387499999999981e-02 3.864202850000000161e-02 -3.277443940000000083e-02 -1.840621099999999871e-02
1.275741359999999958e+02 6.394522769999999579e-02 -3.647657989999999843e-03 -5.799374229999999797e-02 -1.013306970000000043e-02 -2.805870239999999974e-02 -2.732439629999999786e-03
1.302595579999999984e+02 6.184503980000000123e-02 4.023170310000000020e-03 -6.114088339999999844e-02 8.156672619999999485e-02 5.219873679999999759e-03 1.147560650000000078e-02
1.329729790000000094e+02 6.488471449999999585e-02 4.736752959999999957e-03 -6.712228200000000533e-02 6.107245249999999903e-02 2.085189949999999987e-02 -6.037406640000000414e-03
1.356721980000000087e+02 7.325232260000000273e-02 6.894990059999999907e-03 -6.338696629999999999e-02 8.745619109999999696e-02 3.281100940000000049e-02 -1.005378940000000061e-02
1.383693700000000035e+02 7.852837220000000173e-02 -1.350944549999999944e-03 -5.302316659999999765e-02 9.791163260000000645e-02 -1.102879059999999946e-02 1.049535910000000058e-02
1.410774010000000089e+02 7.514952410000000360e-02 2.585467340000000089e-03 -4.414767309999999972e-02 8.267861170000000148e-02 -4.723287749999999924e-02 4.340619070000000142e-03
1.437915110000000141e+02 7.014318249999999810e-02 -2.938126269999999894e-03 -3.181301820000000113e-02 1.905437039999999943e-02 -4.113210330000000026e-02 1.761779709999999975e-03
1.464811359999999922e+02 7.121128729999999518e-02 -7.532289229999999903e-04 -8.999007470000000564e-03 -7.025268700000000116e-03 -4.895173249999999927e-03 -7.600881549999999841e-03
1.491845730000000003e+02 7.319887730000000647e-02 3.193562180000000198e-03 2.490239550000000052e-02 -2.540687599999999838e-02 4.337810489999999880e-02 -2.675171919999999853e-03
1.518831360000000075e+02 7.179890880000000530e-02 1.134611550000000010e-02 4.107631860000000162e-02 -3.433157240000000304e-02 7.294842050000000183e-04 7.630094320000000482e-04
1.545815729999999917e+02 6.737120979999999815e-02 7.916451589999999941e-03 4.999148820000000326e-02 -2.192330300000000086e-04 -1.051576050000000047e-02 2.966528699999999852e-02
1.572957759999999894e+02 6.517932479999999362e-02 -1.085822479999999966e-04 5.593762630000000124e-02 1.046753289999999975e-02 2.817151310000000006e-02 -1.334073570000000007e-02
1.599941039999999930e+02 5.041551050000000339e-02 -9.599097330000000428e-03 6.235226630000000048e-02 8.057436870000000279e-03 1.902180330000000086e-02 3.523386500000000310e-02
1.626876829999999927e+02 5.730664430000000087e-02 -2.979507309999999791e-03 6.341463989999999995e-02 1.865697490000000139e-02 -8.965437830000000732e-03 4.477896989999999994e-02
1.654006359999999916e+02 6.360981139999999368e-02 -5.663220940000000207e-04 6.080827860000000140e-02 1.938101000000000060e-02 5.431205550000000118e-03 2.804129309999999972e-02
1.680967609999999866e+02 7.410365269999999449e-02 7.985253430000000333e-03 4.993310239999999844e-02 1.754870069999999935e-02 2.303632179999999877e-02 7.771294739999999590e-02
1.708041670000000067e+02 7.665064300000000441e-02 3.654670909999999887e-03 5.855677969999999871e-02 8.150061700000000350e-04 4.505611860000000024e-02 5.457651329999999718e-02
1.735016669999999976e+02 7.353665219999999669e-02 3.219213490000000059e-03 6.277143509999999482e-02 3.945367559999999590e-06 4.357053570000000292e-02 6.247987199999999880e-02
1.762074010000000044e+02 6.545686809999999578e-02 -4.952105929999999585e-04 6.190862829999999734e-02 1.704961340000000006e-02 2.272238799999999961e-02 4.395883810000000141e-02
1.789061509999999942e+02 5.412283360000000321e-02 -1.573772399999999894e-03 6.043808999999999987e-02 -3.148600799999999936e-03 -1.837319319999999867e-02 1.410331519999999915e-02
1.816068390000000079e+02 6.139196770000000108e-02 -1.421644359999999982e-03 6.373192360000000389e-02 2.632211430000000116e-02 -1.309167089999999957e-02 1.482743949999999929e-02
1.843025580000000048e+02 7.372305839999999943e-02 8.480765129999999832e-03 7.056551669999999721e-02 3.037588919999999887e-02 -5.749229499999999882e-02 5.306597689999999895e-02
1.869961040000000025e+02 6.981449509999999858e-02 1.607984920000000029e-03 6.876943369999999334e-02 -4.890550400000000155e-04 4.559700409999999961e-03 1.047738420000000059e-01
1.896978389999999877e+02 6.454762619999999951e-02 9.324804949999999579e-03 6.714737530000000620e-02 2.911038400000000043e-03 -2.904570910000000075e-02 1.032511650000000059e-01
1.923901199999999960e+02 6.896827610000000330e-02 -8.607924770000000263e-04 6.966774620000000529e-02 -2.536879400000000007e-02 -6.441779720000000284e-04 5.020693999999999851e-02
1.950916039999999896e+02 6.787315269999999456e-02 -7.650712619999999742e-03 6.727046590000000659e-02 -3.633637189999999739e-02 -1.720645239999999895e-02 5.074493079999999740e-02
1.977915419999999926e+02 6.527983939999999763e-02 -9.494132639999999790e-03 7.379858579999999668e-02 -1.577095389999999889e-02 -2.386596040000000044e-02 4.447033350000000052e-02
2.004871669999999995e+02 6.182115409999999756e-02 -1.165973019999999929e-02 7.055348449999999938e-02 1.226793129999999982e-02 4.046622779999999725e-02 4.875423420000000313e-02
2.031865889999999979e+02 6.304673660000000013e-02 -5.246731900000000011e-03 6.603364829999999741e-02 4.441730670000000212e-04 2.521096000000000231e-04 -4.447159489999999785e-03
2.058833229999999901e+02 5.990207379999999693e-02 -9.583992819999999704e-03 6.512154339999999542e-02 -2.189912899999999982e-02 1.094338050000000055e-02 6.029516929999999969e-02
2.085818230000000142e+02 6.364344069999999798e-02 -4.981242030000000189e-03 6.978606569999999676e-02 1.798494159999999842e-02 2.326287159999999854e-02 9.014169710000000113e-02
2.112831510000000037e+02 6.443162019999999768e-02 -6.897599350000000254e-03 6.135472589999999699e-02 1.463658399999999936e-02 3.483502690000000318e-02 6.394163880000000577e-02
2.139920579999999859e+02 6.478191110000000585e-02 -6.988625610000000210e-03 6.454063640000000379e-02 -1.729605840000000144e-02 -3.534621670000000215e-02 4.970615440000000079e-02
2.166967759999999998e+02 6.994910560000000554e-02 -1.340284219999999952e-03 6.631710300000000224e-02 8.535487090000000096e-03 -4.175524189999999664e-02 4.367074819999999802e-02
2.193882140000000049e+02 6.302201470000000361e-02 -6.705013140000000427e-03 6.771915759999999618e-02 -1.046309930000000055e-02 -5.991744009999999676e-02 1.009676929999999972e-01
2.220880260000000135e+02 6.871186009999999400e-02 -8.272134389999999740e-03 5.702214709999999659e-02 1.489335330000000034e-03 -6.460449019999999973e-03 7.841117960000000553e-02
2.247860259999999926e+02 7.703719739999999316e-02 -3.727213200000000122e-03 5.463893289999999930e-02 -7.647171670000000275e-03 -1.943055349999999945e-02 5.801962680000000150e-02
2.274857289999999921e+02 7.213988809999999363e-02 -9.402122949999999410e-03 5.830728009999999739e-02 1.566983739999999953e-03 3.316397680000000153e-02 3.138345149999999945e-02
2.301879480000000058e+02 6.524049939999999881e-02 5.281150240000000206e-04 6.578384880000000268e-02 1.152936520000000069e-02 1.623876340000000168e-02 1.622399149999999984e-02
2.328832449999999881e+02 6.109554650000000031e-02 -3.469640889999999877e-03 6.164078290000000321e-02 -9.686989420000000073e-03 1.283360329999999952e-02 6.566582579999999392e-02
2.355878229999999860e+02 6.531808980000000653e-02 -9.907135620000000198e-03 6.466892270000000609e-02 2.532534170000000015e-02 -3.620022340000000026e-03 7.994573809999999670e-02
2.382916669999999897e+02 7.316245579999999804e-02 -9.959433400000000311e-03 6.615573260000000289e-02 4.978852249999999625e-03 4.152362569999999697e-02 1.076125420000000055e-01
2.410027919999999995e+02 6.770925220000000022e-02 -1.007392919999999976e-02 6.282648450000000162e-02 1.092912570000000028e-02 5.324968100000000010e-02 6.311352470000000658e-02
2.436984009999999898e+02 6.590820499999999749e-02 -5.679522159999999577e-03 6.207700110000000104e-02 -1.025563150000000003e-04 3.889973289999999750e-02 7.459023959999999676e-02
2.463996980000000008e+02 5.634215050000000030e-02 -8.798294340000000283e-03 6.455226440000000343e-02 2.245726270000000194e-03 -9.995245329999999373e-03 6.455825040000000292e-02
2.490991830000000107e+02 5.193015670000000056e-02 -2.381244639999999854e-03 6.745094860000000470e-02 2.482034980000000137e-03 3.076365450000000112e-02 2.460437199999999935e-02
2.517973859999999888e+02 4.993970190000000114e-02 -1.454804290000000005e-03 7.513602049999999755e-02 6.423216279999999570e-03 3.090148460000000097e-02 5.411282509999999768e-02
2.545038079999999923e+02 6.428317949999999559e-02 -4.417686920000000322e-03 6.636559459999999411e-02 2.624781589999999887e-02 2.806244189999999861e-02 5.797469859999999919e-02
2.571973229999999830e+02 6.657386569999999837e-02 1.836602040000000116e-05 5.876889999999999892e-02 1.287430370000000081e-02 1.211909400000000039e-02 1.596280419999999978e-02
2.598903540000000021e+02 6.435132270000000487e-02 -5.090036160000000268e-03 6.565510709999999861e-02 6.761258059999999785e-03 -1.798099319999999987e-02 2.813888960000000133e-02
2.626058540000000221e+02 6.675749609999999390e-02 5.383707650000000167e-04 5.809830340000000232e-02 -1.769842519999999947e-02 -1.127504229999999955e-02 -3.134475949999999955e-02
2.652961199999999735e+02 6.498018599999999534e-02 -2.409278899999999814e-03 6.375894209999999340e-02 -1.498041089999999943e-02 9.568549929999999731e-03 4.069282300000000123e-03
2.679973939999999857e+02 7.014272720000000461e-02 -3.190979989999999985e-03 4.848235520000000048e-02 -4.587410039999999939e-02 -5.520318710000000385e-03 -1.230913209999999957e-03
