# a=0.06039733843583671, b=-131.06079026403395, c=-0.0031074834280660655, xi=14.694019010887347
6.553787739999999973e-01 7.866991839999999681e-02 1.387439129999999937e-04 -3.724247759999999713e-02 -6.625653219999999566e-02 -3.269248389999999949e-02 -4.662283419999999762e-02
3.351629389999999820e+00 7.748849469999999351e-02 4.358088779999999898e-03 -5.319185740000000051e-02 1.597247289999999958e-02 -5.076003879999999718e-02 1.595919890000000027e-03
6.057989860000000171e+00 7.481760360000000443e-02 3.290523529999999784e-04 -5.472574069999999735e-02 8.256421389999999208e-03 -6.428522009999999842e-03 5.204915429999999862e-04
8.766875949999999307e+00 7.549803319999999485e-02 -9.850843269999999974e-04 -4.319627510000000059e-02 3.770757119999999796e-02 -1.591364229999999921e-02 -3.580292670000000121e-02
1.147264490000000059e+01 7.924810570000000165e-02 -7.412532169999999643e-03 -3.458164700000000008e-02 -4.470100450000000225e-02 6.897690019999999644e-03 -2.001261879999999965e-02
1.416588239999999921e+01 8.418903090000000311e-02 -9.837929359999999894e-04 -3.657063330000000223e-02 -6.026471900000000131e-03 5.020458540000000136e-02 1.184923690000000071e-02
1.685975110000000043e+01 7.974794570000000304e-02 -6.807171950000000422e-03 -3.150808410000000004e-02 2.106612719999999966e-02 3.816085870000000130e-02 2.886112199999999947e-02
1.956331989999999976e+01 7.139767399999999431e-02 -2.676058930000000009e-03 -3.701038389999999900e-02 1.881201349999999869e-02 5.737362699999999996e-03 4.369741640000000121e-02
2.227098080000000024e+01 6.105873290000000259e-02 -2.088852579999999834e-03 -3.912751910000000083e-02 -2.258801339999999894e-02 -9.484370160000000442e-04 3.778194330000000239e-02
2.497959170000000029e+01 5.977867139999999690e-02 -4.875055219999999763e-04 -5.113905910000000193e-02 -3.090395400000000084e-02 8.358690769999999742e-03 2.402288099999999940e-02
2.768604170000000053e+01 5.736917999999999879e-02 1.877419219999999951e-03 -5.964602509999999969e-02 -5.129426559999999795e-03 -1.351381739999999929e-02 2.974241650000000042e-02
3.038277300000000025e+01 5.851482370000000294e-02 5.779440440000000248e-03 -5.986694599999999727e-02 1.783346710000000002e-02 -2.813946510000000026e-02 9.393879359999999373e-03
3.308854949999999917e+01 6.189591810000000249e-02 -1.987679720000000167e-03 -6.302601720000000629e-02 6.563683689999999515e-02 -4.276388729999999749e-02 -7.334629280000000418e-02
3.579079639999999785e+01 5.582088529999999771e-02 -3.282405109999999952e-03 -6.470670039999999734e-02 3.354291179999999845e-02 7.273763659999999895e-03 -5.634380189999999705e-03
3.849571360000000197e+01 6.736849559999999459e-02 1.611260100000000027e-03 -5.728640900000000341e-02 7.677120810000000184e-02 -4.681232040000000288e-02 -3.334778840000000161e-02
4.119696050000000298e+01 6.637154010000000104e-02 -2.449560599999999811e-04 -6.047417850000000317e-02 -1.296838479999999974e-02 -9.616516820000000493e-03 -2.993996499999999894e-02
4.389540420000000154e+01 7.087179080000000075e-02 -3.934926499999999785e-03 -4.879991780000000196e-02 5.823171189999999664e-02 1.147504369999999968e-02 -9.216309690000000499e-03
4.658966519999999889e+01 6.531519889999999606e-02 -2.142073039999999821e-03 -4.937627089999999802e-02 2.358139969999999835e-02 -1.402353240000000015e-02 -1.071028260000000086e-02
4.929242450000000275e+01 5.970517770000000057e-02 -8.324223800000000659e-03 -4.215341329999999775e-02 5.107000829999999714e-02 9.815853160000000480e-03 1.521195669999999937e-02
5.199741519999999895e+01 5.464093169999999916e-02 2.415612420000000198e-03 -6.002132510000000171e-02 -5.861535439999999986e-02 2.005126709999999961e-04 -1.283694279999999903e-03
5.468328389999999928e+01 5.374407750000000095e-02 -5.692322789999999973e-03 -6.321463959999999715e-02 2.814980669999999838e-02 1.396367800000000020e-02 2.822262730000000067e-02
5.737752919999999790e+01 6.563957310000000100e-02 -5.858051040000000244e-03 -5.244027490000000014e-02 1.071948890000000085e-02 -2.847400040000000118e-02 1.860944499999999877e-02
6.008652769999999776e+01 6.510397819999999558e-02 -9.654084159999999637e-03 -6.562918380000000440e-02 4.148560770000000314e-03 1.488574879999999927e-02 -4.825227789999999954e-03
6.278727140000000162e+01 6.081006640000000130e-02 1.447861799999999996e-03 -6.803656510000000157e-02 1.771315940000000103e-02 -1.475354960000000056e-02 1.942457270000000000e-02
6.549207920000000627e+01 5.081404049999999756e-02 -7.818694929999999918e-03 -6.159644789999999676e-02 2.761059379999999952e-02 -1.155417599999999934e-02 -9.409967919999999778e-03
6.820638390000000584e+01 5.001351899999999934e-02 3.179435349999999889e-03 -5.524837440000000127e-02 1.337146259999999996e-02 5.893798369999999828e-03 1.133683779999999919e-02
7.090191049999999962e+01 4.994000640000000046e-02 -2.713519650000000179e-03 -6.038803479999999696e-02 1.158445339999999990e-02 1.829055010000000051e-02 4.069790219999999681e-02
7.360911989999999605e+01 5.123436580000000073e-02 3.387821180000000210e-03 -6.123675840000000065e-02 1.054109060000000056e-02 -1.745597969999999888e-02 -2.120152239999999882e-02
7.631002460000000553e+01 5.472102489999999819e-02 -2.772597080000000023e-03 -6.372534829999999817e-02 2.136582149999999986e-02 -1.763000249999999852e-02 2.177734070000000161e-02
7.900730110000000650e+01 5.319158069999999766e-02 -1.285916569999999946e-02 -6.068742750000000186e-02 -8.778714970000000423e-03 -2.681951570000000104e-02 5.606568900000000188e-02
8.170217139999999745e+01 5.581792210000000032e-02 -1.054261880000000040e-02 -6.638766520000000115e-02 2.538005559999999966e-02 4.980864759999999863e-02 1.692549910000000143e-02
8.439881990000000656e+01 5.386999380000000170e-02 -1.134113559999999979e-02 -5.309004540000000077e-02 -5.073937230000000187e-02 9.498547850000000486e-03 1.254262639999999956e-02
8.709819640000000618e+01 6.211593609999999793e-02 -6.533885710000000326e-03 -5.564866620000000208e-02 -3.406252089999999705e-02 -3.731321640000000162e-02 -1.452809220000000033e-02
8.979349489999999889e+01 6.419089360000000688e-02 -1.109427319999999918e-02 -6.081098000000000059e-02 -3.195823829999999699e-02 -3.637754910000000341e-02 -2.240924440000000017e-02
9.249339019999999323e+01 5.553915269999999682e-02 -1.127638109999999985e-02 -6.585455939999999841e-02 -5.689420419999999777e-03 1.005008639999999988e-02 -2.590130530000000000e-02
9.520729640000000416e+01 5.233572759999999963e-02 -7.419294919999999682e-03 -6.148968710000000254e-02 1.049436119999999899e-03 7.035101890000000635e-02 -3.556346080000000187e-02
9.790895580000000109e+01 4.601334029999999686e-02 -5.328280779999999828e-03 -7.187870279999999945e-02 4.035417659999999962e-02 2.116641019999999929e-02 -9.974666720000000680e-03
1.006199649999999934e+02 4.890909370000000311e-02 -2.507915820000000077e-03 -7.450967020000000274e-02 7.171051550000000219e-02 -1.332651710000000000e-03 -2.013448199999999869e-02
1.033202930000000066e+02 5.019701010000000158e-02 -3.569248159999999920e-03 -6.592698019999999881e-02 6.981713940000000562e-02 1.593011500000000163e-02 -3.646344020000000241e-02
1.060306839999999937e+02 5.842293090000000300e-02 7.420314419999999959e-03 -6.769212230000000441e-02 4.559294440000000170e-02 -1.295080629999999971e-03 -2.713189749999999831e-02
1.087300429999999949e+02 5.468635480000000326e-02 4.408783650000000325e-03 -5.552684990000000126e-02 3.637566410000000333e-02 -9.136775289999999466e-03 3.012331680000000095e-02
1.114231060000000042e+02 6.100025230000000187e-02 2.866820290000000101e-03 -6.486507910000000043e-02 4.694991419999999804e-02 -1.993304710000000021e-02 5.484184040000000121e-02
1.141208400000000012e+02 6.853972040000000376e-02 -2.658746430000000043e-03 -6.139542449999999679e-02 8.938507280000000665e-02 -2.513837160000000071e-02 6.073310400000000303e-02
1.168320899999999938e+02 7.668954980000000643e-02 -5.012043950000000421e-04 -3.944133269999999802e-02 4.318558320000000228e-02 8.730837099999999573e-03 5.469424670000000432e-03
1.195215589999999963e+02 7.210090160000000303e-02 -5.777584879999999624e-03 -2.836501120000000167e-02 4.712013140000000100e-02 3.546866600000000286e-02 -2.637514679999999889e-02
1.222173250000000024e+02 7.727274450000000405e-02 -7.572931050000000427e-03 -3.172739399999999904e-02 7.365756469999999636e-04 -1.175033900000000027e-02 -5.969512579999999846e-02
1.249073559999999929e+02 8.069016680000000441e-02 -3.500222739999999961e-03 -2.175350720000000099e-02 3.183498039999999724e-02 7.117688480000000650e-02 9.128827429999999965e-03
1.276116209999999995e+02 8.347630339999999316e-02 -7.552148100000000315e-03 -2.113944469999999923e-02 1.132071309999999921e-02 2.545138760000000000e-02 4.791537070000000055e-04
1.303099339999999984e+02 7.376852840000000522e-02 -8.148999150000000788e-03 -1.976684559999999924e-02 -3.454836900000000238e-02 3.594330610000000259e-02 -3.732333710000000204e-03
1.330098560000000134e+02 7.240326510000000271e-02 -7.330466190000000000e-03 1.910732210000000084e-03 -2.580826459999999850e-02 -2.175694069999999872e-03 -1.998413760000000011e-02
1.356939959999999985e+02 7.037815499999999780e-02 -9.930340750000000646e-03 1.628079489999999935e-02 -3.779501600000000072e-02 1.797959779999999935e-03 1.809744300000000125e-02
1.383969960000000015e+02 7.238818730000000368e-02 -1.052617980000000036e-02 3.244906799999999758e-02 -3.427464720000000103e-02 5.878505390000000191e-02 -2.593120009999999934e-02
1.410845119999999895e+02 8.105043839999999389e-02 -6.652121950000000096e-03 4.145488189999999712e-02 -8.639439549999999857e-02 3.227834529999999702e-02 -2.408078140000000089e-02
1.437789649999999995e+02 7.672202150000000109e-02 -1.844139019999999985e-03 4.036558760000000246e-02 -1.689439629999999956e-02 -1.537628590000000059e-04 2.984328709999999833e-03
1.464723710000000096e+02 7.334485490000000607e-02 4.081376339999999783e-03 3.554318940000000121e-02 -2.174660949999999981e-02 -5.402086090000000201e-02 -1.193039410000000002e-02
1.491852460000000065e+02 7.009971049999999537e-02 3.764057099999999940e-03 4.349262760000000005e-02 -1.206281499999999930e-02 -4.024125110000000005e-02 5.210434419999999955e-02
1.518862619999999879e+02 7.573449799999999732e-02 -1.152747349999999962e-02 4.280085740000000305e-02 -1.990770269999999828e-02 -1.024086280000000015e-02 1.302240200000000063e-02
1.545847620000000120e+02 7.381030430000000420e-02 -3.788789170000000060e-03 5.939640720000000096e-02 -3.124214770000000030e-02 1.126268740000000010e-03 8.770069290000000184e-02
1.572939030000000002e+02 6.435085740000000276e-02 -7.926567580000000099e-03 5.609047570000000316e-02 -1.483667879999999925e-02 -4.829520839999999586e-03 2.088561870000000056e-02
1.599905750000000069e+02 6.390551599999999555e-02 -1.054442860000000086e-02 6.322218209999999616e-02 3.218332799999999803e-03 -2.326456669999999935e-02 2.047772120000000001e-02
1.626898400000000038e+02 6.044999880000000159e-02 -9.474429100000000825e-03 4.973174910000000004e-02 8.864781849999999602e-03 -1.413086310000000005e-02 -2.133131079999999943e-02
1.653857619999999997e+02 6.097236410000000245e-02 -9.536584160000000088e-03 5.192776229999999937e-02 2.533699080000000048e-02 -4.725216570000000116e-02 5.399655149999999654e-02
1.680984650000000045e+02 5.412962229999999930e-02 -3.515628939999999956e-03 4.702781269999999764e-02 1.413982249999999954e-02 -7.551949089999999976e-02 -4.740405660000000104e-02
1.707966529999999921e+02 3.656126719999999719e-02 -4.915353689999999755e-03 5.257653050000000300e-02 -2.125601989999999913e-02 -1.782616500000000145e-02 4.507368670000000237e-03
1.735128559999999993e+02 3.422406990000000093e-02 -1.257293559999999970e-02 6.527216560000000112e-02 9.471283210000000508e-03 -2.532859930000000079e-02 -4.961681469999999761e-02
1.761956680000000119e+02 4.883113580000000148e-02 -8.070769480000000023e-03 7.001291749999999370e-02 4.813529290000000127e-03 2.955653639999999971e-02 -8.296928009999999382e-03
1.788960429999999917e+02 5.524877670000000185e-02 -1.164760760000000013e-02 6.410651389999999505e-02 4.711090130000000070e-02 2.949893030000000013e-02 -8.656930269999999969e-03
1.816107460000000060e+02 6.474490569999999390e-02 -1.361551729999999939e-02 5.305738799999999700e-02 2.110331990000000046e-02 2.471446479999999876e-02 -4.012423040000000218e-02
1.843145749999999907e+02 7.190862639999999473e-02 -1.772486490000000151e-02 4.863280860000000067e-02 -7.776495839999999701e-03 3.745619940000000092e-02 1.234631729999999955e-02
1.870139650000000131e+02 7.549331300000000633e-02 -1.727736800000000128e-02 3.962770449999999944e-02 -1.621609410000000081e-03 -8.656951709999999300e-03 1.556214090000000022e-02
1.897291679999999872e+02 7.340794539999999369e-02 -1.533154739999999933e-02 5.129161849999999689e-02 1.809025269999999918e-03 1.471108230000000086e-02 -7.355465410000000363e-03
1.924238249999999937e+02 7.416061640000000399e-02 -1.004642189999999970e-02 4.799818659999999931e-02 -5.624970679999999855e-03 8.079221169999999466e-03 -2.821105499999999877e-02
1.951226369999999974e+02 7.767256300000000002e-02 -6.475230329999999770e-03 5.142314249999999781e-02 -3.057605050000000019e-02 1.348598300000000000e-02 5.495750790000000080e-02
1.978176369999999906e+02 5.803319779999999845e-02 -6.526635670000000174e-03 4.738724920000000201e-02 -2.624666039999999992e-02 -6.312507260000000016e-03 3.202275909999999920e-02
2.005250589999999988e+02 4.735901359999999949e-02 -4.436033760000000249e-03 5.438043010000000177e-02 4.182438119999999648e-03 3.332305309999999965e-02 2.682678219999999961e-02
2.032190589999999872e+02 4.012823220000000246e-02 -1.129315610000000041e-03 5.885391999999999707e-02 -4.239243439999999807e-02 4.167710389999999820e-02 -3.107260460000000127e-02
2.059246530000000064e+02 3.666928419999999911e-02 3.074579849999999883e-05 6.372105259999999438e-02 -2.254021689999999994e-02 -6.622211589999999620e-03 -8.308878229999999698e-02
2.086146209999999996e+02 3.313548289999999896e-02 1.343664339999999999e-03 7.358949419999999408e-02 -3.165447369999999788e-02 -2.425765930000000140e-02 -4.089255199999999868e-02
2.113094179999999938e+02 3.741417529999999797e-02 -2.083778870000000099e-03 7.951516640000000358e-02 -4.498925130000000321e-03 5.869620319999999895e-04 2.808506259999999938e-03
2.140146839999999884e+02 4.132053260000000117e-02 -1.334257070000000045e-02 7.006365100000000457e-02 -2.921541460000000052e-03 -4.723078859999999685e-02 -1.469922660000000034e-02
2.167216679999999940e+02 4.544408669999999706e-02 -2.124835660000000057e-02 6.053799850000000232e-02 -1.279965130000000010e-03 2.256046319999999855e-03 -4.303347240000000157e-02
2.194311840000000018e+02 4.868735440000000053e-02 -7.537885929999999998e-03 6.078092140000000004e-02 1.678847680000000037e-02 7.776740229999999816e-03 -3.627574020000000343e-02
2.221254500000000007e+02 5.309746490000000207e-02 2.544407460000000162e-03 5.839651989999999904e-02 9.799526419999999433e-03 2.613146930000000145e-02 1.575502650000000157e-02
2.248341680000000053e+02 5.525792360000000153e-02 1.149885370000000052e-02 5.291627699999999768e-02 1.497316999999999919e-02 9.146109180000000505e-03 1.178699650000000071e-02
2.275326210000000060e+02 5.419884650000000165e-02 1.549790040000000035e-02 4.755113269999999837e-02 -2.068796590000000074e-02 1.769563269999999827e-02 -1.381155809999999942e-02
2.302174960000000112e+02 6.214351879999999856e-02 7.944840110000000316e-03 4.772171730000000084e-02 -3.484012289999999928e-02 -2.205278119999999967e-02 2.190825830000000043e-02
2.329199179999999956e+02 6.008764159999999827e-02 5.883840349999999893e-03 5.288029849999999893e-02 -4.645009389999999599e-03 -4.143538110000000163e-02 7.141614749999999900e-02
2.356226530000000139e+02 5.402959400000000023e-02 7.183935440000000265e-05 5.921025550000000304e-02 4.257348269999999997e-03 -5.469167269999999914e-02 4.215482560000000101e-02
2.383256680000000074e+02 4.768720580000000014e-02 -6.264327630000000174e-03 5.576902179999999876e-02 -1.138240180000000060e-02 -6.383254470000000388e-03 6.840885589999999572e-02
2.410297150000000101e+02 5.579756159999999660e-02 -1.752685840000000120e-02 5.712115770000000120e-02 -1.077367159999999963e-02 -1.429146660000000027e-02 -7.602175239999999987e-03
2.437492459999999994e+02 6.464763760000000192e-02 -1.473407610000000006e-02 5.557677729999999788e-02 8.433835389999999946e-03 3.718639599999999656e-02 -6.164251499999999669e-03
2.464316059999999879e+02 7.358631459999999402e-02 -5.418885019999999941e-03 4.952670160000000044e-02 -2.811798849999999975e-02 2.041703710000000033e-02 3.275402129999999828e-02
2.491363399999999899e+02 7.385348899999999439e-02 -9.563531990000000496e-03 5.363311459999999670e-02 -1.245415740000000056e-02 1.961163839999999908e-02 5.964405539999999978e-02
2.518293710000000090e+02 7.381927570000000605e-02 3.530716970000000177e-03 5.847268180000000232e-02 7.876955269999999509e-03 3.471450660000000021e-02 3.938080129999999707e-02
2.545339179999999999e+02 7.172108909999999615e-02 7.981734440000000722e-03 6.075856429999999808e-02 -5.189712289999999680e-04 -8.677671780000000001e-03 4.025127059999999979e-02
2.572256370000000061e+02 7.367488190000000270e-02 1.657171330000000017e-03 5.004339569999999987e-02 -1.044270129999999921e-02 -3.640367969999999849e-03 5.036622219999999789e-02
2.599237620000000106e+02 6.969862450000000043e-02 -6.197857549999999729e-03 4.163412379999999885e-02 -2.538540790000000033e-02 2.922741159999999935e-02 4.089314890000000230e-02
2.626111530000000016e+02 7.938456839999999404e-02 -1.641226960000000037e-03 3.106071120000000046e-02 -1.513847200000000004e-02 1.029005359999999973e-02 5.082018669999999877e-02
2.653037620000000061e+02 7.734855290000000605e-02 -1.201969079999999895e-03 8.665955059999999252e-03 -7.600235430000000514e-02 3.366233989999999759e-02 1.400581920000000015e-02
2.680018900000000031e+02 8.129426239999999748e-02 1.589735049999999907e-03 -1.268067879999999932e-02 -2.648423730000000129e-02 -1.689122529999999983e-02 -1.395984769999999986e-02
