# a=0.06073892460446018, b=-147.40370095005306, c=-0.0004936028982386362, xi=8.386206993236955
6.813218810000000181e-01 6.786564280000000060e-02 8.021823739999999620e-03 6.499874249999999798e-02 2.607657669999999955e-02 3.952355099999999705e-02 4.456255530000000076e-02
3.385476929999999829e+00 6.167322270000000217e-02 1.538046910000000038e-02 6.146266899999999755e-02 9.238928599999999755e-03 -4.163092339999999744e-05 4.185602499999999809e-02
6.076382249999999985e+00 5.927628280000000333e-02 9.298990999999999507e-03 6.061993589999999793e-02 1.529611600000000023e-02 6.449881230000000139e-03 4.427474490000000290e-02
8.780040209999999234e+00 6.745411810000000175e-02 5.651373950000000007e-03 4.346494149999999973e-02 -3.565819200000000088e-03 6.819315910000000105e-04 4.517197120000000093e-02
1.149440740000000005e+01 7.653973999999999500e-02 6.473471419999999796e-03 3.378784640000000172e-02 1.456492919999999996e-02 1.421839979999999989e-02 3.121064640000000001e-02
1.419821830000000062e+01 7.458216569999999435e-02 -2.927704650000000162e-04 2.284952679999999875e-02 -6.682799690000000396e-03 -1.048176730000000001e-02 -1.639810259999999881e-02
1.690721369999999979e+01 7.483346459999999645e-02 -1.864229939999999947e-03 7.534433119999999623e-03 -5.490160150000000273e-03 -3.753466840000000120e-03 -1.983638969999999835e-02
1.960256989999999888e+01 7.376950910000000527e-02 5.860006369999999892e-04 -9.538155549999999955e-03 -7.268345829999999994e-03 -8.585710260000000565e-03 2.063678000000000040e-02
2.230743869999999873e+01 7.582820240000000267e-02 7.896590139999999647e-03 -1.736198450000000018e-02 -1.364028509999999986e-02 6.283495650000000057e-03 -1.296755829999999936e-02
2.499503239999999948e+01 7.931743369999999516e-02 1.743574900000000039e-02 -2.612315479999999940e-02 -4.741656119999999863e-03 2.722605650000000169e-02 4.407739419999999984e-03
2.770289490000000043e+01 6.580264880000000205e-02 1.157578660000000044e-02 -4.245664799999999961e-02 1.359280189999999928e-03 2.053814140000000121e-02 2.998631629999999951e-03
3.039586050000000128e+01 7.253073020000000426e-02 9.896061490000000044e-03 -5.535657110000000158e-02 -3.846944360000000007e-03 1.442655940000000039e-02 1.745756409999999967e-02
3.308763710000000202e+01 6.669240449999999654e-02 9.538044670000000655e-03 -5.885893999999999848e-02 -1.698499909999999849e-02 -3.074342400000000010e-03 6.020634759999999967e-03
3.580115270000000294e+01 7.090253959999999467e-02 -2.404106410000000135e-03 -5.394172550000000260e-02 3.394664249999999883e-02 -5.808877599999999822e-03 -5.921463620000000198e-03
3.850253550000000047e+01 6.880277899999999447e-02 5.194324230000000112e-03 -4.783024339999999985e-02 1.179927870000000052e-02 4.176170679999999941e-02 -1.597200260000000011e-02
4.120414180000000215e+01 6.478552519999999926e-02 2.745444090000000170e-03 -5.120101390000000169e-02 3.134581460000000069e-02 2.834670029999999952e-02 4.209586369999999966e-02
4.391859649999999959e+01 7.001204499999999498e-02 -5.917643760000000235e-05 -4.851192569999999982e-02 1.936313110000000004e-02 5.440554709999999988e-02 3.409796550000000065e-03
4.661912459999999925e+01 6.861408260000000092e-02 5.339670739999999999e-03 -4.891138989999999770e-02 -3.943908389999999618e-03 3.475029069999999859e-02 -4.230997160000000284e-02
4.931443399999999855e+01 7.859686709999999521e-02 6.649127839999999581e-03 -4.829897980000000257e-02 3.418119850000000265e-02 3.990186350000000243e-02 -5.608093100000000227e-03
5.200038870000000202e+01 7.163447370000000647e-02 7.520333350000000042e-03 -3.989328369999999707e-02 -2.977467300000000150e-02 -3.038823350000000034e-02 5.650293140000000117e-03
5.471079490000000334e+01 6.261969000000000563e-02 2.282459990000000084e-03 -4.359689939999999986e-02 2.654546110000000070e-02 2.337228950000000069e-02 -7.187676060000000589e-02
5.739850580000000235e+01 5.829190830000000045e-02 -8.900386879999999667e-04 -4.894778469999999659e-02 6.598622269999999523e-04 -1.335095269999999994e-02 -6.489581299999999664e-02
6.009708710000000309e+01 5.687059140000000346e-02 -7.313784809999999623e-03 -5.449614409999999770e-02 1.318604739999999949e-02 -2.165455360000000107e-02 -1.282904309999999921e-03
6.279508080000000092e+01 5.119334100000000332e-02 -4.322431619999999967e-03 -6.107046700000000328e-02 1.273248649999999919e-02 4.099933730000000082e-02 -3.321521790000000335e-02
6.549184019999999862e+01 4.286748609999999765e-02 -5.039226229999999897e-03 -6.699067340000000592e-02 1.636026220000000048e-03 -5.935371059999999810e-03 -5.641104670000000008e-03
6.819183239999999557e+01 4.956917240000000002e-02 -1.464801140000000085e-02 -7.312870139999999575e-02 2.442773860000000113e-03 -1.066548070000000042e-02 -1.205840629999999948e-02
7.088882150000000593e+01 5.122583680000000056e-02 -1.285391879999999917e-02 -6.889221909999999893e-02 5.278398630000000202e-03 -3.106986559999999967e-02 8.584130350000000048e-03
7.359666989999999487e+01 4.980059669999999800e-02 -9.001649290000000164e-03 -6.655340549999999578e-02 1.496415109999999979e-02 -3.689466400000000063e-02 -9.330129300000000042e-03
7.630077930000000208e+01 5.442119980000000024e-02 -5.584712080000000037e-03 -6.325375060000000549e-02 1.876623189999999941e-02 7.549352670000000418e-03 -3.285339190000000076e-02
7.900714490000000012e+01 5.638705880000000059e-02 4.051173299999999731e-05 -6.353892090000000381e-02 1.488092620000000012e-02 -4.961748880000000153e-03 -2.989070879999999875e-02
8.170855899999999394e+01 3.556145279999999714e-02 -6.884832559999999949e-03 -6.547370700000000598e-02 2.821588709999999986e-02 2.193232440000000144e-02 2.611720249999999969e-03
8.440736359999999650e+01 4.116114779999999890e-02 3.449316280000000196e-03 -7.658752550000000325e-02 3.186297550000000145e-02 2.195426700000000127e-03 4.880082520000000174e-02
8.711217299999999852e+01 4.359689030000000326e-02 3.007789559999999793e-03 -6.856742359999999648e-02 2.011787719999999849e-02 7.825533549999999505e-03 4.843693150000000225e-02
8.983107610000000420e+01 4.028096569999999738e-02 2.684101899999999808e-03 -6.741461079999999662e-02 2.325377699999999978e-02 3.418574480000000082e-02 -3.786887379999999848e-03
9.253223079999999356e+01 4.857566559999999811e-02 8.593351379999999290e-03 -6.288471010000000472e-02 6.784447019999999794e-03 2.958714120000000003e-02 -1.443577180000000029e-02
9.524033079999999529e+01 5.043650470000000247e-02 4.534800060000000049e-03 -6.088689270000000042e-02 2.210349940000000055e-02 7.714153960000000136e-03 -8.180206859999999969e-02
9.795019329999999513e+01 6.698583930000000242e-02 9.186777559999999634e-03 -5.382279789999999675e-02 4.110148799999999852e-02 -9.440076900000000243e-03 -2.461632299999999898e-02
1.006500390000000067e+02 6.164696499999999801e-02 4.598927830000000203e-03 -4.642333430000000066e-02 2.704795269999999904e-02 3.127598300000000026e-02 3.073993410000000134e-02
1.033618819999999943e+02 5.935459270000000009e-02 1.757769030000000052e-03 -4.628232840000000292e-02 1.356381679999999921e-03 1.460938950000000014e-02 -1.846478290000000064e-02
1.060608820000000065e+02 5.312804129999999792e-02 1.031615409999999929e-03 -4.640377209999999725e-02 -2.549755969999999844e-02 3.484317809999999682e-02 -2.504854979999999922e-03
1.087555700000000058e+02 5.504063189999999772e-02 -1.258993860000000113e-04 -4.894649460000000118e-02 -2.482572599999999935e-02 1.970325720000000100e-02 -3.760226519999999850e-02
1.114494760000000042e+02 6.583876019999999885e-02 -8.776415800000000357e-04 -4.685445059999999995e-02 -3.808630639999999873e-02 -3.144185730000000067e-02 3.865441239999999751e-02
1.141516639999999967e+02 7.024260799999999805e-02 -8.273456020000000133e-03 -4.989072049999999925e-02 1.629876359999999844e-02 -3.100505389999999931e-02 -2.101754839999999888e-02
1.168473039999999941e+02 5.941787820000000303e-02 -1.932299089999999983e-02 -5.692058800000000113e-02 -7.781399579999999892e-03 -7.883699769999999440e-02 2.145809889999999998e-02
1.195503199999999993e+02 5.393370640000000327e-02 -1.444495189999999915e-02 -5.520218140000000134e-02 -7.869627849999999989e-04 -4.099383589999999744e-02 1.576460879999999967e-02
1.222432419999999951e+02 4.314464560000000337e-02 -9.644178039999999619e-03 -5.705243430000000310e-02 -1.059937099999999979e-02 -3.698796039999999868e-02 1.582196610000000114e-02
1.249478510000000000e+02 4.685567649999999862e-02 -5.085610929999999710e-03 -6.473931039999999970e-02 9.316271879999999186e-03 -1.886456369999999980e-02 -1.406773970000000078e-03
1.276397889999999933e+02 5.364094999999999974e-02 -2.447523730000000178e-03 -6.865194519999999467e-02 9.581495080000000317e-03 1.109911050000000031e-02 -1.233974300000000024e-02
1.303548360000000059e+02 5.377816269999999982e-02 7.366633529999999652e-03 -7.501929940000000296e-02 2.812106379999999850e-02 1.330815230000000071e-02 -4.647981629999999725e-02
1.330602570000000071e+02 4.434804590000000074e-02 8.266180550000000113e-03 -6.807691500000000173e-02 -1.394188960000000005e-02 1.009623800000000043e-02 1.526415400000000026e-02
1.357546790000000101e+02 5.739541900000000307e-02 6.805341630000000426e-03 -5.821316120000000205e-02 1.255361120000000018e-02 5.653519989999999593e-03 3.789505399999999746e-02
1.384415390000000059e+02 7.232802200000000570e-02 5.229940590000000007e-03 -4.769567610000000069e-02 -2.526855399999999863e-02 6.627369479999999959e-03 -1.743365330000000088e-02
1.411443820000000073e+02 7.565235989999999355e-02 -5.306867290000000410e-03 -3.772937400000000302e-02 -1.435985300000000055e-02 2.320420089999999935e-02 -1.517328889999999993e-02
1.438428360000000055e+02 7.812422289999999825e-02 -2.045546730000000202e-03 -3.454534070000000318e-02 2.796497670000000144e-03 3.301501700000000002e-04 -7.156383780000000194e-02
1.465321950000000015e+02 7.521018549999999858e-02 -7.331366659999999716e-03 4.992449119999999886e-03 4.959028570000000198e-03 -5.143106039999999907e-02 8.797934170000000498e-03
1.492364450000000033e+02 8.169150199999999917e-02 -1.035353009999999928e-02 2.103161320000000029e-02 -9.795698860000000285e-03 -3.977770640000000309e-03 -2.263843260000000107e-02
1.519245070000000055e+02 7.700749349999999604e-02 -3.791281549999999832e-04 2.713660790000000170e-02 9.961958979999999478e-03 7.598891239999999887e-03 1.479373540000000070e-02
1.546163980000000038e+02 7.318131640000000160e-02 -1.548515149999999925e-03 3.389630309999999702e-02 -2.862336080000000074e-02 -3.134940780000000041e-03 2.748715859999999872e-02
1.573157569999999907e+02 6.884221499999999827e-02 1.156437809999999976e-03 4.633597939999999776e-02 -4.253101559999999948e-03 2.111584509999999814e-03 2.453945040000000185e-03
1.600094449999999995e+02 7.480574959999999884e-02 -2.207005210000000193e-03 4.705241649999999942e-02 -3.158349220000000040e-02 3.269726459999999779e-02 1.452075469999999924e-02
1.627184919999999977e+02 7.067203880000000327e-02 -5.655443260000000277e-03 5.070036630000000072e-02 -3.504956759999999782e-02 -7.366421260000000429e-03 3.430453099999999922e-02
1.654145860000000141e+02 6.695710309999999832e-02 1.458946090000000102e-03 5.505882029999999844e-02 -1.455157240000000060e-02 -7.307273300000000082e-03 -1.349884559999999997e-02
1.681103669999999966e+02 6.449994030000000267e-02 -3.785069179999999995e-03 6.051774120000000257e-02 4.784920129999999799e-02 -1.083604680000000049e-02 -5.334908409999999934e-02
1.708125540000000058e+02 6.375015439999999478e-02 -2.266452759999999962e-03 5.830837939999999886e-02 9.718573260000000144e-03 -6.031806950000000341e-03 -9.922549719999999851e-02
1.735139760000000138e+02 6.034749130000000017e-02 2.432094259999999925e-03 5.820158439999999905e-02 4.078551740000000217e-03 2.386519310000000203e-03 -7.824672350000000387e-02
1.762108819999999980e+02 5.682374130000000106e-02 -3.110548969999999899e-03 5.962515189999999937e-02 -4.651166679999999866e-03 8.610832339999999197e-03 -4.967221170000000324e-02
1.789173199999999895e+02 4.953695080000000001e-02 3.458942930000000193e-03 5.906772300000000253e-02 -4.089764390000000249e-02 -3.592945029999999873e-02 -6.849255910000000107e-03
1.816053980000000081e+02 4.271283029999999731e-02 -3.581302389999999926e-03 6.910114300000000376e-02 1.759871370000000088e-02 -5.229496699999999776e-02 2.085505220000000159e-02
1.842976480000000095e+02 5.020308200000000304e-02 5.776282490000000415e-04 6.502864460000000457e-02 1.573815359999999886e-02 3.568265909999999985e-03 6.102192530000000170e-02
1.870036790000000053e+02 4.917085360000000155e-02 -1.660007700000000041e-03 5.256194959999999777e-02 -8.616163079999999280e-03 5.075193579999999829e-04 2.759599930000000007e-02
1.897110539999999901e+02 4.294472500000000303e-02 -8.223472390000000076e-03 5.942207220000000206e-02 -2.587106880000000081e-02 -1.415679300000000085e-02 -2.805575050000000056e-03
1.924155700000000024e+02 4.295442619999999961e-02 -7.288401649999999912e-03 6.832837170000000127e-02 -6.246600110000000150e-03 -1.164791960000000071e-02 -2.849570980000000128e-02
1.951216009999999983e+02 2.917585660000000108e-02 -2.482853909999999976e-03 7.018892270000000322e-02 1.990060430000000109e-03 7.583030470000000009e-03 1.890733589999999938e-03
1.978211949999999888e+02 3.901727680000000031e-02 6.930806650000000298e-03 6.503438509999999451e-02 -1.663879639999999924e-02 1.066518059999999914e-02 2.447969389999999842e-02
2.005299760000000049e+02 4.672694570000000130e-02 8.297468009999999644e-03 5.757744100000000004e-02 -2.957967689999999993e-03 1.466736530000000045e-02 1.907972930000000067e-02
2.032280700000000024e+02 5.093833229999999990e-02 9.197162800000000318e-03 6.084052670000000135e-02 6.348100379999999966e-03 -8.521422620000000247e-05 -8.362883320000000231e-03
2.059214609999999936e+02 5.286782500000000024e-02 9.903464340000000220e-04 5.282762690000000066e-02 -3.208589779999999891e-03 5.280391079999999931e-02 -4.250638890000000072e-03
2.086177729999999997e+02 4.977657240000000344e-02 5.088184350000000028e-05 5.195536170000000092e-02 -4.170793370000000153e-03 3.191793080000000088e-02 -1.820241300000000105e-03
2.113247570000000053e+02 5.198365960000000258e-02 9.545568669999999643e-04 5.689503390000000271e-02 -5.117923340000000293e-02 6.461275390000000007e-02 1.550887549999999983e-02
2.140233039999999960e+02 5.389473919999999973e-02 3.473025219999999798e-03 6.807756310000000199e-02 5.195919250000000100e-02 6.103936279999999659e-02 2.025822520000000043e-02
2.167314450000000079e+02 5.298590639999999768e-02 7.989251949999999838e-03 5.870215119999999676e-02 2.919401959999999921e-02 5.566548019999999902e-02 2.515388260000000001e-02
2.194430389999999989e+02 5.742936609999999692e-02 6.831364329999999908e-03 5.192849780000000082e-02 2.358051049999999871e-02 2.285619360000000141e-02 1.337147449999999925e-02
2.221440069999999878e+02 6.423929389999999406e-02 3.222407330000000032e-03 4.730305209999999955e-02 -4.758067309999999828e-02 -1.446864680000000021e-02 6.976258820000000131e-03
2.248461639999999875e+02 6.491677090000000372e-02 -4.400359720000000113e-03 5.324785729999999967e-02 -1.501810710000000063e-02 1.703748310000000044e-02 -2.476121039999999805e-03
2.275369139999999959e+02 7.037442489999999606e-02 -1.236155400000000029e-02 5.211966170000000009e-02 -4.343371780000000043e-02 2.172281770000000084e-02 -1.699884210000000145e-02
2.302290859999999952e+02 6.050499720000000053e-02 -1.103639669999999934e-02 5.662688130000000097e-02 9.942770709999999845e-03 2.268730669999999977e-02 -1.174060929999999961e-02
2.329318199999999877e+02 6.557558709999999902e-02 7.533275830000000142e-06 5.783007989999999765e-02 -5.308381079999999891e-02 1.838842330000000150e-02 -1.713164580000000117e-02
2.356278039999999976e+02 6.162795890000000165e-02 8.310460670000000341e-03 5.734049010000000224e-02 1.318721469999999986e-02 7.934258890000000369e-03 5.851557000000000286e-03
2.383343820000000051e+02 6.264993269999999392e-02 5.077449379999999721e-03 5.654365590000000330e-02 -1.582084630000000006e-02 2.222272380000000006e-02 -4.576107260000000093e-02
2.410365539999999953e+02 5.497046159999999931e-02 -5.646476199999999517e-04 6.551608509999999608e-02 -1.451760529999999993e-02 3.042476090000000022e-02 -4.716501480000000190e-02
2.437418040000000019e+02 6.261654880000000478e-02 2.037352750000000125e-03 6.086694250000000000e-02 -3.559439710000000118e-02 2.088489929999999897e-02 -1.485205220000000020e-02
2.464393200000000093e+02 6.433011750000000584e-02 -4.946073779999999968e-04 5.407361179999999740e-02 7.245185099999999941e-03 -6.226572900000000403e-03 9.552596159999999365e-03
2.491421640000000082e+02 5.709913280000000063e-02 5.027566449999999743e-03 5.714304039999999751e-02 6.888207399999999626e-03 -1.391331089999999979e-02 2.251099289999999864e-02
2.518457109999999943e+02 5.320330460000000095e-02 3.272244450000000044e-03 6.040625189999999922e-02 -7.438523580000000121e-03 1.228457340000000016e-02 -6.482219610000000166e-03
2.545410699999999906e+02 4.287203359999999797e-02 9.460221439999999538e-03 6.214960840000000042e-02 3.059436880000000053e-02 -2.480991829999999818e-03 2.017010249999999852e-02
2.572353509999999801e+02 4.281113079999999960e-02 9.104665370000000757e-03 6.153709360000000211e-02 1.661746210000000085e-02 -1.592978569999999993e-03 -1.883967230000000012e-03
2.599463509999999928e+02 4.315311430000000337e-02 6.233906929999999749e-03 6.232541379999999992e-02 -4.467909099999999717e-02 1.123963069999999939e-02 2.987538390000000002e-02
2.626453819999999837e+02 5.202208879999999785e-02 -1.718963920000000012e-03 7.202457210000000332e-02 1.053003209999999953e-02 -7.495128759999999989e-04 6.237284559999999728e-02
2.653623979999999847e+02 6.175373650000000325e-02 3.177538980000000138e-03 6.551623560000000013e-02 6.610271420000000085e-03 1.004899419999999953e-02 1.122081229999999982e-03
2.680640329999999949e+02 5.692290669999999775e-02 1.195137899999999982e-02 7.019225020000000037e-02 -2.038240299999999859e-03 9.526247130000000188e-03 2.666270579999999862e-02
