# a=0.06428955411126439, b=-137.25675502628727, c=-0.001382104482994612, xi=11.98298710760435
6.874546959999999762e-01 6.197777620000000098e-02 4.211217449999999675e-03 5.714492389999999838e-02 -2.668435859999999937e-02 -7.214991230000000408e-03 1.032074349999999915e-03
3.384474070000000001e+00 6.320710799999999796e-02 5.716224699999999589e-03 6.089318469999999844e-02 2.318042159999999987e-03 -3.489635499999999696e-02 -2.437600230000000132e-02
6.105280950000000040e+00 6.117760700000000190e-02 7.430582110000000240e-04 5.861998799999999787e-02 2.676204620000000034e-02 -3.923064130000000066e-02 1.597212879999999890e-02
8.797869229999999874e+00 7.489001720000000584e-02 6.889581090000000164e-03 5.484616949999999991e-02 1.986576859999999913e-03 -3.149064409999999953e-02 3.183781840000000224e-02
1.151642110000000052e+01 6.862556679999999576e-02 5.250989739999999822e-03 5.385614860000000059e-02 1.920003190000000096e-02 -1.063935870000000047e-02 -2.766526190000000163e-02
1.420352420000000038e+01 7.063466000000000189e-02 1.001718560000000070e-02 4.600777920000000132e-02 -6.542793710000000505e-04 2.591781489999999896e-02 6.144713859999999944e-02
1.690688360000000046e+01 7.805932420000000205e-02 9.822873180000000343e-03 2.982998369999999982e-02 1.912989390000000012e-02 2.154876530000000151e-02 -1.682690359999999830e-02
1.960152890000000170e+01 8.340597909999999948e-02 1.482745419999999953e-02 2.189971179999999906e-02 -1.611020139999999948e-02 -1.749585619999999980e-02 2.687737139999999813e-03
2.228746960000000144e+01 8.032265360000000187e-02 4.415678010000000098e-03 -3.410761940000000148e-03 -3.980738400000000121e-02 -4.675243779999999766e-02 -3.676016440000000329e-02
2.498676329999999979e+01 7.733091520000000274e-02 8.041040830000000320e-03 -1.694485459999999985e-02 1.556087480000000085e-03 -1.296434389999999957e-02 -6.966513290000000275e-03
2.768361489999999847e+01 6.884630449999999680e-02 5.906814909999999648e-03 -4.271186600000000111e-02 -1.379766210000000007e-02 -6.043331059999999810e-02 -5.311958289999999666e-02
3.038397580000000175e+01 5.714668490000000128e-02 1.542073489999999918e-03 -6.087538370000000060e-02 -7.322426790000000248e-03 -3.861712820000000324e-02 -4.424783010000000322e-02
3.308570079999999791e+01 5.025744719999999943e-02 6.988909689999999592e-03 -6.078273470000000039e-02 7.917456499999999536e-03 2.339452829999999831e-02 -4.232589230000000091e-02
3.577559610000000134e+01 6.124952830000000153e-02 -4.406948620000000066e-03 -6.466612169999999549e-02 -1.028291029999999981e-02 5.421672080000000324e-03 -8.335431910000000444e-02
3.847858049999999963e+01 6.417863540000000311e-02 -5.593548719999999995e-03 -6.217395939999999926e-02 1.938378550000000033e-02 1.007981900000000028e-02 -1.757404759999999996e-02
4.118503050000000343e+01 6.667706909999999987e-02 -1.000939569999999973e-02 -6.151387700000000153e-02 2.203786029999999993e-02 -1.343306489999999964e-02 -3.504426959999999702e-02
4.388427740000000199e+01 6.184788790000000230e-02 -9.497671359999999494e-03 -6.037268149999999722e-02 -3.857384629999999898e-02 2.186205670000000018e-02 1.134479730000000075e-02
4.659918360000000348e+01 5.867587650000000155e-02 -1.197911439999999918e-02 -6.857716819999999658e-02 -1.313436949999999964e-02 4.691472149999999924e-02 -4.190882020000000208e-02
4.928839299999999923e+01 6.113118580000000135e-02 -1.365721620000000074e-02 -6.555336740000000662e-02 -2.427432350000000016e-02 -5.464616949999999938e-03 -2.011653370000000135e-02
5.198651329999999859e+01 6.142296950000000061e-02 -1.029575400000000071e-02 -6.573707560000000005e-02 -2.622897019999999996e-02 -5.636313750000000039e-03 -7.645203080000000095e-02
5.468495699999999715e+01 5.446924639999999734e-02 -6.142194319999999715e-03 -5.049013160000000167e-02 -2.943902509999999847e-02 4.419157859999999979e-03 -2.202442329999999837e-02
5.739021329999999921e+01 5.877490769999999670e-02 -4.146900920000000140e-04 -6.430763550000000162e-02 -1.428664550000000033e-02 9.514799640000000044e-03 -8.106818629999999748e-02
6.008523989999999770e+01 6.075563330000000040e-02 9.263991089999999706e-03 -6.892260399999999843e-02 -2.460781899999999953e-02 -3.280946340000000239e-02 -5.869042580000000120e-02
6.278198669999999737e+01 5.593423399999999934e-02 5.048177570000000371e-03 -5.543778919999999694e-02 1.151585280000000031e-02 2.211045320000000133e-02 -1.327931740000000069e-02
6.547401019999999505e+01 5.313746679999999806e-02 1.747485160000000022e-03 -5.994946970000000069e-02 -1.771322339999999856e-02 2.708074679999999956e-02 1.356759930000000017e-02
6.818492580000000203e+01 4.492768190000000217e-02 6.644347390000000277e-03 -5.502212549999999786e-02 5.487867769999999965e-03 2.114225460000000029e-02 -3.411295550000000010e-02
7.087913519999999323e+01 4.766209159999999778e-02 1.151176649999999940e-02 -6.464603169999999510e-02 -1.153092629999999917e-02 -2.576822670000000065e-02 -8.375869399999999465e-02
7.357566169999999772e+01 5.560417360000000087e-02 1.157791019999999949e-02 -6.120227539999999883e-02 -8.750815710000000094e-03 1.796521239999999964e-02 -8.740723599999999927e-02
7.627422740000000090e+01 5.686811349999999765e-02 1.554261860000000044e-02 -5.407613790000000142e-02 -2.530107509999999886e-03 -7.630462099999999782e-03 -7.547246589999999887e-03
7.896222740000000329e+01 6.336381450000000415e-02 7.943425739999999263e-03 -5.698937810000000159e-02 -1.888999900000000107e-02 4.091731090000000001e-03 3.437748110000000013e-03
8.167277579999999659e+01 6.046755880000000138e-02 3.230313240000000190e-03 -5.606002949999999707e-02 -1.886790429999999838e-02 -2.883322899999999842e-02 -8.591932899999999915e-03
8.436459920000000068e+01 5.592034650000000245e-02 -9.203670219999999450e-05 -5.386671350000000330e-02 -1.375777350000000065e-02 1.444500869999999944e-02 -4.687954400000000216e-02
8.707873050000000603e+01 4.903996850000000296e-02 1.107611029999999979e-03 -6.444112470000000481e-02 4.857740859999999964e-04 2.410250209999999921e-02 -8.526075769999999499e-02
8.977818670000000623e+01 4.769139809999999730e-02 1.483802810000000010e-03 -6.776920749999999771e-02 1.150918840000000019e-02 4.459798509999999758e-03 -9.282624920000000224e-02
9.247913520000000176e+01 5.861231439999999709e-02 -1.363875380000000069e-03 -7.133255430000000341e-02 -2.418209210000000012e-02 2.462499289999999993e-02 -5.655884449999999675e-02
9.517463200000000256e+01 4.680247710000000338e-02 -5.043778730000000182e-03 -7.493628979999999995e-02 8.333486359999999621e-03 -8.644008340000000059e-04 -9.186488040000000133e-02
9.788020699999999863e+01 4.613577139999999743e-02 -1.876523279999999915e-03 -7.591976559999999430e-02 1.829331399999999932e-03 -2.832847989999999830e-02 -4.192154900000000239e-02
1.005776149999999944e+02 3.556020649999999672e-02 -2.381396449999999970e-03 -8.267333859999999313e-02 2.040125079999999952e-03 9.700995670000000376e-03 -7.859402050000000028e-02
1.032701150000000041e+02 3.424390389999999729e-02 -2.829890300000000264e-04 -7.620376759999999972e-02 -4.723115019999999872e-03 -2.310745410000000083e-02 -2.976766159999999842e-02
1.059746300000000048e+02 4.476618720000000162e-02 3.536548940000000182e-03 -7.439755100000000620e-02 9.323596579999999384e-03 -1.361757639999999943e-02 -3.460647719999999927e-02
1.086835520000000059e+02 5.631164169999999802e-02 3.970902259999999941e-03 -6.802062679999999750e-02 1.683096400000000034e-02 -1.273630090000000062e-03 -5.098507659999999830e-02
1.113953340000000054e+02 5.773370559999999735e-02 2.137671189999999950e-03 -7.087228119999999798e-02 1.488830120000000055e-02 -3.055326170000000063e-02 -7.737700740000000299e-02
1.140965049999999934e+02 6.111233499999999680e-02 -1.208610890000000066e-03 -6.472240320000000047e-02 1.553766600000000032e-02 7.923405269999999473e-03 -3.924929480000000082e-02
1.168002550000000070e+02 6.597588449999999827e-02 -2.899042880000000065e-03 -5.995278090000000226e-02 3.289020830000000117e-02 -3.474685290000000069e-03 1.588247240000000005e-02
1.195049900000000065e+02 6.408664140000000509e-02 -7.231032269999999873e-03 -5.595211239999999669e-02 1.522367059999999925e-02 -1.327729000000000062e-02 2.202169620000000039e-03
1.222085370000000069e+02 6.444346160000000157e-02 -1.751977189999999939e-03 -5.370567910000000056e-02 -6.161104490000000357e-03 4.293650839999999663e-03 2.983831849999999796e-03
1.249108489999999989e+02 6.942244459999999395e-02 -1.230966480000000038e-03 -3.760716370000000142e-02 -7.594017829999999934e-03 -3.123831529999999967e-02 -8.805120420000000104e-04
1.276080989999999957e+02 7.785352469999999581e-02 -8.781225290000000067e-04 -4.245376520000000015e-02 -7.036363769999999865e-03 5.802247739999999605e-03 -6.657883059999999964e-02
1.303010519999999985e+02 8.384948400000000190e-02 -2.242553030000000091e-04 -2.462330739999999893e-02 -3.904672509999999874e-02 -1.994026169999999973e-02 -1.308665720000000074e-02
1.330055839999999989e+02 7.363415530000000375e-02 -7.159341429999999638e-03 -3.043899170000000098e-02 4.139189369999999972e-03 -2.154667919999999834e-02 -7.236026249999999438e-02
1.356965840000000014e+02 7.285087369999999896e-02 -1.140851829999999997e-02 -1.706435519999999900e-02 -1.104576030000000049e-02 -3.408048469999999663e-02 1.231844990000000029e-02
1.383938180000000102e+02 7.042341280000000148e-02 -2.375708229999999935e-02 -2.636321090000000138e-03 -2.571043870000000106e-02 -3.802555789999999963e-02 -5.664779159999999703e-02
1.410847400000000107e+02 6.543864970000000392e-02 -1.841968329999999973e-02 2.207558999999999910e-02 -1.086332190000000031e-02 5.836008220000000156e-03 2.988743639999999827e-02
1.437779119999999864e+02 6.735217279999999862e-02 -2.597497420000000057e-02 2.693283100000000083e-02 -2.193023969999999961e-02 5.693299819999999949e-03 3.308505049999999753e-02
1.464745990000000120e+02 6.776808689999999635e-02 -2.226743639999999996e-02 3.998450419999999977e-02 2.570117740000000053e-02 -2.640323879999999929e-03 3.347095609999999749e-02
1.491785209999999893e+02 7.357924529999999852e-02 -1.640240150000000022e-02 5.358101609999999654e-02 -1.795781390000000116e-02 -2.092102519999999855e-03 2.606002600000000002e-02
1.518770049999999969e+02 6.872992660000000475e-02 -1.399305910000000000e-02 6.032730990000000071e-02 -1.627860050000000045e-02 -1.177768570000000022e-02 -8.699948620000000441e-04
1.545881459999999947e+02 6.345399570000000156e-02 -1.429664850000000008e-02 5.784966980000000314e-02 -2.655137369999999858e-02 1.996844420000000106e-02 -2.949319580000000010e-02
1.572799899999999980e+02 6.443873860000000342e-02 -1.221701470000000067e-02 5.893412950000000150e-02 -1.924346180000000017e-02 4.098640630000000007e-02 1.892947570000000010e-02
1.599822550000000092e+02 5.801767160000000090e-02 -5.929958219999999919e-03 6.351522519999999727e-02 -6.789696879999999879e-02 2.673939690000000022e-02 -1.822282000000000068e-02
1.626790839999999889e+02 5.711373100000000091e-02 -1.756350260000000101e-03 6.634069780000000083e-02 -1.854587090000000063e-02 -2.306296539999999964e-02 -1.311564919999999926e-02
1.653867239999999867e+02 5.959756389999999737e-02 -5.099487090000000278e-03 6.805709429999999560e-02 -1.979927760000000161e-02 -5.440945299999999651e-03 -2.194733290000000156e-02
1.680872090000000014e+02 6.587376540000000613e-02 2.482970919999999936e-03 6.533630399999999783e-02 -1.031000160000000027e-02 2.157813509999999962e-02 1.356187990000000052e-02
1.707900989999999979e+02 5.767497939999999962e-02 2.559446639999999988e-03 6.061206539999999809e-02 2.280139360000000073e-02 -5.022930000000000103e-03 5.925706210000000231e-03
1.735053489999999954e+02 6.038902410000000082e-02 -3.292343550000000063e-03 6.079439829999999656e-02 5.599357820000000312e-03 5.607786819999999867e-02 -6.075024229999999997e-03
1.762220370000000003e+02 6.164056169999999890e-02 -2.623262739999999982e-03 6.354469159999999450e-02 2.485709529999999734e-04 3.630206119999999925e-02 -3.694711690000000021e-02
1.789284739999999942e+02 6.024449209999999805e-02 3.536378270000000183e-04 6.389205480000000048e-02 -4.326010059999999685e-02 9.842225709999999350e-03 -1.040251990000000057e-02
1.816357089999999914e+02 5.836484100000000064e-02 1.675116379999999931e-03 6.484121789999999774e-02 -3.077868240000000005e-02 -1.799840520000000124e-02 1.011126300000000054e-02
1.843283959999999979e+02 5.187886059999999994e-02 4.283231119999999711e-03 6.604088580000000430e-02 -3.328369099999999720e-02 -3.911858509999999872e-02 2.269478499999999857e-02
1.870295519999999954e+02 5.171704979999999785e-02 9.729075979999999776e-03 6.859969230000000084e-02 -2.499243740000000116e-02 -3.533485439999999728e-02 2.083150049999999906e-02
1.897358490000000018e+02 5.598031650000000192e-02 6.608565309999999901e-03 7.689350420000000408e-02 -6.264716280000000304e-02 -6.100665419999999964e-03 -1.862671100000000066e-02
1.924346930000000100e+02 5.322079489999999996e-02 6.654632229999999683e-03 7.359923979999999366e-02 -7.237875629999999949e-02 8.206143620000000069e-03 -1.332149770000000052e-02
1.951211299999999937e+02 5.524993599999999949e-02 4.830042690000000381e-03 7.324886719999999796e-02 1.173869869999999947e-02 -3.801676040000000201e-02 -2.417967710000000145e-02
1.978167550000000006e+02 5.452987150000000033e-02 1.522588189999999958e-03 6.108969720000000103e-02 1.900747179999999828e-02 -4.278694830000000227e-02 -1.409173069999999917e-02
2.005184120000000121e+02 5.482218159999999868e-02 1.658695449999999898e-03 5.446846460000000223e-02 1.268773140000000084e-02 -3.595212650000000065e-02 -2.653950730000000091e-02
2.032296619999999905e+02 6.644883919999999833e-02 1.390735709999999913e-03 5.101159970000000016e-02 -6.305003509999999867e-02 -5.238844449999999903e-02 -5.528301570000000026e-02
2.059182399999999973e+02 7.063912799999999548e-02 1.048322570000000077e-03 5.701226890000000297e-02 1.421650950000000017e-02 -8.663873949999999777e-04 -1.946273020000000020e-02
2.086312399999999911e+02 6.358096639999999411e-02 2.608672930000000001e-03 6.197750450000000244e-02 9.824589340000000268e-03 3.653601010000000204e-02 -3.443679630000000269e-02
2.113304269999999860e+02 6.541649870000000588e-02 4.497048380000000234e-03 6.130044340000000147e-02 -1.284581339999999947e-02 1.534979589999999929e-02 1.126881149999999984e-02
2.140385990000000049e+02 6.768325329999999584e-02 1.000182609999999972e-02 5.354819610000000063e-02 -4.757995350000000095e-02 8.056221159999999923e-03 5.980295160000000283e-03
2.167418340000000114e+02 7.509689290000000350e-02 1.061321580000000077e-02 5.716206339999999747e-02 7.661733060000000192e-03 -3.733040249999999838e-02 3.366400819999999794e-02
2.194346150000000080e+02 7.620390840000000610e-02 3.237551830000000123e-03 5.288867130000000222e-02 8.297273080000000522e-03 -5.775821870000000247e-02 9.450899190000000560e-02
2.221282710000000122e+02 5.983084820000000165e-02 3.510114800000000215e-03 5.633450920000000056e-02 3.630848920000000202e-02 -2.644451310000000069e-02 5.634339969999999781e-02
2.248329740000000072e+02 4.949618680000000132e-02 -2.492474240000000073e-03 5.895154779999999678e-02 2.443643280000000126e-02 1.567842720000000006e-03 6.262811209999999407e-02
2.275262869999999964e+02 5.473646800000000340e-02 -4.503628760000000404e-03 5.804228720000000064e-02 5.540371560000000029e-02 -2.110222570000000030e-03 1.242430199999999992e-02
2.302426460000000077e+02 5.630674740000000261e-02 -1.014768510000000007e-03 6.552048370000000677e-02 9.870463540000000771e-03 2.191677660000000000e-02 -6.678659289999999693e-03
2.329499739999999974e+02 5.604627520000000224e-02 1.164126529999999970e-03 6.547240360000000647e-02 -2.350634580000000168e-02 4.014184809999999867e-03 -3.575783989999999773e-02
2.356440519999999879e+02 5.429216430000000093e-02 1.065617559999999971e-03 5.983816220000000297e-02 1.010658990000000076e-02 3.634291779999999916e-02 -6.299242230000000331e-02
2.383318020000000104e+02 5.030314030000000020e-02 -4.186718649999999868e-03 5.206495719999999772e-02 -4.572505100000000267e-02 -9.153088040000000036e-03 9.376310889999999593e-03
2.410234900000000096e+02 4.741759940000000312e-02 -4.345806990000000182e-03 5.865353329999999782e-02 1.425124780000000015e-02 -2.510720179999999940e-02 4.988539240000000076e-03
2.437108650000000125e+02 5.137984909999999961e-02 -9.768625680000000283e-03 6.239378310000000261e-02 4.798566469999999626e-03 -2.101575409999999894e-02 4.319704580000000016e-02
2.464201459999999884e+02 5.677693389999999979e-02 2.504782679999999987e-03 5.637516919999999848e-02 -2.515626080000000087e-03 3.758037509999999793e-03 1.303738259999999947e-02
2.491246620000000007e+02 6.345435609999999782e-02 3.044267089999999881e-03 5.655421730000000091e-02 -4.610659279999999860e-02 4.524447489999999794e-02 -2.280533419999999922e-02
2.518331770000000063e+02 6.468382550000000009e-02 8.433189929999999543e-03 6.223434480000000074e-02 -2.580514609999999889e-02 3.355303860000000138e-02 2.806491200000000089e-02
2.545338649999999916e+02 6.463014729999999597e-02 1.040103409999999957e-02 6.185428550000000164e-02 -4.851427960000000150e-02 2.128609260000000059e-02 2.403005420000000215e-03
2.572433649999999830e+02 5.778244989999999776e-02 7.500949930000000432e-03 6.073428389999999816e-02 -7.423756759999999844e-02 -3.617712709999999776e-02 3.014225469999999921e-02
2.599376619999999889e+02 5.311786019999999858e-02 2.337259950000000058e-03 6.350767849999999770e-02 -5.508453919999999754e-02 -2.753251610000000127e-02 9.897546020000000042e-03
2.626486300000000256e+02 6.041045350000000258e-02 3.948248409999999785e-03 6.556247710000000228e-02 8.817756950000000052e-03 -1.144232690000000080e-02 8.002214129999999162e-03
2.653380520000000047e+02 6.150791380000000114e-02 9.548674550000000455e-03 6.920296730000000118e-02 -1.623210040000000118e-02 -2.400553299999999904e-02 9.616789750000000192e-02
2.680500040000000013e+02 6.484267359999999758e-02 6.514597010000000403e-03 5.855761550000000010e-02 -3.978384950000000281e-02 -3.300465379999999865e-02 6.753483809999999594e-03
