# a=0.0655701733474925, b=-129.1329494006442, c=-0.0014367685745464254, xi=10.363822100000567
6.888546260000000254e-01 7.421771209999999952e-02 -7.153300779999999942e-03 5.380657400000000284e-02 1.832940660000000055e-02 -1.155598250000000084e-02 8.233280670000000731e-03
3.382685599999999848e+00 7.443295519999999776e-02 -1.006949239999999947e-02 2.884940700000000052e-02 1.463256209999999960e-02 -3.832066509999999815e-02 3.501168429999999832e-02
6.081305140000000442e+00 7.551921529999999771e-02 -1.535749619999999920e-02 5.207596749999999705e-03 3.387838960000000288e-02 -2.397482379999999955e-02 4.191287230000000086e-02
8.773683880000000102e+00 7.437016069999999313e-02 -1.085228960000000041e-02 -3.119892139999999939e-02 2.636738170000000117e-02 1.764518459999999886e-02 2.982492369999999865e-02
1.146571179999999934e+01 7.619038089999999319e-02 -1.001400359999999982e-02 -3.583473789999999659e-02 1.349344010000000024e-02 1.028224739999999970e-02 1.058217120000000053e-02
1.416610559999999985e+01 7.675417319999999766e-02 -3.505057619999999916e-03 -4.473888539999999747e-02 -2.333525700000000161e-03 9.987682350000000667e-03 1.208161689999999976e-02
1.686657900000000154e+01 7.565297420000000050e-02 -9.403066919999999648e-03 -4.625249520000000031e-02 1.349644720000000046e-03 4.498737349999999691e-02 5.174603769999999714e-02
1.957133059999999958e+01 7.907529380000000163e-02 -4.426823189999999977e-03 -5.095428590000000008e-02 -4.929964959999999638e-04 3.837130810000000114e-02 3.442271999999999693e-02
2.227700559999999896e+01 8.074234869999999398e-02 -2.380341690000000072e-03 -5.374717560000000227e-02 2.157029510000000108e-02 7.469906850000000188e-03 -1.275572370000000073e-02
2.498456810000000061e+01 8.004821419999999521e-02 8.103057670000000240e-03 -5.494273179999999840e-02 4.027079730000000107e-02 -8.729640239999999357e-03 -1.081876529999999982e-02
2.769654149999999859e+01 7.246449909999999606e-02 2.595975969999999742e-04 -6.069452420000000237e-02 2.587392209999999845e-02 -1.061570180000000023e-02 -3.700722170000000227e-02
3.039533219999999858e+01 6.494445479999999549e-02 1.219259180000000029e-03 -6.743305160000000187e-02 -1.477979500000000009e-02 3.238112199999999830e-02 -3.811048400000000003e-02
3.309317430000000115e+01 6.139061900000000044e-02 7.643444560000000471e-04 -6.755502210000000063e-02 -1.951633259999999972e-03 6.998641479999999707e-03 -4.003827210000000109e-02
3.579882589999999709e+01 5.778788609999999798e-02 7.072300740000000193e-04 -7.157690210000000608e-02 1.485464910000000062e-02 3.620961610000000136e-02 -1.930825320000000012e-02
3.849548529999999857e+01 5.892583760000000281e-02 8.903714309999999485e-04 -7.369621169999999999e-02 2.729059810000000058e-02 1.626038340000000165e-02 -2.681608040000000096e-02
4.119697899999999890e+01 6.307159639999999901e-02 -1.403799039999999903e-03 -6.844621310000000014e-02 1.386015779999999996e-02 2.609047499999999839e-02 -4.419720089999999713e-02
4.389379929999999774e+01 6.940548289999999565e-02 -1.847351099999999932e-03 -6.454101140000000070e-02 -1.975052890000000144e-02 6.415685550000000369e-03 -1.822755679999999920e-02
4.658287750000000216e+01 6.748836860000000104e-02 9.100423859999999879e-04 -6.588433180000000111e-02 8.663641589999999948e-03 -1.908761239999999873e-02 -1.002326069999999979e-02
4.928341809999999867e+01 6.120532160000000110e-02 -1.518150279999999977e-03 -6.705711570000000288e-02 1.385737100000000027e-02 -2.947344829999999985e-02 -1.350196610000000026e-02
5.197893530000000339e+01 5.233155610000000263e-02 -4.265634199999999987e-03 -6.211085870000000037e-02 2.619307699999999864e-02 -2.856842119999999929e-02 4.386180469999999797e-03
5.467468999999999824e+01 5.835881049999999681e-02 1.155003460000000046e-03 -6.011722879999999852e-02 2.904465180000000211e-04 -4.925844890000000316e-03 2.008849730000000083e-02
5.737449469999999963e+01 6.585821960000000364e-02 1.374844220000000054e-03 -5.994771380000000344e-02 -3.793459779999999813e-03 -4.084733120000000328e-02 2.387021589999999832e-02
6.006432430000000267e+01 6.658328759999999902e-02 5.352504519999999773e-03 -6.246108789999999661e-02 -2.791516460000000033e-02 2.562802189999999983e-03 -1.376555980000000040e-02
6.276566650000000180e+01 5.996550929999999724e-02 6.376118870000000056e-03 -6.645353819999999523e-02 9.466320039999999696e-04 -1.442666740000000079e-02 -9.801557400000000808e-03
6.547190720000000397e+01 6.230335809999999752e-02 6.541828389999999709e-03 -7.005004659999999883e-02 2.613341120000000142e-02 -3.985989439999999828e-02 -1.410721100000000014e-03
6.816626030000000469e+01 6.575924850000000599e-02 8.457957409999999551e-03 -6.180810059999999884e-02 1.079854880000000010e-02 -7.426226220000000169e-03 -1.964255289999999876e-02
7.087115559999999448e+01 6.216875389999999835e-02 3.054219539999999955e-03 -5.971219910000000186e-02 -1.162333379999999985e-02 1.728295310000000154e-02 1.014449759999999992e-02
7.356784620000000530e+01 6.137036910000000234e-02 -1.366044120000000023e-03 -5.802591509999999869e-02 -1.835995769999999860e-02 -2.436972249999999791e-03 2.395435400000000062e-02
7.626720559999999693e+01 5.847410220000000269e-02 -2.491739499999999930e-03 -6.658199809999999774e-02 -1.776049359999999893e-04 -2.645263340000000071e-03 2.857667460000000090e-02
7.896573689999999601e+01 5.605442339999999746e-02 -3.759856260000000051e-03 -7.106513379999999935e-02 -2.692999739999999906e-02 1.688338500000000075e-02 4.964960069999999753e-03
8.165680249999999774e+01 5.042627739999999692e-02 -5.556654579999999698e-03 -7.624043419999999849e-02 -1.376323190000000064e-02 -1.609768149999999884e-02 -7.061291570000000246e-03
8.434729930000000309e+01 5.600742429999999716e-02 -2.675889240000000214e-03 -7.427474080000000256e-02 7.814674569999999210e-03 5.350645700000000032e-03 2.128734129999999836e-02
8.704134000000000526e+01 5.388583510000000132e-02 -6.890821099999999699e-03 -7.107455969999999790e-02 1.969581720000000008e-02 2.306717889999999882e-02 1.787146389999999876e-02
8.974293529999999919e+01 5.127698580000000089e-02 -2.615526810000000195e-03 -6.958911310000000239e-02 1.565214510000000059e-02 2.186889610000000012e-02 1.713175219999999929e-03
9.244530249999999683e+01 5.632549540000000160e-02 3.008572299999999825e-03 -7.024723870000000592e-02 1.374030340000000072e-02 3.621348249999999797e-02 -3.031032339999999853e-02
9.515700870000000577e+01 5.922957350000000037e-02 2.866272019999999924e-03 -6.646539619999999871e-02 1.177052219999999948e-02 1.755497509999999831e-02 -1.271188160000000060e-02
9.786712590000000489e+01 6.746937420000000130e-02 8.877395340000000541e-04 -6.583858480000000235e-02 9.868116789999999139e-03 7.372876429999999578e-03 -2.705344369999999887e-02
1.005729670000000056e+02 6.602602679999999835e-02 3.278847829999999818e-03 -6.014860849999999898e-02 1.386899859999999977e-02 -1.814317640000000014e-04 -1.025730069999999938e-02
1.032787170000000003e+02 6.852287229999999563e-02 -2.124536299999999888e-03 -6.693567720000000165e-02 2.896680379999999957e-02 3.481334380000000207e-03 2.724254359999999861e-02
1.059766070000000013e+02 8.024810000000000276e-02 8.705142179999999629e-04 -6.129285770000000161e-02 4.217696890000000032e-02 1.206259519999999981e-02 3.227080940000000286e-02
1.086805290000000070e+02 7.660743009999999853e-02 -1.096639830000000100e-03 -5.853344900000000128e-02 3.558391999999999805e-02 -3.800929709999999878e-02 -7.566352000000000364e-04
1.113787630000000064e+02 6.651526550000000371e-02 -1.443831349999999923e-03 -6.455447340000000644e-02 1.735697480000000098e-02 -1.297219320000000085e-02 -1.837353829999999882e-02
1.140822009999999977e+02 5.992341729999999672e-02 -7.390846389999999703e-03 -6.715957540000000447e-02 2.899391539999999871e-03 -3.256231190000000164e-02 5.018483130000000146e-03
1.167749510000000015e+02 6.517315999999999387e-02 -6.293634359999999636e-03 -6.145254609999999812e-02 4.030371519999999957e-02 -2.006098409999999832e-02 -3.587942050000000188e-02
1.194713260000000048e+02 6.380617510000000103e-02 -5.902179960000000086e-03 -4.662136010000000191e-02 5.328261220000000270e-02 4.232110750000000338e-02 2.262772760000000133e-03
1.221775920000000042e+02 7.185485710000000248e-02 -1.223091270000000071e-02 -3.147030120000000181e-02 3.955271259999999789e-02 3.090971049999999970e-02 3.608746799999999755e-02
1.248685289999999952e+02 7.861249970000000475e-02 -6.490675230000000386e-03 -2.826175020000000135e-02 5.163736010000000154e-02 3.954411189999999798e-02 -1.308725539999999916e-02
1.275592479999999966e+02 8.703869449999999952e-02 -6.303119230000000205e-03 -1.713167479999999979e-02 4.321164899999999781e-02 5.176002489999999984e-02 -4.447286970000000061e-02
1.302641069999999957e+02 8.757512200000000524e-02 -5.804317269999999815e-04 4.628110770000000017e-04 1.018992410000000085e-02 3.200291579999999664e-02 -3.077096480000000162e-02
1.329642629999999883e+02 7.885838589999999426e-02 2.742757849999999820e-03 2.842846079999999942e-02 -1.017019459999999979e-02 1.396436329999999927e-02 -4.908840810000000138e-02
1.356657010000000128e+02 7.459709300000000320e-02 2.101840780000000138e-03 3.961325859999999949e-02 -7.784378530000000268e-03 4.576456770000000146e-02 -3.078239909999999982e-02
1.383690919999999949e+02 6.411950199999999489e-02 4.657293550000000254e-03 4.440858350000000121e-02 -1.650067150000000121e-02 6.481032970000000226e-02 2.021388530000000142e-02
1.410785919999999862e+02 6.615138049999999548e-02 7.069404100000000087e-03 5.073670269999999705e-02 -1.510127799999999923e-02 5.629456260000000045e-02 4.687565109999999868e-02
1.437791070000000104e+02 7.191073859999999596e-02 1.051167400000000036e-02 6.285050030000000065e-02 1.829887930000000107e-02 1.436087770000000000e-02 -8.136794720000000520e-04
1.464771230000000060e+02 7.590425050000000617e-02 5.794055390000000388e-03 6.117272239999999722e-02 1.079489299999999985e-01 -1.210826159999999971e-02 -3.132630670000000062e-02
1.491840129999999931e+02 7.234175850000000574e-02 5.278572230000000420e-03 5.528165399999999952e-02 7.196328280000000022e-02 -9.180238009999999380e-03 -1.592177749999999998e-03
1.518831069999999954e+02 6.790034859999999339e-02 7.597879380000000307e-03 5.160675890000000071e-02 5.125154380000000037e-02 4.353003739999999899e-03 4.661950520000000125e-02
1.545861380000000054e+02 6.163388709999999965e-02 5.952222170000000256e-03 5.351644390000000195e-02 -4.820483490000000183e-03 -4.762787129999999577e-03 2.667456010000000127e-02
1.572803570000000093e+02 5.957171459999999891e-02 5.441977570000000076e-03 4.934988819999999721e-02 -1.960515900000000047e-02 -2.590206160000000160e-02 -3.658398599999999889e-02
1.599797949999999958e+02 6.525223539999999711e-02 -3.195863989999999906e-04 4.936513609999999830e-02 1.405387730000000031e-03 -7.670114960000000296e-04 -3.860674890000000137e-02
1.626753730000000076e+02 6.908569909999999481e-02 7.733290059999999846e-04 5.407544389999999895e-02 1.556227150000000052e-02 5.907083020000000045e-02 -1.272051779999999917e-02
1.653685920000000067e+02 6.439813179999999415e-02 -2.225664919999999821e-03 6.203371829999999865e-02 -1.853705679999999995e-02 1.226026480000000016e-02 5.005919749999999772e-03
1.680646230000000116e+02 6.151489889999999655e-02 -2.499939430000000084e-03 6.494798079999999918e-02 -4.229198910000000339e-02 -1.361256639999999969e-02 1.114186389999999999e-02
1.707501849999999877e+02 6.056576240000000055e-02 -4.603515939999999577e-03 6.673125729999999922e-02 -3.669460239999999818e-02 8.147373600000000493e-03 1.829195499999999993e-03
1.734532010000000071e+02 5.936845589999999867e-02 -4.043475690000000212e-03 6.911494669999999896e-02 -8.783780060000000167e-02 -1.349093680000000052e-02 3.557652809999999749e-02
1.761508570000000020e+02 5.971500429999999915e-02 -3.294246010000000200e-03 7.607846930000000674e-02 -2.135762039999999917e-02 -1.565065380000000032e-03 2.922514650000000019e-02
1.788487790000000075e+02 6.361065359999999724e-02 4.729471209999999877e-04 7.235606079999999662e-02 -4.452417549999999717e-03 3.043039679999999872e-02 1.570398469999999963e-02
1.815402479999999912e+02 5.794527339999999693e-02 -6.569027079999999424e-05 7.141146619999999556e-02 -5.118603180000000363e-03 9.015988950000000668e-02 3.801239879999999960e-02
1.842382790000000057e+02 5.666333109999999867e-02 3.554394030000000097e-03 7.169022249999999763e-02 -1.134734299999999975e-03 6.695142240000000189e-02 8.098196620000000512e-02
1.869492630000000020e+02 5.673914060000000148e-02 2.987706039999999969e-03 7.483601330000000385e-02 -1.401894130000000058e-02 -1.522715860000000039e-02 4.902007330000000135e-02
1.896448259999999948e+02 6.260968000000000089e-02 4.877363780000000364e-03 7.521409460000000324e-02 6.047118149999999859e-02 -3.251446099999999884e-03 2.400704899999999906e-03
1.923457170000000076e+02 5.991849290000000189e-02 1.025054069999999963e-02 6.573485580000000550e-02 7.059071760000000528e-02 -3.695684810000000094e-03 -1.964105319999999866e-04
1.950479819999999904e+02 6.437352239999999393e-02 1.064853860000000013e-02 6.847759320000000594e-02 1.112442270000000080e-02 -4.020758189999999732e-02 -4.728832119999999695e-02
1.977501230000000021e+02 6.019445250000000219e-02 8.771202249999999730e-04 6.589224720000000368e-02 -7.237840789999999691e-02 -5.375630680000000050e-02 -3.103049570000000063e-02
2.004450919999999883e+02 6.529070539999999589e-02 5.334544830000000244e-03 6.667816779999999333e-02 -7.640728880000000056e-02 2.568758559999999996e-02 -2.547129390000000063e-02
2.031367009999999880e+02 6.842524210000000551e-02 1.007695970000000059e-02 6.086528580000000188e-02 -8.583450470000000138e-03 -1.754276169999999940e-02 -4.441729269999999952e-02
2.058330599999999890e+02 6.939164859999999435e-02 4.198863310000000224e-03 5.969041650000000282e-02 1.605962539999999938e-02 -5.985124139999999787e-02 -2.979585740000000038e-02
2.085302169999999933e+02 7.478936009999999357e-02 2.149240599999999949e-03 5.773766229999999916e-02 3.214982000000000256e-02 -4.518038679999999974e-02 5.069584529999999860e-03
2.112231380000000058e+02 7.393912519999999711e-02 2.248541000000000168e-03 6.066153350000000333e-02 3.129639629999999791e-04 -1.159102400000000012e-02 -2.830459290000000155e-02
2.139243099999999913e+02 6.828560949999999685e-02 1.131435859999999939e-02 6.086017209999999844e-02 -3.218060699999999996e-02 1.272260939999999944e-02 -2.885678919999999821e-03
2.166189510000000098e+02 5.596039359999999824e-02 5.487983689999999942e-03 6.773775299999999777e-02 -3.565606550000000041e-02 3.390794710000000212e-02 -2.329657619999999860e-03
2.193212949999999921e+02 5.411676320000000096e-02 6.813489340000000206e-03 6.857517959999999413e-02 -4.085011960000000004e-03 1.378255739999999924e-02 -1.982432580000000055e-02
2.220237630000000024e+02 5.836982970000000048e-02 9.705559290000000464e-03 6.462870019999999993e-02 4.877995429999999744e-02 7.986840329999999807e-03 1.759962580000000096e-02
2.247241850000000056e+02 6.514290809999999377e-02 7.972735150000000159e-03 6.167245100000000313e-02 2.251027359999999838e-02 -7.121028780000000086e-03 3.559673669999999929e-02
2.274304980000000000e+02 5.772306149999999886e-02 3.287711070000000173e-03 6.138371039999999945e-02 -1.434472569999999982e-02 -4.118406790000000289e-02 1.678045809999999943e-02
2.301344039999999893e+02 5.519494739999999955e-02 2.321925289999999999e-03 7.089820210000000178e-02 -4.235579760000000166e-02 -3.035233940000000089e-02 7.731941200000000056e-04
2.328274040000000014e+02 5.985124110000000081e-02 1.342907609999999903e-03 7.155423249999999513e-02 3.098325409999999960e-02 -2.031692490000000170e-02 -1.530981730000000041e-02
2.355293729999999925e+02 4.979213749999999994e-02 -5.695090830000000028e-03 7.094966369999999856e-02 3.630761369999999794e-02 -6.081851659999999715e-02 -2.993106939999999952e-02
2.382300600000000088e+02 4.887432170000000076e-02 -6.775043829999999843e-03 7.144449160000000687e-02 4.624601689999999904e-02 -3.633762019999999676e-02 -3.028770490000000024e-02
2.409320759999999950e+02 3.142302210000000318e-02 -5.270180099999999777e-03 7.588541259999999344e-02 2.566090730000000070e-02 1.776385659999999908e-02 -3.888815649999999985e-02
2.436397010000000023e+02 3.276179500000000328e-02 -5.261874149999999986e-03 8.140152929999999731e-02 -2.881248260000000144e-02 1.874788509999999976e-03 -7.091553289999999454e-02
2.463509819999999877e+02 3.777299139999999722e-02 -1.313234760000000015e-02 8.103896630000000101e-02 -7.982749370000000178e-03 2.309460730000000017e-02 5.277995750000000208e-03
2.490525450000000092e+02 4.312465399999999838e-02 -1.302089030000000078e-02 7.572961039999999422e-02 -5.673768630000000125e-03 -7.453717379999999677e-03 -2.131114010000000059e-02
2.517550449999999955e+02 4.964992249999999885e-02 -9.290578569999999314e-03 6.949234799999999546e-02 -8.846642440000000024e-03 -2.551419740000000075e-02 1.103112449999999953e-02
2.544588880000000017e+02 6.254400760000000670e-02 -1.043402210000000073e-02 6.843793600000000477e-02 -2.966706170000000045e-02 -5.660873529999999737e-02 4.470508189999999882e-02
2.571488420000000019e+02 5.804610909999999985e-02 -9.764124819999999219e-03 6.184772370000000269e-02 -5.114309140000000004e-02 2.344937039999999903e-02 6.121389839999999763e-03
2.598511849999999868e+02 6.281745499999999427e-02 -1.233151900000000085e-02 6.477729969999999893e-02 -4.424372210000000055e-02 5.563259980000000160e-02 2.495190879999999861e-02
2.625442170000000033e+02 6.454210859999999494e-02 -8.596547430000000406e-03 6.383034680000000682e-02 3.179139909999999930e-02 -6.782969439999999781e-03 9.454413119999999573e-03
2.652468729999999937e+02 6.500037440000000499e-02 -9.803995850000000317e-03 5.787874979999999697e-02 4.546823729999999869e-02 -5.522718730000000104e-02 -1.043112369999999942e-02
2.679462260000000242e+02 6.236499100000000156e-02 -1.201817380000000032e-02 5.932540270000000171e-02 2.424268430000000099e-02 -6.004976840000000177e-02 -1.503326160000000022e-02
