# a=0.059205426943637916, b=-135.41402772792748, c=0.0036894065356863673, xi=12.346533251877645
6.814145069999999471e-01 5.899652620000000319e-02 -3.074275230000000068e-04 5.226137549999999854e-02 -1.027275970000000004e-02 -4.334277469999999952e-03 -4.852599759999999865e-04
3.374145669999999875e+00 6.260710969999999653e-02 1.679662520000000043e-03 3.960363799999999657e-02 3.358111329999999978e-02 -5.467850149999999845e-04 2.615610149999999818e-03
6.072483479999999822e+00 6.687103179999999425e-02 2.438060589999999951e-03 3.183497450000000173e-02 1.110351489999999997e-02 -2.598161280000000142e-02 1.298792000000000002e-02
8.776381600000000560e+00 7.355860860000000556e-02 -4.876817660000000269e-03 2.336997830000000012e-02 1.633915710000000132e-02 -3.249881059999999711e-02 -1.918522119999999933e-03
1.147473639999999939e+01 7.577072880000000621e-02 -1.188095760000000035e-02 -5.604324979999999925e-04 -3.201744630000000202e-02 -3.100764450000000061e-02 -2.626258999999999885e-02
1.417068800000000017e+01 7.848107579999999417e-02 -1.033619570000000008e-02 -1.724913859999999827e-02 -9.360256100000000426e-03 -3.167057949999999705e-02 -2.210376260000000009e-02
1.686753649999999993e+01 7.828279059999999900e-02 -5.942635299999999600e-03 -1.770801870000000139e-02 1.160223150000000078e-02 -3.514178259999999748e-02 -2.316752539999999971e-02
1.956740519999999961e+01 6.738196559999999613e-02 -1.153227599999999929e-03 -2.243105459999999995e-02 -1.665624300000000113e-02 -4.296302209999999788e-02 -2.216490050000000100e-02
2.226101459999999932e+01 7.511291359999999750e-02 1.834503369999999954e-03 -4.290759019999999813e-02 1.233566860000000036e-02 -1.050244600000000035e-02 -6.958837219999999824e-02
2.495900359999999907e+01 7.615445129999999507e-02 3.313250539999999800e-03 -5.291216089999999789e-02 -9.931983569999999154e-04 -6.830525270000000274e-03 -4.123466430000000127e-02
2.766544269999999983e+01 8.146176400000000595e-02 5.755646290000000255e-03 -5.156838510000000264e-02 2.914172589999999841e-02 4.335414529999999725e-03 -3.645644230000000263e-02
3.035831459999999993e+01 7.241875270000000531e-02 3.700581569999999987e-03 -5.437066069999999668e-02 2.576728949999999851e-02 4.313099199999999994e-02 8.183975930000000475e-05
3.306578960000000222e+01 5.403700799999999749e-02 -3.766659569999999783e-03 -5.733570889999999726e-02 5.730393959999999925e-02 3.027980270000000043e-02 -1.964916569999999862e-02
3.577338019999999830e+01 5.282096580000000124e-02 -2.677869010000000216e-03 -6.339458430000000089e-02 3.869920479999999774e-02 4.581001769999999695e-02 -3.354265289999999733e-02
3.847760360000000190e+01 5.042561520000000269e-02 -5.716622989999999710e-03 -6.333284100000000083e-02 5.401276959999999627e-03 9.712766290000000857e-03 -2.005079699999999868e-02
4.117813650000000081e+01 4.578436760000000050e-02 -5.776373510000000142e-03 -6.497044019999999309e-02 -3.706559759999999981e-02 -4.752380770000000018e-03 -8.603358950000000727e-03
4.387435359999999918e+01 5.100271490000000268e-02 3.975851259999999693e-03 -6.202269099999999785e-02 4.260721619999999904e-02 -8.526176179999999175e-03 1.191732510000000078e-02
4.658004429999999729e+01 5.510594060000000016e-02 -2.594884149999999827e-03 -6.517672160000000103e-02 1.404736640000000050e-02 -1.823182959999999908e-02 2.586462250000000004e-02
4.928985680000000258e+01 6.979256609999999472e-02 2.772901800000000198e-03 -5.710630860000000253e-02 1.736335350000000124e-02 -2.065386190000000066e-02 1.284285150000000078e-03
5.199166300000000263e+01 6.990191689999999958e-02 3.529455739999999998e-03 -6.851728799999999564e-02 -3.310596030000000078e-02 -1.195927999999999922e-02 2.932677339999999883e-02
5.468417550000000205e+01 6.351223620000000236e-02 -6.302759829999999945e-03 -6.016530030000000195e-02 7.999023930000000171e-02 -1.757933159999999946e-03 2.264229679999999953e-02
5.739702390000000065e+01 6.852374710000000424e-02 2.678109839999999811e-03 -5.452151289999999928e-02 8.187679930000000411e-03 -4.738547879999999851e-02 2.516856840000000067e-02
6.009439580000000092e+01 6.883040969999999759e-02 3.999555939999999837e-03 -4.255334580000000311e-02 2.717621309999999901e-02 -2.244503679999999834e-02 6.952837670000000525e-02
6.279784109999999941e+01 6.073256700000000119e-02 3.643515700000000187e-03 -4.145606460000000187e-02 5.806482600000000167e-03 1.306966409999999953e-02 1.399770820000000027e-02
6.550799109999999814e+01 5.277989319999999707e-02 -3.061730969999999948e-03 -4.870913329999999875e-02 1.385464120000000007e-02 2.985028790000000126e-02 9.376025129999999985e-03
6.821010049999999580e+01 4.650653550000000136e-02 2.469179110000000160e-03 -5.857182219999999828e-02 2.641718969999999958e-02 7.169511219999999928e-03 -1.028004199999999965e-02
7.091733490000000018e+01 4.895336110000000213e-02 -2.617217900000000114e-03 -5.305780880000000171e-02 5.915594449999999650e-03 -3.520805079999999795e-03 -9.029004919999999990e-03
7.361643960000000675e+01 6.310422189999999321e-02 8.032705580000000511e-03 -5.556105299999999914e-02 2.108837240000000033e-03 -1.246141169999999930e-02 2.843139739999999815e-03
7.631404270000000167e+01 6.810349709999999335e-02 5.735257520000000206e-03 -4.477167549999999663e-02 5.042589850000000345e-02 2.427805239999999976e-02 2.017804800000000051e-02
7.902042710000000625e+01 5.981347229999999654e-02 -3.156315240000000157e-03 -4.722477850000000171e-02 -1.961673270000000024e-02 5.107794449999999986e-02 1.805671849999999912e-02
8.172635680000000491e+01 6.624479060000000585e-02 3.224095790000000052e-03 -4.042538059999999794e-02 -2.106618799999999958e-02 2.139122799999999868e-04 -6.976305549999999890e-03
8.441944110000000023e+01 6.370938140000000083e-02 3.084412580000000202e-03 -5.085112879999999919e-02 -2.893790610000000069e-02 -5.779650409999999988e-03 -1.052159740000000072e-02
8.712512399999999957e+01 5.754748939999999868e-02 -5.083883120000000366e-03 -5.721331529999999777e-02 1.741249930000000022e-03 1.347269469999999971e-03 -5.192797080000000065e-02
8.981458800000000053e+01 4.662477260000000290e-02 -8.507334400000000213e-03 -5.680556290000000202e-02 -1.129778330000000101e-03 2.907621230000000155e-04 -4.060044119999999673e-02
9.252300049999999487e+01 4.872723899999999858e-02 -1.787917590000000006e-03 -6.518847329999999385e-02 -4.320647070000000096e-04 -1.053483839999999963e-02 -2.424889469999999894e-02
9.521736610000000667e+01 6.153654139999999856e-02 1.584166709999999898e-03 -6.562026340000000346e-02 2.611664390000000002e-02 2.395182790000000006e-02 9.920335040000000451e-03
9.791431609999999353e+01 5.834416290000000310e-02 3.982176409999999694e-03 -6.355690179999999578e-02 2.727072289999999885e-02 2.400123779999999846e-02 3.106100239999999915e-02
1.006127960000000030e+02 4.757282279999999752e-02 -2.326222769999999873e-04 -5.893695260000000186e-02 2.362423729999999986e-02 -4.466320380000000402e-03 -3.680207270000000058e-02
1.033137020000000064e+02 4.499009770000000213e-02 2.538305839999999928e-03 -6.924490510000000376e-02 4.026272639999999708e-02 -2.306145659999999861e-02 -4.741912119999999731e-02
1.060154359999999940e+02 5.625177590000000200e-02 7.935771470000000175e-03 -6.662793379999999710e-02 6.194824980000000064e-02 -2.874750870000000041e-02 -2.692572960000000001e-02
1.087237180000000052e+02 6.541998139999999351e-02 5.975329110000000138e-03 -5.294271369999999782e-02 4.731310489999999980e-02 -2.841085730000000170e-02 8.676753829999999876e-03
1.114207179999999937e+02 6.728476220000000063e-02 6.567897060000000252e-03 -4.552702050000000111e-02 2.494282290000000152e-02 -1.970180629999999933e-02 3.033384180000000055e-02
1.141177019999999942e+02 7.555779980000000562e-02 5.062587500000000074e-03 -5.066140429999999722e-02 3.738630619999999682e-02 -2.739192100000000137e-03 3.380357650000000158e-02
1.168080929999999995e+02 7.048978670000000113e-02 1.045530060000000004e-02 -4.248543610000000276e-02 -3.295217679999999909e-03 -1.960875360000000067e-02 2.636184299999999939e-02
1.195070300000000003e+02 7.732819159999999858e-02 4.034625330000000433e-03 -3.340013440000000333e-02 3.537216480000000135e-02 -9.173490359999999719e-03 1.440279170000000053e-02
1.222128430000000066e+02 6.258309979999999995e-02 -3.327887229999999807e-03 -4.713870850000000112e-02 3.264126949999999788e-04 1.556362810000000083e-02 6.945553370000000400e-03
1.248989049999999992e+02 7.033249880000000398e-02 8.885394320000000040e-03 -3.577550040000000015e-02 4.545991810000000327e-02 -1.358703919999999961e-02 2.918801420000000091e-02
1.276047020000000032e+02 7.211929590000000501e-02 6.768781659999999721e-03 -3.562479959999999973e-02 -3.209768040000000183e-02 -1.825636630000000010e-02 9.758590810000000379e-03
1.302891079999999988e+02 7.872777860000000627e-02 4.115917719999999912e-03 -1.599934830000000058e-02 -1.430231040000000051e-02 -6.647634819999999334e-02 4.793797439999999965e-02
1.329939990000000023e+02 8.330776719999999358e-02 3.521881980000000131e-03 -4.923133760000000109e-03 -2.884948559999999870e-02 -9.252807439999999328e-02 2.426001640000000070e-02
1.356959209999999985e+02 8.242751289999999953e-02 -2.634999079999999962e-03 4.950723469999999612e-03 2.332763239999999932e-02 -3.975260700000000230e-02 8.577625380000000396e-03
1.384014679999999942e+02 7.809495669999999556e-02 1.786412879999999979e-03 8.832335329999999735e-03 -2.861754609999999852e-02 -2.198067299999999918e-02 8.575892590000000135e-03
1.411080460000000016e+02 6.876001860000000021e-02 6.944571620000000202e-03 2.225904429999999920e-02 -5.674472400000000333e-02 6.245432620000000018e-02 -2.581006329999999821e-03
1.438187959999999919e+02 5.998666290000000123e-02 1.626683209999999977e-02 3.731637260000000150e-02 -5.678616969999999986e-02 2.367920629999999832e-02 -1.570844260000000062e-02
1.465175610000000006e+02 6.827025429999999950e-02 1.731440600000000093e-02 5.489333269999999848e-02 -2.562613680000000102e-02 -7.960518990000000142e-03 1.527971969999999957e-02
1.492244359999999972e+02 6.273772969999999449e-02 1.755475399999999880e-02 6.685813690000000364e-02 -1.709135560000000012e-02 4.376542189999999867e-03 5.979352050000000078e-03
1.519264049999999884e+02 5.590862070000000156e-02 1.038097420000000035e-02 5.829480239999999813e-02 -7.856871209999999675e-03 -1.283317200000000033e-02 1.704948579999999991e-02
1.546239830000000097e+02 5.389417900000000039e-02 8.802529530000000393e-03 5.294568270000000326e-02 -5.432197970000000181e-02 -7.864528399999999239e-03 3.137798420000000033e-02
1.573342179999999928e+02 5.186267680000000019e-02 9.739755279999999862e-03 6.173945399999999917e-02 -2.378772020000000098e-02 1.941010010000000091e-02 -2.339595540000000140e-02
1.600277959999999950e+02 5.611119900000000049e-02 1.086278929999999997e-02 5.887505380000000038e-02 -7.803840719999999981e-03 1.820160959999999988e-03 -5.910125630000000532e-04
1.627287650000000099e+02 5.935876460000000243e-02 4.544014540000000310e-03 6.566684579999999827e-02 -2.209295379999999878e-02 1.272204759999999955e-02 3.067173470000000152e-02
1.654313109999999938e+02 7.205187590000000641e-02 8.347346740000000792e-03 6.134699440000000031e-02 1.375644059999999900e-04 -9.383848579999999606e-03 -2.745938330000000094e-02
1.681256860000000017e+02 6.392197380000000373e-02 9.249912750000000364e-03 6.100617710000000304e-02 -2.543221080000000051e-02 9.880330870000000529e-03 3.552794089999999905e-02
1.708270459999999957e+02 7.083194199999999496e-02 4.882175719999999608e-03 4.848763049999999658e-02 -1.487683549999999945e-02 2.655904950000000098e-02 5.898660740000000180e-02
1.735184680000000128e+02 7.262918200000000046e-02 -3.935389860000000108e-03 4.274143629999999777e-02 -1.753177359999999940e-03 2.076380870000000059e-02 7.998710280000000117e-02
1.762232180000000028e+02 6.271670990000000057e-02 -8.397086830000000807e-03 5.732140869999999971e-02 -9.483881320000000018e-03 -1.579735170000000051e-03 7.367368130000000181e-02
1.789264359999999954e+02 5.372577519999999912e-02 -1.050418210000000040e-03 6.032803929999999704e-02 -1.687735599999999961e-02 -6.236068899999999866e-03 4.646091520000000114e-02
1.816343109999999967e+02 3.981295819999999819e-02 -6.946715659999999973e-03 6.745175850000000028e-02 -3.473347949999999740e-02 -3.939659739999999688e-02 1.055581390000000057e-02
1.843239049999999963e+02 2.566444580000000128e-02 -4.546934350000000208e-03 6.884959009999999657e-02 -3.312609589999999937e-02 -3.303641520000000220e-02 3.883706719999999862e-02
1.870166549999999859e+02 1.963779549999999929e-02 6.959042670000000277e-03 7.976052760000000574e-02 -2.938922160000000117e-02 -2.197174329999999898e-02 1.984550319999999965e-02
1.897197799999999859e+02 1.081952060000000021e-02 7.724708309999999897e-03 8.702991609999999323e-02 -2.661232840000000033e-03 -4.797711030000000043e-02 2.049010830000000047e-02
1.924327800000000082e+02 1.318100489999999951e-02 5.099564190000000115e-03 7.838195950000000078e-02 1.020311999999999955e-02 -4.939974149999999675e-02 -6.731566579999999356e-02
1.951425460000000101e+02 2.540070830000000154e-02 3.969316449999999580e-03 7.300229129999999400e-02 -5.745013700000000008e-03 -2.329958060000000136e-02 2.679148649999999951e-02
1.978533109999999908e+02 3.282045930000000028e-02 -9.437028999999999557e-03 7.065290709999999530e-02 -1.591772439999999955e-02 7.306323499999999721e-03 -1.077813769999999907e-03
2.005683740000000057e+02 3.905063999999999758e-02 -2.748153489999999918e-03 6.307690509999999695e-02 1.455554109999999957e-02 3.736448439999999829e-03 -1.815788480000000071e-03
2.032578579999999988e+02 4.295756159999999935e-02 -1.906476330000000030e-03 6.438113589999999720e-02 -3.003211240000000157e-02 -1.497745420000000036e-03 2.127443260000000044e-02
2.059697490000000073e+02 4.293658739999999668e-02 3.732261320000000195e-03 6.361218359999999683e-02 2.123526200000000128e-02 2.153732460000000112e-02 -3.166766430000000215e-02
2.086728109999999958e+02 4.117952049999999697e-02 -5.335554499999999468e-04 7.204894019999999455e-02 7.432661269999999917e-03 2.335631510000000036e-02 2.184632629999999978e-02
2.113713579999999865e+02 3.455959930000000041e-02 1.011000930000000020e-02 6.432093919999999632e-02 -1.773355180000000045e-02 -2.325443040000000142e-02 -1.755042329999999956e-02
2.140713900000000081e+02 4.058929349999999825e-02 1.260694799999999977e-02 6.639241349999999708e-02 1.395222619999999907e-03 7.087343579999999706e-03 -1.211187729999999973e-03
2.167693429999999921e+02 4.936197519999999811e-02 2.697369770000000201e-03 5.734480019999999706e-02 -3.228252599999999889e-02 3.222090469999999707e-02 -3.281709399999999804e-02
2.194708109999999976e+02 4.970521209999999995e-02 -7.089549629999999762e-03 5.479235670000000280e-02 -7.015136669999999866e-03 -1.405084489999999971e-02 -4.541372290000000173e-02
2.221578580000000045e+02 6.677796900000000646e-02 -4.375320789999999696e-03 4.630995529999999694e-02 6.435824310000000208e-03 6.949163720000000113e-03 -3.294329089999999821e-02
2.248569679999999948e+02 6.042653220000000075e-02 -2.310163299999999989e-02 4.150975619999999755e-02 2.080830169999999847e-03 1.048498380000000008e-02 -2.714708379999999921e-02
2.275567959999999914e+02 6.313129929999999890e-02 -2.055937680000000101e-02 4.236956070000000296e-02 9.918288659999999896e-03 -2.059903080000000108e-02 4.912782759999999652e-03
2.302690299999999866e+02 6.069672970000000028e-02 -1.282457700000000020e-02 3.560050459999999917e-02 1.500789869999999936e-02 1.815528259999999935e-02 2.708280619999999992e-04
2.329684990000000084e+02 6.254776169999999580e-02 -6.196644490000000061e-03 3.753274260000000195e-02 1.025915210000000015e-02 4.370979799999999936e-03 4.461387370000000074e-02
2.356741710000000012e+02 7.258124409999999749e-02 -3.210415730000000002e-03 3.788105080000000319e-02 1.562125309999999948e-02 -1.625928769999999968e-02 1.630994419999999903e-02
2.383756079999999997e+02 7.050110699999999342e-02 -7.751881710000000161e-03 4.655514730000000212e-02 5.255060239999999674e-03 6.314398019999999633e-03 6.797822890000000673e-02
2.410748739999999941e+02 6.861669149999999329e-02 -2.709149049999999906e-04 4.838225959999999798e-02 -3.221555100000000199e-02 3.412978070000000086e-02 1.531895609999999949e-02
2.437715929999999958e+02 5.416260149999999746e-02 1.421392540000000065e-02 5.205666359999999715e-02 -9.885238529999999801e-03 2.654012769999999910e-02 2.415159299999999898e-02
2.464684990000000084e+02 5.138966539999999944e-02 1.781422129999999868e-02 5.313574420000000131e-02 -1.264094739999999974e-02 2.118005610000000052e-02 -1.649345550000000035e-02
2.491631710000000055e+02 4.468608980000000203e-02 1.251564879999999928e-02 5.767852119999999916e-02 -7.137536170000000069e-03 -1.110574159999999991e-02 5.662999660000000296e-02
2.518667649999999867e+02 4.665605639999999971e-02 9.397870850000000081e-03 5.850216049999999723e-02 -1.322417069999999931e-02 -3.432538870000000075e-02 3.086521799999999895e-03
2.545683740000000057e+02 5.504726459999999960e-02 8.545050610000000380e-03 6.196053239999999712e-02 -2.184253950000000083e-02 -2.690110509999999941e-02 3.898197269999999909e-02
2.572578429999999798e+02 6.248721670000000061e-02 -2.855980420000000207e-04 6.846420370000000366e-02 -1.970745579999999900e-02 -2.298606480000000077e-02 8.068681760000000203e-02
2.599482649999999921e+02 6.254549249999999394e-02 -4.244918979999999747e-04 6.666804899999999312e-02 -1.161964759999999965e-02 -2.211310030000000065e-03 1.965749209999999997e-02
2.626514520000000061e+02 6.169182370000000221e-02 -1.062408419999999985e-03 6.271851479999999979e-02 -3.432623519999999928e-02 2.357212649999999854e-02 1.425504269999999969e-02
2.653595609999999851e+02 6.114356559999999802e-02 -2.079874189999999894e-03 7.440807069999999523e-02 -6.469275730000000058e-02 -2.103238229999999898e-04 -9.697710110000000439e-03
2.680577910000000088e+02 5.477781059999999730e-02 -5.109029500000000345e-04 6.841140789999999861e-02 -3.356263719999999788e-04 6.992304920000000194e-03 -2.184764870000000057e-03
