# a=0.06623777835189244, b=-129.85103262654607, c=-0.0011741671956455374, xi=10.625972813271202
6.591775619999999947e-01 7.947067809999999732e-02 -3.833444300000000190e-03 -9.760511799999999549e-04 1.326664540000000066e-02 2.077594019999999889e-02 5.892657300000000292e-02
3.357488239999999902e+00 7.445369770000000165e-02 -8.464661179999999991e-04 -3.222454959999999924e-02 -1.797088919999999951e-02 5.456941159999999930e-02 6.047276690000000232e-02
6.056949170000000215e+00 7.093477619999999373e-02 1.475114789999999905e-03 -4.956235450000000264e-02 -1.535408679999999970e-02 4.086546740000000094e-02 -8.213593430000000820e-03
8.757434789999999580e+00 7.660360310000000061e-02 6.534622959999999980e-03 -5.867528789999999772e-02 1.045057679999999989e-02 -4.059742520000000389e-03 -3.880370579999999764e-02
1.146169319999999914e+01 7.354825160000000306e-02 5.130908919999999790e-03 -5.835592690000000055e-02 4.120181769999999716e-02 -2.999398220000000156e-02 2.168349290000000026e-02
1.416872919999999958e+01 6.813492370000000242e-02 -3.813962699999999973e-04 -4.939851919999999758e-02 5.502938669999999895e-04 -2.643105199999999828e-03 3.292106079999999879e-02
1.686433699999999902e+01 7.855591859999999649e-02 2.026485169999999933e-03 -5.527787440000000302e-02 1.698619410000000093e-02 3.821822600000000097e-02 2.497029879999999868e-02
1.955780419999999964e+01 7.433646060000000111e-02 1.379823629999999942e-03 -6.274096899999999366e-02 1.607766529999999847e-02 5.360502810000000035e-02 -8.636066350000000738e-03
2.225418069999999915e+01 6.824632160000000669e-02 2.833502519999999986e-04 -7.034116980000000574e-02 3.452843459999999781e-02 9.337311339999999557e-03 2.323381290000000113e-02
2.495508390000000176e+01 6.273152360000000538e-02 -3.036082159999999746e-04 -7.046839039999999721e-02 3.846934850000000017e-02 7.106152319999999717e-03 5.648999049999999834e-03
2.765961670000000083e+01 6.171681489999999992e-02 4.291941720000000231e-03 -6.654856319999999381e-02 1.045562549999999938e-02 3.716342000000000256e-02 3.422119749999999981e-03
3.036145570000000049e+01 6.211592710000000267e-02 8.626682639999999277e-03 -6.609509639999999742e-02 1.015320799999999950e-03 3.301498650000000284e-02 -7.153738950000000305e-03
3.306996350000000007e+01 6.433146570000000675e-02 6.526910330000000333e-04 -6.361597770000000651e-02 1.048325529999999915e-02 1.632385869999999906e-02 -5.031938899999999909e-02
3.576634169999999813e+01 6.291133090000000649e-02 6.138027540000000337e-03 -6.507599599999999707e-02 1.217601159999999981e-02 3.108674999999999980e-02 -6.295786159999999798e-02
3.847287140000000250e+01 6.783754520000000177e-02 -8.603258910000000179e-04 -6.686362419999999918e-02 7.994991119999999424e-03 1.959464249999999866e-02 -2.929755740000000025e-02
4.117424640000000124e+01 7.236249799999999732e-02 8.939822260000000742e-03 -6.842912519999999610e-02 -5.712524309999999703e-03 1.806714070000000130e-02 1.583633949999999979e-03
4.387520260000000150e+01 6.835393280000000293e-02 6.128268670000000008e-03 -7.326603519999999592e-02 2.723811370000000023e-02 2.731894119999999856e-03 -1.557543850000000021e-02
4.656975729999999913e+01 6.069655720000000088e-02 9.027251570000000350e-03 -6.903944559999999897e-02 4.288975710000000191e-02 -1.160958689999999974e-02 -3.468147979999999797e-02
4.926321200000000289e+01 5.935324349999999971e-02 6.039245969999999970e-03 -6.405518370000000405e-02 3.857048860000000107e-02 -1.958068920000000102e-02 -3.089021390000000131e-02
5.195761040000000008e+01 6.716997959999999879e-02 6.200744579999999638e-03 -6.077173749999999902e-02 2.032382950000000132e-02 -3.676144679999999998e-02 -1.644760680000000030e-02
5.465522920000000084e+01 5.814917630000000087e-02 6.563737170000000232e-03 -7.033705569999999796e-02 3.328017390000000131e-02 -6.133394849999999898e-02 -3.708176929999999760e-02
5.735871819999999843e+01 5.972695310000000063e-02 2.942528759999999809e-03 -7.243902620000000625e-02 2.554754100000000000e-02 -4.722615089999999960e-02 -2.638583170000000089e-02
6.006936350000000147e+01 6.487674150000000139e-02 5.910893809999999762e-03 -6.983883039999999598e-02 4.546919420000000017e-02 -2.147622869999999892e-02 -9.304469489999999884e-03
6.277103069999999718e+01 6.424351420000000423e-02 1.180321770000000020e-02 -7.023919050000000663e-02 3.510774719999999738e-02 -7.983350059999999929e-03 -1.083939660000000048e-02
6.547237140000000011e+01 5.606855229999999773e-02 8.044613149999999338e-03 -6.605016269999999801e-02 3.604592310000000188e-02 -5.567947549999999711e-03 -2.520020450000000009e-02
6.818324789999999780e+01 5.148283570000000003e-02 6.792709630000000158e-03 -6.418672629999999657e-02 3.809117880000000012e-02 -1.624763369999999985e-02 -1.259028340000000086e-02
7.088628540000000555e+01 5.271777600000000091e-02 4.977296489999999754e-03 -6.002308289999999658e-02 2.022869219999999871e-02 9.826208660000000303e-03 -1.013721759999999979e-02
7.358180889999999863e+01 5.729658919999999767e-02 9.398615960000000422e-03 -6.771894920000000317e-02 2.057790199999999861e-02 4.819319749999999986e-02 -4.415065600000000340e-02
7.627952759999999444e+01 6.367744190000000637e-02 8.639766990000000493e-03 -7.029950100000000035e-02 2.542200609999999833e-02 2.232364579999999987e-02 -3.968061850000000057e-02
7.897808229999999696e+01 6.114027699999999982e-02 6.584564180000000364e-03 -6.856086890000000211e-02 4.034532600000000080e-02 -2.119835550000000006e-03 -5.074407410000000146e-02
8.167380099999999743e+01 5.627892450000000074e-02 3.499163569999999904e-03 -6.789358939999999565e-02 5.178147780000000311e-02 1.160317450000000056e-02 1.374458270000000065e-02
8.436918389999999590e+01 5.689822359999999885e-02 3.537672019999999872e-03 -6.804940619999999551e-02 1.391991149999999983e-02 -8.940900470000000613e-03 3.118971439999999873e-02
8.706709639999999695e+01 6.072533029999999804e-02 9.173138649999999360e-05 -6.898670989999999836e-02 3.229142649999999955e-03 -3.147316850000000249e-02 2.381142099999999928e-02
8.975874480000000233e+01 6.294150410000000362e-02 5.911075340000000386e-03 -6.363074050000000481e-02 2.751848540000000065e-02 -9.798933739999999767e-03 1.861355380000000170e-02
9.245958539999999459e+01 6.122056869999999845e-02 -1.277447710000000113e-04 -6.392089380000000320e-02 2.640291599999999850e-02 5.513679779999999808e-02 6.723303949999999592e-03
9.516939480000000628e+01 5.708761519999999701e-02 3.553260150000000193e-03 -7.324053049999999787e-02 -4.647346919999999909e-03 2.540920300000000173e-02 1.229622860000000040e-02
9.786119170000000622e+01 6.017331649999999726e-02 2.518078909999999816e-03 -6.030911249999999779e-02 -7.208977099999999694e-03 9.475179060000000000e-03 7.981549949999999782e-03
1.005718980000000045e+02 7.068751410000000124e-02 5.954516499999999712e-03 -6.857343600000000150e-02 -4.055428080000000358e-03 2.799013529999999986e-02 2.564984580000000125e-02
1.032698039999999935e+02 7.489930899999999725e-02 5.893113870000000164e-03 -6.484098600000000323e-02 -1.094857500000000032e-02 2.093233590000000144e-03 -1.294538479999999929e-02
1.059716169999999948e+02 7.077596449999999650e-02 4.660273799999999772e-03 -6.806862839999999748e-02 -1.323459039999999934e-02 -3.407297210000000132e-02 -5.905867680000000119e-02
1.086713819999999942e+02 7.537703980000000359e-02 3.691073310000000073e-03 -6.594496660000000177e-02 1.552577620000000075e-02 -6.694476879999999852e-02 -4.857121040000000195e-02
1.113732889999999998e+02 7.077975709999999310e-02 8.032581499999999963e-04 -6.834910630000000376e-02 4.253396890000000347e-02 -2.175667170000000067e-02 -2.415622289999999964e-02
1.140752569999999935e+02 6.851764230000000067e-02 2.939236000000000127e-04 -5.790770370000000028e-02 3.961340759999999739e-02 3.084918180000000010e-03 2.882233200000000172e-03
1.167756789999999967e+02 6.544784859999999704e-02 -3.598800770000000048e-03 -6.008071770000000117e-02 2.304095130000000102e-02 -1.129224570000000004e-02 5.970796530000000053e-03
1.194792419999999993e+02 6.945693960000000333e-02 -7.102285140000000156e-03 -5.624761229999999945e-02 2.304150229999999897e-02 -1.020481950000000013e-02 -2.960804679999999925e-02
1.221713349999999991e+02 7.469920800000000305e-02 -8.201583210000000165e-03 -4.638461540000000244e-02 -3.700112169999999947e-03 -2.308783329999999911e-02 -1.011522200000000010e-01
1.248724919999999941e+02 7.868892710000000013e-02 -1.093289799999999992e-02 -2.825204489999999860e-02 -3.606711680000000003e-02 2.782366279999999928e-02 -9.482560080000000668e-02
1.275712259999999958e+02 7.923778139999999859e-02 -1.004479240000000044e-02 -1.101893229999999918e-02 -2.639596669999999881e-02 2.597139430000000061e-03 -2.701052420000000023e-02
1.302615069999999946e+02 8.035973039999999568e-02 -8.128626780000000260e-03 2.599857520000000213e-03 -2.359907990000000011e-04 8.296495660000000050e-03 -4.048225720000000333e-02
1.329646950000000061e+02 7.284992429999999353e-02 -6.663860510000000313e-03 2.022964140000000147e-02 -2.741606870000000071e-02 5.028885560000000143e-02 -2.422947589999999846e-02
1.356670070000000123e+02 7.090765170000000450e-02 2.682072679999999952e-05 3.264985549999999820e-02 -2.383131770000000010e-02 4.175962059999999837e-02 -9.921893119999999292e-04
1.383654139999999870e+02 7.243177280000000218e-02 -1.421474910000000095e-03 4.018857900000000205e-02 -1.805738029999999841e-02 1.675685879999999975e-02 5.974901579999999761e-03
1.410638199999999927e+02 7.871362739999999969e-02 7.470110010000000252e-03 4.884815499999999727e-02 -1.209573310000000047e-02 1.070749709999999945e-02 -3.021653250000000054e-02
1.437595699999999965e+02 7.755872260000000462e-02 8.563676600000000305e-03 5.608109389999999667e-02 1.248020669999999970e-06 3.625713380000000069e-02 -2.005773339999999960e-02
1.464586639999999989e+02 7.561660010000000043e-02 1.250276189999999926e-02 5.923250380000000259e-02 1.218002990000000008e-02 3.896314719999999926e-02 -1.081953840000000021e-02
1.491548510000000078e+02 7.035629509999999365e-02 1.045171330000000016e-02 5.763142520000000268e-02 -8.053346470000000146e-03 4.062048339999999730e-02 -2.158250059999999859e-02
1.518598979999999870e+02 7.172878990000000621e-02 4.022509530000000118e-03 5.543224149999999989e-02 -2.147920940000000098e-02 1.694503769999999854e-02 -6.196851369999999831e-02
1.545602260000000001e+02 7.422011959999999520e-02 -2.233603649999999809e-03 5.452387570000000183e-02 1.077497780000000009e-02 -1.999305989999999866e-02 -6.136146089999999775e-02
1.572595230000000015e+02 6.931620750000000442e-02 9.670237979999999971e-05 5.687211660000000141e-02 4.024915729999999775e-02 -1.043921029999999965e-02 -2.398457979999999920e-02
1.599622569999999939e+02 6.548605799999999977e-02 2.881693720000000000e-03 5.560982309999999706e-02 -1.196605139999999982e-03 -5.830598750000000330e-02 5.160575170000000073e-02
1.626637259999999969e+02 6.261488660000000261e-02 2.058580789999999838e-03 6.289286019999999755e-02 -3.652710940000000045e-02 1.115838130000000074e-02 6.413206720000000360e-02
1.653648670000000038e+02 6.165564899999999987e-02 1.315603590000000069e-03 6.900523270000000209e-02 -2.305426000000000003e-02 2.940481390000000000e-02 4.835628379999999671e-02
1.680654600000000016e+02 6.057350239999999969e-02 2.584597120000000064e-03 7.461316610000000293e-02 2.710159289999999888e-03 4.857230199999999776e-02 5.417109199999999708e-02
1.707624920000000088e+02 6.226813330000000035e-02 2.959239890000000140e-03 7.570407090000000339e-02 2.858451329999999943e-02 5.689157200000000136e-02 6.238157359999999679e-02
1.734632259999999917e+02 6.375464070000000372e-02 5.892511419999999639e-03 6.785090650000000223e-02 -1.320998900000000011e-02 2.015252749999999968e-03 7.142266649999999550e-02
1.761570539999999880e+02 6.078498090000000048e-02 -3.976904679999999958e-04 6.759360949999999868e-02 -8.750623740000000421e-04 4.418890660000000109e-02 -6.879585469999999984e-04
1.788558669999999893e+02 5.200045600000000046e-02 -1.964165300000000024e-03 7.409734810000000171e-02 -1.551073419999999918e-02 1.688421959999999999e-02 -3.739818739999999780e-02
1.815582100000000025e+02 4.679622469999999979e-02 -7.265695049999999766e-03 7.670472059999999814e-02 -1.165829959999999978e-02 -2.854142460000000034e-02 -1.893994070000000127e-02
1.842577890000000025e+02 4.727986380000000211e-02 -5.855326020000000027e-03 6.514682609999999929e-02 -3.181431889999999929e-02 1.182628410000000074e-02 -3.541912819999999684e-02
1.869559920000000091e+02 5.540521810000000047e-02 -5.528882839999999833e-03 6.644404809999999995e-02 -1.835538969999999867e-02 3.145836219999999933e-02 1.169925750000000084e-02
1.896555850000000021e+02 6.114636729999999715e-02 1.734205760000000055e-04 7.122509189999999546e-02 -6.077869340000000009e-03 2.296322929999999873e-02 6.327647730000000165e-03
1.923583509999999990e+02 6.608681260000000279e-02 -9.566279210000000477e-03 7.261273440000000357e-02 1.812937699999999947e-03 -6.392930370000000050e-03 2.459535529999999984e-02
1.950643039999999928e+02 7.306369990000000092e-02 -7.235721829999999799e-03 6.311017119999999536e-02 2.333099829999999916e-02 -2.222938680000000142e-03 1.931224009999999922e-02
1.977553200000000118e+02 7.274191520000000688e-02 -1.489372980000000079e-03 5.809532020000000158e-02 5.751426569999999738e-02 -2.875692909999999838e-02 2.715197639999999968e-02
2.004528819999999882e+02 7.408809360000000177e-02 -3.766774620000000202e-03 6.017843970000000264e-02 3.960841480000000352e-03 -5.969494350000000005e-02 2.997401870000000051e-02
2.031479919999999879e+02 7.069427570000000327e-02 -3.148968890000000166e-03 6.183395750000000163e-02 -1.675311230000000109e-02 -7.955867149999999721e-02 9.622088719999999720e-03
2.058344290000000001e+02 6.268815660000000289e-02 -1.752391860000000095e-03 6.648750420000000549e-02 9.655283809999999980e-03 -1.236670020000000050e-02 -6.239960650000000303e-02
2.085317569999999989e+02 6.252858390000000377e-02 4.678792200000000262e-03 7.669355799999999501e-02 2.737954249999999951e-02 1.041722429999999977e-02 -4.680068099999999676e-02
2.112360539999999958e+02 6.165991509999999703e-02 3.874709440000000246e-04 7.544793860000000019e-02 1.911519080000000093e-02 1.231647330000000019e-02 2.923996199999999955e-03
2.139421010000000081e+02 5.634001760000000025e-02 -2.660278549999999832e-03 6.942044020000000260e-02 5.313250929999999801e-04 4.887292969999999792e-02 1.676684209999999842e-02
2.166478349999999864e+02 5.446062759999999864e-02 4.434680349999999991e-04 5.816398309999999683e-02 -2.509313560000000012e-02 4.388596300000000006e-02 -1.898580009999999846e-02
2.193475699999999904e+02 5.929135569999999938e-02 1.594581310000000088e-04 5.542687489999999911e-02 -1.738561209999999954e-02 -3.322340580000000126e-02 -5.111116660000000061e-02
2.220527889999999900e+02 6.898428680000000257e-02 1.740385739999999971e-03 5.981896510000000305e-02 -2.003192919999999960e-02 -4.004592149999999795e-02 1.875680360000000005e-02
2.247485389999999938e+02 6.941690130000000014e-02 -1.344319149999999904e-04 5.512423770000000195e-02 2.727713409999999936e-02 -4.936168560000000344e-02 -4.263170670000000079e-02
2.274497890000000098e+02 7.099515829999999972e-02 8.328842339999999872e-03 5.998821070000000255e-02 2.025690670000000054e-02 -3.391059030000000141e-02 1.569516759999999966e-03
2.301532730000000129e+02 6.374901210000000207e-02 3.961155479999999875e-03 6.691451549999999360e-02 -2.074735830000000100e-02 -1.679997199999999982e-02 1.028937960000000061e-02
2.328506010000000117e+02 6.256979849999999566e-02 3.352237629999999858e-05 6.702607539999999586e-02 -4.010544650000000266e-02 7.007881550000000237e-02 -2.693162959999999880e-03
2.355469919999999888e+02 5.811085030000000262e-02 2.839277629999999945e-03 7.826165740000000370e-02 -5.353696460000000046e-02 1.483922680000000077e-02 -1.057938119999999975e-03
2.382328200000000038e+02 5.428118960000000159e-02 6.247193409999999723e-04 7.000496139999999590e-02 -7.968664400000000439e-03 -4.486762090000000203e-02 -5.193252489999999888e-02
2.409287419999999997e+02 5.281786229999999721e-02 -6.474565590000000079e-03 6.781519860000000122e-02 2.679895100000000141e-02 -2.048338469999999925e-02 -5.034399590000000410e-03
2.436313350000000071e+02 4.434632859999999843e-02 -4.062777259999999883e-03 6.734148189999999978e-02 -1.522473360000000005e-02 -4.348738260000000258e-03 2.694393629999999873e-02
2.463292730000000006e+02 5.268336009999999986e-02 -1.054055649999999927e-02 6.179585270000000075e-02 -1.197816760000000071e-02 2.808094800000000141e-02 7.579030670000000414e-02
2.490202099999999916e+02 6.012777309999999681e-02 -9.921510209999999733e-03 6.443556320000000393e-02 2.725690819999999903e-02 -6.803605600000000100e-04 3.084142109999999867e-02
2.517185849999999903e+02 5.834613140000000087e-02 -1.288704079999999919e-02 7.596263050000000294e-02 2.554902859999999901e-02 -5.364417509999999667e-02 5.148583039999999819e-03
2.544157570000000135e+02 5.716727630000000004e-02 -1.045313190000000080e-02 7.549331200000000686e-02 3.873354169999999874e-02 1.271427120000000015e-02 -6.385630500000000383e-03
2.571252420000000143e+02 5.750468100000000193e-02 -9.076099250000000535e-03 7.322409840000000669e-02 2.314866380000000015e-02 3.540797209999999723e-02 -2.195908800000000161e-02
2.598300849999999969e+02 6.295142219999999567e-02 -1.023012969999999994e-02 6.819926799999999345e-02 3.924693430000000122e-02 -6.606751200000000185e-03 -1.037854279999999955e-02
2.625326640000000111e+02 6.821800879999999345e-02 -6.035082300000000309e-03 6.263782369999999766e-02 2.457607729999999879e-02 -1.441567420000000078e-02 1.687597659999999847e-02
2.652256169999999997e+02 7.319694070000000441e-02 -7.524573169999999867e-03 4.674099629999999700e-02 3.374312370000000227e-02 -9.285361230000000604e-03 2.277903389999999875e-02
2.679234950000000026e+02 7.782308000000000281e-02 -2.203772450000000046e-03 2.641392600000000077e-02 2.858145759999999869e-02 -2.107694779999999893e-02 5.041126380000000157e-02
