# a=0.06496103035013226, b=-142.24419386179719, c=0.0036515068813964035, xi=10.603851531421933
6.970105599999999457e-01 8.362684500000000520e-02 -2.189553380000000115e-04 4.643409550000000136e-02 -9.732937599999999870e-03 -7.120171730000000344e-03 1.645700010000000074e-02
3.395779339999999813e+00 8.857068029999999592e-02 1.039167579999999980e-02 1.921915709999999847e-02 -6.147161679999999656e-02 -1.968474330000000161e-02 -1.110011730000000059e-03
6.093619649999999943e+00 8.370995679999999883e-02 5.035447019999999890e-04 1.710262769999999896e-03 -2.391847680000000215e-03 4.393597350000000290e-02 -1.847393790000000091e-02
8.789493240000000540e+00 8.287521389999999433e-02 -1.426576400000000066e-03 -3.161467569999999727e-02 -4.568246460000000009e-02 1.492895619999999937e-02 -3.884770199999999785e-02
1.147743220000000086e+01 7.672546989999999567e-02 -7.509492970000000017e-03 -5.041722869999999690e-02 3.051868279999999864e-02 5.473946549999999904e-03 -3.323364100000000126e-02
1.416659469999999921e+01 7.273292309999999927e-02 -6.637506649999999619e-03 -4.963000129999999704e-02 3.291381189999999929e-02 6.559262199999999800e-03 -4.623379279999999952e-02
1.687304310000000029e+01 6.684166649999999377e-02 2.278161969999999874e-04 -5.635672089999999718e-02 3.462796929999999856e-02 1.131984500000000025e-02 -1.827968140000000088e-02
1.957688220000000001e+01 6.465432120000000338e-02 -2.641425639999999807e-03 -4.501269709999999868e-02 3.149662169999999789e-02 -8.167343120000000040e-03 1.931208970000000040e-03
2.227769620000000117e+01 5.900636559999999919e-02 -5.048365449999999907e-03 -5.445576349999999705e-02 2.757049729999999990e-02 -5.029596170000000081e-03 -6.295059040000000258e-03
2.498729780000000034e+01 6.838769819999999944e-02 4.878178470000000232e-03 -5.523817489999999913e-02 5.927065470000000141e-02 2.757785030000000151e-02 1.632947670000000143e-02
2.768776970000000048e+01 5.732972389999999724e-02 8.327079220000000240e-03 -4.978594160000000129e-02 2.933118199999999818e-03 3.755565629999999683e-02 1.740107319999999874e-02
3.039262589999999875e+01 5.369307460000000143e-02 1.353728399999999926e-03 -5.250155640000000318e-02 3.837249660000000007e-02 -1.717248270000000000e-03 3.668571539999999822e-03
3.310243839999999693e+01 5.618702839999999837e-02 3.287667699999999998e-03 -6.650596270000000421e-02 1.491304759999999990e-04 -4.263308960000000009e-03 -1.929318910000000012e-02
3.579712899999999820e+01 7.297910539999999391e-02 9.259059360000000335e-04 -6.386619779999999635e-02 1.231274509999999989e-01 2.545113460000000133e-02 -5.075481130000000091e-02
3.850178679999999787e+01 6.662532459999999379e-02 3.641709360000000215e-03 -6.254305179999999909e-02 4.856311469999999991e-02 -3.649616430000000161e-02 -3.534750269999999920e-03
4.118801030000000196e+01 5.991253819999999702e-02 -2.533328770000000014e-03 -4.966710519999999879e-02 7.784163739999999665e-02 -1.646147519999999892e-02 3.435923689999999947e-02
4.388664620000000127e+01 5.437069550000000334e-02 -7.763481800000000300e-03 -4.872741579999999989e-02 -1.727606480000000097e-02 -1.241912839999999990e-02 1.497808420000000008e-02
4.658453680000000219e+01 5.787555290000000185e-02 -8.626245180000000415e-03 -4.119949900000000054e-02 -3.072455519999999982e-02 -1.312158559999999918e-02 -6.667266760000000250e-03
4.926864470000000296e+01 5.455773340000000249e-02 -2.359009300000000121e-03 -5.170028509999999994e-02 2.678192500000000091e-04 2.269644139999999963e-02 7.451757219999999814e-03
5.196299929999999989e+01 5.833562090000000283e-02 -2.371101449999999961e-03 -4.913519770000000092e-02 1.814495530000000134e-02 -6.100158510000000187e-03 5.346548260000000274e-02
5.466685249999999741e+01 7.054296279999999753e-02 -9.095269200000000512e-03 -5.281480460000000099e-02 -1.604165759999999843e-02 4.871453129999999895e-03 1.791279800000000061e-02
5.735934619999999740e+01 7.167101310000000003e-02 -6.651816280000000248e-03 -4.526722710000000149e-02 1.299983459999999938e-02 1.233740160000000065e-02 -1.010232949999999991e-02
6.004221650000000210e+01 6.390732670000000282e-02 -1.073002560000000001e-02 -4.562601880000000110e-02 -4.635230519999999910e-02 2.094824689999999837e-02 2.711471210000000048e-02
6.275327750000000293e+01 7.279105969999999370e-02 -9.642462850000000155e-03 -3.511651360000000305e-02 4.851704999999999907e-02 -2.024075510000000050e-02 -4.103547829999999730e-02
6.543713529999999423e+01 5.281160049999999995e-02 -5.837112030000000083e-03 -5.390198100000000159e-02 7.509863310000000148e-04 -7.153038310000000080e-03 7.368350610000000021e-04
6.813785559999999464e+01 5.174276829999999855e-02 7.257861029999999880e-03 -5.833849559999999823e-02 8.927174829999999506e-02 -3.318992679999999834e-02 1.030622380000000005e-02
7.084937750000000278e+01 5.641956759999999793e-02 2.666663029999999986e-03 -6.459745109999999457e-02 1.828927959999999964e-02 -3.857854480000000308e-02 -6.262189079999999630e-02
7.354341970000000117e+01 6.315676470000000653e-02 6.457159700000000314e-03 -6.085266109999999673e-02 3.528438269999999849e-02 -1.564575229999999942e-02 -1.152640670000000013e-02
7.624913680000000227e+01 5.871654629999999847e-02 -5.606836920000000252e-04 -6.154761730000000292e-02 1.182514460000000031e-02 -2.973211199999999978e-03 -2.248961970000000130e-02
7.895387119999999470e+01 5.414679420000000076e-02 -2.580554369999999917e-03 -6.074726419999999794e-02 -1.891874459999999883e-02 -3.441798499999999816e-02 4.604535419999999935e-04
8.165875870000000702e+01 4.620571080000000080e-02 -8.175388960000000080e-03 -7.101287559999999721e-02 -3.022534480000000148e-02 1.378648820000000046e-02 -1.064262350000000010e-02
8.436543059999999628e+01 4.142731530000000328e-02 -2.017471509999999978e-03 -6.644863909999999818e-02 -1.332206300000000031e-02 -3.211427120000000159e-03 -5.211416039999999805e-02
8.707056969999999296e+01 3.839304670000000252e-02 -6.653044850000000392e-03 -5.747313269999999863e-02 1.194962530000000071e-02 -3.090345729999999930e-02 -6.620104259999999748e-03
8.977303679999999986e+01 4.546100709999999906e-02 -1.334778390000000009e-02 -5.745453899999999892e-02 1.179361959999999931e-02 1.189973509999999943e-02 2.583234809999999937e-02
9.247090559999999471e+01 4.960961879999999796e-02 -6.466459509999999619e-03 -5.812813280000000277e-02 5.641750279999999812e-02 4.716543709999999889e-03 6.066280920000000076e-02
9.517167589999999677e+01 4.940376810000000202e-02 -9.628249289999999891e-03 -5.175751829999999942e-02 2.784406429999999877e-02 1.878337689999999907e-02 6.624368840000000383e-03
9.788339929999999356e+01 6.084801189999999860e-02 -1.053065379999999947e-02 -6.274266109999999952e-02 -4.827177380000000073e-02 1.265549390000000017e-02 3.841462040000000189e-03
1.005781170000000060e+02 5.315773699999999657e-02 -1.055954559999999938e-02 -5.761252039999999880e-02 2.592975390000000144e-02 -1.307263839999999941e-02 9.266733859999999254e-03
1.032737259999999964e+02 3.962221900000000019e-02 -8.513188589999999903e-03 -5.931883859999999981e-02 9.153101840000000405e-04 1.116448840000000033e-02 1.340152590000000081e-02
1.059830230000000029e+02 4.220281179999999660e-02 -1.862782429999999909e-03 -6.262283629999999823e-02 3.227531360000000099e-02 7.879609270000000748e-03 2.238134610000000121e-02
1.086905229999999989e+02 4.356532820000000306e-02 7.300910740000000378e-03 -6.346708889999999603e-02 3.264758890000000330e-02 -2.195706830000000026e-02 -1.489536110000000066e-02
1.114011629999999968e+02 4.918390760000000000e-02 7.188704700000000426e-03 -6.547268570000000509e-02 5.172372859999999767e-02 4.702174390000000287e-02 -2.943042119999999835e-03
1.140949130000000054e+02 5.383803119999999720e-02 8.455048439999999707e-03 -6.211252619999999697e-02 5.245642169999999854e-02 1.147549060000000072e-02 1.820929409999999873e-02
1.167952420000000018e+02 5.652751889999999696e-02 1.219476239999999975e-02 -5.970041529999999680e-02 5.086004789999999665e-02 -3.081304589999999798e-03 4.718777119999999908e-02
1.194951169999999934e+02 5.559187609999999974e-02 1.140622969999999931e-02 -5.026649560000000239e-02 2.649665769999999879e-02 2.391889339999999850e-02 3.718256290000000047e-02
1.221958510000000047e+02 4.860529639999999763e-02 1.108561540000000019e-02 -4.634489519999999974e-02 4.387777529999999787e-02 2.406514560000000066e-02 3.169924930000000279e-02
1.248985380000000021e+02 5.147850660000000134e-02 6.172355689999999874e-03 -5.666143290000000277e-02 9.887268229999999353e-03 4.460893889999999889e-02 1.168527460000000004e-02
1.276005540000000025e+02 6.643909439999999555e-02 1.954111689999999974e-03 -6.679051240000000167e-02 4.162718039999999814e-02 -4.559655209999999986e-02 1.226292839999999947e-02
1.302923820000000035e+02 6.113843759999999794e-02 -3.158904049999999939e-03 -6.217135309999999998e-02 2.082825719999999853e-02 -1.327990289999999955e-02 6.410315519999999767e-02
1.329875069999999937e+02 6.017672140000000086e-02 3.513130359999999805e-04 -4.894114890000000190e-02 5.184641549999999960e-02 5.647726869999999608e-03 5.157269510000000307e-02
1.356811629999999980e+02 6.051208520000000285e-02 -1.095730670000000066e-02 -3.354346279999999986e-02 2.019460020000000131e-04 -1.889241850000000084e-02 1.661077609999999857e-02
1.383871629999999868e+02 6.747566939999999347e-02 -1.101289220000000076e-03 -9.264013850000000702e-03 -1.522690749999999933e-02 2.673527870000000015e-02 6.435987839999999897e-03
1.410822259999999915e+02 7.152500579999999941e-02 2.734185780000000007e-03 5.338821930000000292e-03 -1.012478449999999926e-02 4.296917220000000259e-02 -1.616495119999999952e-02
1.437726169999999968e+02 7.661885059999999636e-02 1.311603869999999937e-03 1.740011119999999856e-02 -4.722159820000000272e-03 3.078558359999999938e-02 3.583885819999999695e-02
1.464777100000000019e+02 7.240338979999999536e-02 1.948637850000000098e-03 2.321089960000000119e-02 -1.556685720000000085e-02 1.904500380000000159e-02 1.385054340000000002e-02
1.491754599999999868e+02 7.328052679999999541e-02 -3.455654920000000071e-03 3.462634650000000203e-02 -2.364661289999999902e-02 -1.582016790000000117e-02 1.144358550000000065e-02
1.518663669999999968e+02 6.908550450000000565e-02 3.688086829999999861e-03 4.458368239999999788e-02 -1.391370460000000003e-02 -1.759645729999999991e-02 6.264208470000000133e-03
1.545548980000000086e+02 6.105136340000000272e-02 6.446630410000000165e-03 5.955253110000000016e-02 2.856376189999999989e-03 -2.932202470000000102e-02 -5.295861780000000150e-03
1.572391320000000121e+02 5.818796479999999854e-02 1.074791649999999946e-02 5.973038759999999697e-02 -3.170907030000000293e-02 -5.126179470000000182e-02 4.313183039999999788e-03
1.599424759999999992e+02 5.492474659999999759e-02 1.003685789999999960e-02 5.954188690000000034e-02 5.231514389999999785e-03 -5.120341309999999757e-02 -6.856493449999999899e-03
1.626393349999999884e+02 4.667820639999999827e-02 1.128094800000000071e-02 7.033716399999999369e-02 -6.572494960000000190e-04 -9.039415780000000650e-03 1.699880419999999850e-02
1.653317729999999983e+02 4.035599959999999764e-02 -3.297284360000000015e-03 7.203651989999999838e-02 2.064236809999999908e-02 -2.085776680000000008e-02 3.150756610000000207e-02
1.680528820000000110e+02 3.276506240000000292e-02 -4.097167310000000146e-03 6.428593740000000667e-02 2.295649879999999907e-02 -2.277902379999999921e-02 2.463353540000000168e-03
1.707750849999999900e+02 3.887049740000000225e-02 -9.272426190000000387e-03 6.572659999999999614e-02 1.998665109999999898e-02 -3.012427829999999966e-03 -7.175760810000000010e-03
1.734797570000000064e+02 3.916704960000000346e-02 -1.532955899999999955e-02 6.607778990000000297e-02 8.148029350000000545e-03 -1.573576429999999984e-02 3.562083810000000322e-02
1.761915850000000034e+02 3.311488020000000199e-02 -3.718176340000000062e-03 6.788768559999999730e-02 5.766113659999999759e-03 4.251621469999999903e-02 4.283267739999999796e-02
1.788959130000000073e+02 2.338347619999999946e-02 1.808609160000000096e-03 7.078562889999999441e-02 1.319576220000000071e-02 -1.205825790000000092e-03 3.067036180000000042e-02
1.815905850000000044e+02 2.912345430000000054e-02 1.029550790000000049e-02 7.958800380000000119e-02 -6.655378780000000341e-03 -1.706022670000000019e-02 3.226120209999999711e-02
1.842833819999999889e+02 3.670699429999999680e-02 -3.110260120000000062e-03 7.593768970000000507e-02 -1.597352459999999913e-03 1.679283620000000116e-02 2.560585669999999869e-02
1.869910700000000077e+02 2.714724829999999936e-02 -3.275894570000000006e-04 6.783978760000000663e-02 -4.854469630000000230e-03 1.870676989999999970e-02 -8.839270280000000382e-03
1.897002569999999935e+02 2.455471890000000129e-02 -2.114350430000000100e-03 6.713155749999999422e-02 3.563930929999999803e-02 1.829134940000000029e-02 -3.289357169999999886e-02
1.923947729999999865e+02 2.034634000000000095e-02 4.493883530000000216e-03 6.742062309999999337e-02 1.227309430000000055e-02 2.700058829999999951e-02 -7.291397649999999814e-03
1.950992420000000038e+02 1.787510880000000094e-02 -4.775763710000000342e-03 6.959803589999999374e-02 1.608463889999999993e-03 3.309526189999999896e-02 3.165894419999999883e-03
1.978088669999999922e+02 2.380701600000000029e-02 -3.870386810000000198e-03 6.892745429999999618e-02 4.266493729999999707e-02 -9.174963160000000441e-06 1.761219820000000172e-02
2.005026479999999935e+02 3.539919519999999709e-02 -8.047521280000000804e-03 7.257144150000000016e-02 6.235134469999999672e-04 2.555505330000000172e-02 -4.116392309999999943e-02
2.032231170000000020e+02 3.993346789999999841e-02 4.339617769999999999e-04 8.280487059999999677e-02 3.570043640000000046e-02 3.926597179999999701e-03 2.908651680000000003e-02
2.059212730000000136e+02 4.595280029999999905e-02 1.905078429999999953e-03 7.891013639999999718e-02 -7.211211220000000345e-03 -1.492364950000000037e-03 -3.464284919999999907e-02
2.086350700000000131e+02 4.103035540000000286e-02 8.768132680000000415e-03 6.282950919999999440e-02 -5.121682070000000385e-03 -1.866532129999999914e-02 -5.103696130000000275e-02
2.113265539999999874e+02 5.479404980000000119e-02 6.575638089999999610e-03 5.738141459999999971e-02 -9.817725879999999322e-03 3.477885690000000196e-02 -1.475873859999999975e-02
2.140131790000000080e+02 6.472370149999999434e-02 1.045977109999999925e-02 6.163795670000000310e-02 -1.688390780000000035e-02 5.613822559999999580e-03 4.442672579999999705e-02
2.167059759999999926e+02 6.742478350000000176e-02 4.096393010000000216e-03 6.344515039999999717e-02 -7.506218420000000321e-04 3.455077859999999834e-02 9.455593610000000149e-03
2.194075850000000116e+02 5.019118610000000008e-02 1.426831869999999926e-02 6.388645560000000279e-02 -1.757768700000000156e-02 1.000588390000000001e-02 2.062772920000000010e-02
2.221006319999999903e+02 4.784505449999999771e-02 2.351095660000000059e-02 6.870816779999999735e-02 4.617013659999999638e-03 -5.440967589999999923e-03 6.883927199999999606e-04
2.248019600000000082e+02 4.311424870000000326e-02 1.932434319999999997e-02 6.794819629999999944e-02 6.828536479999999884e-04 -5.977525550000000430e-03 -5.279671529999999807e-02
2.275000699999999938e+02 4.890749939999999851e-02 1.676214809999999888e-02 6.546106029999999854e-02 1.288144620000000046e-02 7.416289690000000233e-03 1.074100890000000055e-03
2.302011789999999962e+02 4.283609050000000001e-02 2.084320619999999874e-02 5.691957310000000242e-02 -7.450024389999999712e-03 -3.020874349999999944e-02 5.421300660000000216e-02
2.329082730000000083e+02 5.179612489999999708e-02 1.874639750000000119e-02 4.692748289999999767e-02 -7.845425839999999951e-04 -1.012929090000000074e-02 5.492544430000000262e-03
2.356102879999999971e+02 5.841075889999999826e-02 1.494078539999999997e-02 4.203038800000000186e-02 1.625138450000000040e-02 -4.633723859999999695e-02 -6.865456829999999969e-03
2.383074760000000083e+02 5.852574209999999999e-02 1.568424139999999994e-02 3.510899910000000318e-02 6.082015270000000300e-03 4.771624110000000085e-02 -2.281479440000000122e-02
2.409960849999999937e+02 6.634004300000000132e-02 1.671510400000000146e-02 3.334046029999999938e-02 3.351110919999999820e-03 -8.317244329999999228e-03 4.633459619999999619e-03
2.436842729999999904e+02 6.642628189999999488e-02 1.549128420000000020e-02 4.089259099999999897e-02 -1.220781100000000070e-02 2.016598829999999981e-02 -4.980278129999999789e-03
2.463806950000000029e+02 6.206422040000000168e-02 1.795300819999999867e-02 5.482284259999999770e-02 -1.472204820000000067e-02 4.033396000000000203e-02 3.874656890000000020e-02
2.490981010000000140e+02 6.160386909999999994e-02 1.095855769999999965e-02 5.640679579999999943e-02 1.638364440000000116e-02 3.871378889999999712e-02 4.258366699999999866e-02
2.517876320000000021e+02 6.994975539999999381e-02 7.838063049999999948e-03 7.087256879999999371e-02 -4.675661309999999855e-03 8.706732240000000789e-03 9.346568800000000510e-02
2.544838349999999991e+02 7.066192520000000310e-02 1.753156760000000071e-03 5.525574119999999978e-02 2.136330009999999960e-02 -3.505702470000000154e-02 9.418717109999999448e-02
2.571964130000000068e+02 6.917225840000000570e-02 7.295428740000000148e-03 3.918046809999999741e-02 2.190755289999999841e-02 2.160552639999999830e-02 4.911725549999999829e-02
2.599058820000000196e+02 7.018575389999999470e-02 1.967278179999999970e-03 2.468713289999999866e-02 7.705827659999999911e-04 1.456370700000000039e-02 -1.724920019999999846e-02
2.626115849999999909e+02 7.484063169999999321e-02 4.555763669999999925e-03 2.835836870000000079e-02 -5.034479089999999851e-02 -2.687960049999999976e-02 -2.474360520000000105e-02
2.652987570000000233e+02 7.469878489999999538e-02 -3.873369760000000203e-03 4.200704069999999790e-02 6.079049609999999729e-03 2.349143169999999906e-03 8.772448760000000831e-03
2.680099599999999782e+02 7.205977889999999608e-02 6.038528320000000277e-04 4.286617260000000207e-02 -2.289058789999999857e-02 8.937992190000000614e-03 2.699288429999999791e-03
