# a=0.05589431764955672, b=-136.1992712560399, c=-0.006338702824522912, xi=7.109075415726101
7.148077889999999712e-01 6.019467729999999905e-02 5.967758160000000318e-03 5.257800809999999686e-02 -1.994059150000000030e-02 3.343455449999999801e-02 2.562655059999999901e-02
3.411259859999999922e+00 6.508822470000000249e-02 1.583893999999999927e-02 5.522076790000000207e-02 5.659446309999999897e-03 2.435418940000000018e-02 8.272282210000000621e-03
6.103605489999999634e+00 5.525595020000000079e-02 1.818537200000000173e-02 4.714976950000000083e-02 -1.444910680000000003e-02 1.268487320000000022e-02 4.843841079999999799e-02
8.802344870000000654e+00 6.318609399999999821e-02 1.040314690000000014e-02 3.921350080000000210e-02 -2.547726560000000088e-03 2.469498490000000129e-02 -1.398519590000000049e-02
1.149578359999999932e+01 7.334996169999999371e-02 1.009959610000000022e-02 3.487649319999999720e-02 4.073916559999999840e-03 -5.981050540000000353e-03 -8.482095769999999785e-03
1.418890859999999954e+01 7.276848519999999654e-02 4.806481209999999629e-03 3.136937089999999873e-02 -3.696537319999999849e-02 1.903624179999999916e-02 1.572506280000000173e-02
1.688762110000000050e+01 7.409631619999999808e-02 -3.619368950000000085e-03 1.905163569999999973e-02 1.210667240000000075e-02 1.769763369999999975e-02 -2.612303440000000171e-02
1.957398359999999826e+01 7.351430850000000017e-02 -4.128525719999999802e-03 -1.322423510000000045e-02 -3.372773069999999984e-02 2.505716850000000093e-02 -6.382366899999999954e-02
2.227307270000000017e+01 7.520551779999999631e-02 -4.669200670000000011e-03 -2.836769769999999968e-02 -1.184971360000000064e-02 2.776611819999999856e-02 -1.213568159999999993e-02
2.495574459999999917e+01 7.569591119999999340e-02 -1.033856990000000045e-02 -3.125739830000000274e-02 -4.587843640000000001e-02 1.275780269999999932e-02 -9.719028310000000712e-03
2.765947110000000109e+01 6.469795409999999636e-02 -8.521413729999999936e-03 -3.398406939999999710e-02 -1.440726080000000013e-02 2.893183319999999975e-02 -6.432873280000000159e-03
3.036099769999999864e+01 7.228266360000000501e-02 -1.000511559999999953e-02 -3.724666809999999800e-02 1.027784739999999981e-02 9.651561129999999822e-03 1.114065860000000054e-02
3.306134300000000081e+01 7.458705549999999906e-02 5.988208390000000249e-04 -3.757419909999999696e-02 -1.606912250000000139e-02 -6.652801309999999916e-04 -2.593752809999999923e-02
3.576726169999999883e+01 7.429068810000000189e-02 1.408962010000000108e-03 -4.391444919999999696e-02 -1.582559990000000083e-02 5.335101109999999640e-03 -9.579680079999999820e-03
3.845297419999999988e+01 7.099824770000000285e-02 8.290202420000000044e-03 -4.287597359999999885e-02 -2.486521649999999788e-03 -3.097076309999999884e-03 3.850945210000000091e-02
4.115525550000000266e+01 6.465907690000000096e-02 5.377802249999999971e-03 -5.557074740000000207e-02 8.997388060000000021e-04 -8.121356910000000415e-03 -3.018912799999999910e-02
4.385521959999999808e+01 5.618375629999999843e-02 1.967957670000000138e-03 -5.144479569999999696e-02 1.685665470000000110e-02 -2.418083669999999963e-02 5.616854059999999704e-02
4.656264139999999685e+01 4.270375280000000134e-02 2.969639709999999811e-03 -5.552203719999999898e-02 3.319390230000000136e-02 -2.509636269999999947e-02 -2.086364099999999874e-02
4.925834919999999784e+01 6.015239619999999954e-02 -1.024450600000000045e-02 -4.431268520000000016e-02 2.279901190000000084e-03 -6.146901639999999799e-03 8.854095260000000023e-02
5.196359300000000303e+01 6.509574579999999333e-02 -1.292733180000000051e-02 -5.497233180000000302e-02 2.058078119999999858e-02 -9.672941569999999462e-03 -2.467981769999999866e-02
5.465594610000000131e+01 6.629939549999999682e-02 -1.370387019999999957e-03 -5.726931789999999828e-02 -1.248418060000000031e-02 1.037262299999999922e-02 4.247384070000000122e-02
5.736447890000000172e+01 6.130627219999999766e-02 -3.839928610000000212e-04 -6.224884249999999841e-02 -1.208989289999999953e-02 3.665283450000000193e-02 -3.416419429999999896e-02
6.006560859999999735e+01 6.429254049999999499e-02 4.809927419999999814e-04 -6.430126889999999984e-02 -3.353568480000000164e-03 1.132223509999999954e-02 -2.626898600000000111e-02
6.276126020000000238e+01 6.680888610000000616e-02 2.858438960000000105e-03 -6.761357519999999788e-02 -1.269962390000000003e-02 -2.406616570000000201e-03 -4.338189919999999727e-02
6.546412890000000573e+01 6.110800229999999861e-02 -1.128567850000000098e-03 -6.595614069999999884e-02 9.962198480000000050e-03 1.246137220000000014e-03 -3.829605500000000246e-02
6.817334459999999297e+01 5.111170450000000059e-02 7.036854080000000053e-03 -6.060386269999999687e-02 6.050308689999999746e-03 1.280984800000000041e-02 -4.817161460000000256e-02
7.088404140000000098e+01 4.981226670000000328e-02 9.389020600000000730e-03 -6.259993839999999921e-02 -8.413474290000000355e-03 -2.187785719999999975e-02 -1.752910889999999972e-02
7.358317420000000197e+01 4.593679540000000089e-02 1.424033260000000072e-02 -6.609360120000000449e-02 1.075140249999999905e-03 -1.046663790000000073e-02 4.073741290000000223e-03
7.627455860000000598e+01 4.656854719999999753e-02 1.247617850000000070e-02 -7.313853430000000211e-02 -2.089020410000000036e-02 -4.299862210000000157e-02 -2.749254110000000015e-02
7.896114459999999724e+01 3.767910029999999716e-02 1.299034919999999919e-02 -6.720043770000000416e-02 -4.972037070000000052e-03 -2.581975400000000032e-02 -4.752284589999999920e-02
8.165424299999999391e+01 4.285298459999999782e-02 9.239733269999999762e-03 -6.435903630000000542e-02 -1.992825809999999864e-02 -3.196338960000000024e-03 4.626038679999999736e-03
8.436947890000000427e+01 4.767343760000000014e-02 1.355939400000000065e-02 -6.524727650000000656e-02 1.413835790000000057e-02 -9.494668169999999699e-03 -3.192208769999999723e-02
8.706684610000000646e+01 4.895143059999999824e-02 7.632146959999999876e-03 -6.213039229999999663e-02 2.034539000000000139e-02 7.287220219999999624e-03 5.399864339999999735e-02
8.975648669999999640e+01 4.563622619999999769e-02 1.178606589999999996e-02 -6.578093869999999954e-02 1.446165599999999982e-02 -1.011980200000000066e-02 7.536030050000000220e-04
9.246659769999999412e+01 4.904295599999999866e-02 1.628983809999999934e-04 -6.843524210000000163e-02 2.779579810000000137e-02 -1.973856740000000040e-02 -2.928082400000000043e-02
9.515817579999999509e+01 5.198527879999999962e-02 -4.021610569999999572e-03 -6.621912800000000210e-02 1.630170430000000073e-02 -2.433978679999999895e-02 -4.515546549999999854e-02
9.786637890000000084e+01 4.532700550000000328e-02 -9.977535960000000551e-03 -6.336853839999999349e-02 1.799924580000000079e-02 2.691162750000000020e-02 -2.069486740000000061e-02
1.005645520000000062e+02 3.667797200000000313e-02 -7.105740499999999883e-03 -6.198176479999999849e-02 4.362058250000000123e-03 5.121672360000000153e-03 1.671957269999999962e-03
1.032763489999999962e+02 3.259967739999999892e-02 -5.440823420000000070e-03 -6.138460500000000181e-02 3.754790379999999733e-02 -3.040658829999999882e-02 -5.571566959999999652e-03
1.059778179999999992e+02 4.329056879999999830e-02 -7.273665860000000372e-03 -6.131937090000000312e-02 8.556826919999999809e-03 -2.200691449999999869e-02 -2.655097520000000016e-02
1.086817089999999979e+02 4.326339049999999853e-02 9.650756510000000265e-04 -6.460370790000000141e-02 2.380161269999999871e-02 1.750466079999999855e-02 -2.538067930000000028e-02
1.113839269999999999e+02 5.074303730000000179e-02 5.648745000000000155e-03 -7.079213299999999320e-02 2.320718160000000141e-02 1.963819779999999987e-02 -3.516543820000000292e-02
1.140938799999999986e+02 5.982224810000000281e-02 8.731378990000000090e-03 -5.369639200000000251e-02 1.252944609999999924e-02 8.276456579999999811e-04 1.147282990000000023e-02
1.167863799999999941e+02 5.287494069999999768e-02 1.098332209999999982e-02 -4.982824629999999672e-02 9.624259660000000424e-03 1.717677969999999860e-02 -2.204293930000000151e-02
1.194856460000000027e+02 5.565271919999999900e-02 1.153922089999999921e-02 -5.401733449999999992e-02 9.330569029999999375e-03 2.348807519999999982e-02 -9.996150250000000390e-03
1.221866459999999961e+02 5.942983510000000164e-02 6.305100329999999663e-03 -4.757312360000000295e-02 1.480753349999999920e-02 1.021393680000000012e-02 6.399157479999999535e-04
1.248806929999999937e+02 6.242242779999999935e-02 8.796688429999999573e-03 -4.609937349999999878e-02 -2.166908790000000168e-02 4.783887249999999730e-02 -9.171551790000000539e-04
1.275813019999999938e+02 6.732557109999999512e-02 9.172503389999999562e-03 -4.774289599999999995e-02 2.106074720000000039e-02 -1.468168960000000014e-03 -2.663612060000000031e-02
1.302690680000000043e+02 6.723694650000000550e-02 1.016169400000000063e-02 -4.959797590000000062e-02 8.844038690000000091e-03 9.621893200000000354e-03 -2.472727660000000049e-02
1.329738649999999893e+02 7.457125729999999897e-02 2.565715149999999931e-03 -3.528560449999999793e-02 2.328912240000000078e-02 -1.184467590000000056e-02 1.684874680000000152e-02
1.356787400000000048e+02 7.642880139999999600e-02 3.916053420000000125e-03 -1.535840689999999967e-02 2.383000780000000055e-02 -8.500893610000000850e-03 -4.445664690000000058e-03
1.383825989999999990e+02 7.436669049999999892e-02 3.441146989999999909e-03 1.137954239999999957e-02 2.654242819999999906e-02 6.299581469999999961e-02 8.389981089999999989e-03
1.410868020000000058e+02 6.703318889999999863e-02 8.047636440000000349e-03 3.683661159999999934e-02 1.486528749999999933e-02 1.354177300000000000e-02 -3.398523390000000172e-02
1.437802090000000135e+02 6.693233710000000281e-02 7.787052929999999790e-03 4.048077070000000166e-02 3.254969749999999957e-03 3.910409150000000028e-02 -8.974393889999999693e-03
1.464825519999999983e+02 6.820612560000000046e-02 1.046157410000000086e-02 4.194040749999999873e-02 1.685694570000000059e-02 -1.431458229999999984e-02 -1.153508599999999995e-02
1.491886299999999892e+02 6.939305060000000580e-02 1.327660129999999952e-02 4.142075919999999717e-02 -2.365471120000000108e-02 -1.611206540000000020e-02 -3.816145659999999919e-03
1.518811460000000011e+02 6.752113270000000000e-02 6.854318849999999942e-03 4.187206279999999836e-02 -1.123708839999999938e-02 -1.789299479999999914e-02 1.590295539999999827e-02
1.545818490000000054e+02 6.933073359999999963e-02 5.158602049999999779e-03 4.524178029999999934e-02 -3.579734970000000155e-02 2.176534969999999874e-02 7.555991449999999686e-03
1.572850840000000119e+02 7.021232030000000568e-02 -6.135292819999999848e-03 4.427818929999999958e-02 -1.087388090000000057e-02 -5.002271219999999963e-02 1.735809380000000049e-03
1.599836300000000051e+02 6.773276790000000436e-02 -5.671436529999999802e-03 4.797428730000000141e-02 -3.792883899999999805e-03 -9.565824920000000342e-03 -3.942762109999999737e-02
1.626908650000000023e+02 6.429534309999999919e-02 -8.485589639999999156e-03 4.586619150000000034e-02 -5.091710390000000336e-02 -4.283229169999999697e-03 -2.365906779999999918e-02
1.653902870000000007e+02 6.238419869999999728e-02 -1.059836040000000038e-03 5.760271279999999716e-02 -6.559627120000000033e-02 -1.064034359999999936e-02 -3.260988640000000299e-02
1.680872709999999870e+02 5.502781670000000264e-02 -6.497737160000000185e-03 5.754540670000000274e-02 -4.137571260000000306e-02 -1.541057030000000071e-02 -4.369699889999999892e-02
1.707978019999999901e+02 5.951316200000000139e-02 -3.721750690000000077e-03 5.834237760000000189e-02 9.301189540000000516e-04 7.488751380000000304e-03 -3.474604030000000288e-02
1.735052399999999864e+02 6.364495720000000467e-02 -6.619567399999999732e-04 6.574061439999999423e-02 -1.898460570000000056e-02 8.541648239999999684e-03 -3.681179720000000294e-02
1.762176619999999900e+02 5.957959659999999963e-02 -4.204416160000000111e-03 6.284042580000000211e-02 -8.579192620000000366e-03 5.852519970000000064e-03 -1.988459019999999980e-02
1.789037549999999896e+02 4.946122029999999725e-02 -1.091311090000000048e-03 7.365505320000000078e-02 4.904466980000000281e-02 2.324538979999999852e-02 -3.594242160000000325e-02
1.815973649999999964e+02 4.978421660000000026e-02 1.560211510000000064e-03 6.054288750000000330e-02 1.482769509999999971e-02 2.864534570000000155e-02 1.236694999999999982e-02
1.842977089999999976e+02 5.381170700000000029e-02 -3.988168900000000142e-03 5.897363419999999967e-02 4.466158779999999939e-02 6.221876040000000330e-02 1.563087200000000052e-02
1.869948339999999973e+02 6.585607759999999311e-02 6.165687169999999745e-03 4.635072130000000151e-02 7.826683460000000842e-03 2.363002189999999919e-02 2.683515950000000053e-02
1.896863180000000000e+02 6.119379829999999770e-02 2.812004160000000121e-03 4.817278369999999921e-02 9.751458969999999768e-03 2.088702510000000137e-02 7.012465610000000182e-02
1.923922550000000058e+02 5.289895370000000097e-02 7.919117729999999508e-03 4.620490979999999914e-02 -3.554459680000000149e-02 2.188775150000000017e-02 -1.126565399999999995e-02
1.950830050000000142e+02 5.094962930000000029e-02 4.257770030000000011e-03 4.814610059999999830e-02 -3.667047319999999777e-02 1.204664520000000086e-02 -1.141244139999999900e-03
1.977850679999999954e+02 6.457352389999999887e-02 -3.553559479999999788e-03 6.282613559999999930e-02 -4.284427429999999870e-02 3.354499130000000023e-02 1.339711600000000058e-02
2.004813800000000015e+02 5.971392030000000073e-02 -1.118130399999999955e-02 5.573122679999999857e-02 2.482145700000000163e-02 4.004286989999999991e-02 -4.545335880000000127e-03
2.031905840000000012e+02 5.965178589999999698e-02 -4.830713500000000105e-03 4.320753439999999723e-02 -1.051231400000000003e-02 3.103829119999999830e-02 -2.567711950000000146e-02
2.059005370000000141e+02 6.199286849999999932e-02 -8.548642780000000746e-03 4.241106449999999806e-02 3.074173079999999864e-02 8.819795550000000253e-04 -1.773372280000000065e-02
2.085881459999999947e+02 5.670813019999999816e-02 -1.926774580000000089e-03 2.827369910000000069e-02 5.155150060000000117e-02 -5.709131650000000280e-02 -1.803298840000000167e-02
2.112990049999999940e+02 5.711736950000000090e-02 -5.837878930000000091e-03 2.948978429999999859e-02 1.045843969999999956e-01 4.360230530000000146e-03 -9.468816229999999640e-03
2.140069900000000018e+02 5.995189439999999703e-02 -7.299338849999999906e-03 2.924681319999999918e-02 6.258152270000000295e-02 1.574992589999999956e-02 2.243569650000000124e-02
2.167205519999999979e+02 5.220631669999999808e-02 -9.050503950000000214e-03 4.022244369999999902e-02 4.578969740000000260e-02 -1.964744859999999899e-02 -1.042603419999999989e-02
2.194301930000000027e+02 6.154611670000000034e-02 -6.894221740000000369e-03 4.014988309999999866e-02 -7.235626609999999681e-02 -4.548329680000000146e-03 -5.207873689999999861e-02
2.221354430000000093e+02 5.679150499999999907e-02 -1.171079589999999941e-02 5.304266829999999822e-02 -8.056478849999999803e-02 7.838851500000000583e-03 -3.000902969999999850e-02
2.248277870000000007e+02 6.484199320000000322e-02 -2.933000939999999774e-04 5.262570949999999942e-02 -6.467562289999999325e-02 9.814285620000000408e-04 -4.493423839999999975e-02
2.275194740000000024e+02 7.106354619999999400e-02 -9.155829500000000482e-03 4.703179729999999725e-02 8.825543789999999375e-03 -2.056597189999999960e-03 -3.115334419999999868e-02
2.302374120000000062e+02 5.902563009999999694e-02 -1.008462960000000054e-02 5.479357790000000117e-02 1.093604989999999964e-02 4.593961800000000151e-02 -2.505144219999999936e-02
2.329381769999999960e+02 6.445733339999999700e-02 -6.165865010000000368e-03 5.410232449999999998e-02 -1.679891089999999837e-02 1.488427089999999967e-02 2.535808430000000002e-02
2.356442399999999964e+02 7.205743230000000166e-02 -2.344291450000000020e-03 5.766098170000000245e-02 -6.455985499999999933e-02 1.600937909999999853e-02 1.462823149999999996e-02
2.383433799999999962e+02 6.984774529999999981e-02 -3.994079400000000342e-03 4.326471640000000007e-02 -9.034960849999999766e-02 -1.149585439999999993e-02 -6.176183590000000265e-03
2.410321460000000116e+02 5.606171459999999968e-02 -9.236487609999999987e-03 5.813132530000000159e-02 -5.540953209999999879e-02 -1.487716300000000054e-02 -1.465608620000000096e-03
2.437341930000000048e+02 3.694174659999999860e-02 -8.955469120000000144e-03 6.953636720000000437e-02 -1.126362749999999940e-01 -3.358623849999999716e-02 -2.740800360000000130e-02
2.464361150000000009e+02 2.748757370000000019e-02 -1.334474090000000064e-02 7.375253190000000125e-02 -1.055207390000000023e-01 5.678799130000000348e-03 -4.265743930000000239e-02
2.491238490000000070e+02 3.015881119999999985e-02 -1.930863160000000078e-02 6.908127699999999649e-02 -3.571101410000000059e-02 -7.470354979999999784e-03 -1.488531629999999967e-02
2.518299739999999929e+02 3.844911899999999688e-02 -1.583452319999999885e-02 6.910832949999999586e-02 -3.567648899999999873e-02 -1.084166760000000035e-02 -2.494772069999999856e-03
2.545338490000000036e+02 4.981541560000000285e-02 -1.201570620000000020e-02 6.129471580000000336e-02 -5.995133819999999905e-03 1.232831830000000010e-02 1.350540090000000061e-02
2.572306459999999788e+02 5.704258229999999846e-02 -2.422617130000000087e-03 4.470892020000000189e-02 2.958794210000000036e-02 -8.236782999999999258e-03 5.908562490000000139e-02
2.599430370000000039e+02 5.810710360000000130e-02 2.351265099999999986e-03 4.023994610000000000e-02 5.237689749999999839e-02 3.537773389999999962e-02 3.453120839999999914e-02
2.626535840000000235e+02 5.866721729999999774e-02 1.630697449999999899e-03 4.474051359999999672e-02 -4.207578330000000429e-03 1.006332409999999983e-02 6.045744290000000173e-03
2.653516149999999811e+02 5.715297460000000329e-02 2.464418209999999932e-04 4.412392059999999810e-02 -2.807837750000000132e-03 -1.312811209999999911e-03 2.401580860000000067e-02
2.680432379999999739e+02 5.854997380000000196e-02 5.405703399999999686e-03 4.514624279999999990e-02 -2.278310880000000010e-02 2.003207690000000096e-02 -6.146570540000000082e-03
