# a=0.06048512152942765, b=-146.9184612514236, c=-0.0012919976929374132, xi=6.428510291893826
7.046334840000000321e-01 5.721982479999999927e-02 -8.269428980000000096e-03 7.179740480000000591e-02 -5.895248209999999663e-03 -2.279648219999999906e-02 6.157162370000000134e-02
3.406086000000000169e+00 5.278045989999999993e-02 6.040417190000000290e-03 6.441542869999999921e-02 -1.419037629999999987e-02 -4.297786630000000052e-02 -2.203292559999999942e-02
6.107138039999999712e+00 5.432462770000000274e-02 -9.891341439999999652e-03 6.330761930000000648e-02 2.966322180000000117e-03 -1.888523439999999914e-02 7.806798289999999918e-02
8.806329129999999950e+00 6.226049069999999713e-02 -4.897232120000000015e-03 6.556157740000000123e-02 2.509187159999999930e-02 1.833802959999999982e-02 2.357488400000000081e-02
1.150542289999999923e+01 6.523319210000000368e-02 -5.688752069999999765e-03 7.050167629999999630e-02 1.225458570000000080e-02 5.795261599999999846e-02 1.202413390000000026e-01
1.420289159999999917e+01 6.778342900000000615e-02 -2.351112609999999985e-03 5.581297400000000131e-02 -3.115134009999999832e-03 6.524515029999999709e-03 5.963032990000000089e-02
1.689690099999999973e+01 6.141136669999999742e-02 -8.882315720000000595e-03 5.039037460000000274e-02 -1.441773529999999977e-02 2.503007849999999875e-03 6.506448419999999455e-02
1.960033230000000160e+01 7.253353769999999756e-02 -7.285287520000000190e-03 4.303316459999999982e-02 1.773079299999999990e-04 1.139235019999999994e-02 2.200094390000000011e-02
2.230184789999999850e+01 6.799808779999999553e-02 -5.234044929999999733e-04 4.774419280000000154e-02 -1.192973429999999967e-02 -6.401409910000000099e-03 1.993914570000000080e-02
2.498283229999999833e+01 7.813403770000000581e-02 5.588291159999999799e-03 3.920482680000000192e-02 -1.492759249999999968e-02 -8.104263979999999992e-03 -1.079358939999999940e-02
2.768566969999999827e+01 7.585197729999999805e-02 -9.486986989999999717e-03 3.640401189999999815e-02 1.138597419999999930e-03 -1.793905910000000159e-02 4.260003939999999767e-02
3.037698070000000072e+01 7.675751910000000455e-02 -6.594219259999999951e-03 1.638716700000000109e-02 -3.034186410000000098e-02 -2.172921660000000019e-02 -9.866880629999999833e-03
3.307809009999999716e+01 7.632109770000000681e-02 -3.627580180000000189e-03 -5.264336290000000244e-03 -1.414748319999999983e-02 -2.328761310000000001e-02 -6.346730859999999419e-02
3.576793229999999824e+01 7.579743149999999818e-02 -6.029617289999999845e-03 -2.506367899999999843e-02 -1.135621319999999962e-02 -3.454383899999999979e-02 -3.861959100000000172e-02
3.845899789999999996e+01 7.518769270000000282e-02 -8.622987060000000120e-03 -3.181654069999999973e-02 -2.955405480000000001e-02 8.771347159999999879e-03 -2.671836309999999978e-02
4.116579939999999738e+01 7.226977390000000057e-02 -1.389173500000000054e-02 -5.202544309999999894e-02 -3.234981559999999985e-03 1.889556350000000037e-02 -4.680408560000000329e-02
4.386496040000000107e+01 6.942409920000000567e-02 -1.577938820000000103e-02 -6.550167379999999318e-02 -1.703108310000000028e-02 2.342977049999999881e-02 -3.394954249999999896e-02
4.656425260000000321e+01 7.033067329999999340e-02 -1.618537529999999891e-02 -5.339878960000000313e-02 -3.054008570000000047e-02 1.014897160000000076e-02 -3.969306709999999988e-02
4.926347289999999646e+01 7.083098479999999642e-02 -7.323184990000000325e-03 -5.629965869999999789e-02 -2.047460259999999907e-02 5.567744839999999584e-03 -4.223352529999999799e-02
5.196424629999999922e+01 6.639491999999999616e-02 -7.496490800000000024e-03 -5.930031610000000009e-02 7.207482999999999989e-04 -1.408949280000000061e-02 -2.512163889999999983e-02
5.466423689999999880e+01 6.555219199999999524e-02 -1.566149559999999857e-02 -6.303073589999999560e-02 1.382760079999999919e-02 1.089203419999999929e-02 -1.200410080000000046e-02
5.735820100000000110e+01 6.210055340000000118e-02 -3.390657100000000080e-03 -5.667187700000000244e-02 -2.279748930000000118e-02 -3.168608839999999954e-02 2.271223919999999959e-03
6.006418690000000282e+01 6.114479720000000340e-02 -6.396043190000000236e-04 -6.015413409999999933e-02 -2.297828209999999889e-04 2.167929470000000045e-04 -1.798390890000000145e-02
6.277074319999999830e+01 6.455599099999999313e-02 -5.227459900000000145e-03 -7.354081060000000614e-02 -1.788681929999999878e-02 2.220469389999999918e-02 -4.363894769999999979e-02
6.548180879999999604e+01 5.748807909999999882e-02 1.656252430000000055e-04 -6.486799259999999345e-02 -3.192590110000000092e-02 -2.490473710000000104e-02 -5.278321639999999926e-02
6.818381979999999487e+01 6.544923149999999634e-02 -2.343941689999999838e-03 -5.826183749999999661e-02 -1.193157949999999919e-02 -4.264590230000000343e-03 -2.918667310000000112e-02
7.087674010000000635e+01 5.844467729999999750e-02 6.209551500000000390e-03 -6.336401460000000430e-02 -2.569228360000000086e-02 3.856303509999999685e-02 -3.343704819999999966e-02
7.357887599999999395e+01 5.835394840000000111e-02 6.924951779999999855e-03 -6.377747490000000574e-02 -9.584674070000000212e-03 2.740856469999999878e-02 -5.359600999999999948e-02
7.627865730000000610e+01 6.122310079999999932e-02 2.992186710000000176e-03 -6.343366620000000233e-02 -2.410002639999999849e-02 2.548053289999999832e-02 -3.290958549999999788e-02
7.898495409999999595e+01 5.748894529999999670e-02 8.369534680000000407e-03 -7.243045700000000364e-02 -2.078589410000000054e-02 1.415019619999999950e-02 -5.807256279999999798e-02
8.167780410000000302e+01 4.731899149999999749e-02 1.462152520000000074e-02 -6.994686780000000659e-02 -4.859379599999999813e-03 2.691167250000000080e-02 -4.564537979999999662e-02
8.438244319999999732e+01 5.665329410000000121e-02 1.817164640000000150e-02 -7.233548469999999397e-02 1.090877869999999986e-02 2.108677499999999858e-02 -3.751851910000000151e-02
8.707300259999999525e+01 5.889811080000000032e-02 1.500630170000000034e-02 -7.420242620000000455e-02 -2.109605269999999949e-02 5.160815600000000225e-03 -8.385818109999999825e-02
8.977733229999999764e+01 6.756748719999999819e-02 6.445874889999999788e-03 -5.987087459999999861e-02 -4.437574459999999582e-03 1.617967320000000125e-02 -4.720375050000000239e-02
9.247389479999999651e+01 6.244877880000000020e-02 2.934640670000000003e-03 -5.521063739999999831e-02 1.675554959999999913e-02 8.814124379999999787e-03 -4.588103009999999760e-02
9.518301510000000576e+01 5.395807169999999875e-02 -1.303238329999999948e-03 -4.499450719999999876e-02 5.096135590000000146e-03 7.109540580000000415e-03 -4.502905980000000002e-02
9.788943380000000616e+01 5.483414899999999870e-02 1.443002430000000016e-02 -5.405960790000000071e-02 -1.463877379999999929e-02 2.060186010000000095e-02 -6.070132200000000200e-02
1.005887620000000027e+02 5.613857860000000255e-02 8.138800470000000578e-03 -5.865294590000000308e-02 2.238537269999999867e-03 4.348321849999999683e-02 -9.737686650000000610e-02
1.032833239999999932e+02 5.779312080000000018e-02 1.229121920000000000e-02 -6.569988729999999555e-02 7.933676889999999662e-03 -4.405272630000000092e-03 -1.025394699999999937e-01
1.059656209999999987e+02 5.896251050000000243e-02 3.761667069999999943e-03 -6.465282799999999552e-02 -1.046267210000000059e-02 8.210503500000000676e-03 -6.709912799999999573e-03
1.086810739999999953e+02 5.763821279999999797e-02 8.287985379999999666e-03 -5.805183740000000037e-02 1.713041280000000138e-02 1.287148580000000049e-02 -5.640747769999999994e-02
1.113705279999999931e+02 6.891834730000000186e-02 4.381680060000000404e-03 -6.085669099999999748e-02 -3.711971159999999902e-03 -8.720653880000000038e-03 -3.212804439999999984e-02
1.140724179999999990e+02 6.687489380000000150e-02 5.049285709999999693e-04 -5.613114069999999844e-02 -2.589456520000000053e-02 -2.185468700000000111e-02 -4.748080319999999771e-02
1.167712310000000002e+02 6.679406089999999352e-02 7.714163359999999872e-03 -5.317963419999999913e-02 8.761996839999999440e-03 6.790386100000000286e-03 -2.877100210000000172e-02
1.194684960000000018e+02 6.433606420000000103e-02 1.377763379999999947e-02 -6.014726349999999916e-02 4.407208030000000121e-04 9.094185030000000169e-03 -1.024462069999999975e-01
1.221764809999999954e+02 6.149917939999999944e-02 1.008558430000000040e-02 -5.764095939999999696e-02 2.411908739999999926e-02 -3.835197879999999865e-02 -7.044383749999999500e-02
1.248851370000000003e+02 4.854144719999999719e-02 8.259503959999999270e-03 -7.052466840000000403e-02 1.661418279999999845e-02 -5.292919120000000310e-02 -9.348310210000000675e-02
1.275905900000000059e+02 5.675049499999999802e-02 1.026382280000000084e-02 -7.055823710000000415e-02 2.448712070000000005e-02 -8.501078159999999814e-03 -3.272702949999999750e-02
1.302931370000000015e+02 5.977288549999999756e-02 -9.715714210000000323e-03 -6.381177459999999579e-02 2.582262249999999967e-02 1.755863530000000006e-02 -7.287723070000000358e-02
1.330041060000000073e+02 6.442012499999999475e-02 -7.857486920000000125e-03 -5.623978730000000342e-02 1.662337739999999921e-03 2.743857499999999977e-02 -2.042414899999999908e-02
1.357139180000000067e+02 6.547532659999999449e-02 -5.727410149999999887e-03 -5.372014940000000016e-02 -1.136269259999999909e-03 7.314930370000000126e-02 -4.669740420000000058e-02
1.383963400000000092e+02 6.616942280000000232e-02 3.262356530000000161e-03 -5.097895990000000238e-02 -1.063281940000000009e-02 1.241061710000000012e-02 6.508854009999999642e-03
1.410990590000000111e+02 6.375333190000000150e-02 -4.835141579999999682e-03 -4.484056279999999728e-02 2.220984120000000020e-02 -1.689076419999999829e-02 -1.513239630000000075e-03
1.438031530000000089e+02 6.766796660000000407e-02 -8.751836330000000233e-03 -2.942337730000000109e-02 1.415467219999999929e-02 -2.976677579999999906e-02 -4.224928740000000182e-02
1.465105120000000056e+02 6.653400959999999920e-02 -1.159524159999999896e-03 -1.836110580000000023e-03 -7.217933119999999682e-03 -1.947043240000000119e-02 -2.656835399999999889e-02
1.492026679999999885e+02 7.530799050000000494e-02 3.127486770000000027e-03 1.369517469999999987e-02 -3.225552009999999720e-02 1.610623720000000161e-02 3.641435020000000078e-02
1.519072779999999909e+02 7.260427510000000417e-02 -2.759708440000000016e-03 3.525325029999999693e-02 -4.406965069999999735e-02 1.404311880000000054e-02 2.284943069999999937e-03
1.546149810000000002e+02 6.342631179999999591e-02 -2.665137159999999943e-03 5.126682280000000036e-02 -6.396392750000000349e-02 1.350690610000000041e-02 -6.486488210000000351e-03
1.573235119999999938e+02 4.902304629999999774e-02 -1.088162730000000016e-02 6.583133720000000633e-02 -1.485397939999999993e-02 -1.637783259999999949e-02 -3.046786749999999891e-02
1.600230280000000107e+02 5.128833430000000193e-02 -1.242688829999999975e-03 6.309388100000000443e-02 -5.613805000000000184e-02 -6.191566429999999926e-02 3.024752649999999914e-04
1.627205739999999992e+02 5.472223670000000290e-02 4.583155159999999576e-03 6.633338769999999607e-02 1.069112770000000059e-02 -1.958428700000000144e-03 1.940358010000000147e-02
1.654224030000000027e+02 5.772129799999999727e-02 3.968144649999999843e-03 5.162415549999999770e-02 -5.067023550000000071e-02 3.582003510000000140e-02 5.339909889999999715e-02
1.681251839999999902e+02 5.953425860000000069e-02 6.202359890000000084e-03 6.156707639999999676e-02 -3.147914349999999823e-03 1.736893030000000084e-03 5.315390279999999967e-02
1.708221839999999929e+02 6.345407440000000454e-02 -1.364231060000000014e-03 6.162683129999999704e-02 -2.168538000000000063e-02 3.555407750000000311e-02 4.979812649999999785e-02
1.735247929999999883e+02 6.547609220000000230e-02 7.154251520000000017e-03 5.773882260000000322e-02 1.429847629999999974e-02 1.219568820000000060e-02 5.708032720000000282e-02
1.762250119999999924e+02 6.121414120000000236e-02 1.000673520000000018e-02 6.344137260000000389e-02 3.009326270000000150e-02 -8.743285430000000830e-03 -4.391277939999999567e-03
1.789105900000000133e+02 5.313996809999999710e-02 1.351068360000000010e-02 5.621633620000000137e-02 4.601529680000000094e-02 -1.980560420000000189e-03 1.261686610000000049e-02
1.816229810000000100e+02 5.997273639999999711e-02 7.825853009999999763e-03 5.533141400000000237e-02 -2.959225600000000081e-02 -1.055803419999999963e-03 1.068266349999999996e-02
1.843111059999999952e+02 5.732549099999999925e-02 2.837974239999999961e-03 5.729691480000000114e-02 4.240204870000000015e-02 1.327330099999999950e-02 2.983875429999999912e-02
1.870120900000000006e+02 5.477850489999999684e-02 5.926220959999999906e-03 6.160443289999999877e-02 2.369768699999999853e-02 2.790090240000000187e-03 2.819330570000000077e-02
1.897136680000000126e+02 5.638984429999999853e-02 6.106819539999999887e-03 5.993623260000000008e-02 -6.325672809999999648e-04 -1.079524320000000044e-02 4.713768189999999886e-02
1.924061680000000081e+02 6.079863509999999804e-02 6.250501980000000091e-04 5.665100320000000106e-02 -4.405759819999999910e-02 -4.967383539999999792e-02 6.862820760000000464e-02
1.951162309999999991e+02 5.655829849999999964e-02 5.324255909999999793e-03 5.683112609999999704e-02 -8.029765329999999368e-02 -2.690056680000000016e-03 1.726467070000000173e-02
1.978089180000000056e+02 6.280043800000000009e-02 -1.959509150000000172e-03 5.579000540000000202e-02 -3.401638779999999890e-02 1.375493559999999916e-03 -3.772026510000000069e-03
2.005150590000000079e+02 6.725801100000000643e-02 2.553514380000000000e-03 5.027520120000000120e-02 2.776318350000000178e-03 2.376119670000000073e-02 2.353156450000000108e-02
2.032046530000000075e+02 6.160110120000000106e-02 1.661925860000000002e-04 6.206397129999999956e-02 1.633001549999999955e-02 2.513424900000000087e-02 5.656448280000000300e-02
2.059088240000000098e+02 5.801668509999999973e-02 4.642764009999999705e-03 6.243457360000000123e-02 -3.213704509999999737e-02 5.474319429999999903e-02 8.669842739999999992e-02
2.086085280000000068e+02 6.500074229999999731e-02 1.829604729999999985e-03 6.424294590000000083e-02 -2.056875169999999864e-02 1.749829660000000019e-03 4.619229360000000340e-02
2.113050739999999905e+02 6.740771989999999603e-02 4.661951529999999733e-03 6.397784149999999337e-02 -5.531054290000000234e-02 -2.224425520000000017e-03 6.199490880000000162e-03
2.140125740000000008e+02 6.270507729999999502e-02 1.030461379999999920e-02 6.484724790000000183e-02 -6.197111400000000075e-02 4.450752990000000214e-02 -5.236384050000000151e-02
2.167313090000000102e+02 5.990326259999999986e-02 1.356791299999999915e-02 6.736312760000000288e-02 -6.453205080000000426e-02 2.377133279999999946e-02 -7.378610330000000272e-02
2.194325430000000097e+02 5.693288760000000254e-02 1.366389039999999985e-02 6.645814889999999975e-02 -3.496226560000000039e-02 3.629905890000000024e-02 -9.444694039999999846e-03
2.221350590000000125e+02 5.174877359999999898e-02 1.172281000000000017e-02 6.927435060000000644e-02 -1.813650890000000060e-04 1.247008649999999975e-02 -8.859909770000000406e-03
2.248329650000000015e+02 3.798978330000000320e-02 3.415766770000000160e-03 6.704501949999999710e-02 9.676079589999999134e-03 -2.246954740000000131e-02 -1.639316919999999830e-02
2.275478870000000029e+02 3.396172279999999655e-02 4.432638570000000354e-03 7.280341090000000404e-02 1.590059060000000024e-02 -5.244345230000000031e-03 -4.965423470000000089e-02
2.302472620000000063e+02 4.218911880000000142e-02 -6.211124779999999644e-03 6.659986060000000485e-02 1.689768129999999827e-02 -7.596768989999999784e-03 -1.949741979999999875e-02
2.329405739999999980e+02 5.003418119999999969e-02 -4.715123699999999689e-03 6.818113119999999472e-02 3.589693559999999894e-02 -3.338365759999999821e-03 1.824507530000000002e-02
2.356487620000000049e+02 5.871568810000000332e-02 -1.195958960000000071e-02 6.607638139999999494e-02 -3.894269930000000129e-02 4.676306940000000273e-02 1.751224610000000001e-02
2.383450430000000040e+02 5.384607789999999727e-02 -1.181882100000000019e-02 7.371802389999999872e-02 -9.183545229999999504e-03 3.710817479999999752e-02 8.287562190000000162e-03
2.410415900000000136e+02 5.198412050000000145e-02 -7.634230050000000330e-03 6.881322019999999706e-02 -8.702041900000000510e-03 1.213630409999999927e-03 1.468201220000000043e-02
2.437447459999999921e+02 6.567831329999999912e-02 -9.643852919999999426e-03 6.057200100000000031e-02 -1.834454170000000134e-02 2.356292789999999901e-02 1.401541079999999925e-02
2.464446059999999932e+02 6.133289649999999760e-02 2.194826909999999815e-03 5.494005839999999835e-02 -5.878706169999999703e-02 2.673773850000000021e-02 -3.023122329999999858e-02
2.491445280000000082e+02 6.858946470000000517e-02 -1.890357179999999993e-03 5.994030780000000197e-02 -4.159798990000000002e-02 -1.480706350000000025e-02 -3.824130749999999843e-03
2.518331369999999936e+02 6.406409540000000680e-02 2.615226369999999832e-03 6.027728859999999939e-02 -3.328177019999999792e-02 -3.637506500000000156e-03 3.181402710000000300e-02
2.545454340000000002e+02 6.301274919999999558e-02 8.310003859999999867e-03 6.420337499999999309e-02 -7.819405340000000482e-02 -3.237076030000000243e-02 -3.787009410000000131e-03
2.572409959999999955e+02 5.855431350000000340e-02 4.808532570000000235e-03 7.254058739999999506e-02 -4.349560759999999970e-02 3.384800019999999882e-02 1.529171070000000070e-02
2.599541990000000169e+02 4.714426270000000169e-02 1.200949190000000065e-04 7.253352799999999989e-02 -6.982898220000000045e-02 2.170756149999999995e-02 -4.648483249999999997e-03
2.626525740000000155e+02 4.918656209999999751e-02 -3.317354859999999822e-03 6.698903350000000312e-02 -8.357352700000000856e-03 3.451088699999999704e-02 2.335489749999999920e-02
2.653535739999999805e+02 4.824896430000000236e-02 -9.483547649999999728e-04 7.163785320000000401e-02 6.083453919999999744e-03 1.851084459999999959e-02 6.567427439999999790e-03
2.680575820000000249e+02 5.556379489999999782e-02 -8.787964489999999448e-03 6.787535799999999675e-02 1.114572810000000018e-02 -5.400603539999999925e-03 2.817649090000000009e-02
