# a=0.0642522779539221, b=-130.5967537452523, c=-0.00021734402589134512, xi=6.6140991266682185
6.621014819999999634e-01 8.038406130000000371e-02 1.062314890000000053e-02 1.616012660000000142e-02 -5.602213800000000257e-03 -6.455461049999999812e-02 -9.104583129999999774e-03
3.365148410000000201e+00 7.987748470000000101e-02 1.013051119999999923e-02 -3.131178230000000035e-03 -3.151399510000000171e-03 -1.278584380000000013e-02 3.623424070000000330e-02
6.073050130000000379e+00 7.726783639999999787e-02 4.125048109999999643e-03 -2.259616060000000162e-02 -5.303167470000000197e-04 -9.353072100000000069e-03 7.675350359999999483e-02
8.774754189999999454e+00 6.876467980000000590e-02 6.306515070000000105e-03 -4.760953899999999933e-02 -3.269219659999999823e-03 -1.089760730000000066e-02 5.649863360000000057e-02
1.147994279999999989e+01 6.800810509999999365e-02 9.958234470000000560e-03 -6.259047180000000543e-02 -1.126966980000000066e-03 7.712546210000000013e-02 2.207723569999999955e-02
1.418725369999999941e+01 6.449263330000000460e-02 1.225630999999999943e-02 -7.375230110000000061e-02 -7.131824109999999710e-03 7.024311049999999723e-02 -1.130177609999999952e-03
1.688804280000000091e+01 5.939585599999999688e-02 4.469717879999999741e-03 -7.748317109999999786e-02 1.090865950000000084e-02 3.963143580000000332e-02 -1.856836900000000123e-02
1.958848340000000121e+01 5.347581180000000184e-02 1.003244099999999985e-04 -7.458665019999999313e-02 -1.986690190000000092e-02 1.678939000000000126e-02 1.838701590000000122e-02
2.228700219999999987e+01 5.323833339999999720e-02 7.665850810000000327e-03 -7.311828820000000617e-02 -5.336637929999999731e-03 2.654118759999999841e-02 1.309194039999999996e-02
2.498076620000000148e+01 6.177417009999999764e-02 5.344676640000000072e-04 -7.407491210000000104e-02 1.991379979999999966e-02 4.211961300000000019e-02 -9.332250440000000244e-03
2.767498810000000020e+01 6.740413080000000334e-02 2.349735029999999811e-03 -7.038773939999999618e-02 2.092245750000000168e-02 2.508316559999999862e-02 8.851186869999999596e-03
3.037161150000000021e+01 6.801725240000000561e-02 -2.068001629999999952e-03 -6.338719859999999984e-02 9.294089230000000118e-03 -7.168879419999999586e-03 1.164355819999999923e-02
3.307264119999999963e+01 6.524234349999999405e-02 -4.678332089999999964e-04 -6.418572670000000091e-02 -8.951878139999999359e-03 -8.058581550000000829e-03 -1.830846430000000052e-02
3.577744750000000096e+01 6.705206489999999964e-02 -3.985164989999999754e-03 -6.709011950000000335e-02 2.032574649999999942e-04 9.855163930000000738e-03 -3.274680940000000012e-02
3.847513810000000234e+01 6.667618170000000344e-02 -5.257643779999999697e-03 -6.341872960000000115e-02 5.482079550000000349e-03 -1.904616760000000034e-02 -2.709830709999999990e-02
4.116820839999999748e+01 6.483154700000000326e-02 -5.308002070000000268e-05 -6.913792709999999619e-02 1.098234220000000004e-02 2.691148289999999860e-02 -3.494420659999999956e-02
4.386670370000000219e+01 6.444009629999999933e-02 -2.436215450000000192e-03 -6.723411669999999896e-02 -2.900059339999999804e-04 7.848029730000000408e-04 -6.288625000000000465e-02
4.656926150000000320e+01 6.757779619999999821e-02 7.069560079999999804e-04 -6.517225590000000346e-02 1.412795990000000057e-02 -4.211229450000000124e-02 -4.203973810000000144e-02
4.927577869999999649e+01 6.253384569999999310e-02 -3.673804379999999915e-03 -6.194893810000000334e-02 4.037329640000000136e-03 -4.791983739999999825e-02 -1.536382180000000000e-02
5.198087089999999932e+01 5.654708449999999720e-02 -8.585313350000000135e-03 -6.590556220000000354e-02 -1.009767379999999999e-02 -3.480690220000000334e-02 6.878511399999999616e-03
5.468245840000000157e+01 5.987359350000000247e-02 -1.251268600000000029e-02 -6.129011329999999730e-02 -1.903308039999999923e-02 -9.846578579999999345e-03 1.780311429999999889e-02
5.738134279999999876e+01 6.409290489999999729e-02 -1.337019700000000033e-02 -5.852216500000000099e-02 -9.036124300000000081e-03 -2.886225560000000093e-02 4.962268499999999971e-02
6.007580370000000158e+01 6.076444980000000190e-02 -1.050746760000000057e-02 -6.037290780000000023e-02 -1.531350299999999914e-02 -1.270926370000000083e-02 3.549596060000000108e-02
6.277429279999999778e+01 5.965394539999999829e-02 -1.368635959999999971e-02 -6.384081469999999814e-02 -7.338087529999999699e-03 -1.373843569999999917e-02 2.055277409999999982e-03
6.546813190000000304e+01 6.208359930000000027e-02 -9.726919570000000861e-03 -6.583911130000000278e-02 1.676064210000000054e-02 -7.412009290000000361e-03 -1.376147540000000058e-02
6.815809120000000121e+01 6.152361740000000107e-02 -7.837192809999999135e-03 -6.903902250000000518e-02 7.515694340000000223e-03 -3.385982209999999909e-02 -5.404134799999999947e-03
7.086020689999999433e+01 6.023488820000000299e-02 -6.459857749999999878e-03 -6.516461020000000048e-02 -3.543596520000000250e-02 -2.967083889999999960e-02 7.172685510000000389e-03
7.356335060000000681e+01 5.895580319999999680e-02 -7.433693499999999635e-03 -5.886091610000000057e-02 1.276076739999999982e-03 5.662026159999999919e-03 -2.054165869999999977e-02
7.626885059999999328e+01 5.987229649999999820e-02 -3.105804790000000083e-03 -5.436700469999999896e-02 -4.330678640000000176e-03 4.323698980000000372e-03 2.521862030000000116e-02
7.896451150000000041e+01 6.473944169999999720e-02 -8.095206270000000412e-03 -5.310141949999999667e-02 -1.482341889999999997e-03 -1.074387389999999914e-02 4.357886839999999817e-02
8.166261620000000221e+01 7.413552869999999462e-02 -6.173617709999999932e-03 -5.492095350000000126e-02 1.104447570000000045e-02 8.068154609999999421e-03 4.150697839999999833e-02
8.436446940000000438e+01 7.884811999999999377e-02 -6.465638220000000103e-03 -5.681259679999999673e-02 -8.144426840000000513e-04 1.996850999999999834e-02 1.521758760000000051e-02
8.707255689999999504e+01 7.485549390000000025e-02 -1.081562149999999939e-03 -5.846444280000000215e-02 1.743023919999999935e-02 2.125782979999999919e-02 4.412115819999999633e-03
8.976642719999999542e+01 6.848965930000000535e-02 -6.329938219999999569e-04 -5.675678910000000327e-02 2.571282280000000003e-02 2.651235399999999839e-02 2.841576289999999880e-02
9.247277250000000492e+01 6.181173069999999770e-02 -1.405445549999999929e-03 -6.331390019999999508e-02 1.825029400000000024e-02 3.941111259999999922e-02 8.752787729999999405e-03
9.517133809999999983e+01 6.294535939999999774e-02 -3.285143559999999848e-03 -6.760384880000000485e-02 -1.626067039999999977e-02 1.583565019999999893e-02 -1.593924650000000040e-02
9.785611310000000174e+01 5.622768289999999919e-02 -7.255224820000000414e-03 -6.988501530000000572e-02 1.956480730000000057e-02 4.412838189999999765e-03 -1.912828310000000073e-02
1.005523539999999940e+02 5.401819079999999745e-02 -1.167890159999999955e-02 -7.482349589999999495e-02 1.990028669999999861e-02 2.291469490000000095e-02 1.382858829999999983e-02
1.032528690000000040e+02 5.384129549999999709e-02 -6.591868209999999888e-03 -7.573079139999999709e-02 2.286685670000000031e-02 -3.311456740000000027e-03 4.760012500000000008e-02
1.059479630000000014e+02 6.018920900000000046e-02 -7.399202459999999586e-03 -6.988744389999999862e-02 1.304739169999999913e-02 -1.676519500000000010e-02 4.058103760000000143e-02
1.086503539999999930e+02 6.163483079999999836e-02 -1.613587099999999911e-03 -7.731216850000000029e-02 1.640406830000000135e-02 -1.889988399999999874e-02 -2.774307450000000098e-04
1.113508219999999937e+02 6.751002009999999831e-02 2.011513410000000026e-03 -7.255457419999999935e-02 3.055561500000000125e-02 -1.872649599999999873e-02 -2.309952079999999866e-02
1.140561820000000068e+02 6.023878530000000009e-02 5.031716710000000078e-03 -7.152352589999999566e-02 1.439633339999999914e-02 -4.235393169999999985e-02 -1.878001049999999950e-02
1.167592759999999998e+02 6.500308250000000343e-02 4.382848110000000380e-03 -6.464352019999999865e-02 5.383826270000000198e-03 -1.807942079999999910e-02 -1.988504249999999834e-02
1.194664319999999975e+02 6.530256380000000471e-02 7.699225730000000198e-03 -5.316075680000000026e-02 3.479292790000000028e-03 9.817302229999999921e-03 5.178848469999999642e-03
1.221723070000000035e+02 6.540914529999999893e-02 5.725382069999999934e-03 -4.661202829999999686e-02 2.436276730000000099e-02 4.045559519999999964e-02 2.448282879999999842e-02
1.248740410000000054e+02 7.303771489999999478e-02 8.946497560000000668e-03 -4.467966889999999691e-02 2.563168520000000047e-02 7.772717480000000678e-02 1.220546399999999920e-02
1.275759010000000018e+02 7.785212340000000064e-02 9.365350229999999665e-03 -2.817343469999999961e-02 3.809252750000000076e-02 2.896588539999999865e-02 -1.972289049999999960e-02
1.302827910000000031e+02 8.237908269999999478e-02 1.026009729999999981e-02 -5.829042670000000349e-03 3.171855070000000054e-02 -1.276887690000000006e-02 -1.729124190000000047e-02
1.329810720000000117e+02 8.362089659999999425e-02 5.347987230000000175e-03 1.994149149999999843e-02 7.078019789999999943e-03 2.025459529999999904e-03 -4.080460839999999756e-02
1.356844470000000058e+02 7.504703100000000016e-02 -2.634233149999999982e-03 4.059875679999999654e-02 -1.924776809999999977e-02 1.051536659999999929e-02 -2.411311030000000064e-02
1.383868380000000116e+02 7.000361600000000462e-02 -2.385538689999999826e-03 5.498494859999999984e-02 -2.975707220000000167e-02 6.334821270000000250e-04 3.452635469999999762e-02
1.410884790000000066e+02 6.841755459999999955e-02 -6.020614609999999818e-03 6.467566149999999514e-02 -2.769711160000000102e-02 5.263065730000000136e-02 6.172901599999999767e-02
1.437849319999999977e+02 5.869622640000000252e-02 -8.588302909999999749e-03 6.647354849999999316e-02 2.359367539999999812e-03 8.069543079999999535e-02 4.853964639999999719e-02
1.464827909999999918e+02 5.326384309999999955e-02 -8.734027749999999715e-03 7.121863850000000051e-02 6.226774350000000360e-03 2.472367240000000049e-02 1.693549659999999887e-02
1.491809159999999963e+02 5.815813489999999836e-02 -1.469246209999999948e-02 6.936055789999999444e-02 3.451562080000000147e-03 -2.885288910000000095e-02 -3.039820539999999946e-02
1.518714009999999917e+02 6.031088479999999891e-02 -1.123369599999999961e-02 6.924963019999999525e-02 1.769112579999999879e-02 -4.458568560000000097e-02 -3.816418280000000163e-02
1.545689629999999966e+02 5.456140300000000137e-02 -7.514356269999999602e-03 6.635695830000000461e-02 3.900974310000000084e-02 -6.279811110000000154e-03 -4.861060040000000221e-03
1.572741190000000131e+02 5.847775589999999746e-02 -6.469815050000000088e-03 6.381087339999999553e-02 1.821772929999999902e-02 3.302880820000000245e-02 -4.372893409999999842e-02
1.599776819999999873e+02 6.220776680000000142e-02 -5.629431449999999781e-03 6.603236129999999482e-02 -6.472467640000000022e-03 1.057819389999999950e-02 -4.135532079999999777e-02
1.626737129999999922e+02 5.914267320000000244e-02 2.051211199999999901e-03 6.539602610000000427e-02 -1.008658339999999980e-02 -6.655193210000000248e-03 -2.401922979999999985e-02
1.653629320000000007e+02 6.392721360000000463e-02 -1.234353430000000116e-04 6.802594359999999951e-02 3.840138920000000112e-03 -1.542472200000000009e-02 1.219585060000000047e-02
1.680619470000000035e+02 6.029634980000000283e-02 1.297386150000000033e-03 6.187609339999999847e-02 2.822332460000000209e-03 -1.063868339999999961e-02 2.295746430000000088e-02
1.707580409999999915e+02 7.399866269999999524e-02 -2.633272229999999818e-03 4.987496229999999892e-02 -1.748268019999999964e-02 -2.633884560000000069e-02 4.513870930000000309e-02
1.734559010000000114e+02 7.557935270000000483e-02 -1.068700859999999935e-03 5.547156550000000019e-02 -5.004399689999999845e-02 5.113528580000000281e-03 5.743386019999999897e-02
1.761530410000000018e+02 7.449537520000000523e-02 3.499021870000000155e-03 5.655650169999999755e-02 -2.771371209999999932e-02 6.176519939999999820e-02 2.421805460000000035e-02
1.788528379999999913e+02 7.080551039999999352e-02 1.053432590000000007e-03 5.409716719999999729e-02 8.691434499999999355e-03 6.604583270000000117e-02 4.888110279999999946e-02
1.815444939999999860e+02 7.098329820000000290e-02 2.525252449999999902e-03 5.990173599999999710e-02 5.108603910000000109e-02 1.919155250000000035e-02 4.767647960000000185e-02
1.842388070000000084e+02 7.243671190000000593e-02 2.324335640000000118e-05 5.784474929999999793e-02 3.291805219999999893e-02 2.092677520000000083e-02 1.683091459999999998e-02
1.869355410000000006e+02 7.182366839999999863e-02 -3.270948350000000204e-04 5.599773529999999694e-02 -9.327029080000000250e-03 2.271835590000000071e-02 2.966605069999999917e-03
1.896366969999999981e+02 7.486322250000000678e-02 3.636362120000000142e-03 5.541168550000000192e-02 -5.777236869999999996e-02 -8.514429150000000709e-03 -1.210252839999999969e-02
1.923267600000000073e+02 6.227127319999999772e-02 -2.129214520000000024e-03 5.931028819999999840e-02 -6.716001189999999677e-02 -7.672424229999999512e-02 -5.596469040000000283e-02
1.950315720000000113e+02 6.206058419999999770e-02 -4.590627009999999862e-03 6.850189140000000065e-02 -4.311832599999999849e-02 -3.188630380000000153e-02 -4.006271549999999848e-02
1.977202130000000011e+02 6.258488619999999503e-02 -1.033705679999999925e-02 6.958669689999999464e-02 1.232016590000000085e-02 -1.996810079999999932e-02 -3.420652689999999913e-02
2.004285570000000121e+02 6.789789159999999602e-02 -6.743099019999999715e-03 7.450534990000000357e-02 -1.355072199999999942e-02 -5.208948990000000084e-02 -4.348820390000000119e-02
2.031329939999999965e+02 6.512381790000000559e-02 9.789398579999998920e-04 7.136089049999999601e-02 -1.092327279999999977e-02 -2.008010990000000037e-02 -2.957069039999999857e-02
2.058416190000000086e+02 6.426185090000000044e-02 3.988904859999999747e-03 7.248607569999999944e-02 -2.094451049999999925e-02 4.047195979999999860e-02 3.721084710000000136e-03
2.085457440000000133e+02 6.634964929999999372e-02 -2.566923300000000137e-03 7.267575900000000644e-02 4.587457389999999822e-03 2.797353450000000102e-02 -2.365387929999999798e-03
2.112439789999999959e+02 6.910324889999999720e-02 2.912123960000000036e-03 6.456876500000000019e-02 3.334861409999999998e-02 -4.566617099999999846e-02 -3.642200849999999851e-02
2.139440879999999936e+02 6.453798780000000179e-02 1.457680100000000077e-03 6.759826080000000403e-02 4.222939440000000183e-02 -2.818482779999999938e-02 -3.851990859999999961e-02
2.166404159999999877e+02 6.640323230000000354e-02 -5.978602080000000075e-03 6.682722859999999654e-02 4.933298340000000226e-02 1.911454690000000123e-02 -1.268263860000000062e-02
2.193368069999999932e+02 6.022338309999999972e-02 -3.533265900000000150e-03 6.211404890000000317e-02 4.202651899999999829e-02 3.449136209999999897e-02 1.975869140000000024e-02
2.220398380000000031e+02 5.685565690000000255e-02 -2.148413830000000212e-03 5.627340260000000122e-02 1.313299979999999964e-02 2.229352949999999917e-02 2.653448370000000001e-02
2.247366969999999924e+02 5.985537660000000287e-02 2.746515619999999737e-04 5.637304370000000009e-02 -1.511598320000000044e-02 4.066881370000000051e-02 -2.871115910000000132e-02
2.274389630000000011e+02 6.316526579999999502e-02 -2.347730230000000078e-03 6.502005750000000583e-02 -4.094933280000000175e-02 -2.262753899999999860e-02 7.362208969999999887e-03
2.301364010000000064e+02 6.129569459999999886e-02 -5.846325070000000027e-03 6.696134609999999932e-02 -3.838045259999999653e-02 -4.695246000000000142e-02 2.751430369999999931e-02
2.328314939999999922e+02 6.494466799999999707e-02 6.375223170000000363e-03 6.180034400000000011e-02 4.462679819999999971e-03 -2.075083739999999954e-02 -1.935808970000000087e-02
2.355342760000000055e+02 7.580616490000000041e-02 2.311951579999999874e-03 5.318108240000000292e-02 2.217442739999999843e-02 -1.200090870000000004e-02 -1.342512419999999929e-02
2.382209630000000118e+02 7.187668699999999466e-02 9.029882540000000804e-03 5.152781050000000002e-02 7.096073980000000558e-02 1.473939110000000059e-03 -5.854948110000000178e-02
2.409246819999999900e+02 7.383206059999999904e-02 1.674611109999999889e-02 4.320667689999999755e-02 5.591361689999999746e-02 2.841248550000000095e-02 -5.631039649999999841e-02
2.436276039999999909e+02 7.599106699999999548e-02 1.444905890000000061e-02 4.292680310000000082e-02 -3.319412029999999764e-02 7.793435819999999792e-03 -3.238224270000000099e-02
2.463295259999999871e+02 7.585992900000000649e-02 7.305284950000000103e-03 4.627394089999999766e-02 -3.611638009999999788e-02 2.761617179999999866e-02 9.852795459999999159e-03
2.490323689999999885e+02 7.500240140000000166e-02 1.151623880000000009e-02 4.676117629999999858e-02 -5.880027010000000304e-02 -4.590075980000000305e-03 4.347478540000000030e-02
2.517407599999999945e+02 7.097758780000000545e-02 1.174977169999999980e-02 5.171082440000000086e-02 -6.466491580000000017e-02 2.333762270000000125e-02 7.295226509999999838e-03
2.544303069999999991e+02 6.616366630000000693e-02 1.300596120000000085e-02 6.023539230000000272e-02 -2.947728070000000047e-02 1.979778930000000020e-02 -1.086648129999999955e-02
2.571281349999999861e+02 6.508625449999999590e-02 1.649117749999999896e-02 5.644753539999999847e-02 -2.074698419999999877e-02 -8.955963500000000549e-03 1.040223099999999963e-02
2.598263380000000211e+02 6.868909339999999808e-02 1.285994279999999948e-02 5.441226460000000292e-02 -1.022550770000000067e-03 -4.207498650000000145e-02 2.685230850000000155e-02
2.625305880000000229e+02 7.094655950000000599e-02 1.116408850000000057e-02 4.650118660000000098e-02 2.422059559999999862e-02 2.617787600000000096e-03 1.946412789999999934e-02
2.652275409999999738e+02 7.986188630000000399e-02 1.404531940000000069e-02 4.734364850000000180e-02 6.324335020000000293e-03 4.574566089999999863e-02 7.238139799999999610e-03
2.679262420000000020e+02 8.013598049999999529e-02 1.611725420000000020e-02 3.209051360000000214e-02 -5.744391990000000114e-03 -4.437542359999999825e-02 -1.294376109999999941e-02
