# a=0.05740994678646112, b=-148.14783536267916, c=0.0031972224647578993, xi=10.558758173522296
6.833364159999999465e-01 5.986059450000000282e-02 6.550537270000000162e-03 6.120791109999999813e-02 -2.449537049999999869e-02 9.915026009999999487e-03 7.739547409999999496e-04
3.379850349999999892e+00 6.090407400000000249e-02 -5.963355769999999570e-03 5.814392449999999934e-02 1.261052200000000074e-02 -6.807789750000000327e-03 6.813162610000000376e-03
6.088430360000000263e+00 6.498361319999999830e-02 -2.331473149999999973e-03 6.269572639999999863e-02 -4.997094950000000209e-03 1.380199149999999930e-02 2.269351350000000170e-02
8.791243950000000140e+00 6.576231489999999347e-02 1.189256519999999954e-03 6.598272830000000144e-02 2.283238219999999923e-03 -1.273877200000000064e-02 2.149292389999999872e-02
1.148695799999999956e+01 5.866443489999999955e-02 3.492976640000000112e-03 6.394224680000000494e-02 1.698743419999999837e-02 2.403911720000000135e-05 6.139377389999999685e-02
1.419605179999999933e+01 6.731964810000000410e-02 7.827082000000000830e-03 4.677579660000000250e-02 -4.476312169999999840e-03 -1.138889509999999917e-02 6.649873159999999950e-02
1.688688610000000168e+01 6.275172060000000496e-02 4.026759470000000271e-03 3.627033849999999893e-02 8.977717749999999247e-03 5.086913929999999952e-03 7.728149180000000451e-02
1.957749240000000057e+01 6.629461239999999422e-02 7.846602000000000264e-04 1.219819679999999996e-02 1.001282270000000002e-02 -2.321957640000000059e-02 6.134648830000000164e-02
2.228568299999999880e+01 6.657486490000000257e-02 -2.662287849999999800e-03 -1.985934940000000110e-03 1.359716700000000028e-02 -5.229136149999999948e-03 4.834272810000000281e-02
2.498490639999999985e+01 7.375367210000000062e-02 -9.605108050000000022e-03 -1.435516229999999997e-02 -9.303974729999999263e-03 -2.057638659999999967e-02 2.292589490000000035e-02
2.769501109999999855e+01 7.133590870000000583e-02 -5.861178869999999867e-03 -3.463079349999999973e-02 9.033945209999999851e-03 -3.820923529999999992e-04 -1.042257660000000044e-02
3.038841890000000134e+01 6.214876080000000108e-02 -8.344199829999999346e-03 -4.038265569999999888e-02 -2.490032039999999849e-02 -1.534274419999999937e-02 -9.336802820000000142e-03
3.308660799999999824e+01 5.147807950000000271e-02 -1.696242779999999895e-02 -5.734414320000000287e-02 -2.667008720000000124e-02 -6.803945809999999844e-03 1.495930919999999970e-02
3.578859860000000026e+01 4.246221420000000080e-02 -7.960533000000000539e-03 -6.246173840000000116e-02 4.469060399999999662e-03 1.267946420000000060e-02 1.779852609999999988e-02
3.848740649999999874e+01 4.371499570000000195e-02 -8.743405169999999421e-03 -6.831264410000000009e-02 4.986153979999999666e-03 -6.737127679999999758e-03 6.002156849999999710e-02
4.118807520000000011e+01 3.859965270000000059e-02 -1.243036280000000063e-02 -6.567722850000000390e-02 -2.668207029999999924e-02 -3.700608020000000116e-03 1.748716089999999973e-02
4.389908140000000003e+01 4.433270329999999815e-02 -6.097470839999999913e-03 -6.181747509999999807e-02 -1.559804180000000026e-02 -2.044853450000000059e-02 2.353208760000000122e-02
4.660228459999999728e+01 6.242877370000000231e-02 -7.412696219999999857e-03 -6.099087749999999863e-02 4.155939780000000123e-04 1.320218589999999984e-02 -2.245401270000000130e-02
4.928981430000000330e+01 6.962132170000000231e-02 1.757954039999999997e-03 -6.075485039999999753e-02 -2.304649510000000151e-02 7.777927119999999972e-03 5.853578059999999667e-03
5.199409709999999762e+01 7.084045129999999579e-02 3.445634520000000027e-03 -6.558527299999999949e-02 1.452395849999999974e-02 3.875230770000000213e-02 -2.772143900000000050e-02
5.469538769999999772e+01 5.434949449999999793e-02 1.317936279999999986e-03 -6.282951089999999628e-02 -1.490308369999999993e-02 -5.697501299999999666e-04 -4.765421930000000167e-02
5.740917989999999804e+01 5.682884469999999882e-02 -5.769720400000000020e-03 -6.486487429999999998e-02 -4.652202890000000160e-03 -4.823427760000000356e-03 -8.756170720000000518e-02
6.011045649999999796e+01 4.994285660000000182e-02 -2.165778760000000146e-03 -7.041271429999999831e-02 -3.060287770000000036e-03 1.151484360000000007e-03 -6.129951200000000044e-02
6.282729710000000267e+01 5.537182079999999895e-02 -1.023636709999999929e-02 -6.786213889999999360e-02 3.869703770000000148e-05 7.895873949999999974e-03 -5.988112369999999685e-02
6.552774239999999395e+01 6.163772020000000268e-02 -2.313614839999999975e-03 -6.951445330000000089e-02 7.074569769999999695e-03 3.268276219999999982e-02 -2.703338710000000034e-02
6.823143299999999556e+01 5.864583260000000298e-02 -1.721766050000000025e-03 -6.350661759999999545e-02 3.752684409999999804e-02 -1.620825890000000130e-02 -1.385179110000000005e-02
7.094105179999999677e+01 6.391710520000000451e-02 5.845009299999999637e-03 -4.730080340000000078e-02 1.377767579999999992e-02 -4.973869449999999970e-02 -6.327624740000000088e-03
7.363691740000000152e+01 6.681284880000000481e-02 3.246375399999999831e-03 -3.852744550000000018e-02 1.114517850000000011e-02 -4.165145390000000308e-02 5.563903919999999698e-02
7.634054860000000531e+01 6.189714870000000146e-02 3.896368019999999800e-03 -3.672571480000000332e-02 9.653601810000000602e-03 4.179421860000000211e-02 -2.222373600000000088e-02
7.902865640000000269e+01 6.544354950000000337e-02 5.627622700000000332e-03 -3.169770620000000177e-02 -1.924199110000000129e-02 1.150723659999999988e-02 6.228793449999999766e-03
8.172797830000000374e+01 5.938215129999999814e-02 5.806832250000000355e-03 -4.021025050000000267e-02 1.589139590000000074e-02 1.383095600000000015e-02 -7.755327929999999981e-02
8.441639859999999373e+01 6.703812069999999512e-02 1.505403790000000089e-04 -4.650641269999999938e-02 -2.116741410000000032e-02 1.042486590000000005e-02 1.037874069999999982e-02
8.712380330000000583e+01 5.615042220000000112e-02 -7.377142639999999772e-03 -4.612121770000000148e-02 -4.037191919999999663e-03 -2.842067590000000015e-03 -1.870598310000000028e-02
8.981416110000000685e+01 5.568292140000000168e-02 -1.725594669999999924e-03 -5.744371770000000071e-02 -2.706476830000000000e-02 2.205111770000000096e-02 1.562582149999999911e-03
9.251426580000000399e+01 5.116057450000000006e-02 2.217091200000000095e-03 -6.070809580000000039e-02 -7.182690230000000203e-03 -1.583693800000000006e-03 1.203681900000000068e-02
9.521298140000000387e+01 4.104771460000000011e-02 9.383040349999999946e-03 -6.558292879999999547e-02 1.254454749999999938e-02 2.396360859999999843e-02 -2.117911639999999970e-02
9.790224240000000577e+01 5.464115669999999869e-02 9.771638389999999768e-04 -6.224858159999999835e-02 9.240373970000000103e-03 5.560986200000000296e-02 2.752163659999999970e-02
1.006058029999999945e+02 5.815727279999999971e-02 4.015739909999999774e-03 -6.112374489999999883e-02 2.186181159999999943e-02 2.856685910000000134e-02 1.709890309999999997e-02
1.033035529999999937e+02 5.197755030000000137e-02 1.106871159999999951e-02 -6.862240370000000089e-02 2.223630019999999971e-02 6.222695660000000274e-03 2.056574229999999850e-02
1.060156000000000063e+02 5.470738960000000317e-02 6.575557979999999657e-03 -6.931851869999999805e-02 2.551048339999999887e-02 2.480336799999999925e-02 -3.251362659999999793e-02
1.087059600000000046e+02 5.708765150000000288e-02 -2.287579650000000093e-03 -6.738816039999999397e-02 9.999527220000000230e-03 -5.010895349999999748e-02 1.084077979999999901e-03
1.114110220000000027e+02 6.084413860000000007e-02 -1.488089099999999982e-03 -5.584422659999999788e-02 2.404475869999999835e-02 -1.567015399999999864e-02 -1.975959009999999835e-02
1.141121310000000051e+02 6.126892510000000319e-02 -3.478448610000000035e-03 -5.401743409999999745e-02 1.164294360000000042e-02 -2.109335070000000097e-03 1.224949600000000034e-02
1.168153350000000046e+02 6.157782700000000164e-02 5.022511230000000285e-03 -5.370407910000000312e-02 3.086428210000000116e-02 4.350538990000000095e-04 1.954953909999999993e-03
1.195317720000000037e+02 6.002053849999999802e-02 7.147272740000000166e-03 -5.830912080000000275e-02 3.501214760000000148e-02 -1.553636849999999979e-02 1.747353720000000043e-03
1.222291160000000048e+02 5.906950989999999735e-02 1.216602039999999975e-02 -6.123716299999999724e-02 2.786363589999999932e-02 -9.980768989999999619e-03 6.852162699999999988e-03
1.249332249999999931e+02 6.942246289999999542e-02 1.576762420000000012e-02 -5.871482299999999932e-02 3.162331919999999963e-02 -1.147916759999999953e-02 8.056641070000000390e-03
1.276306160000000034e+02 6.917013360000000277e-02 1.758280690000000104e-02 -4.630887029999999904e-02 1.831339259999999886e-02 -1.537975440000000082e-02 3.794820780000000143e-02
1.303419130000000052e+02 6.728718799999999778e-02 1.490333020000000029e-02 -4.890239169999999885e-02 -6.383879569999999747e-03 1.258166309999999947e-02 -4.736872710000000070e-02
1.330426779999999951e+02 6.186688469999999940e-02 1.717877510000000163e-02 -3.969696329999999884e-02 1.382919560000000006e-02 1.288508139999999975e-02 -2.235419229999999896e-02
1.357450849999999889e+02 6.489157310000000234e-02 1.231696290000000062e-02 -4.203276549999999945e-02 2.246621219999999849e-02 -1.153795139999999955e-02 -2.682903179999999999e-02
1.384490220000000136e+02 6.692725160000000117e-02 1.930254960000000021e-03 -3.372948929999999845e-02 1.325130119999999925e-02 -2.433849159999999876e-03 -2.913303000000000073e-02
1.411481310000000065e+02 8.150938920000000421e-02 8.804623770000000529e-03 -3.437355720000000170e-02 -8.628965989999999239e-03 9.073844509999999877e-03 -3.515996340000000081e-02
1.438428189999999915e+02 8.407447849999999390e-02 8.303423319999999469e-04 -2.293997840000000163e-02 -9.992480410000000729e-03 1.196208719999999979e-03 -5.239843360000000401e-03
1.465362250000000017e+02 7.438855219999999935e-02 1.210041829999999961e-03 -3.822704609999999850e-03 -1.790167999999999968e-02 -6.315292520000000132e-02 1.531616310000000029e-02
1.492276779999999974e+02 7.645646359999999642e-02 5.304288869999999878e-03 7.953749019999999462e-03 -2.596593380000000034e-02 -3.210852510000000021e-02 -2.670348239999999901e-02
1.519296160000000100e+02 7.829754519999999884e-02 -8.435340580000000440e-04 2.363765870000000130e-02 -8.056055510000000031e-02 2.844791650000000165e-04 -9.928994309999999643e-03
1.546223809999999901e+02 7.722616250000000071e-02 1.086102109999999982e-02 3.553657689999999841e-02 4.643248580000000278e-03 1.398407550000000006e-02 -1.848011969999999865e-02
1.573294750000000022e+02 7.548551150000000487e-02 1.951119929999999990e-04 3.904055349999999841e-02 -4.195639939999999679e-02 7.826137880000000324e-03 -1.156791650000000063e-04
1.600394909999999982e+02 7.148358959999999429e-02 4.747242500000000212e-03 4.710404130000000328e-02 -2.546612930000000108e-02 1.086252799999999977e-02 8.578238050000000850e-03
1.627378970000000038e+02 6.982707109999999884e-02 4.236034340000000009e-03 5.981559859999999867e-02 -2.811672330000000025e-02 2.180849140000000203e-03 1.814191579999999832e-02
1.654460689999999943e+02 6.473025250000000175e-02 6.620004199999999714e-03 6.393945040000000024e-02 -3.971989950000000269e-02 3.397797059999999730e-02 1.221486530000000063e-02
1.681383500000000026e+02 5.906430919999999807e-02 3.739068940000000053e-03 6.559035650000000217e-02 -2.697785139999999901e-02 1.075293989999999943e-02 2.621993380000000110e-02
1.708387879999999939e+02 5.218597569999999797e-02 1.013696700000000020e-02 5.997495679999999968e-02 1.761770530000000140e-02 2.547582190000000080e-02 4.904242329999999829e-04
1.735387880000000109e+02 6.169252439999999699e-02 1.052807119999999916e-02 5.816653170000000289e-02 8.954226379999999375e-03 -2.361268559999999891e-02 -2.044372250000000071e-02
1.762427720000000022e+02 5.348960600000000204e-02 9.053728809999999835e-03 6.054627320000000035e-02 2.529553290000000065e-02 -2.596501550000000075e-02 -1.453397680000000081e-02
1.789411310000000128e+02 5.285527470000000311e-02 8.726718550000000033e-03 5.041466399999999792e-02 5.059148790000000256e-02 2.342192250000000101e-02 -1.033453979999999920e-03
1.816413190000000100e+02 5.093394729999999732e-02 5.381906070000000257e-03 5.039381369999999805e-02 4.683720160000000299e-02 -5.568186170000000157e-02 4.398094599999999993e-02
1.843424750000000074e+02 5.638103099999999812e-02 2.147417159999999783e-03 5.581918920000000089e-02 2.062754409999999899e-02 3.401716309999999743e-02 -3.295259850000000108e-03
1.870439440000000104e+02 5.916792910000000238e-02 -2.146663420000000100e-03 5.712330010000000319e-02 1.133451840000000016e-02 7.068838840000000144e-03 1.982333689999999857e-02
1.897381000000000029e+02 5.902546859999999868e-02 3.343814970000000102e-03 6.414524700000000246e-02 8.503834869999999171e-03 -1.170023000000000070e-02 1.584238439999999942e-02
1.924410059999999874e+02 5.125317100000000015e-02 -4.742586790000000228e-04 5.851792730000000137e-02 -1.320212720000000020e-02 3.016653669999999968e-02 3.938221129999999737e-02
1.951293029999999931e+02 4.066831430000000108e-02 -3.128897509999999972e-03 6.419132430000000500e-02 2.008677069999999926e-02 -1.483736839999999935e-03 3.442192370000000251e-02
1.978355999999999995e+02 5.270177370000000278e-02 -5.312731450000000161e-03 5.946062540000000146e-02 -7.390314220000000246e-03 -3.493483110000000086e-02 1.470057829999999940e-02
2.005364600000000053e+02 5.572632240000000015e-02 7.065055850000000063e-04 6.993376129999999413e-02 3.157881779999999888e-02 -3.364186579999999677e-02 4.880848460000000028e-03
2.032380850000000123e+02 5.557931929999999909e-02 6.352992509999999711e-03 6.574093840000000410e-02 7.999946960000000468e-03 1.984132099999999857e-02 -2.837278080000000050e-02
2.059489910000000066e+02 4.717764790000000125e-02 7.255156320000000041e-03 6.495635439999999927e-02 -2.724682830000000125e-02 2.654062650000000093e-02 -3.214971870000000315e-02
2.086581309999999974e+02 4.359965019999999941e-02 1.082391700000000061e-02 5.546205939999999945e-02 -5.518615150000000247e-02 -7.891478559999999878e-03 -9.772769060000000355e-03
2.113503350000000012e+02 5.236286980000000313e-02 1.184390999999999916e-02 6.680581210000000048e-02 -5.354931210000000302e-02 -6.736260800000000437e-02 3.287044100000000024e-02
2.140590850000000103e+02 4.956167560000000055e-02 9.374821720000000788e-03 7.235941810000000307e-02 -6.333795250000000265e-02 -4.413401439999999759e-02 -2.187059649999999883e-02
2.167495690000000081e+02 4.275414450000000061e-02 2.142180850000000004e-04 7.205055009999999927e-02 -4.183810470000000337e-02 5.832762640000000061e-03 -1.945421400000000092e-02
2.194566939999999988e+02 5.421891420000000267e-02 -7.579754539999999756e-03 6.783131909999999543e-02 -3.780819719999999745e-02 1.471622809999999920e-02 -2.051966750000000159e-02
2.221478500000000054e+02 6.617677049999999561e-02 -2.474911560000000142e-03 6.539438660000000680e-02 2.124448599999999993e-02 -4.660540080000000196e-02 -6.897181900000000365e-03
2.248507559999999899e+02 6.600799479999999719e-02 -6.215260519999999886e-03 5.656569499999999917e-02 1.897368259999999973e-02 4.162452789999999958e-02 1.456766779999999969e-02
2.275470530000000053e+02 5.916440010000000027e-02 -1.371135870000000099e-03 6.738143400000000394e-02 -1.668727899999999931e-02 -4.772734940000000065e-02 1.722530590000000139e-02
2.302524909999999920e+02 5.383567169999999708e-02 -8.108733249999999781e-03 6.125779010000000080e-02 -6.418060339999999420e-02 -8.281815930000000284e-03 7.191381160000000390e-03
2.329474130000000116e+02 4.917640300000000048e-02 -6.727646819999999646e-03 6.105985390000000235e-02 -5.159400199999999992e-02 -2.034396830000000100e-04 1.422788659999999969e-02
2.356571470000000090e+02 4.439984639999999816e-02 -8.070453959999999635e-03 6.313844200000000295e-02 -2.853391450000000024e-02 -1.921035769999999976e-02 -4.565097330000000148e-02
2.383622410000000116e+02 4.537047009999999742e-02 -1.006566080000000085e-02 5.909571129999999922e-02 -3.300861360000000022e-02 1.872915379999999866e-02 -1.434502520000000003e-02
2.410678660000000093e+02 5.208409630000000040e-02 -7.205267480000000259e-03 6.165662570000000203e-02 3.219258070000000169e-03 1.964305689999999802e-03 4.016043799999999796e-03
2.437693969999999979e+02 5.622611439999999905e-02 -1.145014110000000009e-02 6.122537339999999800e-02 1.858920619999999968e-02 -4.122116230000000270e-02 2.934510369999999979e-02
2.464754279999999937e+02 5.867936919999999779e-02 -6.981583750000000012e-03 6.051536469999999751e-02 1.615622569999999869e-02 -9.257006389999999224e-03 -1.918870920000000091e-02
2.491803189999999972e+02 6.438211010000000067e-02 -8.132616440000000474e-03 5.699472860000000252e-02 1.784735470000000171e-02 -6.194965110000000275e-02 -4.480354959999999914e-02
2.518847879999999861e+02 6.002470990000000062e-02 -4.749942519999999710e-03 5.594181520000000157e-02 -3.295531420000000211e-02 -2.206978390000000068e-02 -5.322913270000000086e-02
2.545925850000000139e+02 5.473172739999999925e-02 -1.538550300000000003e-02 5.863422149999999999e-02 -2.714116730000000130e-02 3.710035740000000061e-03 -9.368108599999999328e-03
2.572921000000000049e+02 5.665494089999999899e-02 -1.469223790000000023e-02 6.108394959999999957e-02 -3.543040799999999657e-02 -3.900728590000000079e-02 4.166249250000000209e-03
2.599903969999999731e+02 5.518517869999999687e-02 -6.574994039999999644e-03 5.752401680000000100e-02 -9.118933600000000278e-03 3.938284849999999782e-02 2.943221199999999840e-03
2.626876470000000268e+02 4.969527950000000166e-02 -7.035141540000000408e-03 5.864785010000000270e-02 -3.409200549999999788e-03 1.109486540000000033e-03 2.084340260000000153e-02
2.653812879999999836e+02 4.848631309999999750e-02 -7.834129969999999166e-03 6.023947810000000042e-02 -7.660677539999999862e-03 3.953303100000000320e-02 3.611695510000000053e-02
2.680918530000000146e+02 5.709717730000000296e-02 -1.055425299999999912e-03 6.149090990000000145e-02 -2.206551309999999974e-02 1.940652429999999845e-02 -1.838109439999999900e-02
