# a=0.05871568007746163, b=-132.34773757949753, c=0.005122312834409062, xi=7.831969796682015
6.824392620000000464e-01 7.423727789999999549e-02 -1.089162980000000060e-03 4.608203870000000119e-02 -2.311028830000000020e-02 1.606832520000000056e-02 -7.957774830000000077e-03
3.376949900000000060e+00 7.555084099999999359e-02 -6.504511259999999975e-03 3.529178189999999937e-02 -5.886194029999999855e-02 2.100839300000000021e-02 2.415560439999999906e-02
6.065955839999999988e+00 7.443387469999999950e-02 -4.948497680000000370e-03 3.350193480000000085e-02 6.158713049999999661e-02 2.479604919999999976e-02 2.675428620000000132e-02
8.763265369999999166e+00 8.002538820000000552e-02 -1.670052549999999966e-03 1.169288700000000077e-02 2.772604369999999950e-03 2.708975820000000118e-02 -3.006316549999999907e-02
1.145908990000000038e+01 8.591044800000000037e-02 -7.134763679999999580e-03 -1.450934440000000054e-02 -1.663824879999999898e-03 -5.371843919999999637e-04 -2.933450279999999868e-02
1.415025709999999926e+01 8.546414039999999934e-02 -1.195428029999999996e-02 -3.205315239999999982e-02 1.432059850000000009e-02 -1.162407009999999984e-02 -6.502292480000000652e-02
1.685463370000000083e+01 7.706198089999999334e-02 -4.446119109999999673e-03 -4.150129200000000212e-02 -1.964714760000000129e-02 1.012786000000000068e-02 -7.557735899999999674e-02
1.954841329999999999e+01 6.540855439999999910e-02 -5.913666690000000427e-03 -5.649515189999999853e-02 -7.239913750000000203e-03 6.219612289999999939e-03 -5.668875030000000009e-02
2.225189930000000160e+01 5.668450080000000252e-02 -2.069283869999999879e-03 -6.170042450000000345e-02 -8.322907220000000036e-03 1.078726420000000047e-02 -1.408311599999999969e-02
2.493941799999999986e+01 5.973968109999999720e-02 -5.886903800000000027e-03 -6.963348199999999655e-02 9.305710250000000239e-02 1.638184449999999931e-02 6.127624840000000031e-03
2.764246959999999831e+01 6.427287410000000201e-02 -1.050325130000000088e-03 -7.576415159999999593e-02 1.642996899999999913e-02 2.104305260000000066e-02 1.842168289999999986e-02
3.034358680000000064e+01 5.839161069999999898e-02 2.881024820000000018e-03 -6.668344129999999315e-02 7.696456120000000345e-02 -9.078254609999999308e-03 -2.050821389999999897e-02
3.304210400000000192e+01 5.071791920000000287e-02 8.105404910000000782e-03 -6.036494550000000292e-02 2.810394240000000168e-02 2.106129080000000015e-02 -6.358921160000000072e-02
3.575844459999999714e+01 5.297438139999999934e-02 1.042889219999999957e-02 -5.186125750000000062e-02 7.362755020000000261e-03 -1.427283440000000000e-02 -3.905309099999999811e-02
3.846411959999999652e+01 5.074632569999999732e-02 1.392357540000000067e-02 -5.418736190000000147e-02 2.646880940000000126e-02 2.042441619999999999e-02 -2.862023240000000079e-02
4.117145709999999781e+01 4.991502490000000042e-02 1.152939560000000065e-02 -6.131948210000000288e-02 1.517748550000000071e-02 -2.571262160000000168e-03 8.941827600000000487e-03
4.387615710000000036e+01 4.004931960000000096e-02 1.114832519999999980e-02 -6.087652460000000237e-02 -6.664450490000000359e-03 -4.112035690000000188e-02 1.590823670000000162e-02
4.658278519999999645e+01 3.674089540000000098e-02 2.245096909999999915e-05 -6.546762550000000125e-02 2.623712820000000112e-02 -1.639562509999999834e-02 -2.737019469999999940e-02
4.928373990000000049e+01 2.758852969999999946e-02 -1.287900879999999979e-03 -7.988346109999999722e-02 3.059117139999999874e-02 -2.374299930000000128e-02 2.694160820000000151e-02
5.198936020000000013e+01 3.344618939999999957e-02 -5.667754629999999759e-03 -6.702852809999999828e-02 5.073605860000000162e-03 1.039170100000000020e-04 4.123815360000000069e-02
5.469522740000000027e+01 3.322823579999999860e-02 -1.429671530000000031e-02 -6.526308240000000538e-02 -8.897082440000000578e-03 -2.030421589999999860e-02 5.715574670000000274e-02
5.740026019999999818e+01 4.113999380000000344e-02 -1.269119460000000046e-02 -5.768840079999999759e-02 4.498270299999999888e-02 1.198589899999999951e-02 1.868760239999999948e-02
6.010595399999999700e+01 4.080989890000000231e-02 -1.117472849999999983e-02 -5.603108140000000181e-02 -7.984169580000000446e-03 -7.992547659999999984e-03 -5.557753210000000374e-03
6.281357739999999978e+01 4.973037240000000025e-02 -7.435150409999999842e-03 -5.676960989999999679e-02 8.593337700000000176e-03 6.269958830000000108e-03 -1.449424950000000045e-02
6.550555239999999912e+01 7.160872649999999728e-02 -1.174151990000000048e-02 -5.100216829999999757e-02 -2.721264779999999980e-02 5.027898620000000041e-02 -2.424609349999999955e-02
6.821389460000000327e+01 7.055937340000000002e-02 -5.970158120000000103e-03 -4.867415290000000339e-02 -1.119565089999999957e-03 1.869162669999999832e-02 -1.970547710000000036e-02
7.091678989999999771e+01 7.263307770000000663e-02 -1.374928330000000070e-03 -4.827377640000000275e-02 -1.177749839999999923e-02 3.206047039999999904e-02 6.794202719999999779e-03
7.361518049999999391e+01 6.977216890000000060e-02 5.719814299999999817e-03 -5.023255210000000109e-02 2.007422949999999873e-02 -6.484238500000000412e-03 3.129466620000000143e-02
7.632640080000000182e+01 6.106949839999999824e-02 -4.351691740000000167e-04 -6.000323829999999747e-02 -2.390410800000000030e-02 -5.767342869999999948e-03 1.596080609999999940e-05
7.902653990000000306e+01 5.445363260000000288e-02 2.516131530000000061e-03 -5.738090700000000183e-02 -1.522469719999999978e-02 1.832645009999999894e-03 3.650525649999999955e-02
8.172377430000000231e+01 5.990219389999999755e-02 4.758738709999999969e-03 -5.591714200000000301e-02 2.307516860000000114e-02 1.860207479999999997e-02 1.741548329999999950e-02
8.443809609999999566e+01 7.356774250000000515e-02 9.093255930000000362e-03 -4.898343370000000224e-02 -1.144515699999999921e-02 1.724261720000000095e-02 -7.906294759999999908e-03
8.713148049999999500e+01 6.806073890000000071e-02 6.473960239999999866e-03 -4.042255690000000345e-02 -2.674987969999999965e-02 -2.792944320000000091e-02 1.524000550000000065e-02
8.981938990000000445e+01 6.697006110000000567e-02 4.020576250000000400e-03 -4.257653360000000081e-02 -3.422456690000000301e-02 -4.274693880000000196e-02 -3.440451130000000274e-02
9.251009150000000147e+01 7.281561279999999858e-02 6.737945379999999741e-03 -5.048529549999999921e-02 -2.754573049999999978e-03 3.366704830000000030e-03 -6.401758189999999689e-03
9.520594149999999445e+01 7.099422910000000031e-02 8.943031339999999232e-03 -5.219746460000000005e-02 -1.163353599999999988e-02 -2.294817099999999985e-02 -1.886145120000000050e-02
9.791696960000000161e+01 6.734572519999999785e-02 1.832969810000000064e-03 -5.075234819999999841e-02 1.317798740000000052e-02 -1.254617809999999988e-03 -3.379298659999999815e-02
1.006043460000000067e+02 6.104774300000000153e-02 8.250880449999999436e-03 -5.227241209999999860e-02 3.735045179999999659e-02 1.356422290000000065e-02 -3.064764979999999930e-02
1.033075489999999945e+02 5.031349429999999734e-02 3.418458960000000154e-03 -4.886981469999999994e-02 3.329602059999999669e-02 -1.615231550000000016e-02 -5.220990150000000274e-02
1.060036269999999945e+02 5.030528360000000032e-02 5.471795780000000137e-03 -5.682177730000000093e-02 -1.654219470000000032e-03 -9.831653690000000806e-03 -1.153221169999999948e-02
1.086961119999999994e+02 4.546137830000000074e-02 6.146605410000000394e-03 -5.593044839999999907e-02 7.122321689999999879e-03 -1.843696259999999879e-02 1.369603919999999933e-02
1.113990019999999959e+02 4.349392529999999979e-02 1.865008359999999893e-03 -6.201998069999999780e-02 8.871917030000000745e-03 -3.948350479999999940e-02 6.004411269999999912e-02
1.140901120000000049e+02 4.163845509999999916e-02 6.999836980000000153e-03 -6.391348019999999741e-02 8.131899110000000153e-03 -9.561142919999999698e-03 2.130099530000000019e-02
1.167962059999999980e+02 4.849615959999999809e-02 6.776053459999999661e-03 -5.991423030000000288e-02 2.579597399999999929e-02 2.994287949999999837e-02 7.540523979999999918e-04
1.194975960000000015e+02 5.562382329999999986e-02 7.596491539999999931e-03 -6.000790269999999732e-02 -3.657422909999999850e-03 1.274371040000000024e-02 -2.222380950000000036e-02
1.221952679999999987e+02 6.311315680000000039e-02 2.295470039999999816e-03 -4.858228529999999989e-02 3.029395359999999954e-02 5.009516280000000238e-02 1.288147400000000040e-02
1.249047680000000042e+02 6.888732159999999549e-02 1.261495760000000063e-03 -3.571099099999999749e-02 -3.636558389999999807e-02 2.800891319999999907e-02 -3.517830520000000093e-03
1.276041900000000027e+02 7.712507559999999540e-02 3.743490999999999833e-03 -2.677701229999999988e-02 -1.903335290000000152e-02 3.172364309999999715e-02 2.155286299999999849e-02
1.302971430000000055e+02 6.774879579999999735e-02 5.805592870000000037e-03 -5.354977169999999669e-03 3.759225859999999753e-02 4.186600520000000047e-03 4.241466130000000334e-02
1.330011269999999968e+02 6.315660219999999492e-02 1.007857409999999947e-02 1.094944420000000009e-02 1.742724870000000067e-04 -5.824779680000000300e-03 2.797733239999999899e-02
1.357069869999999980e+02 6.126161759999999845e-02 1.046719949999999968e-02 2.835425020000000018e-02 -1.255543169999999951e-02 -4.438009400000000187e-02 -1.605763359999999931e-02
1.384139560000000131e+02 5.943511540000000204e-02 6.143836330000000158e-03 3.982500709999999694e-02 -1.296624510000000119e-01 -1.618576099999999990e-02 -8.407329389999999153e-03
1.411125810000000058e+02 5.840855789999999798e-02 8.283402480000000290e-03 5.826183819999999902e-02 -1.117095320000000003e-02 8.888588509999999915e-03 1.640124520000000100e-02
1.438080649999999991e+02 5.904808059999999692e-02 5.079127670000000046e-03 5.571226180000000278e-02 -4.879658490000000209e-02 1.053521169999999986e-02 4.982486340000000236e-02
1.465095489999999927e+02 5.887609199999999793e-02 9.505370290000000541e-03 5.341467619999999694e-02 -3.585778860000000262e-02 2.680503649999999884e-03 3.062091160000000173e-02
1.492080339999999978e+02 5.814733109999999788e-02 6.022851669999999998e-03 4.892065570000000280e-02 -4.428326130000000138e-02 -2.671698659999999920e-02 -3.918548589999999721e-02
1.518996740000000045e+02 5.867895979999999956e-02 8.267085340000000782e-03 4.955311760000000176e-02 -4.827544140000000067e-02 1.529980289999999937e-02 2.377571330000000094e-02
1.546030340000000081e+02 6.008439010000000274e-02 8.853762430000000280e-03 5.866410290000000083e-02 -1.204639610000000048e-02 -8.418268500000000189e-05 1.017696579999999990e-02
1.573018930000000069e+02 5.239552990000000132e-02 1.736677130000000013e-02 6.254940350000000315e-02 -3.056030289999999913e-02 5.690640959999999915e-03 6.554858260000000214e-02
1.600105810000000019e+02 3.773107190000000305e-02 1.487104480000000020e-02 5.787615799999999699e-02 -3.768537760000000014e-02 3.801487149999999843e-02 2.309280140000000148e-02
1.627165019999999913e+02 3.468105199999999694e-02 8.454057640000000109e-03 5.595977769999999768e-02 -5.345577580000000079e-02 -1.031502859999999973e-02 3.351191209999999920e-03
1.654126119999999958e+02 4.106460540000000242e-02 4.389956690000000258e-03 6.564276130000000486e-02 -4.021381450000000024e-02 -1.389825410000000011e-02 -5.846906899999999678e-03
1.681078620000000114e+02 4.259425530000000154e-02 1.125969410000000025e-02 7.818079460000000591e-02 -2.543531370000000000e-02 8.837744479999999625e-03 -1.193478019999999994e-02
1.707987990000000025e+02 3.990530459999999668e-02 8.668007639999999320e-03 7.736076690000000255e-02 3.284096299999999906e-03 -2.275925880000000123e-02 3.087516090000000032e-02
1.735007369999999867e+02 4.317276989999999787e-02 1.415225999999999984e-02 8.349456190000000000e-02 -1.846156380000000055e-03 -4.763094119999999898e-04 6.718451779999999596e-02
1.761991899999999873e+02 4.551773080000000304e-02 6.752515179999999881e-03 6.620660750000000039e-02 -1.653162349999999850e-02 -9.023821280000000195e-03 -2.773627879999999817e-03
1.789110340000000008e+02 4.381704470000000184e-02 1.137551929999999940e-02 7.628217569999999614e-02 7.325006830000000378e-03 1.222152519999999964e-02 2.506674700000000033e-02
1.816105019999999968e+02 4.584686949999999817e-02 2.455559630000000038e-04 6.715612510000000535e-02 -2.296630930000000213e-03 4.407719090000000034e-02 4.303700080000000261e-03
1.843116119999999967e+02 4.475004230000000083e-02 -4.046190110000000284e-03 6.039215669999999786e-02 -1.332957349999999968e-03 -7.521037559999999879e-03 2.676400989999999994e-02
1.870196119999999951e+02 4.160409350000000145e-02 -8.408511179999999738e-03 6.055210309999999735e-02 -1.372251250000000068e-02 -5.331653349999999902e-03 1.624943360000000170e-02
1.897210650000000101e+02 1.434183300000000001e-02 -1.311667470000000071e-02 7.119332400000000227e-02 7.987353989999999501e-03 -2.203726320000000058e-02 -1.278906039999999980e-02
1.924331740000000082e+02 2.122829369999999945e-03 -1.800916979999999876e-02 7.472919009999999529e-02 -8.963163910000000387e-03 3.084011169999999885e-02 3.496774240000000145e-02
1.951383460000000127e+02 1.055475300000000005e-02 -9.665428059999999974e-03 7.057560300000000064e-02 -4.925759980000000288e-02 1.051493549999999930e-02 -9.636359619999999848e-03
1.978364709999999889e+02 1.737393389999999926e-02 -1.347598449999999962e-02 7.752220590000000189e-02 -3.531118590000000002e-02 1.776844049999999967e-02 2.668361199999999891e-02
2.005385180000000105e+02 3.357251599999999669e-02 2.328303790000000196e-03 7.694448090000000073e-02 -2.766824899999999893e-02 -1.391250720000000024e-02 -1.048498919999999932e-02
2.032414090000000044e+02 3.541666079999999939e-02 -2.200479400000000113e-03 6.173176510000000228e-02 -3.487454479999999891e-03 2.699037409999999887e-02 4.576837599999999603e-03
2.059363769999999931e+02 5.148048090000000021e-02 -9.557999100000000650e-03 5.625902590000000231e-02 -8.068747010000000205e-03 2.361707899999999916e-02 -8.791691370000000172e-03
2.086455650000000048e+02 5.239933580000000202e-02 -2.549138830000000078e-02 5.067912200000000006e-02 4.556802139999999862e-03 1.208343599999999948e-02 -3.029640009999999897e-02
2.113415809999999908e+02 6.036865760000000025e-02 -2.370946939999999878e-02 5.076863780000000215e-02 -2.319980240000000041e-03 -3.988391019999999731e-02 -1.776200379999999870e-02
2.140482839999999953e+02 6.251253730000000397e-02 -2.679025239999999891e-02 4.881215240000000288e-02 4.163965749999999980e-03 1.623274930000000171e-02 -2.312366669999999999e-02
2.167564089999999908e+02 4.968463750000000345e-02 -2.374601390000000145e-02 4.656554110000000329e-02 -6.638413789999999572e-03 -1.013696820000000061e-02 -5.300356120000000032e-02
2.194631740000000093e+02 4.808859830000000030e-02 -2.320526909999999846e-02 5.241382060000000093e-02 -1.370241850000000067e-02 4.272715099999999794e-02 -4.365209340000000132e-02
2.221757839999999931e+02 4.809134679999999690e-02 -5.331442530000000089e-03 6.798083500000000334e-02 -2.030648059999999935e-02 -1.342702039999999972e-02 -6.506607200000000257e-02
2.248633309999999881e+02 4.937822669999999969e-02 -9.507262489999999608e-03 7.161065819999999638e-02 -2.070585449999999897e-02 2.782057120000000147e-02 -8.938575869999999812e-03
2.275519559999999899e+02 4.908408229999999817e-02 -1.713220610000000055e-03 7.073037000000000074e-02 -3.578471519999999739e-02 6.982501689999999483e-02 -8.989885359999999839e-03
2.302419089999999926e+02 5.090727510000000317e-02 7.207318580000000169e-03 7.539278509999999822e-02 -9.536065570000000144e-03 2.895068829999999926e-03 5.308327849999999737e-02
2.329354399999999998e+02 5.710796399999999717e-02 9.383621229999999924e-03 7.158901589999999704e-02 -2.169906740000000171e-03 -1.241990079999999962e-02 5.460921380000000047e-02
2.356262519999999938e+02 5.493170869999999817e-02 6.026242450000000167e-03 7.030595039999999740e-02 -2.001123109999999872e-02 2.978717750000000122e-02 3.930806509999999754e-02
2.383262520000000109e+02 5.395332330000000148e-02 -4.547157730000000141e-03 6.754317220000000122e-02 -2.178549009999999897e-02 5.087132060000000046e-03 4.163661530000000409e-03
2.410319399999999916e+02 4.810731210000000063e-02 -8.109551220000000421e-03 7.082748399999999611e-02 2.050296990000000097e-02 3.468835879999999927e-02 2.164162739999999849e-02
2.437358619999999974e+02 5.789968680000000256e-02 -2.525792370000000051e-03 6.266425779999999779e-02 1.668747790000000078e-02 3.036188459999999978e-02 -2.481287180000000051e-02
2.464402680000000032e+02 6.338933670000000686e-02 -8.566552720000000440e-03 5.907061450000000019e-02 5.274556879999999642e-03 1.559872149999999916e-02 4.195025439999999772e-02
2.491425340000000119e+02 7.337362690000000243e-02 -1.051731559999999907e-03 5.947278040000000127e-02 -1.561453100000000007e-03 1.033789029999999942e-02 3.786816960000000121e-02
2.518456740000000025e+02 6.591302159999999633e-02 3.970123369999999812e-04 5.030952219999999808e-02 -2.114048899999999842e-02 -1.688741679999999912e-02 4.254802810000000296e-02
2.545497369999999933e+02 6.094321679999999825e-02 6.063216740000000257e-03 5.740335950000000076e-02 1.798610980000000040e-02 -3.659938330000000323e-02 4.880489920000000148e-02
2.572521120000000110e+02 5.921338820000000142e-02 2.102370839999999786e-03 5.672321909999999967e-02 2.423192940000000115e-02 -1.877774100000000057e-02 4.182731180000000271e-02
2.599593619999999987e+02 5.116587140000000006e-02 -4.363753859999999762e-03 5.887364999999999959e-02 5.812027219999999980e-04 -2.600846240000000142e-02 3.846879899999999797e-02
2.626637059999999906e+02 6.221705289999999999e-02 2.946435570000000177e-03 5.116355279999999783e-02 -1.515842529999999935e-03 2.366159170000000159e-02 -2.359784440000000164e-02
2.653491740000000050e+02 5.700454399999999727e-02 1.298230349999999946e-03 4.701279500000000305e-02 -3.588248809999999844e-03 -5.009011360000000142e-03 -1.335326960000000028e-02
2.680579529999999977e+02 6.764175520000000053e-02 -5.921397550000000089e-04 5.475740789999999913e-02 -7.129927719999999691e-02 1.642918130000000157e-02 -2.701429740000000149e-02
