# a=0.059921174089909615, b=-133.5613593674642, c=0.0050797427212524796, xi=8.16294660482065
6.663771880000000092e-01 8.638879850000000249e-02 -1.432694909999999988e-02 -5.141113520000000414e-04 -3.917920279999999832e-03 1.442466149999999982e-02 -1.263221829999999941e-02
3.358818049999999999e+00 8.702007429999999988e-02 -5.766976059999999807e-03 -5.280780280000000292e-03 -7.016846359999999623e-03 5.542597040000000336e-02 3.023195529999999839e-02
6.056431019999999776e+00 7.323249910000000085e-02 -2.196385639999999962e-03 -2.679443030000000156e-02 -7.192600279999999957e-02 1.368991129999999959e-02 4.442584379999999639e-03
8.765458049999999446e+00 6.430898590000000414e-02 3.384793269999999878e-03 -4.093127719999999775e-02 -6.844371639999999313e-02 7.915335839999999151e-03 -6.097084109999999918e-02
1.146232660000000081e+01 5.326468310000000150e-02 9.683035830000000579e-03 -5.332413240000000165e-02 -5.912457299999999971e-02 3.537009330000000229e-02 -3.559996099999999941e-02
1.416125320000000087e+01 4.798813729999999722e-02 1.346181049999999914e-02 -6.209733960000000247e-02 -3.406321259999999657e-02 3.719552319999999690e-02 7.949336300000000091e-03
1.685989379999999827e+01 5.549150829999999895e-02 1.308126540000000004e-02 -7.102204380000000372e-02 -5.841162329999999986e-02 -1.438287610000000064e-02 3.679891030000000118e-03
1.956372349999999827e+01 5.748345960000000171e-02 1.268972110000000063e-02 -6.617557659999999398e-02 -3.335168530000000298e-02 -1.683124999999999899e-02 -3.380064590000000230e-02
2.225941410000000076e+01 6.780934569999999550e-02 1.135520530000000070e-02 -6.864083610000000502e-02 1.773545519999999986e-02 5.305917110000000483e-04 -9.888163919999999954e-03
2.496607039999999955e+01 6.426236309999999730e-02 1.836599410000000054e-03 -6.681841920000000656e-02 -4.245290849999999727e-02 -2.113058110000000031e-02 1.614099150000000010e-02
2.766198759999999979e+01 5.685074770000000249e-02 -1.113649310000000038e-03 -6.608471500000000221e-02 7.142031059999999834e-03 1.280881000000000033e-02 2.938277779999999909e-02
3.036437199999999947e+01 5.301627510000000293e-02 -1.882206910000000033e-03 -6.671093490000000459e-02 2.080868790000000093e-02 1.978118870000000057e-02 9.980863700000000213e-03
3.306243289999999746e+01 4.914550849999999721e-02 -8.101848300000000572e-03 -5.997450039999999843e-02 3.439215660000000119e-02 4.118313910000000189e-02 7.642334239999999668e-03
3.575783909999999821e+01 5.511191020000000274e-02 -3.983581679999999813e-03 -5.818290019999999840e-02 5.119710720000000131e-02 -1.516075000000000061e-02 5.713373530000000373e-03
3.847316570000000269e+01 5.362088119999999791e-02 -1.011206029999999964e-02 -6.637205679999999552e-02 4.661674100000000320e-02 -6.919785930000000099e-03 -2.335038770000000177e-03
4.117221880000000311e+01 5.583837610000000340e-02 -6.594408329999999936e-03 -5.756518559999999896e-02 3.517325419999999675e-02 -3.781548729999999886e-02 -1.722516019999999898e-02
4.387186570000000074e+01 3.401055310000000026e-02 -9.031927159999999719e-03 -7.193623840000000491e-02 3.529475430000000163e-02 -6.391280400000000361e-02 -4.304822159999999870e-02
4.658577979999999741e+01 4.877696029999999822e-02 -8.975660579999999306e-03 -6.152083290000000260e-02 2.472542579999999907e-02 -6.332594020000000337e-03 -3.149440939999999939e-02
4.928761570000000347e+01 5.466510749999999724e-02 -9.381259370000000555e-03 -5.517833660000000251e-02 2.436772990000000191e-03 -1.307052879999999993e-02 -7.366818340000000180e-03
5.198791099999999687e+01 5.409567500000000279e-02 1.994652349999999981e-04 -4.411736160000000184e-02 2.963996409999999915e-02 -6.730943720000000241e-03 3.493446029999999758e-02
5.470039539999999789e+01 4.620066500000000187e-02 -4.017179089999999703e-03 -4.792319250000000308e-02 -1.184212490000000062e-02 -2.072650189999999948e-02 2.972749010000000011e-02
5.741014849999999825e+01 3.736766019999999966e-02 -5.829197419999999560e-04 -5.394892030000000144e-02 2.584518280000000154e-02 2.794095170000000100e-02 5.433884650000000288e-02
6.011786730000000034e+01 3.455200380000000154e-02 -3.309823190000000040e-03 -6.657709979999999750e-02 1.892636099999999919e-02 -6.251992960000000120e-03 1.075537529999999985e-02
6.282784850000000176e+01 3.954081990000000296e-02 2.757178889999999799e-03 -7.137117119999999981e-02 -9.215410619999999525e-03 6.743733969999999613e-03 -4.437191160000000106e-02
6.553063600000000122e+01 4.869308149999999891e-02 -8.089224589999999271e-03 -7.324443410000000543e-02 5.328972059999999939e-04 6.117949089999999771e-03 -8.232579180000000607e-02
6.822175629999999558e+01 5.474259859999999756e-02 -8.587159199999999659e-03 -6.401847950000000287e-02 2.239772519999999947e-02 -6.713244299999999824e-03 -2.684456370000000078e-02
7.092529070000000502e+01 5.640579319999999841e-02 -1.260183280000000058e-02 -5.320175500000000335e-02 -2.088174309999999909e-02 -1.838590990000000050e-02 4.573692980000000283e-03
7.362131879999999740e+01 5.534188500000000038e-02 -1.363197130000000021e-02 -5.223357499999999737e-02 9.609796800000000583e-03 -4.092075029999999586e-03 2.289897659999999904e-02
7.631551570000000595e+01 6.650701330000000078e-02 -1.541537670000000040e-02 -3.378974319999999976e-02 -2.558938729999999870e-03 1.381500570000000067e-02 -1.959400449999999967e-03
7.901458599999999421e+01 7.072969969999999551e-02 -5.385860810000000359e-03 -3.714754039999999813e-02 -2.618419459999999852e-02 3.712389900000000187e-02 5.022948359999999945e-02
8.171733290000000238e+01 6.748181070000000559e-02 4.300558860000000365e-03 -4.977689539999999996e-02 -7.798738959999999831e-02 -4.419254450000000001e-03 5.019189920000000082e-03
8.441822980000000598e+01 6.808155250000000325e-02 7.207846579999999483e-05 -5.577460800000000329e-02 1.279369300000000008e-02 4.133543439999999808e-04 -4.250712219999999708e-02
8.712075319999999579e+01 6.212699020000000266e-02 6.775512319999999616e-03 -6.076021520000000203e-02 -2.369050450000000085e-02 -1.926832679999999909e-02 -2.343225590000000066e-02
8.981443600000000060e+01 5.489101629999999787e-02 2.728208150000000030e-03 -6.255104420000000276e-02 6.189854820000000035e-02 -6.078176350000000228e-02 -3.192798260000000166e-02
9.251424070000000199e+01 4.490492029999999801e-02 6.131890909999999917e-03 -5.844827400000000145e-02 -1.534013220000000031e-02 -3.120019339999999947e-02 -4.719639989999999813e-02
9.521062510000000145e+01 5.791931570000000140e-02 1.202652320000000040e-03 -5.389068799999999909e-02 1.955573600000000065e-02 7.624491159999999962e-03 -3.636940150000000233e-02
9.790075480000000141e+01 6.352256500000000305e-02 6.852264559999999768e-03 -5.300007190000000090e-02 -5.344697489999999593e-03 2.734874790000000125e-02 -2.764679050000000068e-02
1.005941169999999971e+02 6.091207390000000221e-02 9.082004629999999509e-03 -5.602809670000000186e-02 6.363513599999999493e-02 -1.370120030000000072e-02 -2.259082800000000030e-02
1.032961169999999953e+02 5.529043890000000239e-02 -3.947398270000000188e-03 -6.102559180000000083e-02 2.001682860000000147e-02 -9.861999309999999394e-03 -4.147224199999999944e-02
1.060055080000000061e+02 6.014669479999999735e-02 3.819475770000000194e-04 -5.534542139999999721e-02 5.165706910000000124e-02 2.092159069999999926e-02 -4.459798830000000214e-02
1.087026800000000009e+02 6.618790010000000223e-02 -4.550589740000000362e-03 -5.465249199999999696e-02 2.286426880000000036e-02 -1.107485729999999969e-03 -3.926373269999999804e-02
1.114022889999999961e+02 6.170627609999999874e-02 -4.333491909999999912e-03 -4.489188040000000046e-02 4.232312579999999991e-02 -4.899817479999999704e-03 2.836535219999999913e-02
1.141059139999999985e+02 6.063844100000000126e-02 -2.846088179999999804e-03 -5.253478329999999863e-02 9.604433630000000846e-03 1.194964020000000016e-02 5.382158399999999870e-02
1.168185859999999963e+02 6.068600240000000118e-02 7.662283189999999876e-03 -5.572599109999999689e-02 -2.003518079999999993e-02 1.313238270000000041e-02 1.534342229999999946e-02
1.195322270000000060e+02 5.955575879999999711e-02 3.996052949999999611e-03 -5.721439949999999885e-02 1.089653410000000072e-02 1.439664809999999934e-02 -2.220600229999999953e-02
1.222249769999999955e+02 5.514865079999999725e-02 2.271760250000000141e-03 -5.989852219999999838e-02 1.740714169999999948e-04 3.951513920000000041e-02 1.118666280000000027e-02
1.249328359999999947e+02 7.216164660000000397e-02 1.578367790000000104e-03 -5.728116629999999848e-02 9.255067259999999463e-03 6.847966730000000501e-02 -6.700868129999999713e-04
1.276223990000000015e+02 7.141686379999999390e-02 2.940968139999999842e-03 -3.563543090000000080e-02 2.811247799999999977e-02 4.648442600000000230e-02 2.602815329999999885e-02
1.303263990000000092e+02 7.288449569999999600e-02 3.852848629999999948e-03 -8.482808600000000740e-03 -1.118695720000000005e-02 -1.385454189999999960e-02 2.152623060000000144e-02
1.330249450000000024e+02 7.094897749999999614e-02 -4.662307039999999923e-04 1.459704669999999961e-02 -2.266600480000000029e-02 -2.817282100000000067e-02 -6.902070159999999961e-03
1.357210389999999904e+02 7.041029229999999639e-02 2.085671079999999993e-03 2.386422330000000092e-02 -1.300264760000000019e-01 -2.979226330000000166e-03 -1.019306329999999927e-02
1.384126170000000116e+02 7.365834970000000037e-02 -4.872101650000000214e-03 2.785395029999999938e-02 -4.464270719999999942e-02 4.480899220000000155e-02 1.242347379999999939e-02
1.411115389999999934e+02 7.162141110000000421e-02 -2.868738029999999897e-03 3.540403379999999822e-02 -5.764714420000000006e-02 2.436358569999999904e-02 -3.251142260000000096e-04
1.438019299999999987e+02 6.129904089999999722e-02 4.192489510000000329e-03 5.581933380000000250e-02 -5.198204389999999848e-03 1.713150860000000122e-02 3.457389589999999846e-02
1.465026640000000100e+02 5.646998899999999821e-02 3.280616719999999813e-03 5.498187580000000324e-02 -2.375304690000000149e-02 -1.745328930000000084e-02 3.171335969999999893e-02
1.491962269999999933e+02 4.868345730000000343e-02 3.192218039999999979e-03 7.323258940000000605e-02 -1.985257110000000075e-02 -2.456478050000000107e-02 5.242881979999999831e-02
1.518886950000000127e+02 5.826524870000000106e-02 -8.786510710000000612e-03 7.068308769999999408e-02 -1.486946379999999970e-02 -2.353703119999999913e-02 7.186164259999999748e-02
1.545852270000000033e+02 5.449451529999999738e-02 1.579377110000000075e-03 5.883787590000000289e-02 5.469155330000000266e-03 -1.660666540000000149e-02 6.359043759999999379e-02
1.572885860000000093e+02 5.085851880000000214e-02 -1.795526190000000088e-03 5.676366139999999838e-02 1.705129899999999893e-02 -3.238188360000000213e-03 3.493658680000000238e-02
1.599948829999999873e+02 5.375761069999999975e-02 2.405169080000000084e-03 5.075405949999999694e-02 8.831807860000000579e-03 1.575362580000000054e-02 8.440279510000000748e-03
1.626901640000000100e+02 5.793599370000000054e-02 -6.057472149999999778e-03 6.321409840000000169e-02 7.356756560000000250e-03 -2.621460050000000083e-02 -2.251393200000000039e-03
1.653888990000000092e+02 4.823065990000000025e-02 -7.499808769999999694e-03 6.131862650000000081e-02 8.688963770000000461e-03 1.843702859999999874e-02 -2.229033860000000089e-02
1.681064450000000079e+02 4.650098130000000080e-02 -5.210571889999999692e-03 6.245461229999999669e-02 8.599372299999999761e-03 1.027994699999999935e-02 -3.410657799999999851e-02
1.708161800000000028e+02 4.934613709999999959e-02 -9.141445620000000771e-03 6.960776139999999557e-02 2.392054199999999863e-03 -5.498768290000000114e-02 -1.840084170000000048e-04
1.735147420000000125e+02 5.232465499999999770e-02 -9.702178599999999875e-03 6.616002749999999599e-02 -2.334057120000000013e-03 -3.090815690000000074e-02 -2.605617459999999899e-02
1.762142420000000129e+02 4.792935219999999719e-02 -1.403681379999999939e-03 6.522580290000000447e-02 1.139046029999999992e-03 -1.201704959999999947e-02 6.735733160000000053e-03
1.789210549999999955e+02 3.435859460000000032e-02 2.569902889999999846e-06 6.698865049999999655e-02 1.941378599999999885e-02 1.160454569999999977e-02 -4.040583100000000316e-02
1.816257889999999975e+02 2.441407049999999926e-02 2.536480309999999874e-03 7.702784590000000264e-02 8.877458790000000710e-03 2.551515639999999904e-02 2.084982830000000134e-02
1.843257419999999911e+02 3.705246470000000264e-02 1.791660069999999978e-03 7.631529060000000197e-02 6.386556810000000063e-03 6.233760720000000241e-03 5.602026000000000401e-03
1.870346490000000017e+02 4.160104719999999784e-02 4.538170990000000063e-04 7.943087690000000256e-02 1.119772909999999962e-02 2.280788469999999943e-02 6.794108529999999535e-02
1.897428199999999947e+02 3.968735999999999792e-02 -2.290129210000000151e-03 7.193489660000000618e-02 -3.618967099999999878e-03 4.009718400000000099e-02 -1.663167819999999963e-02
1.924403200000000140e+02 4.633431350000000171e-02 -1.027567639999999935e-02 7.262700199999999606e-02 -2.605542060000000035e-02 -8.644637539999999731e-03 7.247311450000000141e-03
1.951336949999999888e+02 4.908662359999999697e-02 -1.564513799999999941e-02 5.958627030000000074e-02 -1.556838569999999949e-02 -3.189690540000000157e-02 6.108923919999999924e-02
1.978405079999999998e+02 5.178542049999999841e-02 -2.973185750000000016e-02 6.174303130000000084e-02 -1.767404050000000171e-02 4.250287419999999872e-02 -4.199439200000000191e-03
2.005402420000000063e+02 4.275101530000000039e-02 -3.014618130000000160e-02 5.870897709999999686e-02 -3.308976000000000278e-02 1.537429910000000059e-02 -1.336199490000000017e-02
2.032479449999999872e+02 3.905732289999999662e-02 -2.711124919999999966e-02 5.840546580000000043e-02 -3.455862499999999820e-03 1.448332519999999922e-02 -6.157909880000000252e-02
2.059393049999999903e+02 3.422349009999999664e-02 -3.557653840000000317e-02 5.926451230000000236e-02 -1.023326259999999925e-02 -4.982804989999999913e-03 -3.105012149999999971e-02
2.086462109999999939e+02 3.550333769999999833e-02 -2.710640250000000140e-02 6.645057329999999596e-02 -1.351895690000000025e-02 -4.611928520000000038e-03 -6.055172649999999990e-02
2.113333989999999858e+02 3.607670529999999764e-02 -1.518104009999999941e-02 7.226612370000000396e-02 7.354828560000000251e-04 1.101205270000000071e-03 -5.572238639999999715e-02
2.140318519999999864e+02 4.580218640000000008e-02 -8.309205110000000491e-03 6.664321730000000166e-02 -1.027403319999999932e-02 -1.278001850000000036e-02 -3.081448120000000040e-02
2.167400859999999909e+02 5.413509340000000059e-02 -3.621362459999999828e-04 6.053504340000000206e-02 1.301329770000000073e-02 -4.788465780000000088e-02 -1.833537550000000071e-02
2.194323050000000137e+02 5.986960010000000332e-02 6.689250879999999837e-03 6.425982180000000543e-02 -8.801040879999999511e-03 1.936959580000000014e-02 2.552364669999999947e-02
2.221343830000000139e+02 6.326338839999999519e-02 -1.156351469999999980e-03 5.851813949999999653e-02 -1.464332089999999947e-02 -1.186630680000000035e-02 -1.192800180000000085e-02
2.248247580000000028e+02 5.962519220000000314e-02 -7.075800600000000350e-03 6.179304730000000079e-02 -1.501770860000000048e-02 2.106060850000000123e-02 5.185618040000000012e-02
2.275322109999999896e+02 5.968709369999999903e-02 -1.904234109999999869e-02 6.990748930000000028e-02 1.384554980000000067e-02 -8.562173899999999185e-03 1.398577189999999915e-02
2.302323670000000106e+02 5.743950779999999756e-02 -1.681747980000000003e-02 6.630242420000000136e-02 1.261486380000000030e-03 -1.029717230000000081e-02 3.061231320000000131e-02
2.329341330000000028e+02 5.647119750000000049e-02 -9.957133019999999876e-03 6.363834120000000372e-02 1.527923529999999919e-02 1.476709479999999998e-02 1.912033540000000059e-02
2.356402889999999957e+02 6.018029490000000037e-02 1.771847760000000004e-03 6.046002949999999820e-02 1.838582799999999989e-02 3.074567380000000141e-02 6.062221069999999823e-02
2.383500390000000095e+02 7.127001930000000096e-02 -3.270491170000000124e-03 5.786429530000000016e-02 1.443493380000000076e-02 -4.845958060000000317e-02 2.781838760000000105e-02
2.410613989999999944e+02 6.718370560000000435e-02 4.318882010000000410e-03 6.630722340000000381e-02 4.320660209999999807e-02 4.028514269999999842e-02 3.062674589999999850e-02
2.437547419999999931e+02 6.513977029999999668e-02 1.502193090000000049e-03 7.746917170000000574e-02 2.549907629999999953e-02 4.413712189999999952e-02 6.856021389999999993e-02
2.464590699999999970e+02 5.882330780000000203e-02 -1.335281520000000102e-03 6.865268909999999725e-02 -2.764243299999999772e-04 2.536707020000000118e-02 4.695560480000000175e-02
2.491512580000000128e+02 5.094065319999999814e-02 -1.156192810000000043e-02 6.548095210000000332e-02 -1.683881530000000057e-02 6.198970489999999604e-03 3.551554660000000307e-02
2.518524769999999933e+02 5.211669270000000159e-02 -1.033278800000000074e-02 6.349031870000000632e-02 -2.043077589999999985e-02 -2.166265780000000037e-03 2.873507260000000146e-02
2.545428200000000061e+02 5.904209839999999959e-02 -7.585157339999999866e-03 5.847049020000000263e-02 -2.013049750000000040e-02 6.541963900000000338e-03 2.758911970000000116e-02
2.572383829999999989e+02 6.019881099999999791e-02 -6.962668469999999839e-03 5.620701329999999718e-02 -2.683316250000000128e-03 -4.349373270000000263e-02 7.188218650000000043e-02
2.599390389999999798e+02 6.416688660000000044e-02 -3.349415059999999878e-03 5.101554769999999683e-02 -1.499141019999999935e-02 -4.407584900000000028e-02 9.126446050000000532e-03
2.626416169999999966e+02 6.809540560000000575e-02 5.095533890000000093e-03 4.352445709999999690e-02 -1.299259179999999979e-02 6.008692880000000326e-03 3.039324499999999929e-02
2.653370080000000257e+02 7.858451700000000650e-02 -7.839892250000000408e-05 3.568167309999999842e-02 1.124159630000000007e-02 1.785564749999999853e-02 2.903371659999999868e-02
2.680427260000000160e+02 7.590471020000000291e-02 -4.117856700000000272e-03 2.508819979999999880e-02 -1.631605820000000054e-02 4.527157450000000340e-03 1.126169520000000089e-03
