# a=0.06686094272946898, b=-147.7776036633335, c=-1.7447068645768324e-05, xi=11.103379124305743
6.856150659999999952e-01 7.497931680000000099e-02 5.645637270000000013e-03 5.191101249999999917e-02 -3.008365600000000029e-02 -4.045516100000000337e-02 -3.807432239999999912e-02
3.371575870000000030e+00 7.652768170000000258e-02 4.885272700000000204e-03 4.277567499999999912e-02 -6.890164370000000094e-03 -5.638129389999999713e-02 -4.325633610000000073e-02
6.080521339999999775e+00 7.279728030000000294e-02 9.630221039999999413e-03 3.105100289999999930e-02 -1.743533469999999919e-02 -1.249509989999999940e-03 -1.654206559999999923e-02
8.765535720000000808e+00 8.076777799999999841e-02 1.447096460000000043e-02 8.698620929999999543e-03 -2.442094250000000077e-02 3.280537379999999819e-03 2.406731219999999963e-02
1.146885450000000084e+01 8.859633679999999456e-02 1.625099550000000045e-02 -2.110321860000000105e-02 -5.866043060000000232e-03 1.655558280000000082e-03 1.965822050000000029e-02
1.416336070000000014e+01 8.314896870000000606e-02 1.650447299999999867e-02 -3.167879359999999783e-02 -2.198498600000000150e-02 3.894810050000000086e-03 4.567527190000000153e-03
1.684668729999999925e+01 7.711539940000000648e-02 1.788047200000000142e-02 -4.418523049999999869e-02 2.635359229999999914e-02 -2.169165810000000041e-03 3.540555289999999800e-02
1.954072010000000148e+01 7.553745269999999346e-02 1.511901870000000037e-02 -4.793795359999999950e-02 8.156783629999999133e-03 4.473305979999999890e-03 1.852187799999999857e-02
2.225339509999999876e+01 7.260226570000000157e-02 1.316164409999999972e-02 -6.118255470000000251e-02 -9.855729049999999505e-03 -1.369274260000000014e-02 -2.454763869999999903e-02
2.495962949999999836e+01 6.566027950000000168e-02 1.291304159999999944e-02 -6.151879100000000322e-02 2.380744850000000162e-02 3.362396369999999957e-03 -4.515697510000000331e-02
2.765697790000000111e+01 5.558950809999999715e-02 2.148589059999999988e-03 -6.395437180000000665e-02 -9.790357490000001044e-04 -2.424473029999999960e-02 3.941031089999999862e-03
3.037350909999999971e+01 5.766468760000000027e-02 2.225401599999999886e-03 -5.456127060000000306e-02 1.098245299999999966e-02 1.222305859999999952e-02 -2.032569229999999991e-02
3.307950919999999684e+01 6.276224480000000550e-02 1.636123510000000092e-03 -5.443189779999999672e-02 -1.038997680000000069e-02 -1.283022950000000089e-03 -3.057697079999999873e-02
3.577022790000000185e+01 6.283818139999999830e-02 -2.635316060000000155e-03 -5.827564789999999800e-02 7.936399519999999541e-02 4.527613939999999837e-02 1.682251740000000051e-02
3.848520919999999990e+01 5.416653460000000336e-02 -7.115602720000000110e-03 -6.330043999999999949e-02 4.107331379999999699e-02 6.922319759999999433e-02 -1.902000289999999970e-03
4.117991229999999803e+01 5.884098349999999922e-02 -9.850251759999999537e-03 -7.284736760000000422e-02 2.100294679999999831e-02 3.179241659999999803e-02 1.678328529999999902e-02
4.389361540000000161e+01 5.745865289999999709e-02 -6.620930520000000222e-03 -6.583126309999999537e-02 -6.665828620000000069e-04 5.805200400000000080e-03 -2.317239919999999898e-02
4.658433260000000331e+01 5.302451080000000067e-02 -7.242178059999999917e-03 -6.342124879999999632e-02 2.394519479999999978e-02 -2.987583499999999989e-02 -3.201726459999999774e-02
4.928147950000000321e+01 6.316778089999999790e-02 3.607238050000000041e-04 -6.341711449999999639e-02 -3.015346089999999986e-03 7.051194799999999617e-03 8.297047280000000719e-03
5.198163879999999892e+01 6.331671090000000335e-02 -3.588237639999999808e-03 -7.120814500000000047e-02 4.816726980000000241e-02 -3.807211929999999855e-02 3.162696229999999858e-02
5.468062319999999943e+01 6.155870659999999883e-02 -7.023014160000000394e-03 -6.955231350000000423e-02 5.985120020000000290e-02 -4.874742459999999861e-02 2.416964590000000163e-02
5.740242159999999672e+01 5.104536839999999909e-02 -7.430366310000000377e-03 -7.215863409999999367e-02 3.790221190000000323e-02 -2.493671880000000035e-02 -1.836376630000000065e-02
6.011091849999999681e+01 5.324757399999999891e-02 -4.652507999999999644e-03 -7.167230700000000454e-02 6.184396529999999607e-03 -5.134982099999999688e-02 -4.657622680000000209e-02
6.280692630000000065e+01 4.610276919999999751e-02 -1.204134739999999926e-02 -7.535756620000000350e-02 1.209507599999999974e-02 1.479650149999999983e-02 -3.551028430000000014e-02
6.550489039999999363e+01 5.448805169999999809e-02 5.062918770000000412e-04 -7.404376699999999645e-02 1.261596809999999957e-02 2.087914429999999932e-02 -1.985760859999999989e-02
6.819891699999999446e+01 4.850748800000000138e-02 1.903325719999999924e-03 -7.259206410000000609e-02 -4.967006839999999618e-04 9.312636239999999566e-02 -3.917363459999999992e-02
7.090155760000000384e+01 5.555584229999999818e-02 9.516290779999999651e-04 -7.226408280000000406e-02 6.010283999999999766e-02 5.394223499999999810e-02 -4.209442869999999864e-02
7.360458730000000571e+01 6.309440819999999339e-02 -5.396970069999999786e-03 -6.935953960000000584e-02 2.248486990000000008e-03 1.225127160000000041e-02 -4.455447860000000260e-02
7.630677319999999497e+01 6.743834020000000207e-02 -2.126189570000000008e-03 -5.928226119999999849e-02 7.459167549999999591e-02 -1.077012190000000043e-02 -3.623504260000000310e-02
7.900794199999999989e+01 6.201063810000000120e-02 7.543376019999999777e-04 -6.607890210000000319e-02 -1.712223129999999871e-02 1.776709070000000168e-02 -1.038177789999999989e-02
8.170796540000000618e+01 6.958468190000000053e-02 3.372420980000000092e-03 -6.171920399999999973e-02 1.942010820000000110e-02 -1.657888290000000125e-02 -3.127050680000000027e-02
8.440745289999999557e+01 6.915658180000000543e-02 4.726904490000000299e-03 -6.518590330000000044e-02 -1.707942579999999905e-02 1.451732789999999988e-02 -8.592586200000000216e-03
8.710816699999999457e+01 5.940814219999999979e-02 3.155622370000000110e-03 -6.680840180000000017e-02 3.453000839999999932e-02 6.689779160000000093e-03 -4.080887949999999903e-02
8.979904349999999624e+01 5.449698029999999749e-02 1.211075789999999965e-02 -6.895600039999999487e-02 3.259759289999999976e-02 -2.376421280000000011e-02 -4.490085989999999944e-03
9.248879669999999464e+01 4.562475319999999973e-02 8.380661089999999827e-03 -7.282004340000000631e-02 4.086443020000000287e-02 1.100990559999999972e-02 1.558912819999999991e-02
9.519045289999999682e+01 5.467958369999999929e-02 7.696932299999999748e-03 -7.701962699999999329e-02 5.098012269999999818e-02 -3.638390360000000323e-02 -3.412223419999999702e-02
9.788328570000000184e+01 5.575214839999999977e-02 2.784172020000000043e-03 -7.842516909999999730e-02 4.535995780000000310e-02 1.971733089999999980e-02 3.558416880000000310e-02
1.005845670000000069e+02 6.727788410000000441e-02 9.286960659999999451e-03 -7.598231079999999416e-02 4.626938929999999811e-02 8.361670590000000111e-03 6.951034089999999672e-03
1.032806450000000069e+02 6.930718469999999631e-02 -5.534625569999999505e-04 -6.606085300000000271e-02 4.465605670000000194e-02 -2.853757999999999989e-02 5.784331220000000183e-03
1.059725830000000002e+02 8.131802009999999914e-02 -3.754501580000000217e-03 -5.715223030000000232e-02 7.432705470000000592e-02 -8.683062119999999592e-03 2.133077010000000023e-02
1.086685669999999959e+02 7.076484190000000007e-02 -9.385363699999999670e-03 -6.197693779999999958e-02 6.293178680000000025e-02 1.574612989999999921e-03 1.748210500000000125e-02
1.113753640000000047e+02 6.206046719999999683e-02 -7.755805220000000152e-03 -5.446566750000000207e-02 4.652627110000000232e-02 -6.396985330000000414e-02 -3.029484639999999868e-02
1.140794259999999980e+02 6.527032350000000482e-02 -6.713873520000000067e-03 -5.984447169999999872e-02 1.738477620000000029e-02 -3.550607349999999884e-02 -4.479866629999999968e-03
1.167780669999999930e+02 6.690642030000000517e-02 4.472321920000000249e-03 -5.495990440000000227e-02 7.713377209999999762e-02 -2.435139630000000138e-02 4.688677179999999750e-02
1.194772860000000065e+02 5.707268699999999695e-02 1.096956000000000059e-03 -5.592415070000000127e-02 4.062592479999999756e-02 -6.270778389999999598e-03 -7.154032989999999786e-03
1.221844109999999972e+02 5.380193590000000026e-02 9.650091039999999371e-03 -6.310161670000000167e-02 4.100301149999999867e-02 -4.340952000000000005e-02 -1.820973979999999937e-02
1.248849579999999975e+02 5.683622519999999984e-02 7.351441319999999814e-03 -6.893324169999999473e-02 6.338540500000000577e-02 -3.319826840000000140e-02 -5.755118830000000019e-02
1.275964419999999961e+02 6.191746050000000029e-02 6.389008090000000348e-03 -7.091297039999999718e-02 2.671987060000000080e-02 8.528945030000000330e-03 -3.678208990000000206e-02
1.302864109999999869e+02 6.014008299999999696e-02 8.233693460000000158e-03 -6.596655049999999854e-02 6.710120340000000350e-02 -2.340850129999999876e-02 1.626470450000000109e-02
1.329950509999999895e+02 5.992894349999999815e-02 1.235035930000000053e-02 -6.180958050000000259e-02 2.552245059999999968e-02 -1.775787499999999935e-02 -7.678740730000000424e-03
1.357097390000000132e+02 6.403559629999999725e-02 1.108343500000000086e-02 -5.612435500000000077e-02 -3.415272589999999997e-02 2.445055629999999883e-02 -2.205906570000000164e-02
1.383989109999999982e+02 7.143475000000000519e-02 6.357289680000000227e-03 -5.089506800000000164e-02 1.222547489999999994e-02 4.822296329999999770e-02 4.447221509999999683e-02
1.410951139999999953e+02 7.477881429999999607e-02 5.215533760000000060e-03 -3.286717069999999657e-02 1.065168000000000018e-02 4.500304830000000089e-02 8.531989859999999622e-04
1.437953789999999969e+02 6.772168230000000233e-02 9.236634719999999368e-03 -2.094424690000000130e-02 8.928960490000000319e-03 -2.614399319999999912e-03 1.980150760000000051e-02
1.464904109999999946e+02 6.993478579999999611e-02 1.220409310000000053e-02 -6.878536410000000295e-03 -4.828848410000000264e-03 -4.500636820000000066e-02 2.579806810000000172e-02
1.491957390000000032e+02 7.278786240000000018e-02 1.580928540000000118e-02 9.042060859999999367e-03 3.296278660000000107e-03 -3.720369469999999790e-02 1.080640350000000062e-02
1.518968010000000106e+02 7.639702819999999450e-02 1.589504549999999974e-02 2.947911240000000016e-02 4.228604379999999739e-03 -6.364191780000000298e-03 2.419116249999999843e-02
1.545916139999999928e+02 7.898413299999999804e-02 1.457890210000000082e-02 3.809589139999999818e-02 3.289881239999999790e-02 8.086095180000000757e-03 4.656704529999999842e-02
1.572895670000000052e+02 7.633896290000000140e-02 1.225754740000000072e-02 4.007294770000000006e-02 -3.651418850000000098e-03 3.382804849999999919e-02 5.758139079999999993e-02
1.599904260000000136e+02 5.997654150000000101e-02 3.924586069999999594e-03 5.043441189999999658e-02 6.642933089999999811e-03 2.791387229999999983e-02 2.000215749999999931e-02
1.626905669999999873e+02 5.488853910000000141e-02 1.149537929999999925e-03 5.273794569999999682e-02 -4.700967329999999889e-03 -1.254153059999999972e-02 2.571511389999999939e-02
1.654004730000000052e+02 6.113387650000000340e-02 8.770065610000000664e-03 5.744067819999999769e-02 -2.820672139999999897e-02 2.520110970000000172e-02 -2.660349899999999920e-02
1.680977230000000020e+02 6.163519440000000266e-02 9.604764990000000391e-03 6.787272880000000397e-02 2.018083650000000034e-02 -6.583794240000000360e-03 3.425036070000000293e-02
1.708139889999999923e+02 6.005050289999999680e-02 3.142351639999999870e-03 6.414470499999999631e-02 -8.347844849999999954e-04 2.942904400000000142e-02 4.071011990000000108e-02
1.735096289999999897e+02 5.977877570000000168e-02 9.329164069999999970e-04 6.201611380000000145e-02 1.311233640000000061e-02 4.207852039999999960e-02 7.181712190000000273e-02
1.762111759999999947e+02 6.345118330000000528e-02 -6.528075450000000307e-03 7.020436260000000039e-02 -2.239780670000000168e-03 3.815976950000000284e-02 7.769201700000000210e-02
1.789069419999999866e+02 7.509468340000000075e-02 -4.598175490000000129e-03 6.546547360000000426e-02 -4.053762080000000018e-02 -3.402270790000000086e-03 6.075609619999999822e-02
1.816007700000000114e+02 6.636858819999999493e-02 -5.850595069999999821e-03 6.297668419999999379e-02 -3.283298529999999910e-02 1.629450600000000027e-02 6.526543799999999507e-02
1.843051920000000052e+02 6.700855479999999476e-02 -7.231313890000000411e-03 6.609162899999999896e-02 2.564975660000000032e-02 -2.916599179999999902e-02 8.715792090000000492e-03
1.870057390000000055e+02 6.408837059999999974e-02 3.001537690000000147e-03 7.558764149999999682e-02 -5.971752989999999824e-03 -6.447934660000000096e-02 6.499979140000000655e-02
1.897054730000000120e+02 5.985940349999999827e-02 -5.075002060000000093e-03 6.613249969999999978e-02 1.687249519999999914e-03 -1.551860600000000076e-02 1.937240869999999962e-02
1.923975979999999879e+02 5.787643480000000118e-02 -1.572206580000000062e-02 6.408530490000000079e-02 -4.339321570000000149e-04 1.002898020000000077e-02 3.343718739999999856e-02
1.951043170000000089e+02 6.493681480000000616e-02 -7.956700270000000366e-03 5.855916010000000033e-02 6.240730939999999602e-03 2.600936189999999981e-03 4.959048359999999878e-02
1.977940199999999891e+02 7.620790260000000205e-02 -5.997488010000000432e-03 6.330385650000000530e-02 1.438748070000000004e-02 -2.814955460000000131e-02 8.388187310000000396e-02
2.004864420000000109e+02 7.706484389999999907e-02 1.652424540000000004e-03 6.019977189999999728e-02 -4.452672329999999949e-03 4.103101459999999867e-02 6.728529889999999847e-02
2.031895509999999945e+02 7.160615450000000493e-02 6.842398960000000037e-04 7.158799870000000232e-02 2.531176729999999944e-02 4.422085569999999882e-02 7.499052679999999860e-02
2.058911919999999895e+02 6.811190720000000198e-02 1.181755779999999964e-02 6.972263139999999859e-02 2.710994359999999853e-02 2.814543289999999962e-02 6.848796999999999524e-02
2.085912230000000136e+02 6.787112909999999666e-02 9.295460619999999438e-03 6.683053680000000663e-02 3.027509380000000059e-03 -9.326137439999999945e-03 2.194371369999999904e-02
2.112816610000000139e+02 6.624980249999999626e-02 7.962818450000000783e-03 5.985497050000000013e-02 -2.437157120000000080e-02 1.546898279999999945e-02 8.370730329999999386e-02
2.139766140000000121e+02 6.766938379999999642e-02 7.048002420000000316e-03 6.059374049999999984e-02 -1.944370930000000053e-02 -1.296212639999999930e-02 6.264434389999999631e-02
2.166758480000000020e+02 5.259316549999999701e-02 -1.908518380000000106e-03 6.906656369999999989e-02 4.320531320000000307e-03 4.994954260000000063e-03 5.458152019999999716e-02
2.193710039999999992e+02 5.644818880000000011e-02 -6.731650880000000434e-03 7.335874620000000512e-02 -8.679610730000000482e-03 1.085953079999999946e-02 4.170226850000000041e-02
2.220641290000000083e+02 5.527206380000000002e-02 -3.860544799999999881e-03 7.430487110000000284e-02 9.365540909999999289e-03 -2.087201379999999856e-02 7.991771620000000242e-02
2.247717230000000086e+02 5.986608300000000049e-02 6.915099099999999673e-03 7.733873730000000168e-02 4.855472059999999673e-02 -1.737358630000000043e-02 6.611505600000000538e-02
2.274808639999999968e+02 6.000105780000000028e-02 1.195786019999999991e-02 7.098813919999999444e-02 3.103787469999999896e-02 8.034204790000000831e-03 1.026280990000000004e-01
2.301710359999999866e+02 6.627183500000000116e-02 1.227539469999999917e-02 6.908454940000000044e-02 2.232379820000000153e-02 2.412085920000000064e-02 9.747895839999999590e-02
2.328862080000000105e+02 5.554823510000000270e-02 1.092760270000000047e-02 6.688755579999999812e-02 6.587859429999999746e-03 -2.332870290000000051e-03 8.234764780000000672e-02
2.355925359999999955e+02 5.944537450000000195e-02 3.980423829999999580e-03 6.440744029999999343e-02 2.534592759999999834e-02 8.672541209999999785e-04 6.518100910000000636e-02
2.382996760000000052e+02 5.750972830000000008e-02 -1.196222390000000000e-03 6.612036300000000144e-02 1.940186019999999914e-02 2.377862349999999847e-02 9.170901350000000563e-02
2.410074889999999925e+02 6.847110289999999710e-02 1.399733079999999907e-03 6.616866379999999936e-02 3.539287979999999889e-02 3.290336130000000303e-02 6.018862550000000228e-02
2.437086759999999970e+02 6.486416809999999422e-02 -1.199699509999999948e-03 6.890718220000000005e-02 5.013607169999999974e-03 5.897646599999999822e-02 6.649249860000000512e-02
2.464040200000000027e+02 5.422545980000000043e-02 7.028857510000000031e-03 6.999257750000000000e-02 -4.314708750000000037e-03 5.086981639999999666e-02 7.536547679999999749e-02
2.491080829999999935e+02 5.731107430000000058e-02 1.337506819999999957e-02 6.682778239999999370e-02 -6.833764580000000269e-03 3.824107739999999672e-02 5.193166679999999813e-02
2.518098640000000046e+02 5.821203519999999798e-02 1.907608020000000140e-02 6.362325509999999795e-02 -1.093694149999999924e-03 1.322291819999999937e-02 3.357497429999999755e-02
2.545101290000000063e+02 6.273735219999999890e-02 1.444577200000000082e-02 6.249938809999999734e-02 1.092889189999999991e-03 -1.675988159999999838e-02 -1.896946890000000135e-02
2.572233949999999822e+02 6.569594180000000450e-02 1.199548249999999976e-02 6.354044209999999693e-02 2.584554240000000100e-02 -1.564236969999999866e-02 1.999135529999999938e-02
2.599134419999999750e+02 6.874414160000000273e-02 7.936202329999999389e-03 6.182184470000000320e-02 -5.305940599999999646e-03 -1.345041580000000056e-02 2.701233880000000059e-02
2.626255199999999945e+02 5.994213000000000319e-02 1.367414609999999947e-02 6.186385810000000207e-02 -5.690697740000000282e-02 3.638429949999999989e-03 -3.200159310000000312e-02
2.653231610000000273e+02 7.668521270000000500e-02 1.181230410000000050e-02 5.313177349999999993e-02 -8.124419659999999876e-02 -7.134511839999999744e-03 -1.589698839999999962e-03
2.680229499999999803e+02 7.565079919999999347e-02 8.765766580000000641e-03 5.266795789999999949e-02 -4.189641699999999830e-02 -2.954060860000000052e-02 7.124715539999999575e-04
