# a=0.06126891810670763, b=-157.58101840095003, c=0.005228274077217563, xi=12.693123977741129
6.506279090000000043e-01 7.052974539999999626e-02 -1.994231139999999829e-03 5.080486170000000218e-02 6.776381169999999565e-02 7.380545320000000097e-03 -1.224985760000000048e-02
3.354465049999999948e+00 8.650250180000000622e-02 3.090120339999999745e-04 3.018622470000000002e-02 2.562445829999999980e-02 -1.500001509999999982e-02 -3.914688839999999614e-03
6.059872229999999860e+00 8.360951910000000153e-02 -1.290074379999999951e-02 1.541207080000000021e-02 6.303931209999999452e-02 4.355321169999999686e-02 -2.338091490000000078e-02
8.760628170000000381e+00 8.047030119999999676e-02 4.452561340000000221e-03 -6.440112070000000161e-03 5.554077509999999843e-03 4.395610600000000173e-02 -9.475199179999999402e-03
1.146636490000000030e+01 7.087308500000000233e-02 -7.410773639999999342e-05 -1.936858940000000043e-02 4.467685610000000224e-02 2.136690529999999907e-02 -5.116118880000000008e-02
1.416594459999999955e+01 7.100585680000000288e-02 9.145037849999999163e-03 -4.491503840000000275e-02 1.752114189999999863e-02 1.041757280000000108e-03 -4.391287220000000130e-02
1.686775079999999960e+01 6.041948560000000301e-02 1.454171980000000010e-02 -5.415603809999999796e-02 4.562021580000000243e-02 -8.876486280000000020e-03 -1.980709470000000059e-03
1.958099299999999943e+01 5.618151379999999917e-02 9.260320319999999425e-03 -5.440468109999999774e-02 -6.190273819999999802e-03 -1.975758299999999870e-02 -3.875776460000000269e-04
2.228640240000000006e+01 5.923276019999999809e-02 1.125216880000000017e-02 -6.025642249999999672e-02 -1.037510890000000081e-02 -3.756997640000000332e-02 -1.574604220000000096e-02
2.498387269999999916e+01 5.731736669999999700e-02 1.164144140000000077e-02 -6.080035009999999740e-02 -1.341962199999999997e-03 1.706410519999999875e-02 8.570350830000000170e-03
2.768269610000000114e+01 5.897259950000000028e-02 1.545887269999999918e-02 -5.510306310000000207e-02 1.072979150000000041e-02 7.539660670000000037e-03 -1.070006970000000023e-02
3.037002580000000052e+01 6.719814820000000188e-02 1.771519380000000088e-02 -5.952056809999999726e-02 4.000357189999999979e-02 2.179580310000000035e-02 3.989907310000000151e-02
3.306931960000000004e+01 5.358947299999999858e-02 9.270154049999999868e-03 -5.754614710000000022e-02 3.331243180000000026e-02 1.229861299999999991e-02 -5.994029439999999653e-03
3.577976329999999905e+01 4.370587819999999929e-02 5.043677090000000390e-03 -6.446219229999999856e-02 1.428461739999999959e-02 2.359277950000000096e-02 -2.381534810000000141e-02
3.847865709999999950e+01 4.659101479999999684e-02 1.476700710000000043e-03 -5.675375270000000000e-02 2.384651070000000025e-02 2.807293370000000024e-02 -1.562187519999999955e-02
4.118734930000000105e+01 5.626353030000000310e-02 2.312759169999999923e-03 -5.355863369999999679e-02 9.988175570000000936e-04 3.872138800000000242e-02 -2.355912660000000075e-02
4.388927580000000006e+01 6.197375260000000108e-02 -7.286289310000000109e-03 -5.758984419999999688e-02 1.368468370000000024e-02 6.308303440000000151e-02 2.218751210000000085e-02
4.658429459999999978e+01 6.204378540000000247e-02 -2.935017170000000022e-03 -5.560281370000000334e-02 3.957170039999999972e-02 2.998378159999999862e-02 5.191319249999999663e-02
4.928912270000000007e+01 6.890728470000000161e-02 4.024074740000000393e-03 -6.041492119999999910e-02 -2.593148249999999849e-02 4.422271199999999736e-02 1.568911299999999976e-03
5.198430400000000162e+01 7.186525879999999811e-02 1.848806969999999958e-03 -6.064518890000000079e-02 -1.426151909999999988e-02 -1.821046429999999966e-02 -1.896097290000000116e-02
5.467295390000000310e+01 6.401771039999999691e-02 1.630394849999999927e-03 -5.944155909999999932e-02 2.122737319999999997e-02 -3.979164559999999809e-03 1.865664079999999891e-02
5.738955550000000017e+01 6.118164809999999953e-02 1.028270290000000108e-03 -5.674322100000000341e-02 5.681650600000000273e-02 -2.974877210000000105e-02 -3.264973389999999837e-02
6.009071329999999733e+01 5.978816750000000291e-02 1.203140359999999975e-03 -6.113896349999999730e-02 1.146927719999999915e-02 -2.500165030000000080e-02 -4.747495339999999869e-02
6.279892579999999924e+01 5.911146569999999739e-02 3.191309839999999926e-03 -5.444037349999999997e-02 -5.332717970000000300e-03 -2.113875460000000026e-02 -2.327528599999999920e-02
6.549915550000000053e+01 5.760339259999999739e-02 -5.411731270000000142e-03 -5.891182109999999750e-02 -2.951172809999999883e-02 -4.621983589999999892e-02 -4.020336220000000210e-02
6.819157110000000444e+01 5.074295479999999664e-02 -1.042615370000000031e-03 -6.633390109999999507e-02 1.467694660000000081e-02 2.695088899999999871e-02 8.572955300000000695e-03
7.089911180000000002e+01 4.899880539999999784e-02 -3.358562119999999786e-03 -6.660841230000000279e-02 -1.075477440000000007e-02 -8.983989660000000349e-03 -1.574010220000000154e-02
7.359416179999999486e+01 5.197680310000000331e-02 -7.275387829999999632e-03 -6.352176639999999874e-02 2.392179200000000075e-02 -4.151527149999999743e-03 -2.612847319999999848e-02
7.630170080000000610e+01 5.350525410000000343e-02 -9.909173429999999436e-03 -6.321784310000000406e-02 2.878739329999999846e-02 -1.799221999999999974e-02 -5.161238449999999700e-02
7.900417109999999354e+01 4.319060260000000262e-02 -8.551380849999999992e-03 -5.675613730000000218e-02 2.170387069999999904e-02 -5.950972750000000158e-03 -1.220901360000000054e-02
8.171078359999999918e+01 4.147993879999999772e-02 -1.104208209999999954e-02 -6.150757820000000292e-02 3.388333989999999657e-02 -5.519108479999999817e-02 -3.513762100000000083e-02
8.441446960000000388e+01 4.222450870000000328e-02 -1.306431090000000073e-02 -6.822809779999999824e-02 8.731363739999999443e-03 -5.412194220000000194e-02 -2.321487850000000103e-02
8.712480080000000271e+01 6.063333290000000320e-02 -1.857504130000000100e-02 -6.762430040000000364e-02 1.267814220000000082e-02 -3.471109710000000199e-03 -3.579512929999999898e-02
8.981558049999999582e+01 5.878723289999999990e-02 -1.270629610000000020e-02 -4.636137469999999927e-02 2.071997810000000134e-02 -9.775177689999999323e-03 -3.265098980000000119e-03
9.251225239999999417e+01 6.024471680000000051e-02 -1.212811509999999968e-02 -4.555036350000000317e-02 -2.109647540000000095e-03 2.631285179999999849e-02 4.888473840000000237e-02
9.519836639999999761e+01 5.167196310000000264e-02 -1.291090100000000067e-02 -4.483978999999999743e-02 3.748523339999999815e-02 6.173212559999999988e-02 2.874789529999999954e-02
9.789247430000000350e+01 6.270982640000000163e-02 -1.632047760000000097e-02 -5.481064919999999868e-02 3.792173840000000185e-02 5.161049019999999765e-02 -1.599523439999999894e-02
1.006013130000000046e+02 6.395491370000000453e-02 -1.310907870000000038e-02 -5.324827780000000038e-02 -2.117555730000000164e-02 2.691786300000000021e-02 -3.615786449999999763e-02
1.033021729999999963e+02 5.317444930000000264e-02 -1.506102219999999950e-02 -5.736176269999999910e-02 -4.569199169999999671e-02 -1.050719459999999985e-04 -2.293001050000000041e-02
1.059937350000000009e+02 4.962221869999999813e-02 -1.089301039999999998e-02 -6.075357499999999716e-02 -3.346020079999999924e-02 2.159487139999999999e-02 5.433863839999999610e-04
1.086972350000000063e+02 5.443315230000000254e-02 -7.381288809999999971e-03 -5.996101389999999864e-02 -1.108725439999999965e-02 -3.170128269999999970e-02 5.565287500000000095e-03
1.113955950000000001e+02 5.235316529999999718e-02 -6.044350070000000137e-03 -5.779025060000000241e-02 5.358378929999999679e-02 -5.853994919999999658e-02 -5.869685179999999634e-03
1.140924700000000058e+02 5.353712189999999815e-02 -5.980163250000000014e-03 -5.194296629999999720e-02 5.127159769999999755e-02 3.953883069999999771e-03 2.192631979999999994e-02
1.167971100000000035e+02 6.033595969999999697e-02 -8.128160949999999399e-03 -5.355781200000000325e-02 1.516828249999999968e-02 -7.000577519999999498e-02 4.653136260000000080e-02
1.194976410000000016e+02 6.222276379999999718e-02 -4.623211430000000351e-03 -4.830204860000000128e-02 -7.040490289999999868e-04 -6.514704409999999557e-02 5.292588719999999705e-03
1.222078910000000036e+02 6.562479509999999405e-02 -3.791901019999999786e-03 -4.579959299999999955e-02 -1.378062380000000080e-02 -2.056017170000000015e-03 2.871104730000000049e-02
1.248996259999999978e+02 7.439412630000000193e-02 -1.291472749999999928e-03 -4.091417580000000082e-02 4.163243009999999938e-02 -8.141217299999999740e-03 2.703007220000000141e-02
1.275970789999999937e+02 7.975377590000000405e-02 5.606535139999999605e-03 -4.913115829999999823e-02 4.973747270000000026e-02 -3.157818689999999928e-02 -3.458177839999999892e-02
1.303083599999999933e+02 7.446883020000000242e-02 6.194416319999999920e-03 -4.777474679999999668e-02 2.397685509999999964e-02 -5.216105099999999994e-02 -5.981650470000000192e-02
1.330137980000000084e+02 6.574320379999999686e-02 -4.614609589999999796e-04 -5.637491060000000137e-02 -7.219302800000000631e-02 1.861884780000000114e-02 -6.667478999999999767e-02
1.357196409999999958e+02 7.316166440000000659e-02 -9.562703120000000043e-04 -5.266778109999999818e-02 -3.767398150000000195e-02 2.353833170000000155e-02 -2.470263030000000026e-02
1.384141099999999938e+02 7.497375820000000413e-02 -6.825199080000000224e-03 -5.468132269999999989e-02 1.882155630000000024e-02 -1.145893180000000060e-02 3.691904320000000215e-03
1.411109230000000139e+02 7.143092480000000355e-02 -1.058961249999999972e-02 -5.507464249999999978e-02 2.059908740000000044e-02 6.244089779999999895e-03 7.251193579999999639e-02
1.438131260000000111e+02 7.039119150000000547e-02 -1.463364550000000042e-02 -4.123383280000000178e-02 1.063418069999999965e-01 1.263350560000000081e-02 2.381978709999999985e-02
1.465242660000000114e+02 6.499955960000000643e-02 -1.250210310000000012e-02 -3.710870990000000175e-02 1.847248149999999867e-02 -6.012469000000000320e-03 -6.182795910000000311e-02
1.492302660000000003e+02 7.363217719999999578e-02 -9.667605240000000030e-03 -1.998317360000000098e-02 3.139134660000000160e-02 3.994033610000000123e-02 7.100263929999999640e-03
1.519283289999999909e+02 7.344629430000000625e-02 -6.966564239999999651e-03 -1.870645770000000166e-02 1.158807929999999993e-02 2.181628459999999936e-02 -2.219103420000000104e-02
1.546138909999999953e+02 6.773211429999999311e-02 -1.352863789999999948e-02 -1.234652299999999987e-02 4.153669609999999755e-03 1.854094359999999830e-02 4.424049850000000284e-02
1.573054539999999974e+02 7.616848839999999787e-02 -9.965232540000000527e-03 -3.160592390000000005e-03 -2.876021070000000027e-02 -1.553516249999999967e-02 7.910933659999999298e-03
1.600070010000000025e+02 7.472966570000000308e-02 -4.621246810000000094e-03 1.033521639999999964e-02 -1.336950720000000016e-02 9.465768120000000660e-03 6.914513080000000284e-03
1.626985160000000121e+02 6.922332850000000037e-02 -5.953407790000000283e-03 2.717031740000000126e-02 -2.864349789999999854e-02 -7.980835690000000204e-03 3.734477879999999889e-02
1.653944070000000011e+02 6.152540990000000126e-02 -9.202857170000000239e-03 4.903154240000000275e-02 -1.693616070000000112e-02 6.428736790000000312e-03 1.250057520000000082e-02
1.680901259999999979e+02 5.518424909999999906e-02 -2.596619080000000211e-03 6.015189189999999714e-02 -4.465523570000000213e-03 -1.091350840000000072e-02 2.722528529999999891e-02
1.707897659999999860e+02 6.809417939999999614e-02 -1.226113610000000020e-02 5.252959869999999920e-02 -7.253092810000000279e-03 2.161511699999999880e-03 -4.095446089999999623e-03
1.734878449999999930e+02 6.871824969999999755e-02 -6.997183550000000106e-03 4.548958530000000305e-02 -7.437136940000000154e-03 -3.897186500000000137e-03 -9.443664079999999732e-04
1.761944540000000075e+02 6.612303840000000044e-02 -3.446469519999999839e-03 5.699322629999999806e-02 -1.486167419999999927e-02 2.070467490000000091e-02 2.078374549999999904e-02
1.788915480000000002e+02 6.331610299999999858e-02 -2.351569549999999939e-03 6.049674299999999866e-02 8.947759170000000196e-04 -3.200511780000000334e-02 4.417409180000000241e-02
1.815805009999999982e+02 6.342157140000000137e-02 -2.565662150000000072e-03 6.790911419999999532e-02 -2.832331869999999991e-03 -2.558271609999999974e-02 8.760297100000000170e-02
1.842895790000000034e+02 5.516420779999999663e-02 -1.086487099999999990e-02 6.317243899999999690e-02 -5.552728600000000035e-03 -3.921477460000000193e-02 1.130562669999999985e-02
1.869871730000000127e+02 4.883249180000000245e-02 -9.435130950000000447e-03 7.110372780000000226e-02 5.625077830000000181e-03 -6.963721709999999739e-03 3.193433390000000038e-02
1.896841880000000060e+02 5.020134679999999766e-02 -3.639185269999999865e-03 6.763588809999999951e-02 -1.241120949999999917e-02 -2.428966340000000140e-02 4.359718380000000143e-02
1.923936410000000024e+02 5.431814079999999767e-02 -8.149595810000000162e-03 6.401772540000000289e-02 2.155565449999999848e-03 -3.491249049999999715e-02 6.457241230000000665e-02
1.950898290000000088e+02 5.813255070000000052e-02 2.654801139999999910e-04 5.901912179999999758e-02 -9.496637080000000161e-03 2.508432119999999890e-02 4.653367330000000163e-02
1.977952659999999980e+02 5.228587999999999986e-02 -1.726500740000000032e-03 6.628363859999999996e-02 -7.631612369999999680e-03 -3.934668759999999932e-02 7.721104689999999660e-02
2.004959230000000048e+02 4.201209610000000011e-02 4.633068920000000396e-03 6.959656679999999540e-02 -9.383370279999999133e-03 -1.879098610000000044e-02 3.545932470000000281e-02
2.031990790000000118e+02 3.530996840000000248e-02 7.498264529999999761e-03 7.857083069999999669e-02 4.565284489999999959e-03 -4.795998519999999758e-03 4.533085669999999817e-02
2.059041100000000029e+02 2.925896630000000137e-02 6.450721880000000359e-03 8.349448419999999649e-02 -1.103360069999999998e-02 2.307541789999999898e-02 -2.659710549999999910e-02
2.086103449999999953e+02 2.525254879999999993e-02 3.569280809999999995e-03 8.592833010000000549e-02 -1.045632659999999950e-02 2.350300409999999882e-02 -2.199272010000000166e-02
2.112995009999999922e+02 4.370972740000000217e-02 -4.794671789999999795e-03 8.028338290000000543e-02 -1.424886979999999935e-02 -2.124885180000000116e-03 1.468193409999999895e-03
2.140170320000000004e+02 3.919765079999999735e-02 -4.862002659999999782e-03 7.343124219999999647e-02 6.953036880000000065e-03 3.475456750000000070e-03 -5.235077599999999861e-04
2.167156880000000001e+02 5.239663509999999830e-02 1.201130500000000077e-03 7.088523119999999567e-02 1.545250240000000004e-02 8.931019360000000407e-03 4.675830749999999869e-02
2.194103910000000042e+02 4.843024819999999786e-02 1.099823700000000012e-03 5.950541050000000137e-02 -3.047330540000000101e-02 -1.806237949999999967e-02 8.450094829999999294e-03
2.221150790000000086e+02 5.942419799999999752e-02 1.333552289999999927e-03 6.395965659999999775e-02 1.461437869999999972e-02 7.770047880000000018e-02 4.731558870000000111e-02
2.248093910000000051e+02 6.226031740000000092e-02 6.887770439999999633e-03 6.639604429999999835e-02 -2.026581200000000110e-02 3.867196309999999804e-02 4.217498969999999847e-02
2.275104379999999935e+02 5.418554939999999792e-02 1.450473029999999920e-02 6.018245710000000304e-02 -2.346995500000000068e-02 6.554921249999999533e-02 5.838076860000000062e-02
2.302132349999999974e+02 6.040399240000000197e-02 9.393223310000000520e-03 5.985680129999999821e-02 2.972678439999999842e-03 8.442707869999999809e-03 3.513556790000000240e-04
2.329074380000000133e+02 5.663790929999999724e-02 1.459638999999999989e-03 5.940976130000000244e-02 -2.138998450000000051e-02 -1.617935079999999887e-02 -5.546780680000000172e-03
2.356099379999999996e+02 5.775535910000000051e-02 2.219637149999999833e-03 5.590652229999999723e-02 -1.097052679999999981e-02 1.082872730000000033e-02 1.997962710000000114e-02
2.383097820000000127e+02 5.712973689999999855e-02 4.265344570000000231e-03 5.603733000000000325e-02 -2.108752870000000015e-02 1.698127909999999977e-02 2.888077359999999955e-02
2.410202659999999923e+02 5.448055749999999864e-02 1.549364370000000108e-04 5.337840089999999760e-02 3.383181809999999770e-04 1.128982230000000024e-02 -8.990112379999999973e-03
2.437207200000000000e+02 5.079575859999999748e-02 3.028845090000000136e-03 6.070168120000000306e-02 -1.784892329999999971e-02 1.152871129999999932e-02 -2.130929670000000081e-02
2.464214379999999949e+02 5.245470700000000319e-02 -1.975325549999999968e-03 6.413332959999999694e-02 5.253276240000000208e-03 1.887386909999999932e-02 -9.686215030000000503e-03
2.491212350000000129e+02 5.757518140000000145e-02 7.988855120000000823e-03 5.597468349999999704e-02 1.409216370000000067e-03 2.598001369999999866e-02 9.029989960000000052e-03
2.518206879999999899e+02 5.938829009999999770e-02 1.059377040000000075e-03 4.930338509999999952e-02 -3.427043990000000224e-04 1.599331650000000021e-02 5.655174760000000050e-02
2.545169539999999984e+02 6.655541480000000398e-02 -1.779162659999999896e-03 5.371438259999999909e-02 -2.211242219999999883e-02 1.688682500000000114e-02 2.841882139999999876e-02
2.572237200000000144e+02 6.055772549999999949e-02 -2.484955889999999976e-03 5.720154260000000213e-02 -6.637704470000000204e-03 3.193459290000000284e-02 1.647278220000000098e-02
2.599060630000000174e+02 6.973416620000000288e-02 -4.796591509999999919e-03 5.196369499999999725e-02 -2.650769440000000018e-02 6.665509630000000102e-03 3.738245999999999930e-02
2.626050950000000057e+02 6.922747629999999319e-02 3.507259200000000052e-03 4.818191019999999714e-02 -3.983878910000000079e-02 9.515778340000000286e-04 4.587577279999999896e-02
2.652948129999999765e+02 6.689802400000000038e-02 -2.284403879999999908e-03 5.788139350000000294e-02 -4.044479530000000267e-02 7.971775539999999965e-03 1.615433499999999883e-02
2.680001429999999800e+02 7.172355819999999549e-02 8.266485210000000527e-03 5.026905859999999948e-02 -2.433362810000000084e-02 1.147667030000000012e-02 -4.519097189999999806e-03
