# a=0.06386352272096144, b=-140.32252696925346, c=0.0006581734656374653, xi=7.495823150596977
6.890861879999999884e-01 6.967618990000000456e-02 -9.692944729999999898e-03 2.385335460000000130e-02 5.068992189999999703e-03 -9.553773910000000480e-03 -1.030207569999999975e-02
3.390681299999999787e+00 7.310871539999999613e-02 -5.466404390000000404e-03 2.298835479999999931e-02 2.131455029999999862e-02 8.159547129999999981e-03 1.161274420000000043e-02
6.097924420000000012e+00 7.343102579999999380e-02 -4.976075459999999839e-03 1.490302469999999976e-02 2.180303899999999975e-02 3.015982030000000091e-02 -2.478962100000000127e-02
8.799297389999999552e+00 7.701972020000000252e-02 -3.530957539999999943e-03 9.603120269999999500e-03 3.291277370000000174e-02 7.694208150000000392e-03 4.104124409999999890e-02
1.150629649999999948e+01 6.723553429999999664e-02 -3.555140579999999887e-03 5.669257510000000322e-05 5.943335849999999837e-02 1.001655050000000054e-02 -1.056935259999999994e-02
1.419845579999999963e+01 7.825852819999999654e-02 -7.443331799999999485e-04 -8.715677209999999828e-03 3.116349440000000005e-03 5.993579680000000326e-02 5.381259549999999753e-03
1.689563550000000092e+01 7.167922140000000664e-02 9.645855990000000435e-03 -2.234558979999999931e-02 2.938385569999999933e-02 3.896645299999999812e-02 -2.001646320000000090e-02
1.959020579999999967e+01 7.139695429999999565e-02 9.261656729999999740e-03 -3.461207620000000124e-02 2.937668480000000040e-02 1.543383180000000056e-02 -1.225705820000000043e-02
2.228781359999999978e+01 7.300218249999999853e-02 9.851257840000000529e-03 -4.862773430000000285e-02 2.421272699999999986e-02 2.812984870000000137e-02 1.739206199999999980e-02
2.499435739999999839e+01 6.791240619999999728e-02 9.648521309999999809e-03 -4.629699450000000077e-02 2.039590460000000050e-02 -2.702062040000000141e-03 1.430835970000000033e-02
2.768591359999999924e+01 6.142417580000000127e-02 8.885022160000000026e-04 -4.807118619999999759e-02 1.379489929999999989e-02 2.730754830000000147e-02 5.221098469999999742e-02
3.037601989999999930e+01 5.629675869999999777e-02 1.126319159999999918e-05 -5.783827899999999939e-02 2.615711540000000002e-02 -1.038312469999999946e-02 -2.392504250000000027e-02
3.307964020000000005e+01 4.739846329999999885e-02 -1.278051170000000028e-02 -5.251612139999999734e-02 2.807855370000000156e-02 7.809080599999999482e-04 -6.086500229999999845e-03
3.577890899999999874e+01 5.543476080000000333e-02 -1.016913449999999955e-02 -5.811931830000000021e-02 1.129516279999999949e-02 -3.439127790000000295e-02 -2.903809749999999856e-02
3.846406989999999837e+01 5.546830500000000247e-02 -2.101159200000000081e-03 -6.197377689999999939e-02 1.373909929999999995e-02 -2.788787059999999970e-02 -4.016206369999999852e-03
4.117267929999999865e+01 4.770753560000000337e-02 -1.852905040000000017e-04 -7.307975819999999734e-02 1.001552749999999950e-02 -3.345097799999999840e-03 -3.430430200000000179e-02
4.386762610000000251e+01 5.186648580000000064e-02 2.051919220000000127e-03 -6.437335049999999559e-02 -1.003624000000000009e-02 -3.133297689999999663e-02 -2.185235890000000042e-02
4.656874959999999675e+01 5.195953460000000274e-02 -9.485226669999999739e-04 -5.836496370000000128e-02 7.845769029999999714e-03 7.765037629999999892e-03 -2.353994350000000041e-02
4.927023859999999900e+01 5.403585429999999828e-02 1.059071460000000041e-02 -5.091116720000000290e-02 -2.495467750000000123e-02 -2.859212889999999951e-02 -6.876742989999999611e-02
5.197472770000000253e+01 5.713987140000000020e-02 9.843669730000000756e-03 -5.224013400000000057e-02 -7.470645389999999893e-03 -5.568693080000000108e-03 -4.939947199999999983e-02
5.466045110000000307e+01 5.823461509999999786e-02 7.057604119999999828e-03 -6.216472759999999709e-02 -2.762923590000000013e-02 2.815720390000000031e-02 -1.132655810000000006e-02
5.736199179999999842e+01 4.999018389999999867e-02 7.439219829999999672e-03 -7.337602040000000547e-02 -1.151354320000000028e-02 4.225279740000000006e-02 -1.575542049999999888e-02
6.005595430000000334e+01 4.582837440000000345e-02 6.514007540000000054e-03 -7.194340300000000299e-02 -1.410038310000000066e-02 1.721818079999999987e-02 -5.074270670000000094e-02
6.274801209999999685e+01 5.056714760000000086e-02 4.683104629999999650e-03 -6.656318429999999453e-02 1.269831369999999951e-03 -9.976540960000000388e-03 -2.842956950000000149e-02
6.544693709999999953e+01 5.956086759999999758e-02 3.256111940000000048e-03 -6.741916130000000229e-02 1.649893750000000145e-02 -5.871624780000000120e-03 4.782914640000000134e-03
6.815086680000000285e+01 5.906746849999999771e-02 4.529774910000000133e-03 -6.615784989999999588e-02 5.531830829999999886e-03 -5.909058629999999757e-02 -2.447361849999999880e-02
7.083346830000000693e+01 5.727128239999999815e-02 -1.704747090000000075e-04 -6.374933720000000581e-02 -2.237356949999999914e-02 -3.586545619999999962e-02 1.532968340000000033e-02
7.354122610000000293e+01 5.521711280000000249e-02 2.330450769999999928e-03 -5.853645489999999979e-02 -1.556629589999999940e-03 -1.750734970000000085e-02 -2.378491589999999836e-02
7.624168550000000266e+01 4.746047920000000253e-02 5.565181619999999899e-04 -6.700499429999999534e-02 1.294194490000000024e-02 2.069931679999999913e-02 -3.656922930000000137e-03
7.894435110000000577e+01 4.900669779999999864e-02 -7.249682900000000221e-03 -6.584614519999999749e-02 7.076924650000000067e-03 -1.631578170000000036e-02 5.363187339999999671e-03
8.165114020000000039e+01 5.451358230000000193e-02 -7.163373049999999589e-03 -6.866475739999999828e-02 -2.507946310000000109e-03 -2.640046050000000033e-02 -3.687122839999999735e-02
8.434302300000000230e+01 4.838684020000000308e-02 -3.498839110000000110e-03 -6.373918000000000639e-02 -2.730285719999999902e-02 -4.503624359999999771e-02 1.692920010000000062e-03
8.704446520000000476e+01 4.379625820000000030e-02 1.475266490000000028e-03 -6.027209769999999911e-02 3.616217440000000106e-03 -1.458679490000000002e-02 -4.659287270000000286e-02
8.973801050000000146e+01 3.520394319999999716e-02 -1.880006009999999998e-03 -6.603860520000000289e-02 -1.241198039999999968e-02 3.574932320000000219e-02 4.388921799999999894e-03
9.245442300000000557e+01 3.294003940000000269e-02 6.490566239999999605e-03 -7.010159130000000183e-02 -6.150956879999999911e-03 -3.334076100000000088e-03 -1.563499219999999953e-02
9.515294179999999358e+01 3.973381549999999846e-02 1.534764580000000031e-02 -7.504109629999999864e-02 -1.257562660000000054e-02 2.008813930000000105e-03 1.864764210000000033e-02
9.786091519999999377e+01 4.263037859999999762e-02 9.863366670000000072e-03 -6.487289270000000385e-02 -6.795607670000000308e-04 6.512463209999999614e-03 -1.679463109999999870e-02
1.005671930000000032e+02 4.478759739999999684e-02 6.609652869999999708e-03 -6.086899820000000322e-02 -3.648222979999999997e-03 5.832524690000000234e-03 -2.254390380000000083e-02
1.032672249999999963e+02 5.334593659999999765e-02 3.847514189999999903e-03 -6.361580569999999990e-02 -5.657013509999999495e-04 6.089991880000000281e-03 -3.165838220000000147e-02
1.059796309999999977e+02 4.544349789999999750e-02 6.264400439999999806e-03 -5.883525349999999682e-02 1.118532690000000052e-02 -1.227848230000000082e-02 -1.152126510000000062e-02
1.086784119999999945e+02 3.915293260000000247e-02 9.543458680000000208e-03 -5.062297729999999663e-02 4.231320459999999791e-04 8.265864339999999880e-03 -7.765158860000000336e-03
1.113843030000000027e+02 4.637604919999999825e-02 5.570637000000000245e-04 -5.842437360000000274e-02 -4.840256749999999851e-03 4.550181569999999821e-03 9.583095180000000823e-03
1.140910059999999930e+02 4.043661319999999892e-02 -2.627458389999999793e-03 -6.236843649999999906e-02 -2.028993520000000120e-02 -2.465621919999999925e-02 -4.033080619999999776e-03
1.167866929999999996e+02 4.509401419999999744e-02 -1.009789269999999961e-02 -6.648613829999999725e-02 -1.267836429999999980e-02 4.450935949999999808e-02 -4.901458859999999890e-02
1.194839280000000059e+02 4.829882929999999852e-02 -5.609079190000000430e-03 -6.531285530000000006e-02 6.495118999999999719e-03 5.018617439999999846e-02 1.751115240000000045e-02
1.221843810000000019e+02 5.051824700000000223e-02 -1.310993139999999972e-03 -6.225764560000000142e-02 1.516687279999999992e-02 4.977358540000000053e-02 -1.921897360000000138e-02
1.249007710000000060e+02 5.589327489999999787e-02 -1.770391880000000018e-03 -5.571846009999999877e-02 1.480138200000000008e-02 3.078042809999999990e-02 -3.934764670000000242e-02
1.276057710000000043e+02 6.168355529999999809e-02 -4.977306899999999791e-03 -5.447128829999999672e-02 2.366364489999999918e-02 -7.722140540000000178e-03 -4.355700199999999744e-02
1.302993810000000110e+02 6.481768509999999428e-02 -2.332342179999999984e-03 -4.937656990000000023e-02 -1.853254520000000016e-03 4.817558490000000207e-03 3.266023319999999952e-02
1.330038340000000119e+02 7.010980910000000343e-02 1.955831959999999956e-03 -4.910341590000000256e-02 9.784683350000000085e-03 -3.668310809999999946e-03 -5.199133439999999856e-02
1.357025370000000066e+02 6.719040140000000216e-02 -5.530110960000000041e-04 -3.025958600000000151e-02 -2.996602849999999846e-02 2.063858580000000123e-02 4.653002440000000156e-02
1.383894119999999930e+02 7.534443189999999457e-02 -6.489400619999999460e-04 -1.966203799999999974e-02 -2.109719779999999836e-02 5.045502760000000059e-02 -3.598704419999999848e-02
1.410833810000000028e+02 7.502247639999999607e-02 -5.201527850000000133e-03 5.588189959999999984e-03 -1.895015109999999975e-02 -1.076452150000000059e-02 -1.781136259999999832e-02
1.437705060000000117e+02 7.531086680000000089e-02 5.232884069999999867e-03 2.460595700000000122e-02 -3.524308539999999879e-02 3.126689440000000181e-02 1.943745289999999903e-03
1.464592399999999941e+02 6.151333829999999780e-02 -4.326998710000000067e-03 4.766643420000000325e-02 -5.144810200000000250e-02 3.035782019999999984e-02 4.627047399999999720e-03
1.491592090000000042e+02 5.192799139999999813e-02 -4.243430660000000257e-03 5.685048699999999816e-02 -6.369385079999999311e-02 -2.585963989999999837e-02 -1.341730529999999970e-02
1.518569119999999941e+02 4.964094599999999829e-02 -3.753394419999999797e-03 5.803422879999999701e-02 -4.300423800000000019e-02 -3.064324220000000029e-02 -1.128092479999999974e-02
1.545701620000000105e+02 4.447516940000000030e-02 -3.053972260000000112e-03 6.946055959999999918e-02 -3.471547590000000072e-02 -3.321326530000000277e-02 -2.303526670000000109e-02
1.572578650000000096e+02 4.641340299999999891e-02 -1.100072239999999937e-02 6.380861790000000311e-02 4.620771349999999722e-02 -2.534125890000000006e-02 2.512943930000000048e-02
1.599498649999999884e+02 4.530860069999999989e-02 -5.078970099999999960e-03 6.485953340000000233e-02 3.407823759999999841e-02 3.540006039999999896e-03 3.628391940000000315e-02
1.626567560000000014e+02 3.473312199999999822e-02 -2.402305280000000161e-03 7.383557670000000239e-02 3.975447769999999881e-02 3.417961519999999833e-03 2.132893680000000000e-02
1.653672090000000026e+02 3.182217829999999664e-02 7.370901719999999741e-03 7.472188529999999884e-02 -7.531410739999999659e-02 4.265756410000000332e-02 3.498874169999999922e-02
1.680491000000000099e+02 2.187670710000000004e-02 1.387754230000000019e-02 7.562805400000000011e-02 -1.843206160000000066e-02 4.262541479999999716e-03 4.233867949999999686e-02
1.707479280000000017e+02 1.773115730000000140e-02 8.232115490000000563e-03 8.000120099999999401e-02 -1.427422409999999902e-03 -1.660442869999999987e-02 6.864876220000000473e-02
1.734409280000000138e+02 2.191678320000000138e-02 8.271976000000000329e-03 7.896170760000000011e-02 4.352401209999999694e-03 -3.344569070000000255e-02 5.925320969999999660e-02
1.761468500000000006e+02 2.524461760000000152e-02 7.030865440000000051e-04 6.771608540000000065e-02 -2.844288459999999921e-02 -3.661377119999999902e-03 5.237969630000000043e-02
1.788498810000000105e+02 3.821736359999999832e-02 -1.473744419999999979e-04 7.675562399999999452e-02 -2.670502029999999999e-02 2.030140849999999969e-02 3.850974039999999904e-02
1.815563500000000090e+02 5.200160360000000148e-02 -3.701984990000000125e-03 7.427087300000000114e-02 1.298385229999999939e-02 6.961751239999999785e-02 1.271934830000000065e-02
1.842700680000000091e+02 5.041837799999999981e-02 -3.857288569999999840e-03 6.661369770000000190e-02 2.304938219999999940e-02 4.703889039999999827e-02 -3.629250440000000161e-02
1.869796929999999975e+02 4.053967130000000335e-02 -2.458241679999999783e-03 5.543703640000000044e-02 9.252086290000000046e-02 1.199099230000000050e-04 -6.899386959999999347e-02
1.897022709999999961e+02 4.109578359999999791e-02 1.966034460000000081e-03 5.825749799999999784e-02 3.168215919999999713e-02 3.402215730000000132e-02 -5.286400320000000236e-02
1.924064280000000053e+02 4.087132560000000109e-02 5.490093649999999714e-03 6.185233030000000104e-02 4.046528419999999987e-02 2.813934909999999887e-02 -2.582847569999999898e-02
1.951225839999999891e+02 3.581571380000000276e-02 1.567793669999999976e-03 6.440311310000000622e-02 -1.235533959999999924e-02 1.744802230000000107e-02 -2.228404209999999830e-02
1.978203499999999906e+02 4.177145019999999737e-02 -2.478477309999999826e-03 6.825254890000000130e-02 5.032255589999999612e-03 8.612152859999999688e-03 2.130139119999999858e-02
2.005071460000000059e+02 4.968832859999999796e-02 -8.087492269999999733e-03 6.955543340000000518e-02 4.811600629999999990e-02 -2.163430740000000033e-02 1.416237629999999963e-02
2.031982559999999864e+02 5.170105099999999787e-02 -6.774553279999999747e-03 6.438777010000000522e-02 7.048380070000000164e-02 3.468205340000000275e-02 -1.037092170000000063e-02
2.059085369999999955e+02 5.201222669999999715e-02 3.014544789999999740e-04 5.959387180000000339e-02 -2.456130000000000119e-02 4.373675609999999776e-03 -3.937199320000000190e-03
2.086097399999999880e+02 4.644827459999999880e-02 4.478499549999999906e-03 6.049791739999999668e-02 -2.730998310000000082e-02 -2.534021659999999981e-02 -5.200916230000000168e-02
2.113163179999999954e+02 4.836851650000000002e-02 2.914790280000000185e-03 4.853766739999999802e-02 -1.157195800000000024e-01 -4.217718890000000422e-03 -3.125411220000000323e-02
2.140203960000000052e+02 4.584814649999999908e-02 -2.718147819999999944e-03 5.202436609999999684e-02 -8.738164870000000514e-03 -5.454506839999999704e-03 -1.107608520000000034e-02
2.167160680000000070e+02 4.360086800000000096e-02 -3.457788500000000004e-03 4.963033370000000111e-02 -6.437168849999999609e-02 1.170898369999999987e-02 7.999364470000000851e-03
2.194080840000000023e+02 4.037372969999999950e-02 -1.458555509999999965e-03 5.608752489999999785e-02 3.147361700000000234e-02 7.447592640000000319e-02 9.651892529999999207e-03
2.221091930000000048e+02 5.443045259999999830e-02 -5.129603859999999974e-03 4.985318429999999884e-02 -7.123785829999999819e-02 8.402716870000000171e-03 -1.689288010000000034e-02
2.248049430000000086e+02 6.329786029999999453e-02 -9.533454070000000821e-03 5.686345699999999920e-02 -3.794745210000000004e-03 4.944989950000000002e-03 1.141368589999999968e-02
2.274876620000000003e+02 6.458890529999999908e-02 -5.827072840000000094e-03 5.756858000000000114e-02 -7.500423389999999468e-02 -1.433497390000000073e-02 3.057089379999999856e-02
2.301913810000000069e+02 5.246239369999999846e-02 -7.440900900000000328e-05 6.018486950000000169e-02 -7.858326000000000200e-02 -2.841367590000000096e-02 7.784864380000000063e-03
2.328852400000000102e+02 4.585049070000000310e-02 -2.520775939999999986e-03 6.694003149999999680e-02 -3.550676920000000319e-02 -3.908254530000000032e-02 -3.089602090000000134e-02
2.355882249999999942e+02 4.486301349999999993e-02 -2.992522589999999875e-03 6.730275289999999855e-02 -1.377534279999999972e-02 -1.205309700000000046e-02 -2.258044840000000136e-02
2.382854429999999866e+02 4.703928439999999905e-02 -2.951916719999999900e-03 7.108395520000000689e-02 3.428682059999999671e-02 3.326949540000000149e-02 -1.120267330000000033e-02
2.409965679999999963e+02 5.705274569999999740e-02 2.668720229999999808e-03 5.813213130000000062e-02 2.909074929999999962e-02 3.198139190000000298e-02 -1.599160950000000012e-02
2.437053809999999885e+02 6.314582089999999648e-02 3.551496280000000089e-03 4.941400130000000307e-02 5.607497470000000206e-02 2.227257919999999988e-02 3.645740509999999962e-02
2.464034749999999860e+02 6.470540290000000028e-02 1.241989509999999984e-02 4.951048470000000284e-02 4.258545059999999799e-02 -1.534746099999999974e-02 4.819306489999999887e-02
2.490998810000000105e+02 6.709173720000000118e-02 1.730274689999999893e-02 4.806767929999999911e-02 5.456679259999999698e-02 -1.299879550000000022e-02 5.008663940000000064e-02
2.518051460000000077e+02 6.202376579999999834e-02 1.671817979999999995e-02 4.120600929999999884e-02 -7.543861039999999636e-03 3.380371160000000125e-02 2.962610279999999818e-03
2.545151779999999917e+02 4.900471979999999894e-02 2.207811869999999968e-02 5.278540279999999890e-02 -4.916094070000000260e-02 -1.096531270000000030e-02 -3.045625089999999882e-02
2.572062090000000012e+02 4.750633149999999860e-02 2.011603249999999871e-02 6.409977710000000495e-02 -1.219271190000000005e-02 3.118981680000000156e-03 -1.549173300000000059e-02
2.599009280000000217e+02 4.572878279999999934e-02 1.162033919999999956e-02 6.085959350000000323e-02 -2.888009110000000143e-02 1.968147859999999985e-03 1.435627400000000003e-03
2.626018960000000106e+02 4.908484939999999824e-02 9.225659940000000350e-03 6.067675449999999915e-02 -5.752268690000000330e-03 3.461582910000000207e-02 2.808284050000000101e-02
2.652968030000000113e+02 5.351990809999999932e-02 4.205676680000000091e-03 5.796308859999999702e-02 -1.756746409999999925e-02 2.263544740000000138e-02 6.952481400000000422e-02
2.679970170000000280e+02 5.511166149999999903e-02 -1.868627259999999920e-03 4.831057340000000089e-02 6.416803790000000533e-04 -3.055853240000000123e-02 5.365117130000000151e-02
