# a=0.05845194892287968, b=-148.4300899248698, c=0.00420451448053894, xi=10.964113496751965
6.836248190000000502e-01 5.986130209999999952e-02 6.859833160000000304e-03 6.141403749999999745e-02 -2.603285179999999949e-02 1.295477899999999960e-02 -1.300025439999999985e-03
3.379703859999999782e+00 6.086882259999999711e-02 -5.835587330000000135e-03 5.809247380000000238e-02 1.365933450000000014e-02 -7.068229490000000302e-03 7.130550240000000164e-03
6.088226989999999894e+00 6.472133260000000055e-02 -2.368750599999999967e-03 6.288521149999999615e-02 -4.673603989999999646e-03 1.351822859999999953e-02 2.447326869999999835e-02
8.790678709999999896e+00 6.588295600000000640e-02 1.104249359999999935e-03 6.616018699999999531e-02 2.160338590000000173e-03 -1.511497380000000057e-02 2.070707709999999868e-02
1.148665920000000007e+01 5.845241510000000196e-02 3.835573619999999798e-03 6.362042119999999912e-02 1.752534290000000092e-02 -2.434057679999999921e-05 6.237967490000000115e-02
1.419616390000000017e+01 6.746756190000000042e-02 8.040201489999999201e-03 4.691159219999999769e-02 -3.863756820000000067e-03 -1.191576660000000058e-02 6.506978469999999404e-02
1.688734979999999908e+01 6.245234799999999781e-02 4.499268550000000248e-03 3.676674010000000048e-02 1.175787789999999979e-02 5.788545540000000419e-03 7.977266349999999340e-02
1.957753729999999948e+01 6.629705510000000190e-02 8.457962110000000287e-04 1.267775179999999953e-02 9.437980480000000144e-03 -2.416202079999999960e-02 6.259970989999999458e-02
2.228749039999999937e+01 6.653539190000000436e-02 -2.662365309999999933e-03 -1.508839749999999922e-03 1.378120809999999925e-02 -7.559123979999999611e-03 4.930112169999999877e-02
2.498474819999999852e+01 7.421709479999999415e-02 -9.472048349999999742e-03 -1.437169699999999925e-02 -8.870439330000000344e-03 -1.932237770000000063e-02 2.257341740000000027e-02
2.769508569999999992e+01 7.177664270000000402e-02 -6.065441539999999986e-03 -3.442083580000000059e-02 8.936160449999999353e-03 5.349446539999999682e-04 -1.042034600000000047e-02
3.038910290000000103e+01 6.230470920000000246e-02 -8.143369310000000624e-03 -4.044373440000000042e-02 -2.459675279999999978e-02 -1.688878590000000152e-02 -8.714353430000000220e-03
3.308741539999999759e+01 5.167209610000000203e-02 -1.670460429999999843e-02 -5.708396090000000117e-02 -2.528388170000000004e-02 -5.883157709999999735e-03 1.299993770000000028e-02
3.578871230000000025e+01 4.261251800000000201e-02 -7.912325050000000234e-03 -6.204634729999999876e-02 9.411883359999999874e-04 1.437299170000000056e-02 1.909625989999999898e-02
3.848838419999999871e+01 4.368116779999999671e-02 -8.539583220000000752e-03 -6.844850909999999899e-02 2.037378480000000096e-03 -7.204704830000000296e-03 5.861391249999999692e-02
4.118820759999999837e+01 3.859849679999999977e-02 -1.249859910000000046e-02 -6.577898249999999947e-02 -2.616299539999999979e-02 -2.968912069999999920e-03 1.959088689999999994e-02
4.390016229999999808e+01 4.396155649999999859e-02 -5.911652120000000267e-03 -6.179438109999999679e-02 -1.383236059999999948e-02 -1.972369449999999969e-02 2.153352190000000152e-02
4.660254820000000109e+01 6.270792379999999555e-02 -7.029355989999999665e-03 -6.022698900000000161e-02 6.685222300000000098e-04 1.288690890000000061e-02 -2.342659299999999903e-02
4.928822319999999735e+01 6.967501869999999375e-02 1.306214779999999905e-03 -6.108508879999999946e-02 -2.161103229999999931e-02 8.360345570000000254e-03 4.402910060000000091e-03
5.199429820000000291e+01 7.086089260000000278e-02 3.077118890000000127e-03 -6.540478560000000108e-02 9.903236450000000093e-03 3.963780170000000269e-02 -2.895330600000000157e-02
5.469586699999999979e+01 5.434359519999999721e-02 1.308393309999999988e-03 -6.261271370000000280e-02 -1.511266219999999987e-02 4.770114970000000239e-04 -4.639448999999999657e-02
5.740987009999999913e+01 5.698659880000000316e-02 -5.579430070000000394e-03 -6.512107940000000372e-02 -6.821624239999999999e-03 -6.218511890000000264e-03 -8.506285130000000583e-02
6.011162480000000130e+01 4.997388020000000097e-02 -1.988767120000000180e-03 -7.074829670000000459e-02 -1.129857379999999953e-03 -2.685441629999999868e-03 -5.941857259999999696e-02
6.282782170000000121e+01 5.580319859999999937e-02 -1.007022070000000019e-02 -6.738966899999999927e-02 3.967939870000000073e-04 6.853244480000000340e-03 -6.128163839999999779e-02
6.552897790000000100e+01 6.137900300000000142e-02 -2.454592169999999986e-03 -6.956919979999999504e-02 5.733463549999999812e-03 3.151641360000000114e-02 -3.090550519999999898e-02
6.823254359999999963e+01 5.860143290000000005e-02 -1.321203069999999898e-03 -6.353169309999999459e-02 3.824760950000000159e-02 -1.560856130000000050e-02 -1.225836249999999981e-02
7.094167480000000126e+01 6.408063960000000281e-02 6.119213959999999716e-03 -4.708160690000000315e-02 1.292923510000000033e-02 -5.145141050000000271e-02 -8.229005370000000430e-03
7.363767479999999921e+01 6.711718560000000389e-02 3.238961690000000115e-03 -3.867951590000000273e-02 9.937927520000000570e-03 -4.009430089999999752e-02 5.367785580000000029e-02
7.634134509999999807e+01 6.178469030000000028e-02 3.802806660000000120e-03 -3.698739479999999663e-02 9.608555300000000063e-03 3.883718189999999654e-02 -2.118767499999999956e-02
7.903022319999999468e+01 6.514266979999999707e-02 5.504812960000000054e-03 -3.178270799999999979e-02 -1.713050210000000018e-02 1.424883780000000058e-02 5.186182509999999815e-03
8.172853569999999479e+01 5.914846650000000344e-02 5.993766410000000294e-03 -3.990548230000000307e-02 1.369435289999999979e-02 1.193892579999999981e-02 -7.760488120000000323e-02
8.441718260000000384e+01 6.744255809999999407e-02 -2.712716559999999930e-04 -4.568422839999999874e-02 -2.193137649999999869e-02 9.226347310000000690e-03 1.067538340000000023e-02
8.712496070000000259e+01 5.599751530000000171e-02 -7.598773330000000055e-03 -4.585954300000000261e-02 -2.784801910000000210e-03 -1.726201419999999964e-03 -1.889020350000000098e-02
8.981450289999999370e+01 5.551281639999999795e-02 -1.603563419999999963e-03 -5.743104470000000294e-02 -2.844095250000000172e-02 2.486731609999999829e-02 2.455061020000000056e-03
9.251524980000000653e+01 5.111768569999999845e-02 2.687154370000000014e-03 -6.037699789999999983e-02 -9.244659139999999997e-03 8.761454330000000533e-04 1.417075509999999976e-02
9.521371390000000190e+01 4.092414810000000180e-02 9.488786440000000766e-03 -6.561303699999999905e-02 1.205004949999999991e-02 2.538822359999999903e-02 -2.021934330000000127e-02
9.790356699999999535e+01 5.487955969999999684e-02 1.162360469999999943e-03 -6.214154000000000205e-02 1.299779790000000004e-02 5.702832740000000206e-02 2.688552810000000015e-02
1.006058450000000022e+02 5.775394350000000177e-02 3.960711329999999988e-03 -6.080047410000000152e-02 1.876754359999999872e-02 3.086682890000000054e-02 1.888541219999999993e-02
1.033046109999999942e+02 5.210471509999999723e-02 1.119756880000000003e-02 -6.839983419999999537e-02 2.191078269999999911e-02 7.702522189999999949e-03 2.085639170000000084e-02
1.060165949999999953e+02 5.448437369999999808e-02 6.381673640000000078e-03 -6.903603249999999691e-02 2.695449039999999949e-02 2.639850859999999869e-02 -3.245923530000000001e-02
1.087070640000000026e+02 5.744023129999999838e-02 -2.254933179999999912e-03 -6.732401459999999560e-02 8.028585669999999466e-03 -5.165350829999999782e-02 -1.391515129999999984e-03
1.114121109999999959e+02 6.111501030000000140e-02 -1.466448549999999941e-03 -5.565070269999999875e-02 2.507978900000000164e-02 -1.574759950000000075e-02 -1.984762550000000042e-02
1.141132039999999961e+02 6.158604990000000196e-02 -3.428514240000000036e-03 -5.401862949999999830e-02 1.065989940000000059e-02 -3.526106739999999851e-03 1.160962960000000085e-02
1.168162980000000033e+02 6.122558100000000114e-02 4.932036669999999810e-03 -5.358469090000000240e-02 3.124960170000000079e-02 -1.230875840000000094e-03 6.146445690000000225e-03
1.195327670000000069e+02 6.007059099999999957e-02 7.067387940000000209e-03 -5.831694290000000169e-02 3.660416849999999916e-02 -1.701008660000000172e-02 3.995954200000000414e-03
1.222298449999999974e+02 5.890010350000000200e-02 1.202360939999999948e-02 -6.154520990000000163e-02 2.578317239999999844e-02 -1.034937390000000013e-02 8.234501709999999738e-03
1.249342979999999983e+02 6.893249860000000284e-02 1.569872660000000072e-02 -5.865944020000000286e-02 3.261146000000000184e-02 -1.256233089999999990e-02 8.148490870000000413e-03
1.276317360000000036e+02 6.881150739999999932e-02 1.758141820000000063e-02 -4.705863510000000277e-02 1.658336430000000028e-02 -1.570500979999999921e-02 3.621627010000000313e-02
1.303433290000000113e+02 6.702421810000000479e-02 1.483202230000000080e-02 -4.878416060000000110e-02 -3.332932900000000129e-03 8.844879689999999781e-03 -4.494946579999999775e-02
1.330437980000000096e+02 6.208300950000000124e-02 1.716928620000000155e-02 -3.983140339999999974e-02 1.209012389999999937e-02 1.312710410000000015e-02 -2.359500770000000011e-02
1.357466110000000015e+02 6.503614970000000384e-02 1.207364139999999968e-02 -4.226191029999999682e-02 2.027137799999999962e-02 -1.005945339999999959e-02 -2.750700810000000079e-02
1.384499859999999956e+02 6.690144459999999849e-02 2.413195060000000117e-03 -3.361590159999999772e-02 1.286579350000000010e-02 -8.702850010000000433e-04 -2.821385230000000160e-02
1.411492360000000019e+02 8.137976130000000585e-02 8.872296709999999767e-03 -3.474810529999999842e-02 -7.855728969999999783e-03 7.511920089999999696e-03 -3.344702769999999964e-02
1.438435169999999914e+02 8.430782929999999786e-02 7.666319929999999751e-04 -2.290173560000000053e-02 -9.557438139999999138e-03 1.323947789999999894e-03 -2.172217220000000146e-03
1.465372199999999907e+02 7.431933659999999386e-02 1.442138890000000057e-03 -3.475176160000000188e-03 -1.587348159999999939e-02 -6.197866999999999960e-02 1.896374799999999902e-02
1.492291580000000124e+02 7.658901049999999877e-02 5.281742570000000185e-03 7.921651139999999480e-03 -2.712246160000000156e-02 -2.927272659999999999e-02 -2.388531730000000020e-02
1.519313449999999932e+02 7.852886100000000535e-02 -9.583014470000000016e-04 2.337345080000000075e-02 -7.877085250000000205e-02 -1.274763669999999944e-05 -7.128197390000000355e-03
1.546245010000000093e+02 7.723702770000000217e-02 1.064134960000000067e-02 3.553069159999999727e-02 4.117836580000000003e-03 1.198662129999999992e-02 -2.114190310000000142e-02
1.573310789999999884e+02 7.549992730000000540e-02 -5.752183900000000212e-05 3.907297900000000074e-02 -4.209756459999999811e-02 7.681523269999999785e-03 -2.106515870000000203e-03
1.600414079999999899e+02 7.206899690000000136e-02 4.338348090000000191e-03 4.692554069999999716e-02 -2.809500930000000118e-02 1.037799149999999934e-02 9.529989670000000787e-03
1.627387510000000077e+02 6.990907670000000296e-02 4.205402399999999714e-03 6.003335419999999978e-02 -2.759737400000000090e-02 2.645771739999999966e-03 1.815447359999999843e-02
1.654476109999999949e+02 6.509019770000000482e-02 6.270111989999999601e-03 6.373775969999999347e-02 -3.940756649999999778e-02 3.339642629999999696e-02 1.242930910000000083e-02
1.681404229999999984e+02 5.880331619999999704e-02 4.094205759999999632e-03 6.594203170000000058e-02 -2.866929740000000171e-02 8.019157940000000429e-03 3.094552319999999829e-02
1.708399080000000083e+02 5.217537779999999875e-02 1.042732399999999997e-02 5.991107419999999739e-02 1.965532160000000098e-02 2.439133200000000168e-02 7.267544859999999947e-03
1.735411890000000028e+02 6.165342039999999885e-02 1.047034070000000053e-02 5.849363419999999841e-02 9.749491560000000251e-03 -2.497346409999999864e-02 -1.638950230000000077e-02
1.762449699999999950e+02 5.357285629999999910e-02 8.872251759999999834e-03 6.039835699999999974e-02 2.618680810000000025e-02 -2.421054669999999839e-02 -1.240573399999999986e-02
1.789438920000000053e+02 5.279422909999999941e-02 8.349810529999999661e-03 5.034060569999999901e-02 5.106838970000000116e-02 2.099038820000000138e-02 -1.350746710000000090e-03
1.816430640000000096e+02 5.085716309999999823e-02 5.139767800000000220e-03 5.041423169999999926e-02 4.801667760000000174e-02 -5.707474230000000176e-02 4.199476500000000334e-02
1.843452670000000069e+02 5.607763989999999671e-02 2.550676090000000059e-03 5.533859000000000000e-02 1.804358429999999847e-02 3.221655009999999791e-02 -1.857880919999999915e-03
1.870469699999999875e+02 5.938738529999999793e-02 -1.835101090000000081e-03 5.696133400000000235e-02 9.676409080000000079e-03 4.227013669999999876e-03 2.120743229999999882e-02
1.897406729999999868e+02 5.952361700000000089e-02 3.204165389999999881e-03 6.399407149999999933e-02 6.269890600000000390e-03 -1.390060410000000003e-02 1.510268009999999987e-02
1.924435479999999927e+02 5.099606300000000120e-02 -5.488461379999999600e-04 5.830538689999999885e-02 -1.638889389999999974e-02 2.935750999999999986e-02 3.964010280000000025e-02
1.951315170000000023e+02 4.109269289999999825e-02 -3.005472050000000152e-03 6.386055590000000448e-02 1.821171400000000037e-02 1.399452070000000099e-06 3.762191990000000180e-02
1.978374230000000011e+02 5.241606480000000207e-02 -5.366067270000000194e-03 5.870540590000000031e-02 -7.324878810000000177e-03 -3.294641680000000294e-02 1.744850720000000119e-02
2.005385330000000010e+02 5.595524600000000015e-02 9.702076789999999461e-04 6.989019520000000485e-02 3.157782900000000170e-02 -3.201249929999999688e-02 5.685426759999999934e-03
2.032394859999999994e+02 5.606546879999999705e-02 6.442355359999999732e-03 6.554514520000000177e-02 1.016623179999999980e-02 2.138300400000000059e-02 -2.475227509999999853e-02
2.059512980000000084e+02 4.714324710000000057e-02 7.169668950000000242e-03 6.532101040000000414e-02 -2.653301649999999928e-02 2.774709909999999863e-02 -3.309568479999999702e-02
2.086601110000000006e+02 4.363769790000000121e-02 1.083056379999999992e-02 5.547372209999999748e-02 -5.647574749999999949e-02 -9.185171359999999216e-03 -9.691978250000000267e-03
2.113524700000000109e+02 5.208746920000000002e-02 1.166210240000000072e-02 6.647998750000000401e-02 -5.518443029999999666e-02 -6.626149169999999422e-02 3.286969659999999793e-02
2.140623139999999864e+02 4.979297850000000136e-02 9.579788789999999984e-03 7.222580589999999523e-02 -6.438318669999999744e-02 -4.315100489999999789e-02 -2.565939780000000073e-02
2.167512360000000058e+02 4.266759619999999781e-02 3.949554470000000051e-04 7.225168170000000056e-02 -4.281658509999999862e-02 6.277098830000000206e-03 -1.902584049999999846e-02
2.194590949999999907e+02 5.380613540000000333e-02 -7.408579089999999846e-03 6.740579620000000660e-02 -3.804589180000000209e-02 1.403839179999999930e-02 -1.980236889999999889e-02
2.221506109999999978e+02 6.643355759999999832e-02 -2.556941069999999795e-03 6.569647100000000628e-02 1.960156669999999976e-02 -4.663048040000000033e-02 -6.924092290000000323e-03
2.248529859999999871e+02 6.592509950000000063e-02 -6.572637329999999646e-03 5.700436229999999993e-02 1.731246729999999859e-02 3.867008730000000283e-02 1.420913939999999924e-02
2.275486579999999890e+02 5.916277129999999995e-02 -1.372405400000000072e-03 6.730784339999999755e-02 -1.604688170000000136e-02 -4.665497569999999677e-02 1.970733759999999946e-02
2.302552039999999920e+02 5.411269629999999886e-02 -8.461841669999999385e-03 6.141091080000000285e-02 -6.449106910000000636e-02 -5.882296549999999936e-03 6.096017429999999598e-03
2.329501730000000066e+02 4.940152779999999744e-02 -6.878397500000000241e-03 6.148323390000000332e-02 -5.039211489999999988e-02 -3.611437539999999904e-04 1.453710589999999969e-02
2.356595010000000059e+02 4.462508130000000101e-02 -8.056488069999999391e-03 6.343769230000000092e-02 -2.776828090000000096e-02 -1.821753909999999921e-02 -4.599098120000000289e-02
2.383658140000000003e+02 4.512633299999999764e-02 -9.802839060000000451e-03 5.896948040000000307e-02 -3.286282709999999857e-02 1.708684499999999981e-02 -1.343073600000000041e-02
2.410706889999999873e+02 5.189258070000000306e-02 -7.221028009999999955e-03 6.157070779999999910e-02 6.056898070000000384e-03 6.548201029999999631e-05 2.394955710000000026e-03
2.437710480000000075e+02 5.586131269999999871e-02 -1.192196100000000002e-02 6.145673769999999980e-02 1.975619660000000125e-02 -3.959025370000000127e-02 2.723165079999999988e-02
2.464779080000000135e+02 5.894326409999999655e-02 -7.081536599999999591e-03 6.085600929999999964e-02 1.819257709999999931e-02 -1.006689030000000075e-02 -2.138956620000000142e-02
2.491829539999999952e+02 6.462290249999999570e-02 -8.232286239999999158e-03 5.727550230000000298e-02 1.338728779999999972e-02 -6.159783099999999872e-02 -4.567120260000000209e-02
2.518883449999999868e+02 5.992550840000000073e-02 -4.393535569999999953e-03 5.586219650000000259e-02 -3.648271819999999999e-02 -2.273314339999999920e-02 -5.311099090000000189e-02
2.545959080000000085e+02 5.471910590000000213e-02 -1.541236380000000038e-02 5.872219730000000082e-02 -2.810151409999999891e-02 4.141287470000000297e-03 -9.162855160000000360e-03
2.572955170000000180e+02 5.643992479999999923e-02 -1.475929330000000025e-02 6.077746039999999683e-02 -3.458240399999999715e-02 -4.157673879999999877e-02 3.526627180000000208e-03
2.599927359999999794e+02 5.520010549999999905e-02 -6.889571649999999721e-03 5.772240680000000068e-02 -1.301013229999999944e-02 4.113654690000000114e-02 4.292379839999999926e-03
2.626907979999999725e+02 4.951411700000000332e-02 -6.941025509999999669e-03 5.820193600000000272e-02 -4.203793410000000036e-03 6.903677770000000383e-04 2.048495889999999917e-02
2.653839540000000170e+02 4.874064339999999856e-02 -7.909620949999999692e-03 6.022830519999999854e-02 -1.082106669999999965e-02 4.182894689999999693e-02 3.516523230000000166e-02
2.680947229999999877e+02 5.726634769999999763e-02 -1.395629250000000095e-03 6.167986410000000225e-02 -2.125110490000000144e-02 2.042994349999999876e-02 -1.982153229999999988e-02
