# a=0.06512130637310705, b=-134.74050315311672, c=0.0011220726317802063, xi=6.681257194612488
6.478402909999999570e-01 7.030226400000000320e-02 -1.106159240000000044e-02 -6.151999509999999706e-03 -1.054783259999999938e-03 -2.415548119999999868e-02 4.216083109999999717e-02
3.345307329999999801e+00 6.763496720000000684e-02 -1.237116050000000057e-02 -1.330169919999999936e-02 6.687729229999999844e-03 -8.928346309999999827e-03 2.292300350000000056e-02
6.044208890000000167e+00 6.929709600000000247e-02 -1.487404649999999988e-02 -1.924426820000000107e-02 -1.257106690000000040e-02 -1.555549850000000067e-02 6.223875789999999686e-03
8.742379670000000047e+00 7.098638749999999775e-02 -1.194069690000000052e-02 -3.447635520000000287e-02 -1.524532900000000017e-02 4.779653329999999575e-03 2.638218850000000060e-02
1.144924199999999992e+01 6.515400809999999376e-02 -3.933123329999999723e-03 -5.954041620000000146e-02 -2.627818739999999986e-02 2.528378480000000039e-02 3.647365080000000009e-02
1.414615919999999960e+01 6.264925400000000144e-02 -1.042354870000000017e-02 -7.117187269999999955e-02 -2.542243259999999935e-02 1.790706410000000165e-02 -8.981496119999999792e-03
1.684822949999999864e+01 6.164470670000000291e-02 1.303353240000000113e-04 -6.526512439999999915e-02 -1.979635620000000026e-02 3.652140019999999820e-02 -1.728908770000000053e-02
1.954736700000000127e+01 5.655340050000000340e-02 -5.818345360000000237e-03 -6.337999149999999637e-02 -1.984527380000000035e-02 2.214505519999999950e-02 -1.878714069999999972e-02
2.225073259999999920e+01 5.795030080000000000e-02 -4.380431609999999899e-03 -6.352984159999999769e-02 -2.293612269999999870e-02 2.597312280000000154e-02 -5.719018059999999952e-03
2.495414669999999902e+01 6.578479299999999419e-02 -5.048434029999999961e-03 -6.741848279999999860e-02 -1.368273469999999915e-02 -5.368783619999999840e-02 3.837624099999999844e-02
2.764844199999999930e+01 7.297410610000000519e-02 -3.111867329999999914e-03 -6.898288939999999703e-02 -1.426477970000000067e-02 -2.030638599999999919e-02 4.469652290000000056e-02
3.034619509999999920e+01 6.558555530000000078e-02 -4.180255869999999901e-03 -7.067116830000000349e-02 -1.266842979999999999e-03 -7.084786360000000331e-03 7.462240069999999392e-02
3.304167009999999749e+01 5.646177430000000330e-02 -6.641311979999999990e-03 -7.029498030000000397e-02 -3.258653660000000209e-03 -1.918109059999999894e-02 5.500277719999999843e-02
3.574530450000000315e+01 5.368297889999999739e-02 1.503353939999999955e-03 -6.743159329999999507e-02 -4.026554009999999684e-02 -4.145423740000000329e-02 -2.143055699999999938e-02
3.844697949999999764e+01 5.658773470000000305e-02 -1.755819210000000071e-03 -7.067125609999999614e-02 -1.746509259999999911e-02 -9.473260730000000393e-03 -1.774546399999999899e-02
4.115323419999999999e+01 6.326913489999999585e-02 3.068743770000000037e-03 -6.743435089999999521e-02 1.672800429999999911e-03 -8.995522599999999924e-03 1.457801159999999943e-02
4.385893579999999758e+01 6.236101010000000278e-02 7.147123810000000467e-04 -5.663114059999999755e-02 -3.175243359999999765e-02 1.110561829999999993e-02 2.836286450000000126e-02
4.656262949999999989e+01 5.885491560000000177e-02 -1.049122119999999943e-03 -6.396216400000000191e-02 -8.540643599999999877e-03 -2.603841869999999961e-02 6.494161610000000195e-02
4.926078890000000143e+01 6.347036500000000081e-02 7.290610909999999936e-04 -6.329052009999999728e-02 1.260928570000000026e-02 -3.645619270000000078e-02 2.686602310000000063e-02
5.196911229999999904e+01 6.639744279999999776e-02 1.675970199999999894e-04 -6.468492820000000532e-02 1.010163579999999971e-02 8.769677689999999873e-03 1.100522760000000044e-03
5.466776229999999970e+01 6.233368029999999949e-02 1.054870639999999898e-03 -6.954809650000000343e-02 2.039147549999999892e-02 3.169763309999999723e-02 2.788723770000000116e-02
5.737063260000000042e+01 6.129969930000000317e-02 -2.535615479999999995e-03 -6.756496160000000084e-02 -2.610517760000000131e-02 2.444741149999999849e-02 1.239084669999999944e-02
6.007439670000000120e+01 6.279275239999999869e-02 1.311194029999999998e-03 -7.200883210000000312e-02 -3.093273599999999887e-02 5.864682060000000335e-02 3.687910579999999910e-02
6.276761859999999871e+01 5.832042059999999889e-02 -1.820819709999999978e-03 -7.267038339999999652e-02 -5.443054060000000055e-02 5.212106770000000250e-02 4.094911059999999797e-02
6.546419199999999705e+01 5.888317039999999697e-02 -2.337836749999999859e-03 -7.920751350000000690e-02 -3.484961389999999964e-02 -2.736132630000000145e-03 1.088510460000000069e-02
6.815698580000000106e+01 6.236166290000000334e-02 -4.341476720000000088e-03 -7.075120679999999385e-02 1.474786959999999959e-02 -5.379387220000000219e-02 3.579431949999999779e-02
7.085948580000000163e+01 6.253776719999999678e-02 1.147673549999999985e-04 -6.409181229999999507e-02 4.005091899999999733e-02 -2.476578360000000062e-02 2.750237999999999988e-02
7.355776389999999765e+01 6.056061170000000271e-02 1.537506249999999984e-03 -5.937995559999999923e-02 3.920987730000000115e-02 -3.003184360000000011e-02 -5.313753370000000092e-04
7.625677799999999706e+01 5.885099290000000288e-02 1.998678250000000128e-03 -5.788627999999999829e-02 2.394619740000000080e-02 2.454333179999999837e-02 -9.387345420000000121e-03
7.896830300000000591e+01 6.467663299999999726e-02 3.379759820000000168e-03 -5.473039329999999925e-02 -7.727375800000000142e-03 4.522132520000000239e-02 7.315933080000000532e-02
8.167419510000000571e+01 6.779993909999999790e-02 2.190291159999999820e-03 -5.546037100000000136e-02 2.390793730000000063e-04 -3.389658759999999819e-03 6.055156729999999765e-02
8.438187949999999660e+01 7.550312309999999971e-02 5.896166119999999948e-03 -5.754711240000000283e-02 -5.441924869999999886e-03 1.373872689999999959e-02 3.256102550000000012e-02
8.707118889999999567e+01 7.085674340000000515e-02 1.762122940000000011e-03 -6.693518319999999799e-02 -1.311401000000000060e-02 -1.243260480000000015e-02 2.441027689999999972e-02
8.977556230000000426e+01 6.694618019999999670e-02 2.952314819999999913e-03 -5.999957079999999887e-02 -3.253338220000000225e-02 -3.749815530000000230e-02 -1.301415860000000070e-02
9.247795290000000534e+01 6.409070099999999992e-02 -2.660177249999999983e-03 -6.432379950000000068e-02 -3.304318869999999658e-02 -1.464093279999999914e-02 -8.254063929999999605e-03
9.517375450000000114e+01 6.766707980000000178e-02 -7.681864509999999533e-04 -6.468348579999999570e-02 3.159494300000000207e-03 8.730131949999999155e-03 -4.736079399999999946e-03
9.788213109999999517e+01 5.972944770000000042e-02 -9.875363439999999826e-03 -7.582214399999999410e-02 3.920226409999999842e-03 -8.816483170000000147e-03 1.664181829999999973e-02
1.005833810000000028e+02 5.146595489999999939e-02 -5.733187829999999985e-03 -7.444263349999999391e-02 2.340097890000000097e-02 1.665553479999999989e-02 2.367879919999999958e-02
1.032858030000000014e+02 4.150709179999999970e-02 -9.725976259999999721e-03 -7.722215550000000039e-02 3.577994120000000094e-03 -1.288374400000000079e-02 2.509906680000000001e-02
1.059893650000000065e+02 4.752309589999999945e-02 -6.567757149999999856e-03 -6.498623520000000597e-02 -1.746003410000000061e-02 -2.484322770000000138e-03 1.797955609999999857e-02
1.086906780000000055e+02 5.571410630000000336e-02 -1.029751360000000053e-02 -6.456216219999999506e-02 -1.706638209999999933e-02 -2.625487680000000018e-02 6.288911710000000092e-03
1.113871780000000058e+02 6.406166189999999705e-02 -6.839702910000000288e-03 -7.042537729999999441e-02 -1.314860749999999939e-02 4.397399500000000183e-02 1.732461479999999887e-02
1.140847559999999987e+02 6.457620290000000429e-02 -1.553372450000000066e-03 -6.482493620000000234e-02 1.452848569999999964e-03 4.131439449999999708e-02 7.398554180000000043e-03
1.167771000000000043e+02 7.394070169999999997e-02 3.635176490000000048e-04 -6.086328020000000144e-02 2.178508939999999894e-02 4.171146469999999912e-02 -8.856654809999999628e-03
1.194779280000000057e+02 7.755452209999999513e-02 3.269258549999999900e-04 -5.260297600000000268e-02 -1.266990379999999999e-02 3.587976479999999916e-03 6.893373579999999799e-03
1.221658500000000060e+02 8.150391029999999593e-02 6.403812449999999983e-03 -5.948692619999999820e-02 -2.004417769999999877e-02 -7.983206280000000252e-03 8.517021909999999670e-04
1.248614280000000036e+02 7.510562919999999587e-02 2.384262280000000022e-03 -5.759123659999999811e-02 1.694791910000000013e-02 -2.185546379999999886e-02 -2.552009520000000139e-03
1.275610369999999989e+02 7.474043930000000280e-02 2.297253930000000156e-03 -4.655787050000000094e-02 2.318547119999999837e-02 -4.206633049999999874e-02 2.159925099999999987e-02
1.302483970000000113e+02 8.467458099999999876e-02 -1.054596089999999950e-03 -3.563867929999999656e-02 2.890987669999999995e-02 -5.906218109999999966e-02 2.700501040000000130e-02
1.329405219999999872e+02 9.295927810000000069e-02 5.134921090000000481e-04 -1.801325209999999830e-02 2.781989550000000047e-02 -4.689979510000000240e-02 -3.580201079999999984e-03
1.356411779999999965e+02 9.126713770000000059e-02 -1.560998650000000078e-03 7.941747290000000445e-03 1.001735320000000061e-02 -2.252429419999999946e-02 -5.650211270000000258e-03
1.383491150000000118e+02 8.321976799999999952e-02 -4.391880249999999784e-03 3.085065450000000140e-02 -2.157311179999999926e-02 -1.759640469999999846e-02 8.500915640000000426e-03
1.410455059999999889e+02 7.396316799999999581e-02 -5.339425160000000302e-03 5.032682289999999836e-02 -2.182408799999999843e-02 -1.121140579999999921e-02 -4.199061989999999800e-02
1.437533650000000023e+02 7.049971509999999886e-02 -6.852818590000000348e-03 6.114217350000000079e-02 -2.287446200000000165e-02 3.160701619999999740e-02 1.675249490000000133e-02
1.464623029999999915e+02 6.854989740000000387e-02 -7.931555320000000311e-03 7.159517849999999517e-02 -8.558649710000000577e-02 1.346754080000000034e-02 7.748840960000000222e-02
1.491596619999999973e+02 6.345368999999999315e-02 -7.108843580000000391e-03 6.744046239999999803e-02 -5.934897819999999935e-02 -1.592337400000000056e-02 3.547386159999999823e-04
1.518546000000000049e+02 6.358164550000000581e-02 -2.244518110000000028e-03 6.702329919999999719e-02 -1.197455719999999946e-02 -7.320778940000000068e-02 -8.867892830000000115e-02
1.545442869999999971e+02 5.816752520000000037e-02 1.313940239999999895e-03 7.164913359999999787e-02 3.144764620000000104e-03 -2.218449369999999851e-02 -7.809555710000000428e-02
1.572519589999999994e+02 6.198616340000000224e-02 -2.884821799999999926e-03 7.322824760000000432e-02 -1.603853790000000015e-02 -2.058878730000000216e-03 2.525034630000000044e-02
1.599483969999999999e+02 6.494378639999999481e-02 2.044628919999999950e-03 7.428793379999999724e-02 2.510685480000000164e-02 3.501246630000000304e-02 3.045716050000000022e-02
1.626433810000000051e+02 6.589324909999999536e-02 1.768096820000000010e-03 6.188476460000000290e-02 4.545563820000000227e-02 -2.562230659999999941e-03 -1.710517950000000134e-02
1.653500999999999976e+02 6.788644420000000679e-02 2.587404639999999791e-03 5.863889049999999881e-02 1.393574740000000020e-02 -3.531835059999999943e-02 -1.994027430000000142e-02
1.680438029999999969e+02 6.880185610000000285e-02 3.768115309999999895e-03 5.486154900000000251e-02 -1.111202170000000038e-02 -5.040892730000000321e-02 -5.912918659999999611e-03
1.707439439999999991e+02 6.754934390000000288e-02 2.729702949999999973e-04 6.167636060000000059e-02 -4.751284950000000257e-03 -9.075007390000000562e-02 2.683399599999999885e-02
1.734452560000000005e+02 6.380428629999999879e-02 5.914929779999999679e-03 6.183493310000000298e-02 -3.355547239999999865e-03 -3.410330000000000306e-02 1.366764089999999987e-02
1.761558339999999987e+02 6.611762820000000040e-02 4.987520530000000112e-03 5.816553769999999873e-02 3.344740289999999835e-03 9.657911869999999540e-05 8.128058450000000268e-02
1.788643189999999947e+02 7.271046429999999949e-02 8.463264550000000261e-03 6.515873229999999405e-02 -2.127948840000000105e-02 3.363251969999999855e-03 9.147294490000000555e-02
1.815746619999999893e+02 7.254715759999999514e-02 5.565610660000000313e-03 6.583475610000000255e-02 -3.957949620000000140e-02 -5.203703450000000258e-02 6.215576810000000146e-02
1.842737089999999966e+02 7.321557400000000548e-02 6.006826550000000237e-03 6.609964270000000253e-02 -1.254674109999999974e-02 -3.461362569999999750e-02 -1.949793949999999859e-02
1.869752870000000087e+02 6.706503849999999323e-02 3.102041920000000053e-03 6.003248919999999711e-02 1.021044939999999962e-03 2.233480410000000110e-02 -6.158179409999999659e-02
1.896722560000000044e+02 6.113834960000000263e-02 9.282333909999999216e-03 5.793144480000000235e-02 3.318592609999999887e-02 3.582020200000000064e-03 -2.799133830000000156e-02
1.923641470000000027e+02 5.665261629999999993e-02 5.797675210000000426e-03 5.876761149999999712e-02 5.434469299999999947e-02 1.228200280000000047e-02 -9.002431589999999872e-02
1.950635839999999916e+02 6.243365449999999789e-02 3.745439159999999941e-03 6.633091169999999481e-02 7.282018930000000532e-04 4.754244130000000179e-02 -7.506552349999999485e-02
1.977627400000000080e+02 6.079817800000000133e-02 8.394215769999999535e-03 7.103597820000000229e-02 -2.373218219999999844e-03 4.456695289999999809e-02 -2.355808579999999972e-02
2.004555530000000090e+02 6.230562240000000335e-02 5.798049769999999957e-03 7.341341179999999467e-02 3.161127440000000011e-02 -2.650176260000000009e-03 -2.090023309999999857e-02
2.031595529999999883e+02 6.553335959999999349e-02 8.909290300000000801e-03 7.060429960000000338e-02 2.538202910000000173e-02 3.434440589999999786e-03 -3.531425920000000329e-02
2.058624440000000106e+02 6.932076859999999896e-02 4.621786299999999792e-03 6.789476179999999472e-02 5.718301290000000342e-02 9.790378270000000410e-03 -1.757733729999999897e-02
2.085553500000000042e+02 7.271601580000000564e-02 6.527523549999999890e-03 6.727743290000000320e-02 6.719876730000000353e-02 1.375730610000000000e-02 9.142996559999999953e-03
2.112585689999999943e+02 7.650445179999999790e-02 4.173337780000000189e-04 6.795195950000000595e-02 -4.800854210000000261e-03 -1.432042059999999971e-02 1.323137459999999994e-02
2.139514900000000068e+02 7.438484500000000499e-02 5.075586830000000139e-03 7.061779660000000458e-02 -1.323775940000000012e-02 1.684352440000000048e-03 2.054668000000000119e-02
2.166538030000000106e+02 7.257150330000000649e-02 3.742422439999999999e-03 6.662353149999999946e-02 -2.798171480000000155e-02 6.709059100000000324e-03 2.256488619999999848e-02
2.193433190000000081e+02 6.601351179999999375e-02 6.988740789999999675e-03 6.786782469999999567e-02 1.716076819999999906e-02 3.139919089999999857e-02 -3.975245360000000117e-02
2.220362719999999968e+02 5.802168650000000261e-02 3.392713940000000039e-03 6.320304079999999880e-02 2.360075849999999920e-02 5.760714349999999928e-02 -3.333997579999999766e-02
2.247350059999999985e+02 5.647607080000000002e-02 1.272397590000000009e-03 6.882765829999999696e-02 5.257221999999999763e-03 5.039916939999999901e-02 -1.749128280000000063e-02
2.274261469999999861e+02 5.578575919999999994e-02 -6.360974379999999491e-04 6.801170469999999468e-02 8.215373009999999950e-04 -1.527791790000000011e-03 -3.304738859999999806e-02
2.301261000000000081e+02 6.006510980000000222e-02 1.321648009999999880e-04 6.750053670000000228e-02 -3.536652519999999855e-02 -1.624763090000000063e-02 -1.016984660000000082e-02
2.328335840000000019e+02 6.396704000000000279e-02 -1.849971609999999898e-03 6.704318210000000111e-02 -5.577395460000000166e-02 5.082789800000000156e-03 -3.248247409999999863e-02
2.355312250000000063e+02 6.460043740000000201e-02 5.894371940000000393e-03 6.225340940000000101e-02 -3.774451510000000065e-02 2.608735140000000008e-02 -1.209883070000000033e-01
2.382434900000000084e+02 7.586756309999999337e-02 2.750117590000000084e-03 6.447020280000000103e-02 -7.933027239999999869e-02 -9.137217629999999646e-03 -3.125917999999999752e-02
2.409436469999999986e+02 6.997169440000000629e-02 1.417029919999999998e-03 7.475560119999999364e-02 -4.631320290000000284e-02 1.960968509999999956e-02 -2.592853969999999939e-02
2.436512089999999944e+02 7.061928509999999826e-02 1.177809680000000032e-03 7.759208959999999711e-02 -5.096216929999999867e-02 1.754796739999999952e-02 -1.652706690000000159e-02
2.463495529999999860e+02 6.571561720000000661e-02 -5.312818109999999962e-03 7.463310239999999818e-02 -6.577915089999999791e-03 -1.620947329999999909e-02 4.287429510000000110e-02
2.490529439999999965e+02 6.528205530000000256e-02 -7.130281920000000259e-03 7.261214150000000478e-02 3.866699989999999865e-02 5.538664609999999731e-04 1.985664789999999971e-02
2.517435220000000129e+02 6.077903269999999913e-02 -8.912795430000000282e-03 7.505420349999999963e-02 7.649659350000000135e-02 1.081067909999999972e-02 5.233888409999999571e-04
2.544479589999999973e+02 6.866588499999999595e-02 -9.347152620000000189e-03 6.611094469999999335e-02 2.802317459999999899e-02 4.391809950000000184e-02 4.013567829999999809e-02
2.571408650000000193e+02 6.911520740000000329e-02 -8.565470119999999896e-03 5.293191170000000056e-02 -1.432305029999999917e-02 2.785465900000000036e-02 3.308859980000000006e-02
2.598343189999999936e+02 7.322281090000000436e-02 -1.674832370000000140e-02 4.700048510000000290e-02 -5.587569810000000275e-02 -6.710055909999999846e-02 -7.754118709999999713e-03
2.625216469999999731e+02 7.030888600000000099e-02 -1.636618719999999999e-02 4.376077350000000254e-02 -4.211268230000000251e-02 -1.572847609999999952e-02 -2.215974089999999969e-03
2.652131469999999922e+02 6.463896069999999772e-02 -1.241895500000000062e-02 3.309168359999999781e-02 -3.859306540000000119e-02 3.220316899999999677e-02 5.726337120000000308e-02
2.679045830000000024e+02 6.329524940000000321e-02 -1.033640130000000081e-02 1.865882350000000120e-02 -3.204324570000000039e-02 -2.008964070000000129e-02 7.006372810000000007e-02
