# a=0.06571673681832328, b=-156.34381758256683, c=0.003231974127744078, xi=11.397085475145815
6.816629389999999944e+01 5.985901980000000316e-02 2.173595239999999863e-03 -5.855011980000000144e-02 9.523748769999999808e-03 -3.251089080000000089e-04 2.151396910000000131e-03
7.085989549999999326e+01 5.935732719999999712e-02 5.698361909999999711e-03 -7.123526460000000060e-02 -5.809730630000000014e-04 -3.314320850000000013e-02 2.073337160000000151e-02
7.355620949999999425e+01 6.309697309999999504e-02 -3.116012570000000034e-04 -6.910480450000000552e-02 1.176210739999999921e-02 1.072760849999999933e-02 2.892170189999999919e-02
7.625027830000000506e+01 6.251102669999999972e-02 7.625228450000000541e-04 -6.609531800000000012e-02 -8.467880599999999883e-04 -6.190534989999999654e-03 2.369717179999999979e-02
7.895381740000000548e+01 6.627593199999999574e-02 -4.427825090000000324e-03 -7.302923479999999523e-02 -1.877296060000000063e-03 1.596933559999999877e-02 -2.383775080000000157e-02
8.165318139999999403e+01 6.198058280000000309e-02 -3.939023290000000406e-03 -6.653962180000000393e-02 -1.480855099999999966e-02 7.590208919999999991e-03 2.425766539999999957e-02
8.434566110000000094e+01 6.415685109999999525e-02 3.980431170000000175e-04 -5.865561870000000205e-02 4.154088930000000152e-02 1.375403400000000005e-02 7.571096850000000322e-03
8.704922670000000551e+01 5.438125879999999857e-02 1.141428780000000077e-05 -6.012680170000000296e-02 -3.821718100000000024e-03 6.032071980000000382e-03 1.479561849999999970e-02
8.975804080000000340e+01 5.544653239999999816e-02 2.588947150000000131e-03 -5.972117130000000051e-02 3.009097750000000113e-02 7.527075979999999812e-03 -5.930566770000000355e-03
9.246312989999999843e+01 4.884141499999999914e-02 -3.653881319999999905e-03 -6.688677110000000592e-02 -1.588535900000000167e-02 -1.500316220000000008e-03 -1.603212819999999886e-02
9.515769079999999747e+01 6.213307459999999754e-02 -6.452076690000000010e-03 -6.065231620000000046e-02 2.284665489999999910e-02 -7.281581319999999580e-02 -4.528622470000000233e-02
9.785526579999999797e+01 6.506655649999999735e-02 -1.197426650000000051e-02 -6.029697540000000106e-02 8.383530059999999909e-03 -4.080223899999999709e-02 -7.895877960000000084e-02
1.005524470000000008e+02 6.888853189999999405e-02 -4.738735190000000104e-03 -6.134286750000000205e-02 1.051010930000000065e-02 1.534577600000000021e-02 -6.905613219999999497e-02
1.032684469999999948e+02 6.965567670000000211e-02 -4.550745089999999778e-03 -6.693462910000000377e-02 1.183128129999999958e-02 6.247644850000000187e-03 -8.618606130000000531e-02
1.059708530000000053e+02 7.361615650000000177e-02 -3.128789710000000075e-03 -6.262874400000000008e-02 -9.540819209999999674e-04 5.351810819999999573e-03 -2.410849589999999876e-02
1.086747440000000040e+02 7.259075269999999691e-02 -5.606024509999999947e-03 -5.602548250000000118e-02 5.223458379999999790e-02 -2.701478239999999947e-02 4.471408100000000101e-03
1.113688219999999944e+02 5.882286340000000141e-02 -4.556935899999999678e-03 -5.802288669999999815e-02 9.714475849999999746e-02 -7.020517410000000347e-02 -5.213643859999999609e-03
1.140775409999999965e+02 5.435799620000000137e-02 -2.108374550000000069e-03 -5.850754489999999974e-02 7.323109129999999523e-02 -1.531087190000000008e-02 -4.432694809999999930e-02
1.167782600000000031e+02 4.783619919999999859e-02 -2.992448840000000096e-03 -6.708855769999999552e-02 2.181950950000000056e-02 -4.579469919999999694e-02 -7.477603019999999601e-02
1.194799160000000029e+02 5.890224399999999944e-02 -5.622917029999999726e-03 -6.264285410000000609e-02 2.724222020000000022e-02 2.630382040000000046e-02 -3.442388550000000103e-02
1.221836660000000023e+02 5.786474290000000187e-02 -7.715258350000000348e-03 -6.852207280000000011e-02 1.947130099999999989e-02 1.531766830000000010e-02 -4.470695470000000254e-02
1.248963219999999978e+02 5.880623520000000104e-02 -5.434198999999999800e-03 -6.368733649999999691e-02 2.241559469999999943e-02 -2.113588469999999955e-02 -3.968976269999999890e-02
1.275917440000000056e+02 6.253395770000000353e-02 1.035651970000000090e-03 -6.265238609999999875e-02 5.947234750000000153e-02 4.858748379999999756e-03 -1.577317019999999875e-02
1.302995559999999955e+02 6.487355870000000024e-02 -6.682769999999999986e-04 -5.953974480000000236e-02 4.067429110000000264e-02 -5.016490940000000115e-04 -2.303890899999999978e-02
1.330060100000000034e+02 6.766190319999999814e-02 5.264885250000000266e-03 -5.592314400000000102e-02 4.739870210000000222e-03 -3.413857719999999901e-02 -4.317660710000000013e-02
1.356947749999999928e+02 6.980701970000000034e-02 2.852788440000000175e-03 -4.874136140000000228e-02 4.353959520000000305e-02 5.821887220000000187e-04 2.510992479999999902e-02
1.383881350000000054e+02 6.573770290000000016e-02 -1.045709030000000015e-03 -5.596857639999999745e-02 5.597712330000000069e-02 -8.259385359999999593e-03 6.582919419999999633e-03
1.410956970000000013e+02 6.344797770000000503e-02 -5.876462510000000179e-04 -4.836088029999999899e-02 1.426469749999999953e-02 -3.254332229999999920e-03 -8.770649610000000318e-03
1.437802279999999939e+02 7.224362800000000417e-02 8.241694790000000242e-03 -4.605081770000000324e-02 2.552591300000000077e-02 9.177880850000000312e-03 -2.187285660000000062e-02
1.464884309999999914e+02 7.615656079999999495e-02 7.511272490000000038e-03 -3.891535399999999922e-02 -2.878714209999999954e-02 -2.805280399999999976e-03 -4.687020630000000160e-02
1.491805720000000122e+02 6.824186610000000652e-02 3.632348000000000087e-03 -3.363319020000000298e-02 -1.400227390000000072e-02 2.747749080000000052e-02 -1.894782630000000148e-02
1.518794780000000060e+02 7.187911399999999396e-02 5.411045909999999577e-03 -1.725083419999999881e-02 -4.020291559999999986e-03 -2.895811590000000116e-02 4.516396980000000200e-02
1.545819160000000068e+02 7.481108159999999563e-02 5.709468889999999575e-03 -1.739516350000000142e-02 -3.335652229999999663e-02 8.884440290000000535e-04 1.001846649999999991e-02
1.572827279999999917e+02 7.567152139999999694e-02 -8.854727979999999507e-04 2.537687740000000246e-04 -1.087779910000000010e-02 1.989529970000000064e-02 1.500673070000000048e-03
1.599850099999999884e+02 7.706781220000000210e-02 -7.352560699999999977e-03 2.207839810000000041e-02 -2.040925790000000170e-02 1.663504390000000027e-02 2.159283819999999882e-03
1.626963379999999972e+02 7.074850050000000556e-02 -1.418777239999999967e-02 4.237721569999999827e-02 -2.430253250000000143e-03 -1.524574220000000056e-02 3.887339850000000319e-02
1.653883849999999995e+02 6.877854649999999570e-02 -9.471926380000000520e-03 5.252608699999999908e-02 -1.176494389999999980e-02 4.184720690000000233e-04 3.934138720000000117e-02
1.680821970000000078e+02 7.090044319999999622e-02 -1.349239749999999946e-02 5.891421530000000295e-02 -2.863287520000000128e-02 2.785125399999999890e-02 6.134767690000000190e-02
1.707935879999999997e+02 6.656811260000000674e-02 -1.178397339999999981e-02 6.244563759999999936e-02 -9.809502299999999994e-03 5.719050529999999966e-02 3.649050169999999704e-02
1.734787440000000061e+02 6.996576540000000455e-02 -2.225529129999999876e-03 6.751457660000000083e-02 -2.376034349999999948e-02 -2.133566519999999939e-02 2.848504920000000107e-02
1.761753060000000062e+02 6.849601600000000678e-02 -2.760407800000000151e-03 6.311124390000000250e-02 -1.187313880000000037e-02 -1.839136419999999952e-02 4.071891779999999711e-02
1.788742129999999975e+02 5.999067770000000160e-02 -6.831303920000000168e-03 6.186020040000000247e-02 1.505451479999999915e-03 -1.824156420000000098e-02 3.202275050000000234e-02
1.815789310000000114e+02 6.137370329999999874e-02 -3.274397230000000020e-03 6.775011159999999588e-02 -6.602337710000000422e-03 8.475644589999999437e-03 2.453730100000000094e-02
1.842839630000000000e+02 5.464979279999999939e-02 8.954992479999999977e-03 6.478310800000000591e-02 -1.346815680000000050e-02 -2.417506820000000015e-02 5.385058580000000317e-02
1.869814939999999979e+02 5.864911579999999847e-02 7.390603580000000214e-03 6.948501260000000679e-02 -1.236960689999999901e-03 -5.613802999999999849e-02 4.807550389999999674e-02
1.896920719999999960e+02 5.931990809999999892e-02 7.820436000000000488e-04 6.901982859999999942e-02 -2.393267360000000000e-03 1.907891670000000026e-02 2.888443679999999972e-02
1.924068379999999934e+02 5.796263599999999794e-02 3.182204210000000137e-03 6.553637290000000060e-02 -2.758605880000000038e-02 -1.325209240000000017e-02 3.147299249999999798e-02
1.951114469999999983e+02 7.132776279999999969e-02 -6.743073620000000377e-04 6.931275829999999916e-02 -1.645374590000000040e-02 1.967262180000000152e-02 4.885689809999999716e-02
1.978063380000000109e+02 7.164664540000000026e-02 5.545762440000000064e-03 6.756545880000000559e-02 -7.377817840000000169e-03 6.353527270000000095e-03 3.659692490000000104e-02
2.005105100000000107e+02 6.279196069999999630e-02 1.851102500000000040e-02 6.652846649999999418e-02 -1.921150619999999957e-04 9.142884630000000512e-03 -3.123946660000000153e-02
