# a=0.06081733318294721, b=-145.5699572797872, c=-0.0024871423300216744, xi=9.704793239777374
6.841043329999999534e-01 5.448766969999999793e-02 -9.596155340000000686e-03 4.783302019999999960e-02 1.948173790000000058e-02 -2.010886980000000171e-02 9.699175600000000189e-03
3.391927260000000111e+00 6.566853079999999954e-02 -4.240192860000000299e-03 4.675928730000000061e-02 -2.017663280000000017e-03 -3.057946840000000041e-02 2.142759210000000011e-02
6.084037730000000366e+00 6.783727850000000059e-02 -3.429979809999999900e-03 5.302121039999999758e-02 6.599186019999999861e-03 -2.803149939999999979e-02 2.970676020000000139e-02
8.778178360000000069e+00 6.890670860000000508e-02 -2.445360570000000046e-03 5.210402549999999799e-02 1.288065570000000021e-02 -1.905459829999999952e-02 4.976070989999999833e-02
1.148000620000000005e+01 6.068487239999999922e-02 3.825303710000000149e-03 4.245487240000000301e-02 -4.477211870000000031e-03 -1.310492440000000100e-03 -5.311141410000000439e-04
1.417920769999999919e+01 6.406937050000000022e-02 5.741985069999999735e-04 5.236947709999999895e-02 8.586714329999999831e-04 2.128080580000000013e-02 -1.010198160000000053e-02
1.687732959999999949e+01 5.584827440000000170e-02 6.055907400000000321e-05 5.259181730000000304e-02 7.430358470000000479e-04 -2.890290729999999905e-02 2.775469339999999882e-02
1.958232800000000040e+01 5.422338809999999870e-02 -6.226688470000000045e-03 5.394972700000000287e-02 -9.283500050000000753e-03 -3.761433289999999846e-02 7.693191509999999789e-02
2.228357799999999855e+01 6.748505909999999441e-02 -3.391641449999999863e-03 4.933911230000000148e-02 -4.364746360000000373e-03 -1.217859599999999987e-02 6.467808869999999710e-02
2.498523120000000119e+01 6.011677719999999892e-02 -7.591416640000000181e-03 5.091842010000000029e-02 1.110210799999999942e-02 -4.586015069999999777e-02 4.196650980000000281e-02
2.767982179999999914e+01 5.925306300000000165e-02 -1.206619450000000031e-02 4.751631099999999858e-02 -1.968752340000000031e-02 -1.696377599999999986e-02 3.847954549999999668e-02
3.038560929999999871e+01 6.619821219999999506e-02 -5.404759930000000052e-03 3.169451150000000134e-02 -2.746221679999999964e-03 -1.415295909999999928e-02 5.002017079999999949e-02
3.307722650000000186e+01 7.360055259999999377e-02 3.188055410000000065e-03 4.778482159999999923e-03 -2.222621229999999920e-02 -3.795341089999999806e-02 9.466749630000000082e-03
3.578819990000000217e+01 7.903709570000000406e-02 -9.873600289999999446e-04 -2.897550210000000154e-02 -1.746032919999999933e-02 -4.119263410000000014e-02 5.334296040000000363e-03
3.848808580000000035e+01 7.199406240000000290e-02 3.524143600000000185e-03 -5.014241469999999867e-02 -3.335040050000000200e-02 -2.437483379999999880e-02 -4.126630929999999808e-02
4.119563740000000251e+01 7.218650540000000337e-02 6.403557320000000282e-03 -5.875537880000000074e-02 -1.488399720000000044e-02 -1.225282710000000046e-02 -5.559625339999999666e-02
4.389799680000000137e+01 6.438009729999999431e-02 1.141772670000000024e-02 -7.163236970000000370e-02 1.303189069999999977e-02 -4.032142209999999699e-02 -4.333214870000000329e-02
4.658637019999999751e+01 6.310585270000000635e-02 7.616375729999999566e-03 -5.688736729999999825e-02 -2.079792540000000023e-02 -3.402368780000000151e-03 -1.957712409999999917e-02
4.928181550000000044e+01 6.491835880000000614e-02 -2.444544160000000112e-03 -5.093144649999999801e-02 -5.168949140000000247e-03 -1.035228499999999927e-02 -4.888581429999999672e-02
5.197434049999999672e+01 7.006102770000000035e-02 -8.244861129999999511e-03 -4.640709440000000130e-02 -6.907224009999999963e-03 1.834934200000000112e-02 -5.222155929999999779e-02
5.466577329999999790e+01 5.872193390000000207e-02 5.814072620000000115e-03 -5.818865129999999802e-02 -1.525900929999999926e-02 6.097962740000000036e-04 1.291192100000000068e-03
5.737702180000000141e+01 4.974986940000000052e-02 2.271492749999999994e-03 -5.576029920000000195e-02 2.164026629999999882e-02 4.808762610000000270e-02 -6.385288690000000093e-03
6.008033269999999959e+01 5.677430900000000197e-02 7.083723079999999783e-03 -6.125576430000000128e-02 2.084131469999999861e-02 1.709097599999999904e-03 4.187501930000000344e-02
6.276851870000000133e+01 4.977356220000000303e-02 1.094135040000000086e-02 -6.579184109999999808e-02 1.651875859999999904e-02 -2.601167539999999986e-02 -4.505019839999999803e-02
6.548442020000000241e+01 5.249714419999999826e-02 1.556093759999999972e-02 -6.022982539999999912e-02 9.591950510000000693e-03 2.189700489999999930e-02 -2.868253479999999939e-02
6.819173120000000665e+01 5.564006559999999657e-02 1.726517199999999877e-02 -7.003798690000000160e-02 -2.249238560000000123e-02 -4.993477109999999719e-02 -8.221118450000000633e-02
7.088032800000000577e+01 5.099949950000000343e-02 4.645647269999999933e-03 -6.450522679999999565e-02 -2.765121330000000141e-02 -4.362540289999999876e-02 -1.385959919999999942e-02
7.358409679999999753e+01 5.183348160000000177e-02 8.030817029999999870e-04 -6.795869540000000486e-02 -1.287916339999999916e-02 -8.073062190000000748e-03 -2.268961389999999897e-02
7.628782019999999875e+01 5.796973820000000249e-02 -2.886808389999999998e-03 -6.695469819999999572e-02 8.798627459999999734e-03 5.428067649999999966e-02 -2.790286209999999836e-02
7.898174050000000079e+01 5.666848399999999814e-02 -6.746270030000000271e-03 -6.641783060000000516e-02 3.204041660000000319e-02 -2.791298099999999990e-02 -5.795881969999999717e-02
8.168423740000000066e+01 6.028565229999999914e-02 -2.624305879999999907e-03 -6.593220260000000332e-02 -7.509066420000000061e-03 -2.040308730000000084e-02 -3.153325970000000339e-02
8.438580770000000086e+01 5.593142720000000151e-02 -3.241433040000000002e-03 -6.989536159999999720e-02 -2.501725049999999908e-04 -1.320225669999999969e-02 -5.313283669999999820e-02
8.708639680000000283e+01 4.514432220000000329e-02 -1.829338980000000002e-03 -7.069302239999999959e-02 4.809939489999999832e-03 -2.696879069999999837e-02 -1.166054849999999948e-02
8.979342180000000440e+01 3.990676230000000241e-02 -5.288178719999999874e-03 -8.124122809999999306e-02 -1.537134759999999982e-02 -3.649372499999999856e-03 -7.835371219999999470e-02
9.248914209999999514e+01 4.157949820000000213e-02 -1.421319029999999935e-02 -7.517739140000000153e-02 3.447611059999999925e-03 4.599894640000000250e-03 6.296533969999999585e-03
9.519329989999999952e+01 5.052292760000000327e-02 -9.248342459999999571e-03 -7.463193399999999700e-02 1.349275850000000027e-02 5.421931969999999740e-02 -5.275473319999999730e-03
9.788706870000000038e+01 5.266279110000000180e-02 -8.078544389999999312e-03 -6.629953969999999308e-02 5.656958059999999885e-03 2.338890799999999992e-02 4.693141280000000248e-02
1.005857199999999949e+02 5.961348760000000080e-02 -4.819308270000000234e-03 -7.058060400000000512e-02 -5.841728800000000298e-03 -1.536502470000000037e-02 -2.545492549999999951e-02
1.032899390000000039e+02 5.747891329999999660e-02 -1.260415420000000029e-02 -6.399029320000000631e-02 1.635914139999999906e-02 -2.511465259999999880e-03 4.614760750000000342e-03
1.059882510000000053e+02 5.820196629999999788e-02 -1.293041259999999984e-02 -6.243375329999999862e-02 -8.772682750000000002e-03 1.045158019999999945e-02 -3.988576390000000277e-02
1.086804860000000019e+02 5.448950319999999736e-02 -9.686369270000000017e-03 -6.266196620000000217e-02 -1.536541360000000071e-03 -1.992854120000000021e-02 -3.775055850000000324e-02
1.113775009999999952e+02 6.807515540000000365e-02 -2.073107979999999802e-03 -6.041222990000000292e-02 -6.604024570000000330e-03 2.079440180000000082e-02 -5.433093139999999738e-02
1.140739229999999935e+02 6.637461240000000484e-02 -2.276480049999999797e-03 -5.146890450000000256e-02 -2.239408090000000098e-03 6.807543099999999701e-03 3.674515939999999786e-02
1.167829700000000059e+02 5.298030380000000317e-02 1.260881299999999997e-02 -4.610575179999999718e-02 -4.190584520000000326e-03 -1.176949769999999923e-02 -2.083722379999999874e-02
1.194946419999999989e+02 6.356389210000000511e-02 5.241112200000000096e-03 -4.645165510000000275e-02 1.331660980000000036e-02 2.450647470000000099e-03 -7.611990719999999627e-03
1.221800329999999946e+02 8.127010510000000354e-02 4.566853709999999823e-03 -5.321627689999999800e-02 -1.592993040000000027e-02 4.250202129999999801e-02 -3.198988910000000185e-02
1.248732669999999985e+02 7.933726759999999711e-02 6.479225130000000263e-03 -4.992070609999999659e-02 -1.616523039999999975e-03 2.729569689999999937e-02 3.678768510000000186e-02
1.275752829999999989e+02 6.915939540000000385e-02 9.886054280000000638e-04 -5.433455649999999887e-02 2.421969230000000153e-02 1.448192830000000035e-02 3.150350739999999844e-02
1.302727050000000020e+02 6.091720979999999674e-02 5.538405580000000002e-03 -4.802768539999999892e-02 2.360265359999999882e-02 -3.477074189999999898e-02 1.694238359999999943e-02
1.329730800000000102e+02 6.478448870000000359e-02 -2.056583800000000013e-04 -4.349419029999999908e-02 -3.708820780000000178e-03 9.758463150000000474e-03 -8.105941110000000616e-03
1.356833139999999958e+02 6.049438840000000150e-02 6.488754149999999624e-03 -4.295883290000000049e-02 4.099520819999999920e-03 -3.568426360000000186e-02 -3.640588820000000003e-02
1.383693450000000098e+02 7.348821079999999506e-02 7.596048890000000123e-03 -4.705323859999999830e-02 -6.889057030000000394e-03 -2.055931899999999951e-02 -2.931009769999999917e-02
1.410685170000000141e+02 7.571660460000000092e-02 4.363717139999999904e-03 -3.736944589999999927e-02 1.985792340000000142e-02 1.505635129999999960e-02 -1.193068069999999974e-02
1.437747510000000091e+02 7.030748400000000342e-02 -8.113872680000000157e-03 -2.428191420000000086e-02 -1.549878369999999929e-02 1.580642750000000110e-02 -3.289899079999999976e-02
1.464661419999999907e+02 6.587978699999999521e-02 -6.598744919999999931e-03 4.820426279999999800e-03 3.613870839999999696e-02 -4.035482299999999800e-02 2.377385259999999917e-02
1.491785950000000014e+02 6.975073310000000359e-02 -9.249383340000000286e-03 2.396812939999999961e-02 -2.593336879999999858e-02 -5.411606139999999843e-02 6.579393579999999464e-02
1.518781889999999919e+02 6.054112920000000175e-02 -1.578586480000000042e-02 4.033346699999999785e-02 2.311529409999999937e-02 -2.766383249999999905e-02 2.317255669999999934e-02
1.545873139999999921e+02 5.967602799999999902e-02 -8.557235999999999315e-03 4.155342979999999964e-02 -1.895680170000000036e-03 2.765793529999999861e-02 -8.900511959999999473e-03
1.572874549999999942e+02 6.739090350000000174e-02 -1.012938139999999994e-03 5.077426050000000135e-02 -9.306325060000000468e-03 1.665345660000000158e-02 -7.032330530000000315e-03
1.599845479999999895e+02 6.546578960000000447e-02 1.457440569999999928e-02 5.562130900000000072e-02 1.680729250000000119e-02 5.379747430000000191e-02 1.124005489999999920e-02
1.626878920000000051e+02 6.589975509999999870e-02 1.155354720000000002e-02 5.259863380000000255e-02 2.317081559999999846e-02 1.538635709999999941e-02 -9.242067819999999836e-03
1.653978299999999990e+02 6.041017960000000242e-02 9.424094460000000811e-03 4.614118650000000044e-02 1.521732729999999978e-02 -4.624013589999999979e-03 1.222695720000000093e-04
1.680947050000000047e+02 5.848499149999999980e-02 1.355039650000000075e-02 5.935799080000000311e-02 1.321347959999999953e-02 1.037977560000000014e-02 2.249980069999999929e-02
1.707995799999999917e+02 5.990096339999999991e-02 7.425256069999999591e-03 6.079230179999999678e-02 9.787911450000000638e-03 5.155951130000000111e-03 2.038435670000000172e-02
1.735009230000000002e+02 6.049102440000000275e-02 1.070957370000000068e-02 5.980530299999999716e-02 1.156007109999999949e-02 -4.331048280000000285e-03 8.155431380000000528e-04
1.762051260000000070e+02 6.040455859999999816e-02 4.586407140000000118e-03 6.102191299999999707e-02 -2.651527310000000026e-02 -1.689972870000000169e-02 2.398691289999999813e-03
1.788973919999999964e+02 6.085433190000000270e-02 -3.055374220000000012e-03 6.387107729999999539e-02 -6.123194860000000239e-03 -7.759672849999999650e-04 9.639725070000000401e-04
1.816056729999999959e+02 5.844073400000000112e-02 -6.818231590000000363e-03 6.051690430000000037e-02 -7.466475300000000037e-02 1.672730929999999977e-02 -9.570033219999999480e-03
1.842977669999999932e+02 6.065973919999999991e-02 -1.131016200000000034e-02 6.209943150000000328e-02 -9.319727120000000087e-02 3.045580139999999950e-02 4.959971529999999962e-02
1.869987669999999866e+02 5.782185959999999736e-02 -1.417905099999999981e-02 6.917128810000000572e-02 -7.088460720000000492e-02 2.432832529999999840e-02 1.614312650000000043e-02
1.896962980000000130e+02 5.483539109999999855e-02 -7.850262040000000052e-03 6.591588049999999588e-02 -3.106381119999999940e-02 -1.388926329999999945e-02 8.255853029999999509e-03
1.923882509999999968e+02 5.430281530000000134e-02 -6.242640760000000254e-03 7.091679409999999961e-02 9.834560500000000607e-03 4.782423589999999780e-02 2.773268019999999834e-02
1.951022979999999905e+02 5.506463899999999856e-02 -6.292492670000000149e-03 6.110031419999999852e-02 -3.564605660000000342e-02 6.236790009999999829e-03 3.173926020000000098e-02
1.978038610000000119e+02 6.300894440000000263e-02 -8.748462710000000017e-03 5.960077629999999821e-02 -9.083528029999999448e-03 1.028513380000000040e-02 4.765631900000000080e-03
2.005093300000000056e+02 7.067340319999999843e-02 -1.124082409999999956e-02 6.079897509999999949e-02 -1.962125250000000196e-03 2.763697769999999814e-03 1.132554830000000005e-02
2.032145480000000077e+02 5.904160619999999915e-02 -6.685834580000000159e-03 6.181330250000000026e-02 -2.683647709999999881e-02 -1.769578730000000155e-02 2.104993759999999881e-02
2.059073300000000017e+02 6.135499290000000217e-02 -8.417939529999999768e-03 5.095915460000000063e-02 -1.226220090000000075e-02 -1.320596360000000045e-02 3.932788549999999966e-02
2.086093610000000069e+02 7.341902029999999857e-02 -6.218968339999999574e-03 5.487145830000000196e-02 3.464377379999999951e-02 -4.627214670000000252e-02 2.240208379999999999e-02
2.113186110000000042e+02 6.594471940000000421e-02 -2.692580239999999882e-04 4.716221450000000065e-02 4.007808000000000204e-02 -7.268299059999999701e-02 2.601597589999999835e-02
2.140236109999999883e+02 6.178939199999999854e-02 4.831420039999999739e-04 5.310970169999999768e-02 7.946729430000000483e-03 -1.743424500000000099e-02 4.066849940000000219e-02
2.167217510000000118e+02 5.914397109999999791e-02 2.654180669999999832e-03 5.726955260000000242e-02 2.199432329999999845e-03 4.292640379999999867e-02 9.630328710000000264e-03
2.194262200000000007e+02 5.840790669999999796e-02 3.436616899999999850e-03 5.911909719999999813e-02 -3.967012830000000295e-02 -1.003173559999999929e-02 -5.907060150000000270e-04
2.221208760000000098e+02 5.074589589999999734e-02 -5.545044720000000000e-04 5.404955790000000315e-02 3.695368610000000081e-02 -7.149954549999999742e-02 -3.850077820000000206e-02
2.248200170000000071e+02 5.811675840000000287e-02 1.342549980000000073e-02 4.186228119999999692e-02 6.437062040000000179e-03 1.835552400000000153e-02 -4.827598649999999963e-02
2.275144080000000031e+02 5.552172830000000336e-02 4.819232930000000303e-03 4.591558610000000262e-02 4.686708319999999955e-02 -2.334621590000000163e-02 -2.668836569999999842e-03
2.302188759999999945e+02 5.798915820000000165e-02 5.858930749999999646e-03 5.423962599999999912e-02 3.664659249999999840e-02 -6.025797060000000031e-03 -1.280199469999999951e-02
2.329198140000000024e+02 6.105581849999999755e-02 9.207947589999999558e-03 4.618492960000000064e-02 1.842317409999999836e-02 -2.597250640000000124e-02 1.031735920000000084e-02
2.356197830000000124e+02 5.584986210000000145e-02 1.469538380000000050e-03 5.232177250000000224e-02 2.556301960000000040e-02 -4.507565350000000172e-03 2.485496029999999940e-02
2.383220330000000047e+02 5.111522870000000107e-02 1.217266080000000035e-02 5.910887349999999901e-02 3.299483870000000096e-02 -4.566534860000000251e-02 -3.990470640000000346e-02
2.410302360000000022e+02 5.075842400000000337e-02 6.705679340000000356e-03 5.528059350000000260e-02 1.917726130000000167e-05 -1.293689330000000019e-02 -4.300263270000000138e-02
2.437374700000000018e+02 5.826405319999999888e-02 7.027132359999999599e-03 5.635788869999999728e-02 -3.562125210000000042e-02 -2.952096020000000154e-02 -5.999770630000000188e-02
2.464230479999999943e+02 6.260539900000000602e-02 2.204563200000000164e-03 5.401930619999999877e-02 2.538085199999999889e-02 -3.737688959999999928e-03 -1.774173459999999966e-02
2.491292829999999867e+02 6.074040800000000268e-02 9.822988090000000019e-03 5.899271059999999789e-02 -1.002165940000000104e-03 -1.973980609999999997e-02 -1.061199089999999984e-02
2.518185949999999877e+02 6.094251450000000292e-02 7.798543290000000371e-03 6.192174429999999785e-02 2.854189520000000035e-02 -1.749321250000000078e-02 1.912518399999999993e-02
2.545233450000000062e+02 6.152748959999999878e-02 7.433831909999999953e-03 5.496721450000000009e-02 -2.749425000000000133e-02 1.268077360000000075e-04 1.382715229999999934e-02
2.572265170000000012e+02 5.728940920000000214e-02 6.718508469999999629e-03 6.092890260000000113e-02 5.697324309999999767e-03 -5.755343119999999785e-02 9.695047229999999988e-03
2.599357360000000199e+02 6.692466330000000629e-02 7.126279099999999721e-03 6.339250609999999564e-02 -8.540152380000000723e-03 -8.681653429999999913e-05 1.432623700000000035e-02
2.626272510000000011e+02 6.160945079999999990e-02 6.886517749999999591e-03 6.104201010000000205e-02 -9.481914699999999946e-03 1.133427419999999929e-02 5.418156889999999754e-02
2.653321260000000166e+02 5.750290649999999920e-02 4.147139240000000115e-03 5.255328459999999979e-02 7.372527159999999607e-03 2.028622689999999909e-02 7.880325710000000289e-03
2.680204259999999863e+02 5.486549579999999704e-02 -1.674830399999999902e-03 5.573990119999999715e-02 7.886385419999999286e-03 2.460463380000000103e-02 3.589250189999999840e-02
