# a=0.060826688660860384, b=-146.35056848808534, c=-0.0004585325445795128, xi=11.508684104831536
6.855164719999999878e-01 5.232566450000000063e-02 1.757785359999999852e-02 5.710143599999999847e-02 -6.451104600000000244e-03 -5.589005810000000421e-04 -2.286270920000000109e-02
3.386927790000000105e+00 6.605419419999999930e-02 2.171633670000000169e-02 4.093961260000000130e-02 -1.638579620000000028e-02 1.060321309999999982e-02 -2.525698529999999969e-02
6.079110599999999920e+00 6.773101530000000259e-02 2.324668610000000038e-02 3.691689799999999660e-02 -5.020620270000000079e-02 -5.185330829999999780e-02 -4.374873189999999717e-02
8.777146070000000577e+00 7.162794740000000271e-02 2.450834829999999978e-02 2.588768290000000027e-02 -4.537113670000000182e-02 -1.577639830000000104e-02 -1.788658790000000054e-02
1.147753830000000086e+01 8.073149920000000090e-02 1.418269540000000051e-02 1.568603429999999854e-02 -4.881818050000000242e-02 3.458349390000000061e-03 -1.974410949999999901e-02
1.417039609999999961e+01 7.581384289999999748e-02 1.513881629999999992e-02 -3.889135810000000177e-04 1.016410159999999938e-03 -4.960938389999999983e-03 2.422955140000000035e-02
1.686780080000000126e+01 6.942862140000000126e-02 1.819746369999999946e-02 -2.364827220000000063e-02 -6.115770480000000224e-03 1.128827900000000002e-02 -5.193461550000000315e-03
1.955868669999999909e+01 6.992176699999999578e-02 1.528663790000000036e-02 -5.125333919999999766e-02 5.507723889999999872e-03 -3.222976889999999706e-02 2.433204539999999846e-02
2.226437890000000053e+01 7.520898169999999661e-02 9.634072540000000046e-03 -5.988578490000000254e-02 -3.646723190000000087e-02 -3.228995760000000215e-02 1.337465219999999996e-02
2.496352260000000101e+01 6.979814500000000588e-02 3.981437289999999705e-03 -6.345846939999999492e-02 -2.870309880000000008e-02 -1.946033219999999953e-02 -1.706256540000000016e-02
2.766226640000000003e+01 6.316815480000000094e-02 -8.203125100000000381e-04 -7.237423719999999672e-02 -7.647823029999999654e-03 -3.640444040000000159e-02 -6.268989889999999898e-02
3.037299610000000172e+01 5.565466449999999926e-02 -2.255588849999999850e-03 -6.957542630000000672e-02 -9.257101210000000246e-03 -5.520440299999999911e-02 -6.824639620000000351e-02
3.306736790000000070e+01 5.226827829999999842e-02 -8.886034079999999584e-04 -6.545030220000000454e-02 2.100852370000000011e-02 -2.550842700000000018e-02 -4.159021460000000142e-02
3.576664759999999887e+01 5.703628019999999743e-02 1.815572230000000054e-03 -6.424892170000000291e-02 3.769798120000000113e-02 -3.304103889999999988e-03 5.653086890000000005e-04
3.846948040000000191e+01 5.096740710000000063e-02 8.276724469999999917e-03 -6.653768140000000664e-02 2.920981599999999956e-02 1.350858920000000060e-02 -4.647000270000000203e-04
4.118435389999999785e+01 6.017743190000000159e-02 6.249635770000000305e-03 -6.501240749999999402e-02 3.790837369999999762e-02 2.200934709999999989e-02 -1.822512189999999851e-02
4.389438359999999761e+01 5.789264329999999764e-02 4.112836530000000407e-03 -6.476536130000000446e-02 -1.183639059999999979e-02 -3.367647039999999842e-02 -2.692503660000000049e-02
4.659384759999999659e+01 5.392731320000000023e-02 5.620347189999999604e-03 -5.642395210000000078e-02 4.118566530000000031e-02 1.067858730000000034e-02 1.432333120000000085e-02
4.931047889999999967e+01 5.746701850000000139e-02 2.754735199999999978e-03 -6.372936610000000390e-02 3.306263279999999832e-02 -4.691413210000000208e-03 -3.070925199999999938e-02
5.200880550000000113e+01 6.129138199999999842e-02 2.725466949999999847e-03 -6.870269480000000539e-02 3.602060270000000033e-03 4.532561680000000287e-02 1.173401479999999948e-02
5.470235550000000302e+01 6.111403149999999895e-02 7.289919829999999892e-03 -6.279168250000000118e-02 6.488099420000000006e-02 2.233715370000000089e-04 3.018821710000000116e-02
5.739922580000000352e+01 7.434469289999999508e-02 6.548379560000000370e-03 -6.241941279999999731e-02 2.672951609999999964e-02 -1.106738969999999933e-02 -2.066994780000000129e-02
6.010263199999999983e+01 7.448190500000000103e-02 7.837073829999999242e-03 -5.952598969999999684e-02 2.816132990000000044e-02 1.025956020000000010e-02 -3.288168400000000130e-02
6.279711640000000017e+01 8.024526369999999964e-02 9.556192620000000804e-03 -5.412393430000000255e-02 9.099079439999999477e-03 2.563892489999999857e-02 1.379294629999999917e-02
6.550065390000000320e+01 7.393091860000000626e-02 1.396733019999999922e-02 -4.603174909999999814e-02 4.953507570000000026e-02 4.754288999999999737e-02 -2.202988050000000142e-02
6.820363039999999444e+01 7.549840169999999517e-02 9.030515430000000260e-03 -4.992220070000000232e-02 1.292037109999999954e-02 -2.029329220000000017e-02 -2.456859460000000023e-02
7.090089919999999779e+01 6.770364750000000542e-02 9.154719639999999575e-03 -5.808014429999999728e-02 3.579626099999999849e-03 5.888564419999999834e-03 -5.652533269999999999e-02
7.360386950000000184e+01 6.882238509999999421e-02 3.126393559999999811e-03 -6.384250469999999678e-02 -1.850406320000000035e-02 3.259522740000000279e-02 -7.096563979999999383e-02
7.629237580000000207e+01 6.909783270000000033e-02 6.201003759999999636e-03 -6.737067770000000622e-02 -1.985673929999999879e-02 1.673822759999999896e-02 -4.430832090000000334e-02
7.900162729999999556e+01 5.948823040000000145e-02 1.523753639999999958e-02 -7.149142299999999839e-02 -2.870285200000000092e-02 -1.273936990000000026e-02 -8.139025699999999364e-02
8.169922730000000399e+01 5.804833520000000219e-02 1.989766030000000158e-02 -7.105816280000000484e-02 -2.747143529999999945e-02 1.285780619999999947e-03 -2.440364700000000053e-02
8.439453360000000259e+01 5.844605559999999783e-02 1.537797559999999966e-02 -6.327528940000000379e-02 2.734729950000000173e-02 9.929161100000000184e-03 -5.042413970000000217e-02
8.709827730000000656e+01 6.518058899999999711e-02 1.101029679999999955e-02 -5.563927700000000087e-02 1.401422509999999955e-03 1.891128959999999887e-02 -2.005244839999999890e-02
8.979837259999999333e+01 7.038570119999999763e-02 1.090457400000000021e-02 -5.377602360000000026e-02 1.169822149999999970e-02 4.466931109999999934e-03 -2.064503850000000071e-02
9.249324450000000297e+01 7.494723990000000391e-02 9.747767049999999864e-03 -4.502536270000000174e-02 3.490587900000000077e-02 -3.150723579999999829e-02 -3.190214780000000250e-02
9.519048359999999320e+01 7.222226330000000583e-02 7.323571339999999583e-03 -4.414885909999999997e-02 6.196312519999999657e-02 1.796856340000000047e-03 -5.766898649999999821e-02
9.789794759999999485e+01 7.367595150000000315e-02 1.095670099999999925e-02 -4.591746220000000184e-02 1.974852159999999912e-02 -1.826982790000000051e-02 -3.347300539999999852e-02
1.005989450000000005e+02 7.081796170000000112e-02 1.385018019999999933e-02 -5.535349450000000282e-02 1.815834789999999990e-02 -3.680426950000000030e-02 -1.671423130000000007e-02
1.032937100000000044e+02 6.608722409999999436e-02 6.248063639999999926e-03 -5.588895039999999814e-02 1.612384229999999988e-02 -2.425186320000000118e-02 -9.464728480000000194e-03
1.059912730000000067e+02 6.463606189999999974e-02 4.425527670000000205e-03 -6.425201849999999382e-02 1.733648819999999979e-02 3.476400379999999932e-03 4.942663290000000320e-02
1.086993819999999999e+02 5.453529199999999910e-02 1.224119050000000049e-02 -7.602257569999999742e-02 9.057368550000000074e-03 -1.161408019999999978e-03 -3.043546549999999809e-03
1.113938040000000029e+02 4.892626619999999871e-02 1.715964589999999929e-02 -7.117001420000000633e-02 7.034514869999999864e-02 2.960671969999999816e-03 -1.251411120000000057e-02
1.141054290000000009e+02 6.277556959999999742e-02 3.991554330000000005e-03 -6.824360370000000231e-02 4.280191579999999968e-02 1.014745960000000037e-02 -1.886257980000000112e-02
1.168028039999999947e+02 6.817701660000000108e-02 3.595081860000000004e-03 -6.840382389999999369e-02 5.559435730000000103e-02 2.116533909999999963e-02 -1.303560500000000046e-02
1.195035850000000011e+02 5.711672610000000094e-02 -3.124262269999999835e-03 -6.913808809999999472e-02 6.251577340000000205e-02 2.136046930000000052e-02 1.802504680000000014e-03
1.221950850000000059e+02 4.914290329999999873e-02 -2.160079259999999907e-03 -6.747834249999999645e-02 7.717540559999999661e-02 3.263253020000000254e-02 -3.509293270000000270e-02
1.249036629999999946e+02 5.816524780000000006e-02 -3.579444050000000002e-03 -6.286078429999999995e-02 5.667101179999999711e-02 -5.045619979999999699e-02 -3.946892779999999767e-02
1.276008659999999963e+02 7.171376740000000305e-02 -2.371132849999999827e-03 -5.770342789999999972e-02 7.359675579999999662e-02 -1.881834790000000077e-02 -2.681242610000000165e-02
1.303115540000000010e+02 7.018093990000000282e-02 -4.953633689999999666e-03 -5.299665719999999830e-02 1.544113079999999937e-02 -2.165113399999999896e-02 -5.500427940000000154e-02
1.330098040000000026e+02 6.504239820000000394e-02 -1.133563299999999947e-02 -5.029466829999999777e-02 4.885082350000000129e-02 -2.845436889999999885e-02 1.712397770000000097e-02
1.357117880000000127e+02 6.740847699999999443e-02 -4.837289330000000241e-03 -3.878834490000000051e-02 -2.004426460000000021e-02 -1.624539679999999903e-02 6.418448120000000423e-02
1.384103039999999964e+02 7.435160579999999797e-02 -8.342835930000000455e-03 -3.050429420000000044e-02 -1.130786869999999937e-02 -1.458595459999999927e-03 3.034329540000000117e-02
1.411076480000000117e+02 7.887380800000000358e-02 3.839351239999999870e-03 -2.745327750000000136e-02 -4.560380470000000019e-02 -2.916182739999999968e-02 4.288143140000000297e-02
1.438006159999999909e+02 7.498369430000000058e-02 -6.744135630000000145e-03 -1.287385899999999965e-02 1.699359459999999836e-02 -2.672498660000000026e-02 -5.680681600000000130e-03
1.464961950000000002e+02 7.982335949999999625e-02 -4.956240320000000451e-04 -4.954907710000000347e-03 -4.662679769999999828e-03 2.772852010000000089e-02 -9.817874020000000659e-03
1.491977100000000007e+02 8.452632309999999483e-02 -1.184025999999999915e-03 1.365360889999999924e-02 -8.957913740000000152e-03 3.760952790000000184e-02 2.390160850000000101e-02
1.518871629999999868e+02 7.776990920000000085e-02 1.330083689999999978e-03 2.325028440000000141e-02 -9.842715689999999990e-03 -1.293201079999999926e-02 3.901133710000000187e-04
1.545832100000000082e+02 6.449005829999999995e-02 4.707498119999999585e-03 3.222001909999999691e-02 -2.611024509999999854e-02 -4.707139340000000317e-03 3.642662900000000203e-02
1.572895379999999932e+02 6.016155150000000035e-02 5.263334560000000086e-03 5.114910770000000162e-02 8.710922629999999500e-03 6.870367639999999665e-03 2.431297320000000081e-02
1.599986629999999934e+02 6.298148169999999435e-02 2.474618249999999912e-03 6.143872870000000042e-02 8.774371649999999564e-03 3.337295889999999932e-02 9.166235659999999452e-02
1.627041010000000085e+02 6.685949989999999399e-02 -2.476499660000000026e-03 6.039161920000000322e-02 -9.152772660000000823e-03 1.513786290000000007e-02 6.208840870000000012e-02
1.653988510000000076e+02 7.416393290000000693e-02 -3.605032150000000036e-03 5.476608289999999879e-02 -1.393454629999999958e-02 -1.815294679999999994e-02 4.613958750000000247e-02
1.681000229999999931e+02 7.411611799999999473e-02 5.788375790000000430e-03 5.045349849999999914e-02 3.798408560000000010e-03 4.043018869999999779e-03 2.030507709999999910e-02
1.707883349999999893e+02 6.679777639999999461e-02 -7.530082179999999939e-04 5.358883689999999894e-02 -2.162678390000000173e-02 -8.698777419999999608e-03 6.311698929999999541e-02
1.734829599999999914e+02 6.350552069999999827e-02 8.197248290000000220e-04 4.875542000000000070e-02 -1.661803140000000026e-02 2.021135160000000000e-02 3.530300819999999951e-02
1.761870539999999892e+02 6.600010039999999745e-02 6.111360090000000217e-03 5.410780099999999704e-02 -2.281592320000000104e-02 5.426817010000000406e-03 3.303095999999999810e-02
1.788907100000000128e+02 6.427154549999999911e-02 9.530013920000000166e-03 5.853031460000000102e-02 -7.049943329999999904e-03 -9.838416669999999926e-04 1.397993460000000049e-02
1.815867880000000127e+02 6.725512440000000480e-02 6.221901220000000156e-03 5.245516260000000069e-02 -1.637652789999999954e-03 -3.326470449999999884e-02 4.709413049999999767e-02
1.842950539999999933e+02 6.402957060000000200e-02 -5.349953119999999694e-03 5.304398250000000314e-02 -8.741334809999999275e-03 -1.726379460000000005e-02 6.399290400000000323e-02
1.870048350000000141e+02 6.494791980000000353e-02 7.153565130000000098e-03 5.167915890000000095e-02 1.172660359999999928e-03 1.986123689999999900e-02 -1.510037239999999920e-02
1.896975700000000131e+02 7.014647009999999683e-02 -1.101589410000000056e-04 6.213325549999999808e-02 -1.347547200000000049e-02 -1.891145130000000023e-03 3.539188869999999876e-02
1.924028040000000033e+02 6.760627469999999639e-02 -9.519739680000000037e-03 5.751598909999999787e-02 1.300604340000000025e-02 1.750149540000000073e-02 3.891110949999999815e-03
1.950979289999999935e+02 7.428823580000000482e-02 5.020105530000000017e-03 6.154352529999999877e-02 1.195837369999999981e-03 -1.212742399999999950e-02 6.544782250000000245e-02
1.978051629999999932e+02 7.223230780000000628e-02 3.747643980000000142e-03 6.052708240000000128e-02 8.010762280000000013e-03 -8.612409959999999323e-03 3.716033099999999784e-02
2.004933350000000019e+02 7.036589460000000629e-02 -7.243665289999999968e-04 6.926079970000000030e-02 -4.736391860000000419e-03 -4.199660329999999747e-02 1.021371920000000016e-01
2.031853199999999902e+02 6.930868850000000692e-02 -7.711013150000000337e-03 6.470611040000000258e-02 -8.253251249999999511e-03 -8.090752919999999460e-04 6.548343119999999740e-02
2.058886630000000082e+02 7.495877730000000128e-02 -4.181642260000000000e-03 6.491629570000000127e-02 -1.405003399999999944e-02 -3.148667079999999813e-02 4.922771799999999670e-02
2.085857100000000059e+02 7.519847259999999645e-02 -9.622841289999999742e-03 6.822601720000000258e-02 -3.537754810000000305e-02 -3.028863440000000018e-02 4.265747780000000294e-02
2.112859290000000101e+02 7.454927869999999901e-02 5.523372459999999597e-04 6.259966279999999716e-02 -1.728529880000000130e-02 -2.591731909999999903e-02 7.618828480000000569e-02
2.139831010000000049e+02 6.810397070000000219e-02 4.275542700000000036e-03 6.374577200000000610e-02 -2.102521650000000104e-04 3.695732440000000160e-03 7.810775020000000624e-02
2.166847099999999955e+02 6.753952539999999449e-02 1.273869650000000048e-02 6.220826399999999923e-02 7.138058410000000173e-03 -3.181773269999999681e-02 4.538282390000000083e-02
2.193782260000000122e+02 6.260303289999999410e-02 1.031652500000000000e-02 6.146139789999999908e-02 1.663461169999999947e-02 -2.524602230000000044e-02 8.777915890000000110e-02
2.220759290000000021e+02 7.299844680000000530e-02 5.052567190000000104e-03 6.224464169999999880e-02 2.263313249999999999e-02 -7.529371990000000361e-03 4.714797899999999958e-02
2.247903660000000059e+02 6.283334059999999555e-02 -6.812619479999999610e-04 6.392712300000000236e-02 4.047013769999999871e-02 -4.094884890000000111e-02 4.750988750000000038e-02
2.274951480000000004e+02 6.492106420000000322e-02 -1.992994459999999999e-03 5.943487950000000269e-02 1.407856879999999991e-02 -4.219316069999999586e-03 3.186137199999999892e-02
2.301998820000000023e+02 6.161784129999999665e-02 -5.690472180000000386e-03 6.025247079999999922e-02 -3.359371669999999810e-03 2.805059610000000102e-03 8.827101280000000660e-02
2.328954600000000141e+02 5.943795169999999822e-02 -2.511509470000000167e-03 7.111262029999999845e-02 1.885569219999999949e-02 4.284533929999999845e-03 1.157288060000000035e-01
2.355933660000000032e+02 5.452498940000000127e-02 -1.125960200000000050e-02 6.402972229999999432e-02 -2.361010759999999931e-02 1.276253760000000022e-02 9.824737749999999659e-02
2.382990540000000124e+02 5.819259649999999895e-02 -3.133513980000000084e-03 6.544051909999999694e-02 5.086013430000000356e-03 -1.412192190000000069e-02 8.847273310000000612e-02
2.410033510000000092e+02 5.743604809999999783e-02 -5.655837959999999998e-04 5.914201179999999808e-02 -2.412548930000000050e-02 2.068458429999999945e-02 5.625283849999999919e-02
2.436885849999999891e+02 6.183338690000000221e-02 -1.721898439999999895e-03 5.324324870000000237e-02 -9.556004019999999807e-03 -6.265167260000000134e-03 5.696984439999999705e-02
2.463871790000000033e+02 5.480269630000000197e-02 -1.380417319999999908e-03 5.671743419999999980e-02 -1.024981879999999936e-02 -4.538398970000000199e-02 7.134981009999999402e-02
2.490880380000000116e+02 5.947179489999999957e-02 -1.111208049999999961e-02 5.300586479999999656e-02 -9.491107670000000288e-03 1.060255210000000080e-02 6.581183509999999348e-02
2.517959130000000130e+02 6.009931369999999690e-02 -9.425517580000000728e-03 6.954982469999999861e-02 -2.543123859999999944e-02 -7.475545420000000163e-03 5.112901909999999911e-02
2.545048350000000141e+02 5.658150530000000122e-02 -8.620551880000000555e-03 7.481175800000000597e-02 -1.279733039999999926e-02 -2.401401499999999967e-02 -2.613118349999999854e-02
2.571922099999999887e+02 5.520215819999999690e-02 -1.815086289999999969e-03 6.699611179999999389e-02 1.028221339999999895e-03 -1.401181320000000063e-02 2.199681449999999969e-02
2.598932409999999891e+02 5.420886910000000114e-02 8.032242500000000372e-04 6.863760820000000540e-02 -1.341095839999999944e-03 -1.237208010000000018e-02 -2.141140760000000143e-03
2.625969759999999837e+02 4.915179890000000162e-02 6.151704430000000043e-03 7.725065990000000438e-02 -5.272894460000000089e-02 -1.247288660000000007e-03 -1.218545109999999952e-02
2.653089909999999918e+02 4.691325209999999690e-02 5.651072860000000073e-03 7.122520499999999977e-02 -8.254053520000000088e-02 -1.719878530000000039e-03 -1.039073010000000040e-02
2.680170669999999973e+02 4.859694879999999773e-02 1.109812959999999932e-02 6.533570860000000036e-02 -5.028936309999999799e-02 -1.582296650000000054e-02 1.066190279999999942e-02
