# a=0.06654896603322609, b=-136.7721886549275, c=-0.0005020132668118247, xi=10.301911274714959
6.665950579999999626e-01 7.956543509999999819e-02 1.088394290000000049e-02 -1.473656190000000032e-02 4.181451619999999782e-04 -5.477641049999999734e-02 4.542394809999999745e-04
3.364608350000000137e+00 7.006038539999999426e-02 1.242995099999999985e-02 -3.904534979999999683e-02 2.072101819999999997e-02 9.607169809999999838e-03 -1.726461519999999972e-02
6.060091940000000399e+00 7.295363139999999635e-02 1.470766540000000011e-02 -4.859485919999999987e-02 2.393945529999999891e-02 5.976991990000000282e-02 -9.782281119999999830e-03
8.755633189999999288e+00 6.958774780000000215e-02 1.104910379999999963e-02 -5.260738160000000274e-02 2.895781850000000122e-03 4.795572950000000223e-02 3.120490899999999942e-02
1.145235989999999937e+01 7.047272209999999593e-02 1.351935299999999958e-02 -5.502534800000000170e-02 -2.747709220000000077e-02 2.785499740000000127e-02 1.018955019999999954e-02
1.414592239999999990e+01 6.872748250000000614e-02 6.624726430000000069e-03 -6.483954529999999550e-02 -1.756809150000000069e-02 4.564655980000000002e-02 -1.135314169999999956e-02
1.683275829999999829e+01 6.660627550000000618e-02 -1.273461409999999917e-03 -6.578981620000000363e-02 2.748824919999999852e-02 4.032407899999999878e-02 2.938161779999999904e-02
1.953199580000000068e+01 6.419456880000000421e-02 2.158434810000000106e-03 -6.515958360000000116e-02 4.340350529999999901e-02 3.967691880000000226e-02 4.365052650000000173e-02
2.222893330000000134e+01 6.754935759999999845e-02 9.546419420000000272e-04 -6.512605809999999495e-02 2.275678930000000003e-02 1.793983149999999957e-02 2.717845240000000065e-02
2.492737710000000106e+01 7.271778019999999843e-02 2.135716199999999811e-03 -6.399392689999999773e-02 9.772964469999999293e-03 2.194437769999999996e-02 -2.098577410000000004e-03
2.763214740000000091e+01 6.378677539999999535e-02 9.623438089999999641e-04 -6.998876019999999976e-02 1.003563380000000067e-02 2.556641769999999994e-02 -1.873724189999999984e-02
3.033575520000000125e+01 5.509433229999999987e-02 -4.262486069999999946e-03 -6.665639589999999837e-02 2.143836719999999817e-03 3.123803849999999896e-02 -3.686223190000000038e-02
3.304343020000000308e+01 5.092009680000000177e-02 1.803858950000000033e-04 -7.114381599999999861e-02 -2.554298210000000013e-03 7.334334250000000381e-03 -2.655385929999999964e-02
3.574652400000000085e+01 6.449472280000000113e-02 -2.396746080000000060e-03 -6.818133210000000555e-02 3.122467389999999954e-02 -1.194965890000000003e-02 -1.949822959999999994e-02
3.844592399999999799e+01 6.883624709999999758e-02 -5.840278840000000075e-03 -7.059261199999999903e-02 4.897693699999999817e-02 -3.530433740000000001e-03 -2.908150530000000109e-02
4.114657400000000109e+01 6.979999119999999446e-02 -2.234851969999999965e-03 -6.899012999999999673e-02 4.536518249999999669e-02 -7.259361859999999798e-03 -1.280791340000000077e-02
4.384914899999999705e+01 7.487185020000000635e-02 2.288468840000000212e-03 -5.456910289999999941e-02 3.517993409999999738e-02 -1.460198669999999976e-02 -3.541281420000000346e-02
4.654938179999999903e+01 7.466161910000000679e-02 4.980172439999999701e-03 -6.020138879999999831e-02 9.517927049999999611e-03 -2.166881390000000018e-02 -3.799450370000000132e-02
4.924596149999999994e+01 6.818124779999999718e-02 4.323928410000000416e-03 -6.212673350000000316e-02 7.595788220000000007e-03 -3.387860980000000077e-02 -7.580885839999999820e-02
5.194715519999999742e+01 6.523177010000000275e-02 1.904505520000000004e-03 -6.343975500000000045e-02 1.227387609999999914e-02 -2.117399480000000094e-03 -6.730038080000000367e-02
5.464902709999999786e+01 6.535001629999999395e-02 3.137471550000000154e-03 -6.596536229999999668e-02 1.016427750000000081e-02 -4.110424780000000028e-02 -3.463117410000000201e-02
5.735671150000000296e+01 6.616141600000000067e-02 6.207448610000000123e-03 -7.280555380000000576e-02 2.389715569999999872e-02 -4.591068930000000159e-02 1.326902299999999958e-02
6.005854579999999743e+01 5.482288579999999856e-02 6.546086419999999628e-03 -7.768881219999999865e-02 1.897154330000000097e-02 -5.358270889999999786e-02 6.196975020000000320e-03
6.276375519999999852e+01 4.726793630000000052e-02 7.199046259999999572e-03 -7.894795409999999514e-02 2.216263989999999948e-02 -3.098435490000000028e-02 1.783089809999999914e-02
6.546125680000000102e+01 4.840423480000000112e-02 8.430472370000000742e-03 -7.866713629999999569e-02 1.091300469999999939e-02 -2.826597640000000008e-02 -7.335712000000000309e-03
6.816889580000000137e+01 5.267658780000000068e-02 4.468448570000000189e-03 -7.696292640000000629e-02 -1.575603719999999972e-02 -1.905898329999999863e-02 -5.343340989999999756e-03
7.087554579999999760e+01 5.542771500000000240e-02 2.289120869999999950e-03 -7.255298429999999799e-02 6.188048130000000160e-03 3.816022469999999934e-03 -3.115144759999999985e-02
7.357880210000000432e+01 5.829747300000000243e-02 -4.419123710000000260e-03 -6.903110349999999618e-02 -9.037286449999999347e-03 3.931984759999999912e-02 -5.495440759999999786e-02
7.628493179999999541e+01 7.321144849999999815e-02 -2.767424679999999984e-03 -6.735937159999999535e-02 1.420408500000000073e-04 1.347442700000000063e-02 -4.944152560000000113e-02
7.898573799999999778e+01 6.569003269999999783e-02 -1.668839769999999937e-04 -7.001759379999999977e-02 4.885507939999999584e-03 -3.074098260000000110e-02 -4.151376040000000212e-02
8.168463800000000674e+01 5.907998770000000288e-02 4.669863060000000420e-03 -6.400792769999999465e-02 1.797601160000000114e-02 -7.378273609999999594e-03 -1.782204459999999976e-02
8.438876770000000249e+01 5.629074430000000073e-02 1.958449519999999784e-03 -6.859066199999999669e-02 1.333196189999999969e-02 -5.176400049999999725e-02 -2.277788119999999902e-02
8.708736150000000009e+01 6.027706399999999826e-02 6.609016859999999492e-04 -6.374351570000000300e-02 7.008811709999999973e-03 -1.859101670000000081e-02 3.528755139999999874e-02
8.978240209999999877e+01 6.231391420000000070e-02 7.093855399999999959e-05 -6.098724030000000212e-02 2.410411720000000049e-02 4.835882689999999873e-02 2.640885440000000084e-02
9.248144899999999780e+01 6.516284690000000157e-02 2.058641769999999902e-03 -6.217147759999999690e-02 -1.953379380000000096e-03 3.817478700000000169e-02 1.953685549999999854e-02
9.518598649999999850e+01 6.126164120000000129e-02 8.842968399999999798e-03 -7.050363369999999852e-02 -3.025522149999999941e-03 2.840872659999999980e-02 -4.232679439999999585e-03
9.788570520000000386e+01 5.742551270000000041e-02 6.632028869999999875e-03 -6.965994179999999980e-02 -2.033448510000000070e-02 2.875524529999999926e-02 -2.597837249999999931e-02
1.005828159999999940e+02 6.495608910000000291e-02 1.258042220000000003e-02 -7.382564310000000463e-02 -1.810761779999999974e-02 -2.869226680000000126e-02 -3.611228570000000332e-02
1.032808320000000037e+02 6.760711630000000583e-02 1.079206670000000014e-02 -7.115503600000000484e-02 9.102910999999999989e-03 3.681299460000000273e-02 -3.157164099999999751e-02
1.059768940000000015e+02 6.842721509999999396e-02 1.438677560000000029e-02 -7.212213609999999775e-02 1.472253469999999960e-02 1.587009370000000072e-02 4.456949699999999785e-03
1.086728159999999974e+02 6.287322959999999683e-02 8.653111680000000541e-03 -7.879888359999999425e-02 5.790009450000000411e-03 -4.053587879999999942e-03 -1.108350659999999925e-02
1.113682069999999982e+02 6.566718850000000107e-02 3.868936470000000193e-03 -6.381911860000000214e-02 8.022393710000000691e-03 -3.872810370000000224e-02 -2.059914989999999876e-02
1.140659260000000046e+02 7.624196240000000180e-02 1.542156189999999930e-03 -5.721287349999999716e-02 -4.409729480000000069e-03 -4.229502420000000318e-02 -6.342974099999999955e-03
1.167693320000000057e+02 7.369542360000000403e-02 -8.511360249999999584e-04 -4.647704069999999965e-02 -6.927851799999999900e-03 -5.812455479999999869e-02 8.796763239999999887e-03
1.194713009999999969e+02 7.233863440000000422e-02 -2.069766440000000204e-03 -5.463187320000000013e-02 -4.489956500000000413e-03 -7.266288310000000583e-02 8.899097999999999384e-03
1.221677540000000022e+02 7.488049030000000494e-02 -1.648863640000000023e-03 -5.438875289999999668e-02 1.144541770000000007e-02 -2.062474580000000016e-02 -3.013001019999999881e-03
1.248693320000000000e+02 7.702382089999999792e-02 -5.950232060000000371e-03 -5.030785089999999932e-02 3.737785970000000006e-03 3.308761739999999812e-02 -3.184063489999999774e-02
1.275733790000000027e+02 7.256613979999999853e-02 -3.449100689999999927e-03 -4.229425700000000177e-02 -5.621251970000000313e-03 2.726003150000000028e-02 -7.133486869999999813e-02
1.302683010000000081e+02 7.307388219999999546e-02 1.453168629999999992e-03 -4.185203469999999870e-02 -6.647004689999999605e-03 2.724595330000000037e-02 -6.457956700000000438e-02
1.329631439999999998e+02 7.945865189999999634e-02 2.160737439999999791e-03 -3.585639909999999847e-02 1.328474730000000006e-02 5.371573429999999816e-02 -1.232126050000000028e-02
1.356545040000000029e+02 8.716177179999999580e-02 3.602995969999999923e-03 -8.716561109999999835e-03 -1.538376779999999985e-02 7.215109860000000486e-02 -6.397320939999999456e-02
1.383522690000000068e+02 9.453965250000000153e-02 5.286107309999999587e-03 1.108569010000000007e-02 -1.085870960000000045e-02 2.876758139999999880e-02 -9.396586810000000234e-02
1.410400820000000124e+02 9.165862430000000505e-02 7.296170860000000293e-03 2.624815460000000031e-02 7.552522019999999801e-03 -1.751309540000000123e-02 -7.952397910000000292e-02
1.437398630000000139e+02 8.290059819999999469e-02 5.670395780000000302e-03 4.064021169999999794e-02 -8.829863190000000403e-03 2.982093639999999941e-03 -5.309560029999999681e-02
1.464364410000000021e+02 7.533499309999999727e-02 5.531565189999999681e-03 5.406932710000000170e-02 -3.254986509999999861e-02 2.890603359999999872e-02 -4.704051990000000100e-02
1.491323319999999910e+02 7.190526479999999332e-02 5.363621260000000238e-05 5.436864160000000334e-02 -3.885280960000000137e-03 3.798399180000000194e-03 1.662022330000000048e-02
1.518243940000000123e+02 6.687324629999999437e-02 -2.348366200000000020e-04 5.897133899999999762e-02 1.810751710000000139e-02 8.274080680000000382e-03 1.114716900000000017e-02
1.545254099999999937e+02 5.850192629999999977e-02 5.284363089999999895e-03 6.022033079999999927e-02 1.122191470000000017e-02 8.264432179999999656e-03 3.788357860000000216e-02
1.572263010000000065e+02 5.336199629999999888e-02 -1.365894049999999893e-03 7.093109190000000674e-02 1.643833650000000104e-02 -8.874675369999999661e-03 4.387397059999999932e-02
1.599430509999999970e+02 5.547627990000000148e-02 2.737355600000000114e-03 6.741340419999999889e-02 -1.279137810000000042e-02 -6.136091090000000275e-02 3.427728320000000134e-02
1.626560350000000028e+02 5.288717810000000130e-02 3.163102830000000064e-05 6.914002090000000156e-02 -2.740427330000000036e-02 -4.210849590000000087e-02 7.358723670000000099e-03
1.653597540000000095e+02 5.840946129999999986e-02 -1.965223610000000048e-03 6.264793970000000212e-02 -2.140694029999999984e-02 -1.029065000000000014e-02 -1.966463800000000164e-03
1.680605659999999943e+02 6.315131279999999792e-02 -1.671097999999999984e-03 6.465205829999999543e-02 -2.111366279999999859e-02 -4.369678220000000092e-03 8.290086940000000043e-03
1.707613629999999887e+02 6.606391130000000000e-02 -2.686238080000000195e-03 6.846934179999999981e-02 -1.426273850000000024e-02 1.001784009999999968e-02 -1.343111139999999919e-02
1.734453469999999982e+02 6.093933969999999756e-02 4.719727559999999881e-04 6.923454419999999776e-02 6.685273390000000260e-02 3.323073060000000106e-02 -1.460640910000000035e-02
1.761493470000000059e+02 6.080977170000000098e-02 -2.687230389999999830e-03 7.184262730000000319e-02 4.376002899999999890e-02 3.219461700000000176e-02 -5.311835680000000226e-02
1.788503469999999993e+02 6.323390569999999544e-02 -1.941753280000000021e-03 6.574113780000000185e-02 4.562145769999999961e-02 2.276016620000000101e-02 -4.982487199999999922e-02
1.815573469999999929e+02 6.262100930000000232e-02 -6.619217359999999585e-03 6.679099210000000175e-02 3.409563069999999724e-02 -8.266211730000000424e-03 -1.451267889999999922e-02
1.842684570000000122e+02 5.981789889999999943e-02 -4.924033090000000043e-03 7.137166520000000347e-02 -3.075270319999999849e-02 2.765152400000000024e-02 2.071564359999999994e-02
1.869736440000000073e+02 5.368751559999999923e-02 -1.322128210000000047e-02 7.427333419999999908e-02 -2.206462840000000120e-02 1.088998650000000054e-02 5.331113829999999804e-02
1.896729100000000017e+02 6.231583770000000133e-02 -8.713311899999999499e-03 6.992439820000000139e-02 -1.228681340000000073e-03 6.791553019999999573e-03 -1.025412099999999972e-02
1.923697219999999959e+02 6.503380079999999952e-02 -1.034043400000000078e-02 6.694585549999999829e-02 -4.704374209999999910e-03 -2.178473480000000032e-02 3.622363309999999947e-02
1.950638940000000048e+02 6.522181030000000213e-02 -9.622682349999999926e-03 6.434449429999999914e-02 -2.242388769999999892e-02 -3.145965589999999944e-03 7.414830640000000250e-02
1.977633010000000127e+02 6.867532369999999886e-02 -9.900134240000000446e-03 6.569365600000000305e-02 -5.052539169999999830e-02 6.619238619999999636e-03 6.262364230000000420e-02
2.004568160000000034e+02 6.622605850000000405e-02 -9.936045739999999765e-03 6.251905480000000126e-02 -2.209112189999999989e-02 -2.210539720000000152e-02 5.286297140000000006e-02
2.031598940000000084e+02 6.347606179999999709e-02 -2.472321620000000105e-03 6.074438129999999714e-02 -3.116411319999999943e-02 -2.648835059999999839e-02 7.146809060000000602e-02
2.058562540000000070e+02 6.440586900000000448e-02 -2.852206820000000118e-03 5.917270580000000280e-02 -2.311350200000000105e-02 3.207026459999999871e-03 2.903511079999999966e-02
2.085569720000000018e+02 6.798066060000000632e-02 5.439139409999999616e-04 5.568525700000000189e-02 -2.052977309999999903e-02 6.772684839999999762e-02 -7.432959680000000152e-03
2.112572690000000080e+02 6.309145939999999397e-02 2.651455039999999885e-03 6.292870920000000201e-02 -8.329145879999999558e-03 1.766341680000000150e-02 -2.308853999999999941e-03
2.139640819999999906e+02 6.250407189999999946e-02 -2.947792239999999769e-04 5.954156370000000115e-02 -2.208793330000000110e-02 -2.682086939999999906e-02 4.521945969999999898e-03
2.166780660000000012e+02 5.995202620000000121e-02 -5.087376989999999738e-03 6.427742509999999354e-02 -1.642126669999999927e-02 -4.128019890000000219e-02 1.524030089999999990e-02
2.193776760000000081e+02 6.035951090000000324e-02 -6.942212250000000424e-03 6.508613600000000277e-02 2.474227349999999839e-02 -2.366737249999999876e-02 -7.838310969999999836e-03
2.220796290000000113e+02 5.750724980000000014e-02 -4.507503860000000410e-03 5.818054450000000044e-02 4.359848849999999748e-02 -9.058495079999999422e-03 -6.474768070000000431e-02
2.247679880000000026e+02 6.562982300000000380e-02 -4.061513370000000359e-03 6.796782240000000253e-02 4.081696010000000069e-02 -3.053623680000000160e-02 -3.857440460000000071e-02
2.274785510000000102e+02 6.512106730000000177e-02 -4.365074469999999894e-03 6.957159440000000583e-02 -3.924257680000000324e-03 -2.039245110000000027e-02 6.884070370000000549e-02
2.301717069999999978e+02 6.941239820000000282e-02 -1.413122479999999979e-03 7.003832960000000440e-02 -2.648484289999999963e-02 2.282655700000000169e-05 1.191473100000000063e-01
2.328613159999999880e+02 7.144862709999999506e-02 -6.194349799999999658e-04 5.991969450000000225e-02 -2.301767949999999809e-03 -6.409532080000000234e-04 6.700559220000000538e-02
2.355546760000000006e+02 6.813361730000000449e-02 4.439774049999999756e-05 5.877494679999999833e-02 3.853601639999999773e-02 -5.768591729999999682e-03 2.077060240000000099e-02
2.382576599999999871e+02 6.977323150000000473e-02 -3.096620579999999866e-03 5.531810279999999774e-02 3.351885660000000072e-02 1.168539770000000082e-02 -5.651271289999999781e-02
2.409522069999999871e+02 7.002587970000000162e-02 3.819942340000000158e-03 5.933312799999999887e-02 2.973963749999999906e-02 2.653312229999999980e-02 -6.355710570000000503e-02
2.436436439999999948e+02 6.149541580000000146e-02 3.176512609999999990e-03 6.707231510000000174e-02 -1.009170080000000049e-04 5.855289860000000013e-02 6.802299629999999583e-03
2.463472380000000044e+02 5.148157679999999792e-02 3.623592760000000131e-03 6.821997940000000538e-02 -6.443986209999999493e-02 6.485854570000000596e-02 4.415917300000000295e-02
2.490379570000000058e+02 4.672870409999999725e-02 4.616358420000000150e-03 7.434186419999999629e-02 -4.127981029999999718e-02 1.146632279999999955e-02 -5.417015649999999856e-03
2.517423009999999977e+02 5.548513749999999661e-02 1.575553109999999930e-03 7.847152640000000512e-02 -3.251377109999999820e-02 1.318689269999999934e-02 -3.608303870000000024e-02
2.544399260000000140e+02 6.439285159999999508e-02 1.789128249999999941e-03 7.538356860000000603e-02 2.454181620000000022e-02 3.870661859999999926e-02 -5.026258210000000143e-02
2.571398469999999747e+02 6.628773450000000067e-02 7.526974419999999701e-03 6.903900899999999841e-02 7.444728990000000490e-02 -1.741935849999999911e-02 -5.049137549999999780e-02
2.598349569999999744e+02 6.565483969999999503e-02 8.452901869999999637e-03 6.171204439999999902e-02 4.915442700000000054e-02 -2.410058779999999998e-02 -1.606884659999999881e-02
2.625344099999999798e+02 6.767680759999999962e-02 1.047381120000000047e-02 4.956505879999999892e-02 -1.235783750000000103e-03 3.124372619999999951e-03 4.673948580000000103e-03
2.652279720000000225e+02 7.371514340000000221e-02 1.109295819999999919e-02 2.876838669999999890e-02 6.588432840000000082e-03 3.593454449999999856e-02 -8.790357840000000492e-03
2.679254280000000108e+02 7.085664469999999882e-02 1.078585689999999979e-02 4.888010570000000249e-03 2.002295789999999909e-02 -2.627433740000000018e-02 -3.477698920000000214e-03
