# a=0.05913213799915412, b=-150.44967358941747, c=0.0007768839543062122, xi=7.079588588107063
6.974129289999999592e-01 5.690455309999999794e-02 -3.972281109999999810e-03 5.454361280000000201e-02 -6.392675139999999881e-03 -4.140086639999999985e-02 7.670697980000000180e-03
3.397119790000000084e+00 6.416130220000000606e-02 -8.179011119999999874e-04 5.602353169999999688e-02 3.153103139999999943e-02 -9.731754000000000446e-03 -1.827438519999999983e-02
6.092791659999999609e+00 6.697992740000000000e-02 -2.565371130000000232e-04 3.804532270000000188e-02 -4.093682829999999856e-02 -2.003558100000000022e-02 -5.589988650000000253e-02
8.790750409999999349e+00 7.697292249999999891e-02 -5.451449480000000389e-03 2.834374779999999927e-02 -5.576086079999999744e-03 -1.918271140000000000e-02 -5.570052059999999750e-02
1.147466569999999919e+01 8.467210149999999935e-02 -7.466287670000000196e-03 3.524747300000000052e-03 -1.261462370000000083e-02 -1.368016719999999922e-02 -2.838613469999999930e-02
1.416705170000000003e+01 8.408619320000000619e-02 -1.773750099999999927e-02 -1.138941459999999982e-02 -1.019268830000000063e-02 -1.484092509999999920e-03 -1.013625110000000024e-02
1.686802510000000055e+01 7.626799380000000295e-02 -1.584387649999999953e-02 -2.927201520000000112e-02 -6.056594419999999923e-02 -9.109611239999999138e-03 -2.883315319999999946e-02
1.955675629999999998e+01 7.208703430000000523e-02 -1.008780580000000031e-02 -4.512763899999999717e-02 -8.278854250000000289e-03 7.620150420000000070e-03 1.868269280000000102e-02
2.225698140000000080e+01 6.484285950000000243e-02 -1.378591189999999952e-02 -5.149258470000000337e-02 -1.120812239999999932e-02 1.576538959999999878e-02 2.301898020000000059e-02
2.494118599999999830e+01 6.304730490000000354e-02 -1.086005410000000053e-02 -5.313326709999999925e-02 -7.216523199999999930e-03 -1.558920790000000063e-02 2.398710869999999898e-02
2.764390009999999975e+01 6.372413339999999371e-02 -1.300128759999999960e-02 -5.158482949999999845e-02 -2.313257589999999798e-03 1.174299770000000048e-02 -2.787790630000000144e-02
3.034564070000000058e+01 5.964023260000000243e-02 -1.387920760000000038e-02 -5.734668949999999904e-02 1.187653899999999976e-03 -5.194786009999999982e-02 -4.679701619999999951e-02
3.304290950000000038e+01 6.027805590000000213e-02 -2.025031169999999894e-02 -5.971234959999999897e-02 4.141016649999999799e-02 -1.546341029999999915e-02 -4.217161810000000233e-02
3.576246419999999659e+01 5.644520950000000287e-02 -1.615057530000000088e-02 -6.707736159999999614e-02 -1.800057609999999864e-02 -2.515767489999999953e-02 -9.418548170000000386e-02
3.846418599999999799e+01 5.959758150000000337e-02 -7.254962579999999633e-03 -6.578229089999999835e-02 4.755212190000000089e-02 -5.715719959999999988e-02 -5.441166389999999714e-02
4.116620950000000079e+01 6.091273850000000073e-02 -5.195702320000000415e-03 -6.937809109999999724e-02 9.128251539999999997e-02 -2.307043069999999835e-02 -4.719358419999999943e-03
4.386917669999999703e+01 5.648525520000000077e-02 1.924280659999999966e-03 -5.927917159999999963e-02 2.938816329999999893e-02 -8.027128839999999807e-03 -9.431684659999999606e-04
4.657003449999999845e+01 6.168265719999999758e-02 -2.197414429999999981e-03 -5.617658529999999817e-02 7.828275650000000863e-03 -8.425081379999999412e-03 -8.653784640000000347e-03
4.928770010000000212e+01 5.823163929999999877e-02 7.135092529999999614e-03 -6.004797449999999676e-02 3.306899879999999903e-02 -4.889411259999999759e-02 -6.782935989999999693e-02
5.197969069999999903e+01 4.220938619999999725e-02 7.743089249999999743e-03 -5.450085810000000058e-02 -6.770780720000000273e-03 8.572358970000000490e-05 -1.390964790000000055e-02
5.470407199999999648e+01 4.266140460000000106e-02 1.201636139999999985e-02 -6.709178320000000473e-02 -2.888092509999999960e-02 -3.809719420000000096e-03 -4.350276050000000116e-02
5.740668600000000055e+01 4.507597519999999996e-02 8.187355099999999927e-03 -7.433858529999999576e-02 3.598561110000000202e-02 4.195221560000000210e-02 -5.201499479999999870e-02
6.010959849999999705e+01 4.973646129999999971e-02 1.282058620000000107e-03 -6.891763459999999952e-02 6.482755939999999828e-02 5.478757730000000103e-02 4.570742210000000062e-03
6.281159379999999715e+01 4.295463800000000332e-02 3.414340829999999802e-03 -7.306955699999999332e-02 1.074804480000000027e-02 6.128241329999999966e-03 4.554034359999999809e-02
6.551542980000000682e+01 4.257250490000000220e-02 -2.874919670000000010e-03 -7.084092470000000197e-02 5.254379060000000101e-02 1.395220840000000080e-02 2.392059829999999832e-02
6.822060949999999480e+01 4.254334189999999655e-02 1.051105589999999906e-03 -6.855226339999999363e-02 -5.322169170000000046e-03 -2.931420200000000101e-02 4.168248509999999962e-02
7.092104700000000150e+01 4.790096249999999806e-02 2.248607450000000060e-03 -5.850127410000000028e-02 5.803874679999999897e-02 -5.875197839999999651e-03 4.125582539999999611e-03
7.361135629999999708e+01 5.424405279999999774e-02 3.921241540000000234e-04 -6.231573270000000109e-02 5.845558280000000273e-02 8.435444760000000708e-03 -1.168241570000000049e-02
7.631219849999999383e+01 5.698702800000000207e-02 -2.586996499999999889e-04 -5.235385280000000308e-02 5.866732150000000118e-02 3.942154490000000094e-02 -9.291673220000000455e-02
7.901226259999999968e+01 5.711701549999999988e-02 2.302120249999999816e-03 -4.876519020000000260e-02 3.003636609999999971e-02 2.360926220000000159e-02 -6.578555760000000252e-02
8.171075009999999850e+01 6.105108449999999826e-02 -2.713641599999999914e-03 -4.275068220000000085e-02 1.891560819999999962e-02 4.366497789999999879e-02 1.862313719999999931e-03
8.441993600000000697e+01 5.746208519999999875e-02 2.606668749999999958e-03 -4.268940250000000103e-02 -1.523165939999999996e-02 -1.695781500000000108e-03 1.870307949999999979e-03
8.711971259999999972e+01 4.909374109999999763e-02 5.985485199999999659e-03 -5.560378710000000307e-02 -3.994480059999999666e-02 9.234542009999999190e-03 1.409511670000000022e-02
8.982348450000000639e+01 5.811264149999999934e-02 1.143979179999999977e-02 -5.919874659999999761e-02 -6.714372359999999998e-03 1.262615630000000003e-02 -1.889613630000000141e-02
9.252240630000000010e+01 5.567171189999999686e-02 1.167914989999999965e-02 -6.095842630000000012e-02 -1.338119240000000022e-02 -4.755002020000000107e-02 -1.682974430000000118e-02
9.522726419999999337e+01 5.821829199999999788e-02 1.160830659999999986e-02 -5.834201929999999897e-02 -3.756521249999999947e-03 -2.129108719999999941e-02 -2.444189230000000032e-02
9.792933130000000119e+01 6.078158589999999722e-02 4.625852169999999930e-03 -6.488683150000000566e-02 2.708180750000000175e-03 -4.200198990000000160e-02 2.291226409999999949e-02
1.006279779999999988e+02 5.567524339999999766e-02 -1.988850360000000202e-03 -5.783801599999999904e-02 8.767297789999999730e-03 -4.936738370000000320e-02 3.061049440000000038e-02
1.033350559999999945e+02 5.613696220000000126e-02 -6.993942080000000068e-03 -5.185200670000000150e-02 -8.690815529999999789e-03 -1.350031330000000043e-02 -2.774812050000000085e-02
1.060344309999999979e+02 6.542848699999999351e-02 -2.189250169999999978e-03 -5.450061190000000250e-02 -5.315297229999999679e-02 7.101552280000000307e-03 -1.911600199999999999e-02
1.087301190000000020e+02 6.755627670000000085e-02 -7.391692190000000162e-03 -5.175457680000000033e-02 -6.595922610000000408e-02 9.133971649999999415e-03 1.178612410000000012e-04
1.114287750000000017e+02 5.739150619999999758e-02 -4.966887090000000199e-03 -5.389456069999999654e-02 -2.931156749999999991e-02 2.007084079999999979e-02 -3.826809770000000333e-02
1.141210250000000030e+02 5.381130609999999759e-02 -3.168055429999999933e-03 -6.030217689999999714e-02 -5.073886130000000022e-02 9.149277739999999576e-03 -8.212738120000000197e-02
1.168254629999999992e+02 5.970415980000000344e-02 2.824745689999999879e-03 -5.981073709999999710e-02 8.508708210000000272e-03 4.411245390000000099e-02 -5.371180340000000081e-02
1.195165879999999987e+02 4.885423779999999855e-02 1.135048330000000029e-03 -6.640251810000000199e-02 -1.619806219999999838e-02 4.130377729999999692e-02 -7.905506709999999410e-03
1.222150409999999994e+02 3.131542970000000120e-02 -2.337607060000000095e-04 -6.445901719999999613e-02 1.066611119999999989e-02 3.705290979999999873e-02 -8.058667159999999621e-03
1.249150410000000022e+02 3.465741309999999936e-02 -4.012698490000000083e-03 -6.889885249999999628e-02 -4.906048930000000280e-03 2.323579250000000138e-02 9.788492769999999291e-04
1.276100090000000051e+02 4.237572550000000271e-02 5.639644020000000001e-03 -6.752751240000000321e-02 -1.390915109999999941e-02 3.823729099999999964e-02 7.513303279999999570e-03
1.303130409999999983e+02 4.983741750000000165e-02 9.398854760000000322e-03 -6.154412609999999895e-02 -2.005565050000000099e-02 -9.456504520000000649e-03 2.911139169999999929e-02
1.330062130000000025e+02 4.992787790000000059e-02 4.585618120000000027e-03 -6.106875729999999836e-02 7.062109540000000019e-03 -2.304960580000000106e-02 3.375007089999999821e-02
1.357121030000000133e+02 4.623891990000000146e-02 3.665142020000000059e-03 -5.843044060000000123e-02 4.029788499999999857e-02 -2.967878579999999947e-02 3.803636519999999827e-02
1.384194469999999910e+02 5.702563620000000028e-02 2.205650579999999823e-03 -5.500897469999999762e-02 -1.281466719999999927e-02 -6.951560950000000398e-03 -1.772642060000000075e-02
1.411081810000000019e+02 6.474567220000000678e-02 6.854031030000000326e-04 -5.485262700000000102e-02 8.742387420000000825e-03 -3.782963689999999796e-02 -3.350804789999999728e-02
1.438140720000000101e+02 6.925633779999999795e-02 6.101063890000000232e-03 -4.025310089999999813e-02 1.300532930000000004e-02 -6.593356370000000299e-02 -4.211425879999999844e-02
1.464990559999999959e+02 8.056950290000000625e-02 2.871728229999999989e-03 -2.568673579999999901e-02 -1.617175300000000052e-02 4.514324840000000227e-03 -2.759475720000000021e-02
1.492091340000000059e+02 8.137305799999999811e-02 3.599018690000000114e-03 -7.903630829999999316e-03 6.172502390000000026e-03 2.476341240000000041e-02 -5.025433709999999748e-02
1.519119629999999859e+02 8.736395600000000650e-02 1.989253070000000009e-03 6.655816079999999843e-03 -9.142257029999999868e-03 9.740294820000000228e-03 1.798924069999999914e-04
1.546106499999999926e+02 8.176427849999999553e-02 6.836545969999999889e-03 3.333850000000000008e-02 4.509862100000000366e-03 8.859673049999999134e-03 -1.795434719999999991e-03
1.573010250000000099e+02 7.168552400000000047e-02 1.508561720000000002e-02 4.861423250000000001e-02 6.112362589999999684e-04 -1.347383669999999937e-04 4.944921210000000067e-02
1.599962280000000021e+02 7.402808269999999746e-02 9.321533619999999160e-03 5.279188690000000128e-02 1.284223940000000065e-03 -3.198235630000000052e-02 4.922109439999999836e-02
1.627010559999999941e+02 7.042224040000000240e-02 4.827297819999999684e-03 5.346883930000000118e-02 2.715444189999999952e-02 2.502618540000000127e-02 3.705434679999999870e-02
1.654100559999999973e+02 6.689131510000000114e-02 3.901705399999999806e-03 5.367925400000000263e-02 2.301660900000000037e-02 3.773422500000000318e-02 2.929141529999999827e-02
1.681114159999999913e+02 6.662949790000000094e-02 8.913367380000000381e-03 6.655565339999999774e-02 -1.509685119999999931e-03 1.483561689999999926e-02 6.447555400000000436e-02
1.708013379999999870e+02 6.212646930000000067e-02 3.748954479999999905e-03 6.524728629999999863e-02 -1.905288509999999904e-03 -2.436213630000000005e-02 3.254522330000000213e-02
1.734990880000000004e+02 6.330643090000000195e-02 4.522026370000000427e-03 4.996228979999999681e-02 8.246087569999999492e-03 -1.059674069999999926e-02 1.457482389999999921e-03
1.761926499999999862e+02 6.316043370000000434e-02 5.103100919999999964e-03 5.006815850000000123e-02 -1.870089070000000020e-02 -2.117804649999999872e-02 2.076494170000000097e-02
1.789003999999999905e+02 6.584700150000000196e-02 8.752129009999999945e-03 4.836014150000000206e-02 4.029206639999999631e-03 2.696875509999999837e-02 3.350640800000000141e-02
1.815877910000000099e+02 7.030796990000000302e-02 1.235577009999999989e-02 5.458399919999999683e-02 -1.413160549999999994e-02 4.957313869999999817e-02 4.103937080000000237e-02
1.842950559999999882e+02 5.122330239999999674e-02 -1.957272099999999952e-03 5.436334939999999671e-02 2.866201870000000072e-03 1.857519129999999838e-02 1.639375699999999839e-02
1.869842590000000087e+02 4.915164729999999677e-02 1.649578469999999925e-03 5.936565939999999958e-02 3.681907669999999813e-03 8.800842370000000817e-03 8.741382210000000694e-03
1.896766340000000071e+02 4.668682219999999855e-02 -3.346530029999999784e-03 6.499979729999999511e-02 -8.806980190000000819e-03 1.620258759999999854e-02 1.724975939999999833e-02
1.923803690000000017e+02 4.745489979999999858e-02 -6.876965740000000153e-03 6.098158010000000184e-02 6.037027200000000433e-03 2.734665390000000015e-02 -4.923011439999999683e-02
1.950695880000000102e+02 5.866754450000000176e-02 2.744516749999999835e-03 5.821521770000000207e-02 -1.792263540000000113e-02 2.909951659999999996e-02 4.129135419999999980e-03
1.977680560000000014e+02 6.166328000000000087e-02 1.496665099999999922e-02 5.858661789999999869e-02 -2.859964970000000023e-03 -3.818271289999999873e-02 -1.045465710000000048e-02
2.004740250000000117e+02 6.180059119999999767e-02 1.058149130000000070e-02 5.779501199999999977e-02 1.524458390000000066e-02 -5.270535829999999783e-02 -1.055521199999999958e-02
2.031745249999999885e+02 5.591640490000000102e-02 1.887913439999999938e-03 5.478706159999999908e-02 1.594584610000000097e-02 -2.836328860000000146e-02 -5.576325679999999917e-03
2.058834630000000061e+02 5.440368150000000208e-02 -4.109458279999999609e-03 5.249888929999999704e-02 2.347803269999999831e-02 -7.463295849999999898e-02 -3.797630069999999910e-03
2.085797910000000002e+02 6.417438709999999380e-02 -5.581381610000000007e-03 5.130329899999999665e-02 8.519613219999999654e-03 -4.028997829999999593e-03 1.837554959999999904e-02
2.112919310000000053e+02 5.523173490000000269e-02 -1.031696869999999995e-02 5.585200700000000212e-02 3.420480510000000179e-03 -1.122666609999999933e-02 9.613705559999999664e-03
2.139951969999999903e+02 5.680841439999999992e-02 -8.214614789999999736e-03 6.308527690000000077e-02 1.780603180000000021e-02 9.433350519999999725e-03 -1.197312139999999990e-02
2.166837749999999971e+02 4.711791180000000218e-02 -1.416509510000000041e-02 6.191714489999999849e-02 -6.966612649999999636e-03 -5.580030030000000113e-02 -1.512668359999999948e-02
2.193832130000000120e+02 4.169279370000000123e-02 -4.211958860000000054e-03 6.881182240000000006e-02 1.112219979999999955e-02 -1.507419779999999952e-02 3.603858239999999731e-04
2.220910409999999899e+02 3.872710409999999964e-02 -2.330141490000000194e-03 7.054278320000000047e-02 1.118087469999999931e-02 -1.822804240000000173e-02 -3.836756649999999852e-02
2.247963220000000035e+02 3.770450169999999684e-02 -6.627547759999999691e-03 7.428506749999999603e-02 8.342643880000000234e-03 -2.301975510000000072e-02 7.719621759999999860e-03
2.275105719999999963e+02 4.335493640000000204e-02 -5.759659840000000419e-03 7.926810339999999788e-02 1.565520070000000000e-02 -6.354477099999999989e-02 -1.145334240000000017e-02
2.302128380000000050e+02 4.634437310000000254e-02 -1.261793739999999935e-02 6.587579790000000490e-02 -1.113548540000000022e-03 -2.824536600000000092e-03 -7.291466560000000284e-03
2.329232130000000041e+02 5.296997700000000142e-02 -7.669300539999999999e-03 6.876107839999999471e-02 8.316475499999999993e-03 -7.104465740000000425e-03 -2.590516810000000059e-02
2.356150409999999908e+02 5.525616369999999944e-02 -2.727508269999999804e-03 7.334611809999999621e-02 -4.367552539999999817e-02 1.432861160000000085e-02 1.077952549999999961e-02
2.383205409999999915e+02 5.928175110000000192e-02 -2.616702570000000155e-03 6.152072220000000258e-02 -1.440034429999999949e-02 -3.317123030000000000e-02 -9.962944180000000635e-03
2.410098220000000140e+02 6.235819819999999930e-02 -7.685748140000000367e-03 6.235145029999999977e-02 -1.349377350000000031e-02 -2.973518019999999915e-02 2.419091030000000003e-02
2.437184310000000096e+02 6.422451630000000633e-02 -7.782374610000000054e-03 7.000427820000000578e-02 7.681653319999999681e-03 -1.582339079999999995e-02 4.743112790000000162e-02
2.464236659999999972e+02 6.382824450000000593e-02 -3.310359379999999914e-03 7.307337830000000534e-02 -9.935322190000000012e-03 2.748165279999999905e-02 1.781253929999999973e-03
2.491243379999999945e+02 5.442908319999999883e-02 1.130350939999999948e-03 6.702316099999999777e-02 -9.851379780000000738e-03 -2.317557640000000169e-02 4.001229950000000091e-02
2.518339310000000069e+02 5.359977059999999904e-02 2.512221529999999863e-03 6.427723259999999772e-02 2.136994769999999919e-02 -2.566307129999999964e-02 7.586493310000000205e-03
2.545203530000000001e+02 5.733418400000000331e-02 8.972679089999999538e-03 7.046775669999999492e-02 -1.068078519999999913e-02 -2.691921800000000170e-02 5.505031929999999740e-02
2.572209470000000238e+02 6.106616310000000103e-02 9.890693420000000805e-03 6.519117010000000101e-02 5.589125690000000188e-03 -3.635861700000000279e-02 1.514339840000000076e-02
2.599293840000000273e+02 5.658048479999999714e-02 7.304564060000000129e-03 6.619074269999999927e-02 6.729705629999999973e-03 -3.181264059999999814e-03 2.215760060000000059e-02
2.626318689999999947e+02 4.943849809999999873e-02 -1.027445540000000105e-03 6.674902230000000214e-02 -4.384672180000000197e-02 1.110689570000000098e-03 3.065408459999999918e-02
2.653304160000000138e+02 5.968267869999999836e-02 -1.169625770000000051e-02 6.193598689999999657e-02 2.029156619999999966e-02 -2.026323669999999938e-02 9.875994379999999268e-03
2.680272909999999911e+02 5.898799720000000302e-02 -5.091393659999999578e-03 5.862544499999999825e-02 6.536600119999999570e-02 1.537008890000000037e-02 1.586971570000000062e-03
