# a=0.060403569402211685, b=-154.34560359309833, c=-0.00011550220393292943, xi=5.781716964684539
6.795021629999999924e-01 7.657037279999999446e-02 -1.087195340000000031e-02 4.312917940000000200e-02 -9.201897500000000285e-03 -2.889677230000000166e-02 5.995656960000000230e-02
3.380188550000000181e+00 8.002386079999999902e-02 -1.111381460000000071e-02 2.068819259999999868e-02 -1.066026599999999984e-02 -1.817907159999999911e-03 3.936662839999999913e-02
6.076126200000000033e+00 8.386801259999999980e-02 -1.303443550000000020e-02 6.004327490000000052e-03 -2.220321940000000160e-02 1.338704370000000018e-02 5.761671000000000153e-02
8.761269490000000104e+00 8.022204950000000334e-02 -1.903461240000000124e-02 1.055877869999999981e-03 7.212132779999999577e-02 -4.971504809999999913e-02 8.895644510000000338e-02
1.146905680000000061e+01 8.473305999999999893e-02 -2.249065459999999989e-02 -6.122194969999999667e-03 -5.577628079999999954e-03 -2.550333969999999881e-02 7.313250500000000043e-02
1.416733029999999971e+01 8.277614960000000133e-02 -2.486537169999999963e-02 -2.215499010000000074e-02 3.454617070000000345e-02 6.078152530000000345e-03 3.380417930000000071e-02
1.686732560000000092e+01 7.079413230000000667e-02 -2.403968890000000164e-02 -2.834396880000000091e-02 5.925793409999999609e-03 6.399102500000000216e-04 1.581579840000000084e-02
1.957893179999999944e+01 7.074000099999999680e-02 -1.709563899999999928e-02 -3.998742500000000005e-02 2.566080860000000130e-02 9.690811380000000780e-03 -4.630836950000000174e-02
2.227414279999999991e+01 6.688667850000000470e-02 -1.554283509999999924e-02 -3.753984070000000034e-02 -1.956202250000000156e-02 2.927232949999999945e-02 -2.706245490000000128e-02
2.498109750000000062e+01 6.887035380000000595e-02 -1.389433839999999927e-02 -4.477162020000000076e-02 1.377630030000000054e-02 7.389006600000000251e-03 -8.259652949999999813e-03
2.768693179999999998e+01 5.335995739999999793e-02 -1.150513709999999995e-02 -4.871652509999999797e-02 -3.179002119999999737e-02 1.902703050000000007e-02 -1.286794439999999935e-02
3.038009590000000060e+01 5.784237860000000092e-02 1.003528769999999930e-05 -4.550063859999999710e-02 -5.934860620000000260e-03 7.134418990000000391e-03 2.175610219999999859e-02
3.309260840000000314e+01 7.061429180000000638e-02 -1.109145379999999965e-02 -5.446365449999999997e-02 -9.333895919999999832e-03 2.618346289999999923e-02 -3.773680840000000203e-02
3.578783959999999809e+01 6.924380689999999616e-02 -2.492372860000000110e-03 -6.429498610000000669e-02 1.111529449999999926e-02 -7.763975309999999845e-03 -2.624152020000000002e-02
3.849240060000000341e+01 6.141165490000000116e-02 -3.500363609999999990e-03 -6.220436909999999681e-02 3.841045190000000071e-03 -4.535427029999999915e-02 1.899673159999999954e-03
4.119594750000000261e+01 6.079420680000000021e-02 1.573888950000000065e-04 -6.133129460000000255e-02 -5.530205009999999977e-02 -6.122991869999999670e-02 -1.941634559999999912e-02
4.389443179999999955e+01 5.483155130000000321e-02 -1.906837489999999979e-03 -6.512232330000000680e-02 -2.341815319999999978e-02 -2.052713850000000007e-02 4.770929099999999742e-03
4.659892090000000309e+01 5.797800589999999726e-02 9.974227750000000045e-03 -5.548195019999999783e-02 -4.177152199999999843e-02 -1.100766199999999966e-02 -4.735762339999999640e-03
4.929180209999999818e+01 5.583819179999999910e-02 4.385841140000000006e-03 -5.420171189999999778e-02 1.823926309999999995e-02 -2.502366950000000159e-02 -1.089042350000000037e-03
5.199229280000000131e+01 5.550931969999999688e-02 9.163064760000000711e-03 -6.285479360000000015e-02 -1.269976680000000019e-03 -1.401658280000000036e-03 -1.878488650000000038e-02
5.469298810000000088e+01 5.440910310000000166e-02 3.103213840000000178e-03 -6.435310959999999969e-02 -1.718559700000000037e-02 -6.735924459999999801e-03 1.380743339999999930e-02
5.740140370000000303e+01 5.989065760000000099e-02 1.859034230000000025e-03 -6.514809370000000655e-02 5.754668689999999955e-03 3.100290209999999932e-03 -3.590965730000000161e-02
6.008693029999999879e+01 6.348626420000000325e-02 2.714719420000000043e-03 -6.429678119999999997e-02 -1.407704520000000077e-02 3.784554379999999912e-02 -3.235981090000000088e-02
6.278405680000000189e+01 6.383117439999999587e-02 3.780596729999999902e-03 -5.674027329999999786e-02 5.105066559999999615e-03 8.576313000000000339e-03 -2.889315359999999888e-02
6.548536000000000001e+01 6.176664099999999713e-02 8.271346460000000497e-03 -5.536842670000000077e-02 -3.939250569999999674e-02 -1.979735850000000075e-02 -2.180852640000000009e-02
6.818303339999999935e+01 6.468498359999999558e-02 1.614738090000000098e-02 -4.735521279999999750e-02 -4.094930000000000098e-02 -2.087684880000000194e-03 -1.227368449999999972e-02
7.087821460000000684e+01 7.413203279999999729e-02 2.035890099999999869e-02 -4.666411890000000257e-02 -2.969435819999999976e-02 1.199099139999999959e-02 -1.251778540000000016e-02
7.357757709999999918e+01 6.980693039999999461e-02 1.677892909999999932e-02 -4.479073799999999661e-02 -6.236556239999999779e-03 -1.096768040000000062e-02 1.269476100000000102e-03
7.626267090000000337e+01 7.102686019999999989e-02 8.158406619999999249e-03 -5.097082199999999896e-02 2.225384099999999990e-02 4.669836110000000207e-02 3.019234349999999970e-02
7.895570999999999628e+01 6.516538339999999874e-02 1.541185750000000076e-02 -5.437043750000000036e-02 2.575663409999999834e-02 -2.094817930000000133e-02 2.421920539999999900e-02
8.165470999999999435e+01 7.280596220000000451e-02 1.739625300000000041e-02 -5.221782450000000270e-02 3.854177649999999955e-02 1.556402989999999993e-02 5.838098360000000195e-03
8.435859899999999811e+01 5.992134410000000272e-02 1.856464630000000116e-02 -6.294165740000000342e-02 1.427302209999999939e-02 -1.723358980000000082e-02 3.710472990000000110e-02
8.707492399999999577e+01 5.860450839999999800e-02 1.361476550000000063e-02 -6.365560419999999331e-02 2.190305689999999875e-02 1.650052470000000146e-02 -8.909570440000000313e-03
8.976805840000000103e+01 5.117578519999999714e-02 9.965020519999999438e-03 -6.141445770000000109e-02 6.704940430000000395e-02 4.327254559999999667e-02 -2.944494220000000093e-02
9.247117710000000557e+01 5.790401550000000286e-02 1.007824660000000011e-02 -5.636121610000000004e-02 3.732053739999999925e-02 1.912378090000000155e-02 -4.105509959999999875e-02
9.517218339999999444e+01 5.382587479999999952e-02 4.936046490000000134e-03 -6.789754670000000547e-02 4.001026459999999785e-02 -7.729634709999999749e-03 -1.951711969999999838e-02
9.787628499999999576e+01 5.442751559999999683e-02 5.657466439999999860e-03 -7.452828720000000129e-02 4.434835439999999795e-02 -1.157905440000000022e-02 -1.227614619999999913e-02
1.005923219999999958e+02 4.412757450000000248e-02 1.350215840000000035e-02 -6.920777050000000152e-02 1.979476070000000046e-02 -3.769952310000000001e-02 -2.526288180000000119e-02
1.032985259999999954e+02 5.206226910000000263e-02 1.861051479999999841e-02 -6.745494309999999771e-02 3.182675370000000170e-02 -3.462934239999999886e-02 -1.131648540000000083e-03
1.060082440000000048e+02 5.710123610000000099e-02 1.012526870000000044e-02 -6.214794970000000335e-02 -1.696562760000000156e-02 2.816636170000000154e-03 1.643066450000000081e-02
1.087156039999999990e+02 5.593596149999999906e-02 9.461713650000000073e-03 -5.874000270000000190e-02 1.091059899999999999e-02 3.506345649999999953e-02 1.928035510000000036e-02
1.113993849999999952e+02 5.450300229999999885e-02 1.506206879999999991e-02 -6.086251949999999661e-02 4.320795179999999819e-02 5.422202229999999873e-02 -1.293008070000000072e-02
1.141112130000000064e+02 5.006773540000000050e-02 9.509199260000000126e-03 -6.728063530000000236e-02 3.523784650000000296e-02 3.579837610000000114e-02 -4.048318110000000136e-02
1.168178690000000017e+02 6.013546880000000122e-02 6.224344040000000418e-03 -5.993596100000000287e-02 4.662521449999999790e-02 8.573666820000000162e-04 -3.296022669999999766e-02
1.195236819999999938e+02 5.847945570000000204e-02 2.663602100000000191e-03 -6.460181399999999352e-02 1.829449819999999852e-02 4.923405410000000065e-02 2.335254960000000130e-02
1.222191969999999941e+02 6.350717929999999400e-02 6.024884460000000212e-03 -6.330073410000000567e-02 7.116392270000000686e-02 2.371007749999999928e-02 3.040250590000000142e-02
1.249192129999999992e+02 4.800697629999999688e-02 5.576255100000000048e-03 -6.340770900000000654e-02 2.166681250000000031e-02 6.556766700000000135e-03 -1.526949690000000033e-02
1.276222439999999949e+02 4.786746499999999793e-02 -1.386234479999999894e-03 -7.332261180000000655e-02 2.466510410000000153e-02 -3.381695319999999949e-02 -5.516431379999999808e-03
1.303162130000000047e+02 4.218826839999999939e-02 -4.303789019999999625e-03 -7.575573230000000324e-02 5.045728289999999901e-03 -2.075909069999999905e-04 3.192986579999999939e-03
1.330179160000000138e+02 4.849424799999999675e-02 -8.176829769999999567e-03 -6.008432820000000202e-02 4.180253119999999961e-02 2.417648299999999861e-02 2.027550850000000085e-02
1.357151039999999966e+02 4.804759649999999771e-02 4.548929139999999607e-03 -5.320868129999999779e-02 -1.611025019999999877e-02 4.804778700000000152e-02 3.138367389999999896e-02
1.384098539999999957e+02 5.236507960000000295e-02 1.284006710000000061e-03 -6.172708090000000175e-02 -4.004238949999999742e-02 -1.766509410000000058e-02 4.933970759999999761e-02
1.411089010000000030e+02 5.713546170000000091e-02 -1.957653560000000102e-03 -5.958768400000000187e-02 -1.711939510000000039e-02 -4.434259699999999749e-02 -2.499961990000000144e-03
1.437936190000000067e+02 6.290745979999999571e-02 5.809520979999999862e-03 -5.442184760000000343e-02 8.175985999999999670e-03 -4.810066649999999999e-02 -1.051684420000000009e-02
1.465059789999999964e+02 7.093380039999999664e-02 6.855150309999999587e-03 -4.279991429999999847e-02 -1.974172479999999896e-02 6.898423859999999914e-03 -3.411847209999999825e-02
1.491985569999999939e+02 7.717367849999999529e-02 1.317447199999999957e-02 -4.239303109999999902e-02 -4.741321379999999946e-02 1.530345800000000069e-02 -8.183625240000000356e-02
1.518921510000000126e+02 7.900823490000000171e-02 1.715010540000000069e-02 -2.344512030000000039e-02 -1.187724809999999957e-02 -4.234807210000000183e-02 6.483248339999999992e-03
1.545851040000000012e+02 7.516922600000000565e-02 1.985473570000000076e-02 -4.517332599999999976e-03 -7.935607410000000000e-03 -1.162449840000000061e-02 -3.357916999999999846e-02
1.572817290000000128e+02 6.232209279999999935e-02 1.549352269999999983e-02 2.858394300000000054e-02 -1.945580259999999881e-02 1.734780910000000009e-02 -4.426813800000000201e-03
1.599762760000000128e+02 5.899648610000000210e-02 1.165293570000000035e-02 4.778055459999999699e-02 -3.215172179999999796e-02 -1.207912159999999929e-02 -1.138906949999999967e-02
1.626934939999999870e+02 5.909852110000000242e-02 5.192312010000000103e-03 5.533318329999999813e-02 -1.659693309999999908e-02 -1.910994389999999890e-02 -5.730076850000000166e-02
1.653977289999999982e+02 5.529084699999999714e-02 2.373515450000000023e-03 6.999401040000000074e-02 4.239309570000000132e-04 -2.475888080000000074e-02 -5.707189960000000166e-03
1.680959630000000118e+02 6.023294500000000301e-02 3.573533409999999928e-03 6.762691880000000488e-02 2.318924500000000069e-02 -2.641748979999999913e-02 2.332668300000000083e-02
1.708086509999999976e+02 4.823510350000000113e-02 4.267771860000000098e-03 6.437495470000000053e-02 2.217963410000000149e-02 9.926295010000000738e-03 2.491619960000000106e-02
1.735080100000000130e+02 4.916081540000000194e-02 4.510023840000000270e-03 6.649827369999999904e-02 -1.029922469999999986e-02 1.475732020000000005e-02 5.271643020000000256e-03
1.762104789999999923e+02 5.918139540000000309e-02 9.253465359999999210e-03 6.981400120000000320e-02 1.672378470000000089e-02 -3.082560289999999870e-02 3.018415299999999829e-02
1.789077130000000011e+02 6.533553999999999751e-02 5.969705839999999743e-03 5.539126409999999695e-02 3.413487619999999896e-03 1.746303970000000075e-03 3.677106010000000258e-02
1.816116039999999998e+02 5.507313040000000326e-02 5.128195839999999568e-03 5.454922940000000303e-02 3.287596620000000219e-02 2.462854930000000012e-02 3.370050089999999943e-02
1.843021819999999877e+02 5.359543940000000006e-02 7.985425079999999886e-04 5.667388999999999760e-02 3.108051729999999901e-02 2.854646500000000003e-02 2.121703189999999892e-02
1.870153689999999926e+02 5.282840500000000189e-02 -1.307069780000000032e-03 5.917692389999999747e-02 4.448093160000000414e-03 1.170557529999999985e-02 -8.285122029999999679e-03
1.897219470000000001e+02 5.859434010000000304e-02 7.057892270000000294e-03 6.184582739999999745e-02 3.596923760000000220e-02 9.872284729999999953e-03 3.316266779999999664e-02
1.924254789999999957e+02 6.627612230000000382e-02 3.386092930000000022e-03 6.188131200000000082e-02 1.748305589999999896e-02 4.375752449999999877e-02 4.969772769999999951e-02
1.951295259999999985e+02 6.405195480000000496e-02 -1.829081590000000007e-03 5.848402850000000014e-02 2.570321760000000150e-02 -7.892662740000000454e-03 1.388308410000000000e-02
1.978274940000000015e+02 6.456691589999999370e-02 3.656420230000000018e-03 4.716757209999999922e-02 2.156930959999999939e-02 6.383238899999999882e-05 -2.743848399999999910e-02
2.005334939999999904e+02 6.551015879999999569e-02 2.199467059999999849e-03 4.526108210000000243e-02 3.047083930000000010e-02 5.845314549999999776e-02 1.746798349999999916e-02
2.032333849999999984e+02 6.821193239999999436e-02 4.337190799999999721e-03 4.480959159999999691e-02 5.674374700000000063e-03 4.949519639999999665e-02 -2.685184930000000109e-02
2.059323070000000087e+02 6.616620450000000597e-02 2.238268710000000054e-03 4.351996529999999780e-02 -4.103015770000000180e-03 -2.437242499999999965e-02 -7.337312829999999633e-03
2.086394319999999993e+02 6.529753350000000456e-02 1.090589890000000055e-02 4.470863769999999793e-02 -6.127449020000000010e-03 -1.836633320000000081e-04 1.583609669999999983e-02
2.113424469999999928e+02 6.766102749999999832e-02 3.087037429999999957e-03 5.295203899999999936e-02 -1.516881819999999978e-02 -4.117709170000000141e-02 3.422367269999999906e-02
2.140426510000000064e+02 6.819760819999999557e-02 -4.982958739999999651e-03 5.006036650000000171e-02 1.486862320000000015e-02 -2.359517530000000002e-02 3.984783609999999893e-02
2.167395260000000121e+02 5.931200109999999748e-02 5.879637489999999835e-03 5.857487160000000165e-02 1.358063450000000002e-03 -1.855400839999999871e-02 2.009069399999999922e-02
2.194400719999999865e+02 6.749159420000000464e-02 9.354228690000000734e-03 5.345442799999999828e-02 -3.370116240000000166e-03 -3.286902039999999720e-02 2.434879350000000026e-02
2.221361349999999959e+02 6.947885680000000230e-02 -3.614240519999999991e-03 5.407062099999999927e-02 -2.441367779999999849e-02 -1.257549059999999927e-03 1.676212399999999977e-03
2.248420099999999877e+02 6.449306150000000404e-02 1.345704390000000044e-03 5.692923250000000296e-02 8.654044499999999362e-03 7.949510519999999567e-03 1.770912349999999996e-02
2.275353540000000123e+02 5.779172130000000129e-02 1.548392569999999975e-02 5.502016569999999829e-02 9.845705899999999608e-04 -6.101140900000000256e-02 1.352556759999999983e-02
2.302321970000000135e+02 5.680064509999999817e-02 1.486715970000000026e-02 6.228168230000000194e-02 1.499424379999999939e-02 6.266266889999999850e-04 3.116469989999999871e-02
2.329181820000000016e+02 6.528989390000000670e-02 -1.727799950000000022e-04 5.630083339999999992e-02 -2.254979810000000071e-02 -5.090140259999999944e-02 9.342818120000000517e-03
2.356218540000000132e+02 6.901977319999999527e-02 -7.726324740000000205e-03 6.159400310000000267e-02 -2.399529209999999926e-02 -2.446328310000000020e-02 -4.022056900000000289e-03
2.383125569999999982e+02 6.974102390000000429e-02 -3.935172150000000070e-03 5.458044139999999877e-02 -2.654833129999999847e-02 -1.243744190000000078e-03 1.747640219999999946e-03
2.410161190000000033e+02 7.029956249999999573e-02 -1.051230879999999999e-02 4.378441479999999747e-02 -3.867147039999999873e-03 2.337118510000000052e-02 -2.176474340000000146e-02
2.437102759999999932e+02 6.869168629999999887e-02 5.597521569999999724e-03 5.133983689999999794e-02 -9.329357500000000098e-04 -1.085708309999999961e-02 2.052713299999999949e-02
2.464064160000000072e+02 5.533771290000000231e-02 4.371844910000000431e-03 5.373259529999999812e-02 -8.352893090000000631e-03 4.744002429999999784e-03 3.114289160000000001e-02
2.491144630000000006e+02 5.514482440000000041e-02 6.929733329999999969e-03 5.695474360000000319e-02 9.952185969999999271e-03 -3.802768520000000124e-02 7.194292800000000321e-02
2.518064630000000079e+02 5.038655420000000273e-02 -1.927130420000000045e-04 5.952637990000000240e-02 1.348440239999999920e-03 -1.900737939999999973e-02 2.971404949999999906e-02
2.545130719999999940e+02 5.293845900000000021e-02 -6.511818519999999604e-03 5.671897110000000131e-02 1.882201710000000125e-02 2.667337280000000102e-02 -1.091660350000000015e-02
2.572137910000000147e+02 6.126279519999999756e-02 -4.927037530000000047e-03 6.693046739999999883e-02 1.441528039999999920e-02 -1.799931360000000050e-02 8.183005539999999717e-03
2.599237759999999753e+02 4.994276000000000271e-02 -2.187911529999999900e-03 6.025483210000000256e-02 1.354782319999999970e-02 1.330259940000000016e-02 1.583515480000000086e-02
2.626305100000000152e+02 5.576684149999999729e-02 -5.137433050000000077e-03 6.511171550000000030e-02 9.553736869999999298e-03 2.119742770000000026e-02 1.693109599999999965e-02
2.653340880000000084e+02 6.159295699999999679e-02 -9.107702489999999415e-03 5.219622730000000183e-02 -2.049369269999999979e-02 1.252289149999999927e-02 1.126575060000000079e-02
2.680272449999999935e+02 6.786317769999999916e-02 -1.319815780000000056e-02 4.969954239999999773e-02 1.310872829999999972e-03 -8.898413169999999303e-03 6.309545410000000354e-02
