# a=0.05842883693627379, b=-132.14576853611328, c=0.004869896708004194, xi=7.339236403637877
6.815086190000000377e-01 7.495239809999999780e-02 -1.213744199999999959e-04 4.650270869999999918e-02 -7.865233830000000273e-03 9.714453930000000251e-03 4.683300670000000408e-03
3.377478169999999835e+00 7.625262350000000522e-02 -4.805033440000000197e-03 3.179955059999999695e-02 -5.761823409999999868e-02 2.893703770000000119e-02 3.297962890000000202e-02
6.068960520000000081e+00 7.334513019999999717e-02 -1.573255100000000000e-03 2.985054609999999997e-02 2.766007670000000113e-02 1.407935020000000009e-02 3.967097309999999960e-02
8.761427859999999512e+00 7.892379939999999428e-02 1.427384639999999903e-03 5.181118279999999930e-03 -5.619350480000000203e-03 3.552376439999999774e-02 -2.232909110000000016e-02
1.145692999999999984e+01 8.257439869999999571e-02 -5.773727040000000039e-03 -1.711219909999999941e-02 -1.572801830000000040e-02 -1.625971749999999966e-02 -3.983653549999999904e-02
1.414747850000000007e+01 8.321215349999999678e-02 -1.137287860000000053e-02 -3.370657140000000301e-02 3.111028809999999856e-03 -2.128063850000000076e-02 -3.927363920000000175e-02
1.685975039999999936e+01 7.347162879999999396e-02 -6.721661949999999976e-03 -4.619526040000000028e-02 -5.438750819999999681e-02 -3.132590890000000114e-03 -7.056726600000000349e-02
1.955455040000000011e+01 6.159767769999999892e-02 -4.039205459999999602e-03 -5.742319889999999982e-02 -1.239810329999999940e-02 -1.822980100000000034e-02 -5.774445229999999873e-02
2.225184880000000121e+01 5.225540359999999995e-02 -3.307546150000000018e-03 -6.162785509999999661e-02 -1.690109299999999898e-02 -1.043535370000000032e-02 -5.262340820000000093e-03
2.494248470000000140e+01 5.861691539999999701e-02 -5.127326320000000215e-03 -7.318551339999999905e-02 7.309766970000000641e-02 1.087411379999999976e-02 3.984800039999999988e-03
2.764461909999999989e+01 6.586553250000000415e-02 -1.571812269999999911e-03 -7.474593529999999653e-02 -2.257018510000000089e-03 2.654610749999999908e-02 1.347483229999999962e-02
3.033915500000000165e+01 5.999456499999999970e-02 3.605690730000000056e-03 -6.664572109999999938e-02 6.299735360000000006e-02 1.474419899999999950e-02 -1.216221990000000003e-02
3.304028000000000276e+01 5.075114829999999994e-02 8.411149879999999662e-03 -5.874757950000000090e-02 2.106015030000000024e-02 2.482033289999999864e-02 -5.015528830000000327e-02
3.575342539999999758e+01 4.830515359999999758e-02 9.373614719999999456e-03 -5.496857720000000030e-02 8.485297949999999825e-03 -7.635891259999999948e-04 -2.143311239999999909e-02
3.845564569999999804e+01 5.086419050000000330e-02 1.224987349999999940e-02 -5.486177200000000309e-02 3.340274809999999733e-02 2.745538900000000018e-02 -3.193527339999999853e-02
4.116259879999999782e+01 5.363705099999999809e-02 1.239742459999999998e-02 -6.269704469999999585e-02 1.860055830000000021e-02 -1.197649119999999977e-02 7.620276250000000348e-03
4.387595189999999690e+01 4.109500249999999827e-02 9.746109350000000532e-03 -6.290033690000000621e-02 -1.520441020000000074e-02 -3.590435170000000342e-02 -1.136072350000000026e-03
4.658146440000000155e+01 3.564393789999999868e-02 2.459007769999999992e-04 -6.824410879999999457e-02 1.106976250000000009e-02 -1.866189340000000071e-02 -3.935161999999999688e-02
4.928444569999999914e+01 3.180149949999999670e-02 -1.197711570000000066e-03 -7.967455780000000376e-02 2.750714740000000103e-02 -5.955918370000000406e-03 2.013512749999999893e-02
5.199067850000000135e+01 3.116334559999999962e-02 -4.359344460000000136e-03 -7.136665849999999922e-02 1.143560149999999984e-02 -7.359734970000000182e-03 3.099007000000000150e-02
5.469862069999999932e+01 3.119922769999999845e-02 -1.510811859999999958e-02 -6.842673209999999839e-02 3.780074139999999895e-03 -2.886650879999999933e-02 5.355012399999999756e-02
5.740286600000000305e+01 4.156429960000000007e-02 -1.148789859999999920e-02 -6.023737020000000109e-02 5.509162670000000012e-02 -3.853317919999999994e-03 1.415594019999999974e-02
6.010364100000000320e+01 4.194066379999999983e-02 -1.282047709999999986e-02 -5.343772279999999680e-02 1.189929189999999921e-02 -1.123235939999999919e-02 1.534263020000000040e-03
6.281030969999999769e+01 5.218785120000000305e-02 -7.580394909999999681e-03 -5.680870729999999702e-02 1.327846579999999999e-02 1.917275720000000128e-02 -8.703949210000000783e-03
6.550798000000000343e+01 6.810750029999999844e-02 -1.130710310000000024e-02 -5.271772479999999733e-02 -1.404367180000000047e-03 4.293262240000000202e-02 -4.097440380000000326e-02
6.821880350000000703e+01 6.940562760000000553e-02 -6.944254710000000164e-03 -4.922341969999999983e-02 -3.953977630000000097e-03 1.897551119999999966e-02 -4.443954659999999751e-02
7.091301749999999515e+01 7.224394439999999584e-02 -3.507652960000000059e-03 -4.747951970000000022e-02 -2.124402970000000002e-02 3.578039949999999719e-02 2.159594830000000076e-02
7.361707540000000449e+01 7.020396689999999773e-02 6.430142300000000338e-03 -5.080226639999999710e-02 1.458684780000000028e-02 -2.927472490000000184e-03 4.319071890000000108e-02
7.632562849999999344e+01 6.237194330000000314e-02 -9.765947029999999095e-04 -5.847176250000000325e-02 -1.712436440000000143e-02 -1.742783079999999860e-02 -6.418700929999999593e-04
7.902353630000000351e+01 5.560445440000000294e-02 3.068895439999999846e-03 -5.527825100000000047e-02 2.654454699999999907e-03 3.043970929999999936e-02 1.261042000000000066e-02
8.172375189999999634e+01 5.807442749999999765e-02 6.419975569999999965e-03 -5.787358680000000144e-02 8.438847129999999669e-03 2.734484499999999957e-02 6.999221760000000347e-03
8.443725349999999708e+01 7.377290570000000214e-02 9.153615299999999164e-03 -4.841852769999999834e-02 -2.576539209999999941e-02 2.250455280000000086e-02 -1.696711810000000112e-02
8.712672999999999490e+01 6.971183089999999360e-02 5.327706930000000382e-03 -4.082809009999999877e-02 -2.377849539999999859e-02 -3.063495730000000139e-02 2.549570839999999814e-04
8.981793940000000021e+01 6.528350480000000289e-02 5.377220470000000120e-03 -4.179087659999999871e-02 -3.200494510000000126e-02 -5.081947140000000335e-02 -2.028531570000000062e-02
9.250882690000000252e+01 7.185912730000000581e-02 5.963884889999999939e-03 -5.013027350000000271e-02 -5.444162140000000094e-03 7.244328159999999760e-03 -1.704892380000000082e-02
9.520457070000000499e+01 7.018907130000000272e-02 1.078664980000000086e-02 -5.154285170000000305e-02 9.566822410000000096e-03 -2.932112259999999915e-02 -2.470813289999999884e-02
9.791236290000000508e+01 7.200559069999999673e-02 4.926108299999999891e-03 -5.037310879999999658e-02 5.420099929999999677e-02 -5.955654450000000266e-03 -3.769301469999999932e-02
1.006053770000000043e+02 6.072808560000000216e-02 5.102913369999999976e-03 -5.058711579999999874e-02 3.202274370000000175e-02 9.370533139999999775e-03 -1.296407119999999982e-02
1.033024079999999998e+02 5.137515420000000194e-02 2.355955199999999923e-03 -5.061861909999999798e-02 3.044034669999999901e-02 -1.241518169999999976e-02 -4.443261829999999718e-02
1.059989860000000022e+02 4.923519409999999735e-02 4.509029280000000084e-03 -5.614899389999999935e-02 2.488096169999999899e-02 -8.301794779999999846e-03 -3.935275790000000024e-02
1.086857990000000029e+02 4.716690119999999986e-02 7.553447159999999820e-03 -5.488473929999999890e-02 1.491077619999999979e-02 -1.350102209999999928e-02 7.759434590000000194e-03
1.113988609999999966e+02 4.371183420000000069e-02 3.270775149999999905e-03 -6.354319199999999834e-02 1.150691480000000030e-02 -3.222100499999999701e-02 4.358755770000000140e-02
1.140918769999999967e+02 4.147116659999999788e-02 4.966031909999999924e-03 -6.660335350000000376e-02 1.442719959999999926e-03 -2.956238290000000064e-03 2.613302240000000068e-02
1.167958459999999974e+02 4.718993910000000153e-02 6.937245459999999767e-03 -6.059676519999999955e-02 2.068628549999999844e-02 2.339355320000000016e-02 -1.556325479999999930e-03
1.194912209999999959e+02 5.558167490000000266e-02 5.384909329999999772e-03 -6.191122720000000190e-02 2.086599119999999960e-02 5.782732540000000074e-03 -8.191921149999999846e-03
1.221930490000000020e+02 6.267163990000000628e-02 5.924077909999999648e-04 -4.858805580000000179e-02 2.288225090000000142e-02 6.393042629999999560e-02 1.402899470000000016e-02
1.249047829999999948e+02 6.671603330000000498e-02 5.340110929999999879e-04 -3.694097219999999820e-02 -4.153495019999999677e-02 6.832309170000000140e-03 3.711847859999999923e-03
1.276026889999999980e+02 7.673459270000000665e-02 7.687566070000000432e-03 -2.703665410000000158e-02 2.650380390000000100e-03 2.520670189999999963e-02 2.209094760000000074e-02
1.302993610000000047e+02 6.927115590000000600e-02 7.521263260000000082e-03 -5.038767579999999836e-03 8.528651680000000693e-03 -1.872519590000000164e-02 3.153304199999999724e-02
1.330022830000000056e+02 6.446298220000000467e-02 1.053006000000000081e-02 1.213893129999999917e-02 -1.517833220000000018e-02 -2.975056670000000153e-02 8.716874479999999273e-03
1.357047049999999899e+02 6.163942859999999718e-02 1.179066129999999969e-02 3.030433830000000064e-02 -4.022671199999999780e-02 -3.757966900000000304e-02 -2.085755640000000119e-02
1.384101890000000026e+02 5.643025260000000126e-02 5.773696309999999665e-03 4.221608510000000175e-02 -1.228735390000000038e-01 -3.513027140000000298e-02 -1.597933580000000103e-02
1.411073930000000018e+02 5.483300800000000252e-02 8.173735349999999150e-03 5.569666639999999724e-02 -2.024373029999999851e-02 2.645207390000000117e-02 2.373002639999999969e-02
1.438061429999999916e+02 5.933864340000000182e-02 7.087814409999999669e-03 5.934881069999999731e-02 -5.768125489999999939e-02 2.051390900000000031e-02 5.504302519999999810e-02
1.465028609999999958e+02 5.835087449999999676e-02 9.871795200000000117e-03 5.642981400000000175e-02 -4.607135250000000265e-02 4.126060919999999764e-03 5.118096719999999655e-02
1.491988609999999937e+02 6.073163150000000093e-02 5.040132089999999759e-03 4.976547390000000265e-02 -3.782160799999999962e-02 -1.481220230000000054e-02 -2.843392260000000143e-02
1.518942360000000065e+02 6.318424899999999789e-02 6.383057680000000025e-03 4.912165720000000180e-02 -5.159966800000000131e-02 1.391932220000000053e-02 3.840597300000000297e-02
1.546010330000000010e+02 6.153204560000000156e-02 9.782002970000000172e-03 5.677069109999999946e-02 4.411656360000000207e-03 8.326842819999999423e-03 2.102858690000000003e-02
1.572993769999999927e+02 4.752899029999999719e-02 1.489894150000000035e-02 6.058145530000000334e-02 -4.513019590000000303e-03 1.399110259999999939e-02 5.171090619999999666e-02
1.600057830000000081e+02 3.734812889999999941e-02 1.625689669999999878e-02 5.885512970000000149e-02 -3.070237450000000076e-02 2.517550420000000053e-02 6.818326520000000078e-03
1.627107210000000066e+02 3.618369250000000314e-02 5.756731870000000167e-03 5.883287169999999733e-02 -2.896212769999999964e-02 -3.725758100000000055e-03 3.330539589999999793e-03
1.654123299999999972e+02 4.085169310000000276e-02 3.980983520000000095e-03 6.712513359999999762e-02 -2.524379590000000104e-02 -1.451340489999999959e-03 -2.510163610000000142e-02
1.681026889999999980e+02 4.349036049999999848e-02 1.360831550000000077e-02 7.860144950000000352e-02 -1.699419259999999932e-02 3.461828959999999761e-02 -5.758499899999999696e-04
1.707899240000000134e+02 4.045823979999999681e-02 1.013667539999999964e-02 7.780019089999999637e-02 -3.604171079999999769e-04 -1.549587210000000041e-02 4.743656940000000322e-02
1.734974390000000142e+02 4.453537989999999808e-02 1.206585829999999929e-02 8.330177919999999514e-02 4.374487130000000168e-03 -8.752843830000000755e-03 6.656862650000000547e-02
1.762050020000000075e+02 4.536655519999999858e-02 1.030090770000000044e-02 6.520439860000000476e-02 -2.033880360000000012e-02 -1.165647860000000070e-02 2.163653809999999990e-03
1.789071429999999907e+02 4.057392609999999761e-02 8.967280509999999913e-03 7.617115650000000349e-02 -3.344300870000000130e-03 1.545019299999999922e-02 1.838633209999999962e-02
1.816053929999999923e+02 4.363882620000000129e-02 -7.509239980000000439e-04 6.846455819999999748e-02 1.580946290000000143e-02 2.448840160000000099e-02 2.237062329999999974e-02
1.843079390000000046e+02 4.703684209999999671e-02 -3.846945880000000005e-03 5.992956370000000060e-02 5.238544309999999989e-03 -2.659118339999999928e-02 5.013705150000000166e-02
1.870120330000000024e+02 4.029076770000000057e-02 -7.317094209999999710e-03 6.102978800000000148e-02 -1.060354410000000080e-02 -1.212389319999999937e-02 3.168216530000000225e-02
1.897195330000000126e+02 1.550026049999999982e-02 -1.314030849999999959e-02 7.229224770000000633e-02 8.211732490000000009e-03 -4.149963980000000163e-02 -2.249251349999999844e-02
1.924240020000000015e+02 2.538119860000000172e-03 -1.676619879999999979e-02 7.294705790000000079e-02 -1.167820370000000052e-02 2.609734299999999854e-02 3.246233030000000158e-02
1.951322209999999870e+02 1.092442849999999965e-02 -1.104836430000000029e-02 6.784494239999999676e-02 -5.348622399999999888e-02 4.631744709999999904e-03 -1.421938799999999947e-02
1.978353140000000110e+02 1.792331689999999977e-02 -1.368857239999999968e-02 7.385281720000000383e-02 -3.638832119999999698e-02 2.208051800000000037e-02 3.028558420000000001e-02
2.005340960000000052e+02 3.333389710000000256e-02 1.962005480000000043e-04 7.789529159999999952e-02 -4.262447300000000300e-02 -1.618800269999999888e-02 -1.955324090000000112e-02
2.032320960000000127e+02 3.502663889999999697e-02 -3.098105940000000016e-03 6.027568640000000033e-02 -2.413438899999999915e-02 2.072804539999999890e-02 -1.454362439999999992e-02
2.059315019999999947e+02 4.972680370000000238e-02 -1.143579819999999969e-02 5.331433449999999769e-02 -8.410543439999999468e-03 1.869253959999999867e-02 -1.436412720000000004e-02
2.086376429999999971e+02 5.006981409999999855e-02 -2.551654479999999892e-02 4.823005290000000056e-02 -8.245041510000000393e-04 1.564311980000000074e-02 -1.755605999999999833e-02
2.113359240000000057e+02 6.081946800000000153e-02 -2.358105300000000112e-02 4.936095919999999859e-02 -1.857011329999999974e-02 -2.907852780000000012e-02 -1.962134180000000075e-02
2.140383769999999970e+02 6.097105190000000341e-02 -2.744750040000000155e-02 4.588032079999999902e-02 -2.279271790000000127e-03 2.693367639999999855e-02 -3.370566579999999951e-02
2.167462209999999914e+02 4.741912439999999840e-02 -2.395860860000000037e-02 4.578658079999999714e-02 4.312580929999999639e-03 -7.668792609999999961e-03 -4.155017920000000226e-02
2.194575959999999952e+02 4.741283780000000309e-02 -2.151681650000000084e-02 5.616032680000000027e-02 -2.295383989999999833e-02 3.158683500000000061e-02 -7.323766859999999990e-02
2.221613460000000089e+02 4.966468289999999980e-02 -7.590141970000000363e-03 6.632985230000000565e-02 -4.637216289999999963e-02 -2.677110889999999993e-02 -4.415196670000000323e-02
2.248595640000000060e+02 4.845083570000000006e-02 -8.761427060000000211e-03 7.153205329999999529e-02 -1.942525259999999896e-03 2.462374209999999841e-02 1.831736400000000069e-04
2.275412359999999978e+02 4.607020450000000322e-02 -3.726361410000000071e-04 6.731747439999999361e-02 -3.151197089999999840e-02 5.985283369999999659e-02 -8.701132179999999591e-03
2.302327050000000099e+02 5.101041659999999700e-02 1.077918549999999989e-02 7.399083369999999438e-02 -8.912250110000000461e-03 -2.386555979999999827e-03 5.285378830000000278e-02
2.329290640000000110e+02 5.480336999999999709e-02 9.541344709999999979e-03 7.141180249999999619e-02 6.973308309999999739e-03 -4.822481380000000206e-03 5.168967680000000064e-02
2.356229549999999904e+02 5.286746679999999865e-02 5.868907920000000257e-03 6.961074579999999845e-02 -1.931333149999999972e-03 4.216547899999999877e-02 5.999605520000000219e-02
2.383222049999999967e+02 5.240662179999999726e-02 -7.659297259999999635e-03 6.914611619999999625e-02 1.277587799999999919e-02 -1.603924600000000006e-02 5.933862170000000005e-03
2.410244079999999940e+02 4.855154350000000230e-02 -1.273411500000000071e-02 7.338112139999999894e-02 2.914504990000000087e-02 4.344349919999999921e-02 2.026877579999999957e-02
2.437291429999999934e+02 5.548081760000000279e-02 -1.952884100000000034e-03 6.370691559999999698e-02 1.063786809999999958e-02 3.041237810000000166e-02 -2.211459530000000132e-02
2.464275330000000110e+02 6.306159420000000126e-02 -6.105947119999999978e-03 5.946106210000000336e-02 1.905769980000000113e-02 1.711343489999999842e-02 6.912810120000000003e-02
2.491375020000000120e+02 7.355811349999999416e-02 1.012324219999999968e-05 5.620713990000000132e-02 4.505786650000000344e-03 1.817511210000000155e-02 3.164222039999999708e-02
2.518384079999999869e+02 6.416153289999999842e-02 1.464017219999999954e-03 4.835582489999999678e-02 -2.388379840000000049e-03 -1.684450770000000056e-02 5.302514469999999869e-02
2.545386110000000031e+02 6.240293000000000229e-02 4.369733070000000365e-03 5.651275659999999840e-02 9.624438980000000338e-03 -3.794538189999999839e-02 4.540164869999999825e-02
2.572458609999999908e+02 6.001120060000000173e-02 3.988082769999999957e-03 5.703648000000000051e-02 -2.680172480000000013e-03 -3.619103969999999670e-02 3.884267279999999850e-02
2.599540640000000167e+02 5.325174970000000341e-02 -7.088534229999999582e-03 6.058239359999999935e-02 1.781546719999999896e-03 -3.523695350000000115e-02 2.361726869999999923e-02
2.626557829999999853e+02 6.222991370000000022e-02 1.389758199999999904e-03 4.940086850000000029e-02 -6.041685659999999729e-03 3.319271299999999869e-02 -2.957649039999999882e-02
2.653428460000000086e+02 5.842960910000000174e-02 -7.648960669999999929e-04 4.397774360000000077e-02 -1.786233820000000111e-02 -6.151841590000000151e-03 -1.005324489999999925e-02
2.680488740000000121e+02 6.569163199999999980e-02 -2.441176880000000150e-03 5.509736219999999962e-02 -5.726954470000000103e-02 1.233662819999999972e-02 -1.878874869999999989e-02
