# a=0.059532250276809036, b=-146.53293165459777, c=-0.001481053100788153, xi=11.00021682391999
6.902666309999999639e-01 5.720280419999999866e-02 1.582112030000000155e-02 5.214113000000000081e-02 2.455317109999999824e-04 1.314517590000000014e-02 8.379028829999999456e-03
3.387812230000000202e+00 7.183095700000000083e-02 1.568601270000000159e-02 5.344152890000000017e-02 1.897428950000000156e-02 2.138600209999999904e-02 7.724596300000000082e-02
6.071033779999999602e+00 8.325133429999999335e-02 2.422903959999999843e-02 3.487135100000000182e-02 1.258419709999999969e-02 2.378326470000000081e-02 6.755250040000000677e-02
8.773215190000000163e+00 7.962164310000000023e-02 2.073117260000000017e-02 1.656851670000000082e-02 8.280947239999999565e-04 -7.636501789999999845e-03 7.940935859999999694e-03
1.145337490000000003e+01 7.119861269999999687e-02 2.722985409999999912e-02 5.061654349999999969e-03 -1.211776449999999936e-02 1.012800099999999932e-02 -1.653600629999999946e-02
1.416083740000000013e+01 7.014757130000000285e-02 2.428065080000000112e-02 -9.727462669999999145e-03 -2.821660889999999880e-02 2.545857450000000091e-02 -6.962617399999999901e-02
1.685146710000000070e+01 6.945926280000000452e-02 1.779832900000000162e-02 -3.071213319999999830e-02 -8.844222900000000415e-03 -5.656098529999999645e-03 -9.750521910000000542e-03
1.955315930000000080e+01 7.018189049999999651e-02 1.581944030000000112e-02 -4.201045240000000208e-02 1.963941829999999930e-02 -1.049954940000000052e-02 -2.410660029999999940e-02
2.224464830000000148e+01 6.443565460000000300e-02 6.686457179999999965e-03 -4.750939929999999783e-02 5.269090139999999672e-02 -1.065859559999999921e-02 1.724584629999999924e-02
2.495501080000000016e+01 6.760873139999999670e-02 3.827399679999999877e-03 -5.948248109999999811e-02 5.218825869999999673e-02 -4.416234759999999870e-02 -2.378800979999999912e-02
2.767456710000000086e+01 6.318873549999999562e-02 2.113971850000000152e-03 -6.748600779999999744e-02 1.183863299999999945e-03 5.213182260000000061e-03 -9.000691170000000088e-03
3.037159360000000063e+01 5.814123709999999973e-02 3.762253269999999913e-03 -8.148483419999999477e-02 5.388882140000000182e-02 -1.053966050000000078e-02 -2.640623939999999989e-02
3.307440929999999923e+01 4.562136440000000293e-02 2.165380399999999872e-03 -8.539435900000000301e-02 1.891220830000000033e-02 8.130119309999999516e-03 -3.542699970000000309e-02
3.578581390000000084e+01 4.941355380000000269e-02 -7.623424479999999989e-03 -7.203555100000000322e-02 2.953951980000000047e-02 -4.877643489999999860e-02 -5.886214050000000003e-02
3.847768429999999995e+01 5.415871690000000072e-02 -4.670692120000000114e-03 -7.178883010000000620e-02 5.233318520000000348e-03 -7.151500789999999663e-02 -2.216616440000000049e-02
4.118328890000000087e+01 5.838119750000000246e-02 -3.198858460000000067e-03 -6.183360079999999925e-02 8.605551290000000575e-02 -2.543870820000000005e-02 1.543565470000000071e-04
4.388116080000000352e+01 5.929937510000000273e-02 1.547154919999999976e-04 -5.993695930000000199e-02 2.877399480000000093e-02 1.012901710000000018e-02 -1.378325790000000002e-02
4.659977489999999989e+01 6.014940779999999876e-02 -3.377285649999999841e-03 -6.103762430000000266e-02 1.701195100000000085e-02 2.231878220000000062e-03 -3.378744849999999744e-02
4.929463270000000108e+01 5.778565220000000252e-02 1.684815400000000017e-03 -6.328033980000000169e-02 6.918017969999999683e-02 -8.104113209999999623e-03 -4.163369000000000097e-02
5.200156080000000003e+01 5.636722930000000187e-02 9.344559230000000494e-03 -6.360587489999999788e-02 5.065263209999999738e-02 5.798456720000000342e-02 -3.757704230000000201e-02
5.471568580000000281e+01 6.776251569999999780e-02 4.477232900000000133e-03 -6.626398460000000601e-02 4.761940469999999953e-02 3.657625159999999820e-02 -7.214129469999999711e-02
5.740354359999999900e+01 6.009425220000000345e-02 7.723584640000000397e-03 -7.208569700000000413e-02 3.135838750000000119e-02 2.267811120000000000e-02 -3.065404440000000022e-02
6.010168740000000298e+01 7.037332370000000392e-02 6.756392980000000374e-03 -6.321198849999999647e-02 7.503688479999999494e-02 3.001992410000000125e-02 -1.198858019999999962e-02
6.279791709999999938e+01 6.073828490000000163e-02 7.786228719999999798e-03 -6.478184550000000430e-02 3.813196819999999793e-02 -1.730550219999999959e-02 1.593546610000000016e-02
6.550290300000000343e+01 7.498241320000000043e-02 -3.873289360000000027e-05 -5.648650119999999719e-02 8.046351279999999773e-02 -3.063394449999999949e-02 4.507482029999999862e-02
6.819303739999999436e+01 7.166128189999999842e-02 5.399026829999999631e-03 -5.845916849999999859e-02 5.554623110000000280e-02 -6.092168430000000079e-02 1.523562219999999995e-02
7.089645930000000362e+01 7.284338370000000007e-02 6.757750300000000404e-03 -5.755523500000000320e-02 3.931606299999999832e-02 -1.057790829999999925e-02 -8.023209119999999417e-03
7.359891079999999874e+01 7.064372820000000552e-02 1.857044960000000036e-02 -6.363655310000000676e-02 1.216814079999999944e-02 -4.000697820000000127e-02 -2.531607580000000066e-02
7.630715920000000096e+01 6.467580009999999990e-02 1.257925210000000044e-02 -6.412040539999999678e-02 -3.195871110000000209e-02 3.457050739999999785e-03 -1.566000999999999851e-02
7.900183269999999425e+01 6.328415210000000457e-02 1.108451560000000072e-02 -7.101374450000000338e-02 -3.106875580000000026e-02 1.226355720000000052e-02 5.375646930000000170e-03
8.169360609999999667e+01 5.854553519999999844e-02 1.044253149999999943e-02 -5.939547259999999884e-02 6.222665520000000144e-02 1.258719839999999923e-02 -3.206025330000000090e-02
8.440526710000000321e+01 5.354776490000000277e-02 1.597647489999999906e-02 -6.368417140000000309e-02 1.364469209999999953e-02 -1.924280199999999982e-02 -2.520491100000000172e-03
8.709816080000000227e+01 6.079787269999999827e-02 1.437833919999999960e-02 -6.708605480000000287e-02 2.925603010000000018e-02 1.690440550000000056e-02 4.746764809999999904e-03
8.979272799999999677e+01 6.415968580000000476e-02 1.104319460000000030e-02 -5.158532479999999865e-02 1.875957779999999978e-02 1.316180269999999916e-03 3.599378109999999686e-02
9.249135929999999917e+01 7.064844039999999825e-02 1.241351939999999973e-02 -5.883858559999999988e-02 2.143411770000000147e-02 -1.975243120000000005e-02 -9.588509040000000108e-03
9.518820139999999697e+01 7.201452190000000309e-02 1.981193280000000112e-02 -4.865838559999999952e-02 4.836354390000000350e-03 4.170752829999999772e-02 -1.887325269999999902e-02
9.789021859999999720e+01 6.428504270000000298e-02 1.891639579999999932e-02 -4.926875409999999927e-02 1.415483799999999945e-02 -1.408819319999999979e-03 -5.396671039999999947e-02
1.005934409999999986e+02 6.083247409999999883e-02 1.052775560000000082e-02 -4.707970460000000107e-02 -1.429838360000000065e-02 -1.091632019999999939e-02 -5.691053430000000274e-02
1.032916589999999957e+02 5.987292350000000124e-02 4.602804529999999887e-03 -5.614579010000000231e-02 -2.698598699999999947e-02 -1.108293070000000019e-02 -1.004505800000000081e-02
1.059920189999999991e+02 6.176916789999999796e-02 7.298198300000000201e-03 -5.357527680000000181e-02 6.068724069999999887e-03 1.253512839999999925e-03 -3.006749079999999907e-02
1.086886279999999942e+02 6.295678239999999426e-02 2.762903839999999826e-03 -6.353622359999999691e-02 -2.084284549999999847e-02 3.209634509999999968e-02 -2.077772989999999813e-03
1.113910029999999978e+02 6.504394269999999589e-02 3.657792850000000061e-03 -6.214652799999999949e-02 3.483650100000000062e-03 6.794582500000000136e-02 -2.152397929999999918e-02
1.140958310000000040e+02 5.921969230000000139e-02 2.413068190000000092e-03 -6.538155819999999507e-02 -3.613946559999999669e-02 2.489252860000000164e-02 -6.663855470000000503e-02
1.167935970000000054e+02 5.849834179999999911e-02 -4.669618470000000236e-03 -7.195891620000000044e-02 -2.250656670000000109e-02 4.563811040000000097e-02 -3.896373029999999904e-02
1.194935339999999968e+02 6.215165529999999716e-02 -3.183622670000000026e-04 -7.769844069999999603e-02 3.518210880000000040e-02 2.547032150000000123e-03 -1.439416519999999963e-02
1.221958000000000055e+02 6.836386310000000521e-02 1.983031809999999916e-03 -7.242533639999999828e-02 5.482444820000000052e-02 2.279688950000000047e-02 -3.669101179999999934e-02
1.248932690000000036e+02 6.041635880000000014e-02 1.033977020000000080e-03 -6.131819659999999950e-02 6.129332519999999840e-02 5.452412360000000180e-02 -8.052740120000000459e-03
1.276018619999999970e+02 5.699314390000000119e-02 2.693574090000000086e-04 -5.620147169999999831e-02 2.720759609999999842e-02 -4.145816940000000145e-02 -7.516724130000000149e-03
1.302986909999999909e+02 5.526804369999999828e-02 -2.352814510000000132e-04 -5.962354570000000242e-02 4.900030080000000038e-02 -1.325224309999999996e-02 -4.251541840000000287e-03
1.329964559999999949e+02 6.485526789999999930e-02 -2.652774090000000178e-03 -5.508498280000000136e-02 3.345864689999999975e-02 -2.243643710000000138e-02 1.712070590000000156e-02
1.356953159999999912e+02 6.511846570000000278e-02 -9.605644360000000284e-03 -4.066767350000000114e-02 3.473989029999999950e-02 -8.597052859999999158e-03 4.574336059999999787e-02
1.384014090000000010e+02 7.045887019999999556e-02 2.368771239999999893e-03 -2.636256169999999857e-02 2.434368140000000083e-02 -4.447114640000000320e-03 1.726413109999999987e-02
1.410988940000000014e+02 7.173511470000000501e-02 -2.096114520000000141e-03 -2.197040550000000161e-02 -4.001436189999999817e-03 -4.221833490000000133e-02 -1.215548649999999981e-02
1.438092690000000005e+02 7.397485069999999718e-02 1.435460730000000067e-02 -1.231792439999999933e-02 7.566739260000000106e-03 -6.088046520000000260e-03 -1.158522589999999922e-02
1.464977220000000102e+02 8.266202420000000328e-02 8.131384440000000158e-03 -1.232663829999999967e-02 -2.235784929999999962e-02 4.317414149999999895e-02 -5.542017340000000153e-03
1.491973940000000027e+02 8.164848859999999930e-02 -1.619521739999999930e-03 2.766486050000000092e-03 -9.851894280000000545e-04 1.430211420000000039e-02 -3.943678199999999662e-02
1.519034090000000106e+02 7.105099199999999338e-02 5.141784009999999898e-03 1.835570640000000128e-02 6.665581749999999889e-03 3.104537129999999923e-02 -5.450578930000000294e-02
1.545905339999999910e+02 5.783077450000000119e-02 6.615772590000000043e-03 3.818296919999999983e-02 -8.095689810000000763e-03 -1.892971419999999946e-02 1.100163330000000078e-02
1.572982529999999883e+02 6.215642989999999729e-02 5.949639789999999935e-04 4.824774879999999683e-02 -5.080578980000000078e-03 -2.225838980000000022e-02 -1.200479129999999957e-02
1.599945500000000038e+02 6.586538979999999321e-02 5.847266910000000102e-03 6.519759560000000509e-02 3.845460450000000243e-04 -1.984830179999999902e-02 3.149027790000000215e-02
1.626974559999999883e+02 7.016397550000000316e-02 5.590926090000000043e-03 6.379413139999999538e-02 3.296676700000000099e-02 -6.114489659999999827e-03 1.170596459999999990e-03
1.653971909999999923e+02 7.171103809999999912e-02 2.603132189999999863e-03 5.656181009999999842e-02 2.855835509999999841e-02 -1.268491050000000037e-02 3.984921159999999657e-02
1.680895189999999957e+02 6.475319220000000375e-02 -2.184626979999999830e-03 5.414908210000000249e-02 -6.191252680000000272e-03 2.402226229999999962e-02 1.435433319999999957e-02
1.707952999999999975e+02 6.802515419999999313e-02 2.590410659999999986e-03 4.753429079999999668e-02 1.289462220000000062e-02 -3.676799540000000310e-02 1.546812959999999994e-02
1.734808940000000064e+02 7.459598970000000384e-02 4.806955380000000125e-03 4.664036290000000279e-02 -1.745733570000000071e-03 -2.738877140000000113e-02 2.781901919999999959e-02
1.761783000000000072e+02 6.984294080000000293e-02 8.609971859999999283e-03 5.373769330000000011e-02 1.420637930000000042e-02 -4.583531989999999751e-02 5.016987180000000157e-02
1.788783939999999859e+02 6.393943030000000249e-02 9.115846110000000793e-03 5.583856909999999896e-02 2.335502100000000011e-02 -1.861792989999999995e-02 1.728168470000000095e-02
1.815870970000000000e+02 5.855275229999999664e-02 3.962192489999999574e-03 6.331506050000000607e-02 1.104691279999999928e-02 -9.119342819999999225e-03 4.465365830000000286e-02
1.842858160000000112e+02 6.616502080000000174e-02 -1.825144269999999904e-03 5.617112789999999939e-02 -2.131204030000000138e-02 1.301152610000000029e-02 1.605379330000000077e-02
1.869918780000000140e+02 6.660792660000000587e-02 -8.975479010000000576e-03 5.752095869999999944e-02 -1.521830469999999914e-02 5.697785739999999821e-02 2.297664209999999985e-02
1.896974720000000048e+02 6.314717129999999901e-02 -4.517588420000000389e-03 5.047398809999999875e-02 -9.465087529999999250e-03 9.621881739999999308e-03 2.258725580000000080e-02
1.923941120000000069e+02 7.392236419999999308e-02 -3.755076100000000238e-04 5.055338210000000221e-02 -9.605059239999999901e-03 9.595056870000000238e-03 1.985909459999999835e-02
1.950869559999999865e+02 6.770072420000000646e-02 -4.253629570000000415e-03 5.903930439999999918e-02 -4.951716779999999589e-03 1.702207259999999897e-03 6.637126829999999422e-02
1.977809719999999913e+02 6.149151380000000139e-02 1.905840129999999922e-03 6.286116240000000355e-02 -2.749715460000000042e-02 1.596508129999999956e-02 5.981651169999999823e-02
2.004886909999999887e+02 6.262448969999999393e-02 -1.338178590000000008e-02 5.589507779999999815e-02 -1.378224980000000016e-02 -2.456950429999999949e-02 6.012589329999999677e-02
2.031837999999999909e+02 7.311212350000000082e-02 -1.201425269999999894e-03 5.037184249999999974e-02 -4.617151519999999898e-02 7.776319119999999807e-03 1.055329590000000060e-02
2.058858779999999911e+02 7.330030299999999721e-02 1.201918669999999933e-04 5.264377099999999893e-02 -2.137904189999999954e-02 -1.189787970000000077e-02 5.360898399999999842e-02
2.085637690000000077e+02 7.184528630000000526e-02 5.066280260000000091e-03 5.304431779999999735e-02 -2.171564919999999926e-02 -2.072749860000000152e-02 9.125369969999999609e-02
2.112700499999999977e+02 6.537387590000000304e-02 1.768658100000000026e-03 6.274034209999999889e-02 -2.838908349999999872e-02 -7.713660679999999673e-03 -7.469710459999999962e-03
2.139610659999999882e+02 6.723951089999999353e-02 1.258588520000000072e-02 6.318755010000000338e-02 -1.114422200000000050e-02 7.524372510000000222e-03 4.426415909999999870e-02
2.166564869999999985e+02 6.989440299999999384e-02 1.457588779999999945e-02 6.541495420000000005e-02 -2.510228620000000063e-02 -1.022792630000000057e-02 4.678855540000000091e-02
2.193647060000000124e+02 6.967376020000000392e-02 1.628377279999999871e-02 5.874113190000000012e-02 5.256597489999999782e-03 7.951607330000000709e-03 4.946064480000000180e-02
2.220662839999999960e+02 6.666053839999999675e-02 1.364131730000000056e-02 5.501083970000000128e-02 -3.116906989999999877e-02 6.491485670000000105e-04 1.038787159999999925e-02
2.247734560000000101e+02 6.016198369999999768e-02 4.227159710000000063e-03 5.843856620000000002e-02 -1.394579789999999923e-02 2.856956620000000030e-02 3.109605739999999827e-02
2.274697840000000042e+02 5.777529029999999705e-02 -8.412413590000000774e-03 7.186148250000000404e-02 -1.339973250000000074e-02 9.813307029999999292e-03 5.654544250000000105e-02
2.301845340000000135e+02 5.778179669999999879e-02 -8.459508629999999349e-03 7.880198920000000551e-02 2.962806000000000120e-02 -1.386264159999999954e-02 1.026197170000000061e-02
2.328953469999999868e+02 5.488406440000000164e-02 -2.060163340000000214e-03 7.619832519999999998e-02 -1.487179319999999954e-03 -4.334536249999999813e-02 2.920229270000000016e-02
2.355965809999999863e+02 6.040048259999999947e-02 -5.587837239999999921e-03 6.692813670000000159e-02 2.784620219999999792e-03 -1.758798450000000069e-02 2.663790499999999992e-02
2.383035500000000013e+02 5.227599570000000112e-02 -4.267972759999999650e-03 6.871964910000000204e-02 2.452451519999999940e-02 -1.209796230000000083e-02 3.953770389999999857e-02
2.409893309999999929e+02 5.775299169999999899e-02 1.190002340000000059e-04 6.248382019999999815e-02 1.306305269999999928e-02 -3.377588780000000124e-02 5.817464420000000025e-02
2.436985339999999951e+02 6.245517500000000166e-02 4.776154650000000342e-03 5.778370919999999827e-02 4.873726529999999717e-03 -4.459674830000000256e-02 3.460817499999999797e-02
2.463923780000000079e+02 6.801183970000000689e-02 -7.306162270000000382e-03 5.886096469999999720e-02 1.770611629999999928e-03 -5.076630640000000423e-03 3.956158540000000168e-02
2.490982370000000117e+02 6.199351919999999960e-02 1.529605309999999916e-03 6.376921750000000277e-02 2.651011659999999957e-03 -4.929345269999999696e-02 1.406331849999999974e-02
2.517890030000000081e+02 5.365368859999999906e-02 -7.286615249999999627e-03 6.602281220000000284e-02 -1.513442789999999922e-03 -7.335199369999999969e-03 6.458158109999999341e-02
2.544840030000000013e+02 5.259422340000000085e-02 2.618769149999999792e-03 7.360751570000000077e-02 1.648955800000000138e-02 2.059839000000000114e-02 6.005249890000000090e-02
2.571857370000000174e+02 4.947740180000000099e-02 5.369948040000000096e-03 7.891146009999999711e-02 -1.042755239999999979e-02 1.888413270000000033e-02 9.518268859999999554e-02
2.598988780000000247e+02 5.727939039999999787e-02 1.450570959999999965e-02 6.609338920000000506e-02 9.554019100000000000e-03 2.101010199999999925e-02 5.938994189999999632e-03
2.625937220000000138e+02 5.782023170000000212e-02 1.269103289999999953e-02 7.246091320000000446e-02 -5.028761469999999678e-02 6.562759100000000075e-03 2.647706689999999863e-02
2.653001750000000243e+02 5.164148469999999685e-02 1.027008589999999985e-02 6.789097239999999922e-02 -5.896597639999999994e-03 5.541640100000000055e-03 1.748030399999999859e-02
2.679997720000000072e+02 5.345336309999999813e-02 1.046333869999999978e-02 6.373995109999999742e-02 3.383452399999999777e-02 3.695568070000000011e-02 2.918540929999999950e-02
