# a=0.05985382501175532, b=-127.02443223970914, c=-0.0024230880848183944, xi=4.53198903858177
6.760649389999999759e-01 8.805450060000000190e-02 1.177851580000000009e-03 -2.532038559999999841e-02 -5.089735470000000036e-04 -6.094949340000000056e-03 1.249495209999999974e-02
3.377927929999999801e+00 8.109417829999999994e-02 -2.461401789999999876e-04 -4.603404879999999783e-02 -4.191688130000000012e-02 -6.797119729999999416e-02 1.137273599999999961e-02
6.075018400000000263e+00 7.150434619999999908e-02 2.948606800000000156e-03 -5.044584800000000147e-02 -2.034217450000000080e-02 -3.485606830000000100e-02 2.417130240000000055e-02
8.772755430000000132e+00 6.242371879999999984e-02 -3.931228309999999782e-03 -6.434334680000000639e-02 -3.610556980000000082e-02 -4.096860520000000089e-02 2.018449460000000181e-03
1.147271169999999962e+01 6.302251529999999824e-02 -2.042114079999999936e-03 -7.158775100000000502e-02 -1.701002630000000154e-02 -1.889714719999999876e-02 -5.925691099999999892e-03
1.417194139999999969e+01 6.289096160000000324e-02 -1.520584520000000045e-03 -6.998884340000000037e-02 3.653909380000000106e-03 -2.310864849999999786e-03 3.638629880000000122e-02
1.688336950000000058e+01 6.486912699999999865e-02 2.631140619999999819e-03 -6.277183499999999805e-02 9.597072099999999495e-03 -1.858866689999999836e-02 5.258669430000000033e-02
1.958046789999999859e+01 6.176611070000000148e-02 -3.870492469999999973e-03 -3.914479059999999982e-02 2.854922149999999936e-02 2.134261139999999932e-02 5.585498889999999939e-02
2.228270390000000134e+01 5.929570519999999983e-02 7.781479439999999977e-03 -3.395116489999999709e-02 1.965409439999999883e-02 -9.635748939999999249e-03 4.218630150000000217e-02
2.499229760000000056e+01 5.963115830000000062e-02 3.616360509999999909e-04 -3.496891249999999757e-02 -2.807520810000000214e-03 -1.273373260000000042e-02 1.755792839999999883e-02
2.770010860000000008e+01 6.584595769999999904e-02 4.918089779999999973e-03 -4.081664749999999731e-02 -4.851753350000000131e-02 -3.503402440000000229e-02 -8.936100270000000428e-03
3.040037729999999883e+01 6.994554890000000136e-02 6.972639299999999762e-03 -4.500774080000000121e-02 -1.375459539999999981e-02 2.721238520000000133e-02 2.018050249999999921e-02
3.309987259999999765e+01 6.793198289999999306e-02 1.623431320000000072e-03 -4.991095520000000257e-02 -3.159083550000000299e-05 -4.614785410000000337e-02 1.201162469999999920e-02
3.580086320000000200e+01 6.880881290000000206e-02 -3.131634110000000077e-05 -5.773187390000000113e-02 1.012815149999999990e-02 -5.199113760000000084e-02 -2.751042529999999861e-02
3.849140390000000167e+01 6.662026070000000300e-02 5.418226919999999738e-03 -5.793125889999999750e-02 9.650782400000000247e-03 -4.296336130000000253e-02 -1.163611170000000000e-02
4.120135700000000156e+01 6.251166519999999671e-02 3.968463289999999907e-03 -6.307371579999999922e-02 -3.039035610000000165e-02 1.664297760000000084e-02 -1.814397189999999993e-02
4.389978200000000186e+01 5.879534260000000151e-02 -6.983064799999999983e-05 -6.645064589999999383e-02 -1.048203020000000076e-02 2.904116229999999937e-02 1.150717709999999998e-02
4.660295229999999833e+01 6.128554640000000164e-02 2.108611340000000195e-03 -6.106260609999999978e-02 2.669363120000000159e-02 -9.426249149999999660e-03 4.607597780000000087e-02
4.930032260000000122e+01 5.965345469999999706e-02 -1.387828110000000016e-03 -5.422597719999999732e-02 3.072518689999999969e-02 2.686054750000000171e-02 7.163293850000000337e-03
5.199703980000000314e+01 5.920449080000000225e-02 5.590241969999999510e-04 -5.440054619999999674e-02 1.913139399999999948e-02 -3.094398989999999974e-02 1.338959810000000042e-02
5.468327570000000293e+01 6.247753090000000148e-02 2.176757069999999804e-03 -5.287449550000000026e-02 5.072069600000000261e-02 -1.480041139999999956e-02 3.500388749999999716e-02
5.738578360000000345e+01 7.647421960000000407e-02 -2.758685879999999823e-03 -5.728553720000000016e-02 -1.204902899999999930e-02 -5.452054559999999946e-03 1.414006179999999918e-02
6.007752109999999846e+01 7.719007629999999343e-02 7.802041249999999879e-04 -5.298986349999999790e-02 7.325038379999999905e-02 6.359537400000000312e-03 7.161521439999999662e-03
6.277540390000000059e+01 6.472627540000000512e-02 2.447516280000000132e-05 -5.774993309999999769e-02 3.426569370000000225e-02 2.287368619999999818e-03 -1.952109039999999889e-04
6.546751319999999907e+01 6.633134760000000685e-02 8.093775029999999548e-04 -5.206749859999999785e-02 6.538946969999999415e-02 -3.068550680000000155e-02 1.099903630000000033e-03
6.816898670000000493e+01 6.070237190000000310e-02 -8.472802979999999318e-03 -4.682512259999999787e-02 -4.149809620000000088e-02 1.124530250000000016e-02 -3.698141900000000148e-02
7.086118510000000015e+01 5.047678359999999836e-02 2.515464199999999876e-03 -5.094975830000000178e-02 8.598398130000000500e-03 -3.378414120000000111e-03 -3.060409630000000131e-02
7.357222729999999444e+01 4.812242709999999674e-02 -2.094259059999999985e-03 -5.393397379999999991e-02 -2.320888440000000094e-02 -8.999172649999999732e-03 -3.137405060000000162e-02
7.627632260000000031e+01 5.519214050000000038e-02 -9.785587579999999522e-03 -6.643901989999999314e-02 -1.801786809999999898e-03 8.816537279999999907e-03 -7.284631839999999858e-03
7.898068510000000231e+01 6.148379000000000344e-02 -2.543232360000000167e-03 -6.646893419999999608e-02 2.286994380000000049e-02 2.373636770000000021e-02 2.480624539999999947e-02
8.169606319999999755e+01 5.497689490000000345e-02 -4.084423709999999985e-03 -6.983398350000000199e-02 2.752538350000000023e-02 4.961748050000000000e-03 2.893862130000000171e-02
8.440677259999999649e+01 4.943545869999999703e-02 -1.132709499999999926e-03 -6.839025869999999785e-02 2.557884950000000046e-02 -2.773789050000000089e-02 1.078781480000000001e-02
8.711571010000000115e+01 4.798019900000000115e-02 2.661179049999999862e-03 -6.639354190000000544e-02 5.724363739999999839e-02 1.689937879999999989e-02 1.949128300000000161e-02
8.982866640000000302e+01 4.272782289999999678e-02 6.483496699999999856e-03 -6.218876059999999678e-02 -1.437727620000000097e-03 1.956702039999999934e-02 -8.004843750000000674e-03
9.253871320000000367e+01 4.625557140000000067e-02 3.306348639999999797e-03 -6.222184399999999838e-02 -1.615702299999999996e-03 -8.717624179999999487e-03 -3.250393919999999826e-02
9.523367109999999514e+01 5.679454510000000317e-02 9.239927379999999775e-04 -6.401412219999999542e-02 2.010085650000000002e-02 3.194193239999999919e-04 8.454228390000000440e-03
9.792833980000000338e+01 5.535763080000000169e-02 -6.920478689999999935e-04 -5.161859189999999653e-02 5.376112890000000338e-02 -7.169084820000000240e-03 3.334236449999999907e-02
1.006328010000000006e+02 5.491627989999999654e-02 -1.354202499999999920e-02 -5.772799149999999907e-02 -9.830910099999999596e-03 1.366892070000000001e-02 -1.679916630000000133e-02
1.033241600000000062e+02 6.244182639999999729e-02 -9.206132849999999757e-03 -6.379013940000000105e-02 1.184235800000000075e-02 2.642013450000000110e-02 -1.367628279999999995e-02
1.060175040000000024e+02 6.153596620000000017e-02 -1.211289119999999983e-02 -6.379052209999999667e-02 8.261797340000000267e-02 -1.279254420000000038e-02 -1.997619009999999917e-02
1.087220509999999933e+02 5.653508449999999907e-02 -4.732464500000000199e-03 -6.240725610000000256e-02 6.019127669999999736e-02 -8.202174419999999633e-03 -2.815668769999999863e-02
1.114311440000000033e+02 4.944155299999999920e-02 -3.593939500000000158e-03 -7.315938889999999695e-02 1.698894620000000050e-02 -3.351185019999999848e-02 5.186717750000000016e-03
1.141220349999999968e+02 4.747039420000000176e-02 -7.225360549999999653e-04 -6.970546010000000514e-02 1.892154600000000089e-02 -2.571381279999999936e-03 5.540218610000000043e-02
1.168238790000000051e+02 5.278239939999999908e-02 -1.627989440000000019e-03 -6.407039470000000514e-02 6.889238849999999859e-02 -4.072134720000000069e-02 3.103754049999999862e-02
1.195195510000000070e+02 5.384699650000000087e-02 -3.777984229999999805e-03 -6.070128999999999803e-02 8.267997339999999529e-02 -1.812589150000000135e-02 1.275310049999999959e-02
1.222166600000000045e+02 6.206226139999999891e-02 -2.626316819999999826e-03 -4.299662320000000038e-02 7.647877290000000550e-02 -1.610506390000000093e-02 1.402194910000000017e-02
1.249150350000000032e+02 6.451062759999999507e-02 -4.122962509999999678e-03 -2.873327679999999884e-02 5.867402320000000317e-03 5.956897969999999654e-02 -6.557157699999999895e-03
1.276087540000000047e+02 6.802622360000000479e-02 4.047619730000000249e-04 5.733661180000000288e-03 -5.151936730000000048e-02 4.441106069999999940e-03 -2.304339399999999830e-02
1.302925820000000101e+02 7.497561719999999708e-02 -4.434802130000000189e-03 2.794451029999999933e-02 -7.743553420000000298e-02 1.309335629999999924e-02 -2.306789260000000064e-02
1.329973009999999931e+02 6.846347619999999801e-02 4.426534190000000306e-03 5.045711769999999818e-02 -9.622689630000000327e-02 8.887461839999999391e-03 -2.950637290000000107e-02
1.356984099999999955e+02 6.218595739999999844e-02 -2.059456680000000084e-04 7.143463590000000141e-02 -3.388161790000000090e-02 2.142881019999999873e-02 -2.368800080000000099e-02
1.383999410000000125e+02 6.102780370000000093e-02 -1.506073649999999922e-03 6.788885969999999825e-02 2.477291009999999915e-03 1.469704320000000085e-02 -1.793994189999999905e-02
1.411026439999999980e+02 6.536599560000000420e-02 -2.470460419999999900e-03 6.313125420000000043e-02 -5.874997380000000075e-03 -1.750141829999999829e-02 -9.701990820000000806e-03
1.437908009999999877e+02 5.787164749999999802e-02 -4.798673150000000204e-04 6.979919430000000591e-02 4.816845640000000199e-03 -1.493465790000000036e-02 -1.417892209999999965e-02
1.464924570000000017e+02 5.336818139999999905e-02 7.807438679999999763e-03 7.191515210000000435e-02 -4.151571820000000143e-04 3.730321720000000143e-03 5.889934279999999717e-02
1.492036600000000135e+02 5.893574239999999770e-02 4.274983699999999908e-04 6.979390439999999529e-02 3.417135689999999809e-02 -1.642960079999999934e-02 5.137186900000000056e-02
1.519086760000000140e+02 5.678442449999999975e-02 4.523574279999999573e-03 6.680056319999999603e-02 1.070177889999999977e-03 -1.940612060000000000e-02 6.395857829999999911e-02
1.546010349999999960e+02 5.945464009999999744e-02 8.704389119999999397e-03 5.653284249999999955e-02 -2.041112130000000136e-02 1.016460739999999925e-02 9.232114180000000614e-03
1.572959879999999941e+02 6.261070420000000580e-02 1.156906209999999935e-02 5.957958540000000275e-02 -1.994164390000000009e-02 -3.686910710000000039e-03 3.996673180000000214e-02
1.599927539999999908e+02 6.744072080000000635e-02 7.445412920000000004e-03 6.086416370000000131e-02 1.808993130000000060e-02 -6.484057109999999402e-02 2.981818090000000129e-02
1.626928629999999885e+02 7.171099279999999798e-02 -6.091633469999999909e-05 5.272832849999999766e-02 2.599545610000000145e-02 -1.059158200000000043e-02 2.495353980000000055e-02
1.654056600000000117e+02 7.228810870000000610e-02 -4.681696200000000016e-03 5.055457220000000168e-02 3.295482310000000248e-02 -1.054713629999999916e-02 -3.090822039999999854e-02
1.681088479999999947e+02 5.915020359999999949e-02 -2.634049299999999846e-04 4.861668119999999760e-02 5.651496699999999929e-02 -5.403452150000000176e-02 3.531402609999999970e-02
1.708228320000000053e+02 5.917887250000000016e-02 -9.203840950000000132e-03 4.722511680000000128e-02 2.308419889999999836e-02 -9.628552820000000484e-03 -1.489656240000000048e-02
1.735208790000000079e+02 6.602833499999999356e-02 -7.702432589999999753e-03 4.652876449999999997e-02 -1.982426909999999987e-02 -7.038527109999999712e-03 6.152108090000000390e-03
1.762161440000000141e+02 7.026807379999999714e-02 -5.146403509999999612e-03 4.287109590000000303e-02 -2.255101589999999878e-02 2.493948639999999869e-02 -1.787869409999999840e-02
1.789058630000000107e+02 7.278544189999999747e-02 4.301723019999999730e-04 4.449342089999999694e-02 1.735245120000000058e-02 8.148379379999999214e-03 -1.383396270000000067e-02
1.815932229999999947e+02 6.623990150000000354e-02 3.147921250000000008e-03 4.310359729999999751e-02 -8.521703820000000457e-03 -5.294722039999999810e-03 -4.450346680000000221e-02
1.842915189999999939e+02 6.217806800000000300e-02 -1.602538639999999967e-03 5.152521560000000028e-02 3.286262790000000177e-03 1.911347619999999997e-02 -2.597296110000000061e-02
1.869946600000000103e+02 5.817531780000000097e-02 -1.847280380000000148e-05 5.156150389999999972e-02 -2.463725759999999942e-03 -1.602546250000000047e-02 -3.438464799999999683e-02
1.896940820000000087e+02 5.901038000000000117e-02 -3.981548980000000106e-03 5.472943460000000149e-02 1.088142540000000026e-02 -9.656647330000000390e-03 -1.443053329999999940e-02
1.923876909999999896e+02 6.459464909999999838e-02 -8.921568589999999974e-04 5.239691409999999716e-02 -1.149316140000000014e-02 -4.254305910000000246e-02 2.004624509999999860e-02
1.950864100000000008e+02 6.266069539999999383e-02 -1.442263320000000074e-03 6.506660960000000549e-02 -9.596216350000000631e-03 -1.112198380000000049e-02 2.093057129999999905e-02
1.977952689999999905e+02 4.993086249999999920e-02 -4.972727159999999931e-03 6.606620820000000394e-02 1.360042950000000042e-02 -2.654796749999999844e-02 3.182216210000000239e-02
2.005020660000000134e+02 4.793286320000000184e-02 3.717822659999999932e-03 6.027983130000000300e-02 3.752817409999999881e-02 1.102673380000000064e-02 1.874776950000000067e-02
2.032051910000000134e+02 5.367317370000000004e-02 3.284103320000000045e-03 5.266072720000000013e-02 -1.561168299999999946e-02 3.386055590000000039e-03 -1.082362809999999924e-03
2.059210820000000126e+02 6.670441500000000301e-02 5.865501080000000075e-03 5.906010579999999843e-02 9.906906300000000581e-03 8.730406050000000251e-03 -1.167263080000000008e-02
2.086292540000000031e+02 6.478460240000000203e-02 1.762053980000000131e-02 5.986696019999999951e-02 -4.813443550000000119e-03 -3.037044319999999964e-02 -2.633140650000000138e-02
2.113279729999999859e+02 4.824428659999999841e-02 1.617777119999999971e-02 5.665467400000000209e-02 1.259211600000000042e-02 -2.190844689999999970e-02 -1.855793270000000161e-02
2.140275039999999933e+02 5.003155070000000343e-02 9.434299990000000538e-03 5.584846200000000149e-02 1.052043269999999988e-04 -4.152876159999999844e-02 -3.436562759999999689e-02
2.167277229999999975e+02 4.911735739999999878e-02 4.055409000000000271e-03 5.219238250000000218e-02 -2.931646499999999989e-02 7.976382239999999652e-03 8.271982750000000245e-03
2.194306290000000104e+02 4.166205819999999754e-02 7.286890219999999849e-03 4.272999649999999899e-02 1.327766860000000049e-02 -2.623185840000000213e-03 -2.153012060000000089e-02
2.221356130000000064e+02 3.841090059999999889e-02 5.844491000000000269e-03 5.455868080000000203e-02 1.829264379999999933e-03 9.555791290000000687e-03 1.599251590000000042e-02
2.248437069999999949e+02 4.471630449999999812e-02 -1.152566110000000045e-03 6.850114949999999703e-02 6.190376509999999735e-03 -2.433264959999999894e-02 4.212402199999999708e-02
2.275361440000000073e+02 5.484864899999999932e-02 7.526587610000000112e-04 7.294675069999999317e-02 -1.235102989999999935e-02 -3.912458469999999591e-03 4.910125769999999779e-02
2.302330980000000125e+02 4.981299439999999773e-02 -8.385931580000000399e-03 6.882798199999999589e-02 5.067952659999999665e-03 1.791796810000000073e-02 7.243624320000000005e-02
2.329245040000000131e+02 6.013951480000000183e-02 -4.356999109999999849e-03 6.006479060000000092e-02 -1.236716290000000086e-02 -3.771626499999999882e-02 4.216431350000000161e-02
2.356217379999999935e+02 4.660537409999999936e-02 6.526665140000000379e-03 5.302828059999999816e-02 -9.397510410000000508e-03 -5.048590149999999943e-02 4.877357789999999665e-02
2.383222230000000081e+02 4.811849010000000121e-02 4.635118439999999680e-03 5.161671379999999837e-02 -1.898245570000000118e-02 2.699255230000000179e-03 1.407502520000000062e-02
2.410124409999999955e+02 5.511439509999999792e-02 1.324345929999999963e-02 5.336626190000000325e-02 -2.808678540000000140e-02 -3.138121640000000184e-02 2.114341629999999875e-02
2.437145510000000002e+02 6.240896270000000079e-02 1.130736379999999937e-02 5.388986119999999991e-02 -1.990961800000000132e-03 -7.831692799999999746e-03 3.894213249999999970e-03
2.464147849999999949e+02 6.081388909999999731e-02 1.030850690000000014e-02 6.963663929999999724e-02 -2.270379620000000098e-02 7.631042850000000280e-03 3.529690500000000342e-02
2.491137229999999931e+02 5.959881759999999945e-02 5.615070340000000160e-03 6.193890280000000081e-02 -1.127106479999999931e-02 1.563816050000000138e-02 3.053413589999999858e-02
2.518105189999999993e+02 6.002862369999999864e-02 -3.163851179999999791e-03 6.350860740000000004e-02 -2.025531510000000077e-02 1.827314999999999842e-02 6.506236529999999407e-02
2.545100510000000043e+02 6.172447729999999688e-02 -6.712354950000000344e-04 6.461562360000000504e-02 -1.006573449999999953e-02 1.745542890000000014e-03 7.544183309999999421e-02
2.572129410000000007e+02 6.344487640000000261e-02 -1.021551419999999939e-03 5.435168399999999733e-02 3.130246819999999916e-03 1.006227009999999950e-02 8.113254250000000167e-02
2.599234569999999849e+02 6.449401220000000601e-02 -2.186929120000000171e-03 4.222424539999999893e-02 5.205756309999999814e-04 1.212744630000000060e-02 9.209769110000000369e-02
2.626185039999999731e+02 6.945464079999999485e-02 -7.510377929999999475e-04 2.619115530000000122e-02 -4.077685329999999886e-02 3.915211410000000135e-03 5.941469950000000111e-02
2.653235819999999876e+02 7.356693829999999545e-02 1.998170149999999902e-03 8.995595259999999288e-03 1.810602009999999831e-02 1.128486010000000032e-02 4.883852939999999698e-02
2.680382740000000013e+02 8.732235409999999920e-02 1.297393370000000023e-03 -1.628898280000000073e-02 -3.040612380000000045e-02 -1.313032610000000079e-02 -7.282098460000000417e-04
