# a=0.0628778647467665, b=-147.69059976324476, c=-0.001091496394668563, xi=9.502226131230092
7.052830490000000507e-01 7.672927479999999689e-02 9.984506240000000105e-04 4.457631959999999727e-02 -5.795187959999999888e-03 1.810150040000000141e-02 2.016800189999999951e-02
3.402034420000000114e+00 7.691481610000000524e-02 7.228548910000000272e-03 5.240102060000000062e-02 -1.014185909999999920e-02 2.255588559999999881e-02 3.185764239999999692e-02
6.091891920000000127e+00 7.275819159999999397e-02 1.538983239999999926e-02 5.298365330000000262e-02 1.358963799999999937e-02 -1.481673229999999923e-03 -1.033915650000000012e-02
8.789883010000000496e+00 6.786193440000000410e-02 9.014333549999999778e-03 6.153789679999999845e-02 1.650031789999999859e-02 9.585127150000000845e-03 6.024942929999999898e-03
1.148254969999999986e+01 6.713186220000000315e-02 -8.211014829999999922e-04 5.173458169999999717e-02 -3.916077849999999652e-03 -1.653535630000000159e-02 7.769060529999999992e-03
1.417799499999999924e+01 6.345382230000000401e-02 -1.793570609999999921e-03 5.313115179999999826e-02 8.830535759999999165e-03 -3.928076419999999846e-02 -4.986705109999999691e-03
1.688325439999999844e+01 6.224967809999999713e-02 3.501623279999999897e-05 5.256120660000000028e-02 3.543536700000000234e-02 -4.240385480000000151e-02 2.249406010000000108e-02
1.958852320000000091e+01 7.131869200000000297e-02 -5.140597200000000290e-03 5.465705139999999657e-02 2.277191760000000023e-02 -2.859131570000000150e-02 3.868095220000000029e-02
2.228648250000000175e+01 6.888976419999999490e-02 -1.284589820000000063e-02 4.007863309999999679e-02 1.942556969999999911e-02 -1.750711630000000019e-02 1.544106599999999982e-02
2.498263569999999945e+01 7.442666300000000401e-02 -1.384106440000000028e-02 2.602387999999999924e-02 6.331743889999999833e-03 -7.239250620000000150e-03 6.782664300000000590e-02
2.768350129999999965e+01 7.924434499999999382e-02 -2.258152140000000124e-03 7.602671709999999847e-03 2.136907559999999887e-02 -2.076839429999999959e-02 4.725844719999999777e-02
3.038029819999999859e+01 8.432307729999999335e-02 -1.055415050000000103e-03 1.911433159999999937e-03 -2.677759879999999995e-02 -4.185971849999999689e-02 2.412022549999999835e-02
3.308333249999999737e+01 8.385835699999999449e-02 9.773554480000000086e-03 -2.904574910000000051e-02 1.022287589999999920e-02 -1.922449140000000167e-02 -8.442421729999999985e-03
3.576889349999999723e+01 7.294774010000000530e-02 6.397675010000000197e-03 -5.335187579999999680e-02 -1.095681259999999914e-02 -2.121930890000000083e-02 1.262265909999999922e-02
3.847352469999999869e+01 6.947350180000000375e-02 8.307641919999999951e-04 -5.528184729999999908e-02 -2.938266830000000121e-02 -4.107247659999999773e-02 -1.372939020000000024e-02
4.118672939999999727e+01 6.659141849999999918e-02 4.803198090000000350e-03 -5.691467669999999979e-02 3.008329990000000072e-03 -3.045875010000000105e-02 -5.977939670000000094e-02
4.387716220000000078e+01 6.410651320000000652e-02 1.011629690000000019e-02 -6.812215019999999510e-02 -2.196562300000000009e-02 -8.057305069999999569e-02 -4.647410020000000003e-02
4.657559659999999724e+01 5.543029029999999718e-02 5.425106540000000296e-03 -6.706589179999999928e-02 -1.871075170000000010e-02 -3.803584720000000030e-02 -2.516334580000000043e-02
4.927592940000000254e+01 5.542835389999999779e-02 2.699302450000000148e-03 -6.573566409999999360e-02 5.793422909999999728e-04 -3.612344130000000320e-02 -1.188856649999999945e-02
5.197321850000000154e+01 5.977828400000000098e-02 5.021297210000000115e-03 -6.358107459999999544e-02 -1.828362780000000049e-02 1.354094659999999922e-02 -2.913129760000000151e-02
5.467436849999999993e+01 6.733900499999999345e-02 1.066902060000000062e-02 -6.603664809999999774e-02 2.002084620000000106e-02 3.965925320000000115e-02 -2.509302160000000115e-02
5.735919659999999709e+01 5.880696609999999658e-02 1.059111140000000041e-02 -6.468054780000000170e-02 -4.051508959999999826e-02 -1.264104100000000043e-02 2.037742459999999922e-02
6.006796849999999921e+01 5.187235850000000009e-02 2.010893179999999857e-03 -6.224723449999999825e-02 5.589397880000000242e-03 -8.640216019999999528e-04 -1.226545549999999950e-02
6.276360290000000219e+01 6.440043769999999335e-02 -4.974737699999999714e-03 -7.199450039999999440e-02 8.430724060000000311e-03 1.722764460000000136e-02 -4.743699319999999942e-02
6.546869189999999605e+01 5.980833409999999906e-02 -2.646878760000000185e-04 -6.708383739999999873e-02 5.748985219999999847e-03 -9.181764049999999178e-03 -6.202667879999999856e-02
6.817475910000000283e+01 7.063682089999999414e-02 -2.562545030000000263e-04 -6.184080589999999683e-02 1.018086219999999979e-02 -3.571153860000000207e-02 -3.488385360000000046e-02
7.086350439999999651e+01 7.062062719999999405e-02 -1.337003210000000004e-02 -6.534365200000000207e-02 2.039064750000000193e-03 9.960231689999999791e-03 -3.594669419999999699e-02
7.357018720000000656e+01 6.720988059999999376e-02 -8.900334209999999358e-03 -5.960323599999999694e-02 1.134950560000000039e-02 -2.733245449999999882e-02 -1.553332559999999994e-02
7.626585599999999943e+01 6.246598300000000270e-02 6.938727500000000390e-04 -6.679111540000000347e-02 2.292016060000000213e-03 -1.681845319999999977e-02 -2.191952900000000010e-02
7.896083099999999888e+01 5.963730440000000049e-02 -1.998955540000000187e-03 -7.104005959999999675e-02 -1.487738090000000069e-02 -7.887097169999999352e-03 -4.058030919999999764e-02
8.165937160000000006e+01 5.806915969999999760e-02 -6.015697369999999794e-03 -6.613220659999999307e-02 -8.236512419999999710e-03 1.304007200000000108e-03 -1.371970060000000068e-02
8.435349970000000042e+01 5.585471610000000003e-02 -1.139517280000000056e-02 -6.297825190000000406e-02 -2.970661510000000005e-03 -1.298097810000000026e-02 -3.570769709999999791e-02
8.706411850000000641e+01 5.750145770000000128e-02 -1.163183859999999958e-02 -6.085453689999999888e-02 -1.323692389999999927e-02 -5.235932409999999662e-03 -2.309351949999999959e-02
8.976865440000000262e+01 6.628420329999999694e-02 -1.450587969999999997e-02 -5.196142559999999966e-02 2.065979250000000208e-03 2.177300669999999994e-02 -1.301379559999999921e-02
9.246684500000000639e+01 7.291130170000000021e-02 -1.119567689999999976e-02 -5.864656520000000040e-02 6.173159729999999797e-03 -5.877141189999999897e-03 8.280646629999999231e-03
9.516705749999999853e+01 6.567173889999999847e-02 -8.373239220000000191e-03 -6.853314559999999778e-02 -1.359904150000000068e-02 2.678376530000000158e-02 -2.487646040000000142e-02
9.787063720000000444e+01 6.655051330000000265e-02 -3.240029360000000035e-03 -6.122267039999999827e-02 -1.994132159999999904e-02 5.309533460000000205e-02 9.544934190000000035e-04
1.005738060000000047e+02 5.521224219999999738e-02 -9.786180420000000282e-03 -6.690832900000000250e-02 -1.258887210000000055e-02 1.648474850000000019e-02 -4.967803640000000021e-02
1.032780089999999973e+02 6.096180469999999685e-02 5.647995020000000192e-03 -6.314489169999999707e-02 1.855167279999999849e-02 2.696266860000000147e-03 -4.273768990000000045e-02
1.059823370000000011e+02 6.453730309999999859e-02 -4.601288060000000013e-03 -7.339292570000000016e-02 -1.898275259999999964e-02 3.506260010000000066e-02 -6.375305389999999517e-02
1.086952900000000000e+02 6.164899409999999996e-02 -2.736945079999999857e-03 -7.219475960000000525e-02 3.439764380000000232e-02 3.300595900000000138e-02 -8.821676790000000656e-02
1.113882899999999978e+02 6.204010110000000161e-02 -9.392058050000000671e-03 -7.756082649999999912e-02 2.893913210000000069e-02 1.239994229999999940e-02 -6.740787330000000410e-02
1.140977280000000036e+02 6.690177149999999850e-02 -6.475669849999999943e-03 -6.350614159999999619e-02 1.424693450000000076e-02 -3.375986050000000238e-02 -5.983915869999999887e-02
1.167890869999999950e+02 6.637065100000000273e-02 3.407133079999999804e-03 -6.625300589999999490e-02 -7.337038039999999777e-04 -2.159425380000000103e-02 -7.323982079999999395e-02
1.194940720000000027e+02 6.395158530000000230e-02 1.010063970000000077e-05 -6.144739639999999975e-02 -1.747399739999999993e-02 -2.003753779999999964e-03 -3.913306220000000064e-03
1.221989930000000015e+02 5.401769540000000286e-02 7.639923570000000178e-03 -5.839634610000000309e-02 1.292472029999999902e-03 4.091038389999999969e-02 -4.542460630000000332e-02
1.248969000000000023e+02 5.477403420000000189e-02 7.229021139999999629e-04 -5.279798129999999784e-02 -1.783366910000000125e-02 1.401502710000000068e-02 -8.979524710000000645e-03
1.275993679999999983e+02 5.976785219999999899e-02 -1.827210350000000021e-03 -5.652642229999999685e-02 1.659488820000000128e-02 -6.430685309999999849e-03 -6.678655669999999933e-02
1.302914309999999887e+02 5.965370219999999862e-02 1.347241909999999940e-03 -5.512401539999999683e-02 -1.238844950000000077e-02 -4.841243759999999847e-03 -7.139085160000000103e-03
1.329978839999999991e+02 6.726238800000000628e-02 -3.771326639999999803e-03 -5.195748809999999746e-02 -2.683809959999999828e-02 -3.600234880000000026e-02 -5.614217529999999956e-02
1.357011809999999912e+02 6.998219549999999678e-02 7.656026839999999700e-04 -6.308462650000000449e-02 -2.108191780000000064e-03 -4.527439719999999668e-02 -7.212265980000000243e-02
1.383906179999999893e+02 6.391042219999999718e-02 -1.595180959999999929e-03 -5.802979829999999756e-02 -7.449336860000000012e-03 1.605869169999999888e-02 -5.974687399999999843e-02
1.411029470000000003e+02 6.509627760000000207e-02 6.418755869999999940e-03 -3.783074510000000029e-02 2.914345750000000082e-02 3.109390089999999884e-02 -3.522414609999999918e-02
1.438150400000000104e+02 7.142001239999999640e-02 1.207711040000000041e-02 -1.805177800000000096e-02 1.230156190000000066e-02 6.167109120000000000e-02 -3.767695659999999863e-02
1.465183680000000095e+02 6.340917379999999604e-02 6.538721089999999583e-03 -1.029674069999999934e-02 -5.615819860000000226e-03 4.310534709999999659e-02 -5.008602479999999663e-02
1.492165090000000021e+02 7.037477709999999387e-02 1.156082630000000028e-02 9.815063779999999224e-03 -1.350603400000000009e-02 1.604700300000000066e-02 -3.421132780000000345e-02
1.519115869999999973e+02 6.946253280000000419e-02 4.149606240000000036e-03 2.080547799999999878e-02 -1.797705429999999936e-04 -3.569454390000000032e-02 -2.147557129999999939e-02
1.546131340000000023e+02 7.385325189999999984e-02 1.071538409999999927e-02 3.944816939999999661e-02 1.982149680000000209e-03 8.953707610000000150e-03 2.532059609999999863e-02
1.573088679999999897e+02 6.603171759999999779e-02 4.790853099999999899e-03 4.613862700000000150e-02 -2.217089200000000107e-02 5.498423560000000043e-02 3.059745930000000100e-02
1.600086180000000127e+02 6.446042840000000551e-02 3.618689650000000025e-03 5.574752480000000343e-02 -1.750456010000000021e-03 4.634907430000000106e-02 3.291410780000000175e-02
1.627131970000000081e+02 6.608426130000000231e-02 -5.827759029999999727e-04 5.737799610000000189e-02 -7.130419129999999994e-02 -1.144823090000000046e-04 8.446682150000000763e-03
1.654108679999999936e+02 6.234271019999999830e-02 -3.067053330000000123e-03 6.147102659999999913e-02 -4.864389770000000085e-02 -2.270706420000000170e-02 1.944443330000000109e-02
1.681145559999999932e+02 7.496286150000000537e-02 -4.296529860000000353e-03 5.897428350000000208e-02 -1.024226990000000059e-01 -1.714590200000000106e-02 -1.177867489999999970e-03
1.708174930000000131e+02 6.584893629999999387e-02 -6.559125600000000056e-03 6.193208099999999994e-02 -6.068413739999999751e-02 -2.944683869999999842e-02 -2.581481780000000059e-02
1.735139619999999923e+02 6.002447169999999832e-02 -9.851920429999999271e-03 5.714063259999999783e-02 -6.278291119999999947e-02 -3.059700079999999947e-02 -3.001296679999999883e-02
1.762118680000000097e+02 6.243176739999999753e-02 -1.758477890000000043e-02 5.980015500000000067e-02 -3.850589150000000016e-02 1.981474189999999844e-02 6.077217779999999694e-03
1.789142750000000035e+02 6.874364130000000517e-02 -1.266381590000000001e-02 6.152890049999999722e-02 -7.411195269999999724e-02 4.734647389999999817e-02 3.012392540000000118e-02
1.816148530000000108e+02 6.459828569999999381e-02 -4.978356790000000066e-03 6.980813800000000569e-02 -3.144389160000000266e-02 -1.521876959999999938e-02 3.850600290000000172e-03
1.843163839999999993e+02 5.843661189999999755e-02 -1.040030529999999998e-03 6.805120239999999654e-02 -1.577830900000000078e-02 -1.274982830000000004e-02 -1.239706569999999945e-02
1.870115399999999966e+02 5.859780769999999722e-02 1.041501700000000037e-03 6.581609500000000501e-02 3.884371550000000149e-03 -1.352611140000000052e-02 -3.622885390000000344e-02
1.897213680000000124e+02 5.817801560000000066e-02 6.722947509999999648e-03 6.860583169999999453e-02 -4.032921300000000264e-02 5.656604099999999573e-03 5.595867089999999669e-03
1.924199309999999912e+02 5.981230979999999781e-02 2.105779319999999920e-03 5.654819230000000113e-02 -7.277422270000000193e-02 1.781174619999999903e-02 1.040171389999999980e-02
1.951227279999999951e+02 6.202943880000000298e-02 1.515960769999999923e-02 6.446769010000000244e-02 -5.714267530000000095e-02 4.244898830000000032e-04 -1.299966339999999998e-02
1.978268529999999998e+02 5.862049059999999839e-02 7.241514880000000064e-03 6.850621980000000388e-02 -2.145104509999999978e-02 -3.354353019999999769e-02 -2.299301860000000156e-02
2.005170559999999966e+02 5.810630430000000152e-02 6.291505129999999668e-03 7.651882209999999462e-02 -6.060414989999999592e-03 -8.037532899999999883e-03 4.595530560000000292e-02
2.032207750000000033e+02 5.904110459999999810e-02 -4.993227579999999673e-03 6.630414060000000553e-02 -1.338021669999999927e-02 -1.578818749999999840e-02 2.140849629999999962e-02
2.059242429999999899e+02 5.653738049999999793e-02 -1.106548490000000030e-02 6.455954989999999893e-02 7.891095960000000381e-03 -5.325279279999999699e-02 -1.141513840000000016e-02
2.086220720000000028e+02 5.111007809999999763e-02 -1.656011289999999997e-02 6.724538419999999406e-02 -5.596483699999999775e-05 -1.264233780000000029e-02 -6.674083709999999690e-03
2.113315249999999992e+02 4.946220739999999949e-02 -1.812790020000000155e-02 6.570230879999999773e-02 -2.236524299999999993e-02 2.160860690000000056e-02 1.517252620000000092e-03
2.140224149999999952e+02 5.732446959999999703e-02 -1.432084970000000075e-02 6.073672609999999916e-02 -4.946410999999999863e-02 1.029822359999999978e-02 4.066308200000000317e-02
2.167285720000000140e+02 6.563245619999999447e-02 -1.102777580000000035e-02 5.606820810000000266e-02 -3.907044090000000303e-02 -2.390951059999999948e-02 1.934856230000000024e-02
2.194193999999999960e+02 6.879832619999999566e-02 -1.317317030000000021e-03 5.521476570000000139e-02 3.728626770000000035e-02 -1.227212830000000074e-02 4.687353319999999768e-02
2.221123839999999916e+02 6.787302369999999307e-02 3.007608279999999905e-03 5.082373149999999673e-02 6.562165209999999693e-02 -6.500716769999999659e-03 4.148838889999999918e-02
2.248193530000000067e+02 6.198181090000000337e-02 3.531274269999999833e-03 5.668788859999999985e-02 -1.380798090000000082e-02 3.723562779999999711e-02 1.314715600000000012e-02
2.275317900000000009e+02 6.070104590000000022e-02 6.481254019999999581e-03 5.797262229999999850e-02 -5.672069739999999888e-02 -1.815736100000000033e-02 2.255430480000000099e-02
2.302410559999999862e+02 5.971101969999999953e-02 6.115532449999999849e-03 5.576273889999999733e-02 -3.358496710000000163e-02 -2.269605010000000020e-02 -2.133990420000000162e-03
2.329407750000000021e+02 5.238312170000000018e-02 6.508543959999999948e-03 5.769537400000000066e-02 -6.535861719999999653e-02 -5.255024710000000265e-02 1.334418809999999948e-02
2.356386029999999892e+02 4.604635680000000036e-02 6.474890480000000323e-03 5.008282380000000228e-02 -6.559224119999999825e-02 -7.491198429999999797e-02 4.785615499999999745e-02
2.383525869999999998e+02 4.836488709999999663e-02 5.881545059999999936e-03 5.526791510000000213e-02 -4.619133289999999975e-02 -3.436172769999999710e-02 -1.807537479999999849e-02
2.410542749999999899e+02 4.902194149999999917e-02 1.103028569999999972e-02 6.091100029999999693e-02 -2.013722509999999952e-02 -2.049260079999999998e-02 1.437830409999999934e-02
2.437644469999999899e+02 5.539675179999999782e-02 -3.259298830000000253e-04 6.597679289999999752e-02 -4.357373309999999778e-02 -5.600459330000000235e-02 -1.916676670000000068e-02
2.464671649999999943e+02 6.469377430000000651e-02 7.078039000000000379e-03 6.441990890000000303e-02 -1.596488149999999995e-02 -7.113410659999999663e-03 6.807660100000000351e-04
2.491816650000000095e+02 6.263449409999999329e-02 -1.935612549999999937e-03 7.212874160000000423e-02 3.628371379999999809e-03 3.707513550000000185e-02 -3.975508430000000010e-03
2.518726810000000000e+02 6.118382990000000021e-02 3.246242400000000014e-03 6.099404850000000183e-02 2.520499450000000113e-02 2.883469950000000157e-02 2.282264469999999851e-02
2.545795090000000016e+02 6.089005480000000275e-02 -2.768264299999999983e-03 6.251587969999999883e-02 2.510773170000000012e-02 2.069322259999999830e-02 1.765536410000000112e-02
2.572804310000000214e+02 5.752773399999999704e-02 -1.064941250000000107e-03 6.534737129999999838e-02 -4.139087970000000088e-02 -3.035269620000000113e-02 4.399108829999999817e-03
2.599857749999999896e+02 5.816081590000000273e-02 -5.282861649999999812e-03 6.027720570000000277e-02 -3.293467180000000244e-02 -4.620402009999999976e-03 8.703641620000000800e-03
2.626719929999999863e+02 7.082087039999999944e-02 -9.685780150000000005e-03 5.568845120000000259e-02 -1.920673070000000066e-02 -3.831030540000000123e-02 2.158637160000000110e-02
2.653646340000000237e+02 6.961264390000000690e-02 -7.433470789999999627e-03 4.910745049999999667e-02 4.181076740000000229e-03 -3.432081700000000346e-02 2.900968409999999872e-02
2.680539800000000241e+02 7.175853170000000281e-02 1.623886449999999886e-04 5.177741999999999761e-02 1.849466550000000101e-03 1.978270080000000056e-02 8.406331279999999795e-02
