# a=0.06611415153884888, b=-154.04742113641154, c=0.001522577422392423, xi=6.154976287632964
6.858049800000000085e-01 6.257550770000000484e-02 1.607459959999999952e-02 3.469287389999999721e-02 -1.079216820000000049e-02 1.894356499999999902e-02 8.754277200000000481e-03
3.390671600000000119e+00 5.927573490000000167e-02 2.189186699999999888e-02 3.007332700000000039e-02 -2.036075659999999829e-02 5.795337809999999597e-03 -3.663020449999999928e-02
6.080847069999999910e+00 6.570598480000000574e-02 1.988661129999999902e-02 1.059938820000000045e-02 -1.663255640000000160e-02 3.546110250000000189e-05 2.644721960000000118e-03
8.784234420000000654e+00 7.485723360000000326e-02 1.558975209999999972e-02 2.313662600000000117e-04 -1.012407180000000038e-02 -3.249209039999999965e-02 2.088892560000000023e-02
1.148902690000000071e+01 7.449465510000000124e-02 1.343146830000000076e-02 -1.866557370000000021e-02 6.065771089999999607e-04 -2.189341649999999861e-02 -7.444171189999999969e-04
1.418092689999999934e+01 7.253480639999999868e-02 9.475409389999999918e-03 -3.049144809999999872e-02 3.203811019999999732e-02 -8.299861990000000772e-03 2.798999049999999905e-02
1.687478469999999930e+01 7.819343580000000238e-02 1.232237599999999947e-02 -3.990731919999999933e-02 1.685431349999999898e-02 -1.344911170000000038e-02 2.570180609999999852e-02
1.957647220000000132e+01 7.392608450000000275e-02 4.610593470000000360e-03 -4.782432610000000167e-02 -1.034267319999999934e-02 -2.123396950000000158e-02 1.944344640000000022e-03
2.227878630000000015e+01 7.194697170000000086e-02 7.336162119999999759e-03 -4.678111909999999735e-02 2.385091859999999807e-03 -4.258331050000000416e-03 -4.037883159999999805e-02
2.498331280000000021e+01 7.665153719999999449e-02 1.561076469999999987e-02 -4.954411880000000185e-02 2.613976720000000045e-02 -7.222949369999999598e-03 -1.949933400000000011e-02
2.767484100000000069e+01 6.793881570000000203e-02 7.879175469999999404e-03 -6.601155749999999822e-02 4.433862849999999772e-02 -2.425942160000000083e-02 2.901543969999999945e-02
3.038321910000000159e+01 6.749989979999999890e-02 9.716644300000000511e-03 -6.001519219999999766e-02 1.968674700000000097e-02 -1.028995889999999996e-02 -7.780537750000000169e-03
3.308305500000000166e+01 7.033248390000000627e-02 3.571290590000000213e-03 -6.933134159999999879e-02 6.656053999999999790e-03 -3.734776630000000066e-03 5.018400210000000146e-03
3.578276749999999851e+01 6.803778280000000178e-02 2.979506570000000146e-03 -6.497840100000000507e-02 3.789265280000000263e-02 -5.106765900000000136e-02 4.442333870000000212e-02
3.848567380000000071e+01 6.173604039999999737e-02 9.474421539999999808e-04 -6.450811709999999810e-02 6.132151310000000244e-03 -5.933080000000000298e-02 3.470179909999999979e-02
4.117837070000000210e+01 6.266242789999999785e-02 4.086382209999999977e-04 -5.607460959999999855e-02 1.839400849999999962e-02 -2.432673210000000155e-02 2.938503090000000109e-02
4.387139249999999890e+01 6.282870279999999696e-02 -1.203313160000000007e-02 -6.021989369999999897e-02 7.403046659999999723e-02 -7.554730190000000060e-03 -1.237861799999999922e-02
4.656060500000000246e+01 6.527541839999999318e-02 -1.270139399999999953e-02 -5.350111999999999923e-02 9.243537500000000018e-02 -8.428169859999999278e-03 5.383610199999999679e-03
4.927824569999999937e+01 6.922505310000000300e-02 -7.985572450000000613e-03 -5.376929419999999793e-02 1.886094909999999972e-02 1.046369410000000041e-02 -2.269806900000000127e-02
5.198027539999999647e+01 7.758341970000000309e-02 -7.324022250000000213e-03 -6.338323499999999611e-02 -5.587490659999999609e-03 4.112649179999999793e-02 1.434700939999999925e-02
5.467076130000000234e+01 7.268107299999999882e-02 -5.120372770000000164e-03 -5.890158980000000100e-02 9.878164760000000474e-03 1.798567369999999957e-02 4.020856860000000116e-02
5.737156600000000140e+01 6.418300970000000161e-02 -1.073086480000000039e-03 -5.901635350000000030e-02 -7.998066879999999809e-03 2.236480520000000069e-02 -1.160273310000000009e-02
6.006076910000000169e+01 6.215917280000000239e-02 -5.460983939999999696e-03 -6.661836109999999533e-02 4.693834329999999749e-02 1.243106079999999926e-02 -3.080132450000000119e-02
6.276175030000000277e+01 6.216078359999999831e-02 -1.253422140000000004e-03 -6.559858909999999321e-02 6.729237350000000228e-02 1.681155109999999883e-02 -6.800965559999999892e-04
6.545529720000000395e+01 5.694434269999999743e-02 -2.861747280000000171e-03 -7.393520339999999635e-02 7.170368870000000394e-02 -5.511617009999999865e-03 -1.342989349999999978e-02
6.816065969999999652e+01 4.823566020000000232e-02 6.086585480000000076e-03 -7.004815080000000027e-02 4.737097459999999732e-02 -3.446100579999999969e-02 5.258790099999999766e-03
7.086165499999999895e+01 5.411325019999999736e-02 1.131585390000000059e-02 -5.952681139999999732e-02 7.192227330000000585e-02 1.632503169999999920e-02 -1.990488489999999930e-02
7.355633939999999882e+01 4.836113780000000223e-02 1.320454249999999941e-02 -5.786079470000000252e-02 -6.324830519999999692e-03 -2.231647750000000097e-02 7.770217179999999724e-02
7.626904249999999763e+01 5.615739830000000127e-02 1.487982109999999927e-02 -5.748001209999999833e-02 1.543127560000000058e-02 -2.320481679999999991e-03 4.293126430000000077e-02
7.896075820000000078e+01 5.244026069999999790e-02 1.460787879999999976e-02 -6.323812889999999576e-02 -4.323852179999999705e-03 8.574314930000000168e-03 5.452975150000000104e-02
8.166755969999999820e+01 5.346626129999999810e-02 1.583685519999999958e-02 -6.416678330000000208e-02 2.219253909999999858e-02 9.825906690000000415e-03 5.052483549999999685e-02
8.436212539999999649e+01 4.914341480000000012e-02 3.292342189999999860e-03 -7.642056140000000330e-02 4.544584539999999701e-02 4.408308699999999997e-02 3.183981679999999675e-02
8.707294880000000603e+01 5.218212500000000281e-02 5.352382739999999792e-03 -6.618550119999999648e-02 5.818423699999999976e-02 6.435292720000000688e-02 4.558536190000000293e-02
8.976825820000000533e+01 5.514266880000000259e-02 4.429575009999999792e-03 -6.717641409999999813e-02 6.450715429999999417e-02 -1.291431770000000048e-02 -2.416258520000000212e-03
9.247591130000000703e+01 5.755067879999999775e-02 7.391330419999999832e-03 -6.603230710000000669e-02 1.379150680000000052e-02 -4.458182239999999852e-02 -4.720712500000000256e-02
9.517628159999999582e+01 6.755472449999999629e-02 4.843646329999999611e-03 -6.049729549999999928e-02 1.702963190000000154e-02 -2.884710529999999842e-02 -5.269970620000000161e-02
9.787999569999999494e+01 6.327158119999999608e-02 7.085034920000000264e-03 -5.882618080000000249e-02 2.127907919999999856e-02 -2.034783940000000138e-02 -1.831354990000000002e-02
1.005926209999999941e+02 5.359157199999999704e-02 8.593953459999999558e-03 -6.802460209999999785e-02 4.967986049999999904e-02 -1.913836030000000063e-02 -2.776765100000000083e-02
1.032970580000000069e+02 5.343378829999999996e-02 6.978429589999999780e-03 -6.350580420000000170e-02 3.292657820000000068e-02 1.804000849999999948e-02 -1.865919159999999966e-02
1.060044330000000059e+02 5.715100060000000148e-02 3.399758729999999805e-03 -6.756154329999999875e-02 4.591793720000000162e-02 -3.133443250000000208e-02 -3.461394190000000037e-02
1.087010109999999941e+02 6.353378649999999461e-02 -2.140519620000000140e-03 -6.191613339999999660e-02 -8.097984199999999980e-03 -2.134670870000000137e-02 -6.033564420000000345e-02
1.114073240000000027e+02 6.424211400000000294e-02 4.557687220000000358e-03 -6.661228269999999729e-02 1.187611039999999932e-03 -1.893801980000000065e-02 -9.160160600000000208e-02
1.141044799999999952e+02 6.206932230000000023e-02 3.247311249999999989e-03 -6.961849309999999791e-02 2.331108269999999927e-02 2.376216030000000146e-02 -6.949809869999999667e-02
1.167976050000000043e+02 6.217623039999999740e-02 -6.644095980000000240e-04 -7.091705090000000045e-02 7.095227799999999363e-02 2.392233289999999915e-02 -1.193625949999999915e-02
1.194898390000000035e+02 6.111232689999999967e-02 6.154190220000000343e-03 -5.903597969999999778e-02 4.650391439999999876e-02 2.758028100000000163e-02 4.696489370000000302e-02
1.221901990000000069e+02 6.898317099999999591e-02 3.228092909999999947e-03 -5.475428539999999816e-02 5.766436230000000079e-02 3.031114879999999984e-02 1.611892389999999842e-02
1.248913859999999971e+02 6.871718659999999368e-02 -1.409048050000000002e-04 -6.945984430000000376e-02 -7.049491629999999828e-03 2.857213549999999911e-03 -3.895075170000000114e-02
1.275953860000000049e+02 6.397393129999999484e-02 -1.512361459999999940e-03 -5.738106529999999900e-02 5.350597110000000073e-02 -2.809301479999999976e-02 -5.958613060000000211e-02
1.303076049999999952e+02 7.113858139999999775e-02 -2.801309780000000010e-03 -6.719694869999999487e-02 1.117738320000000000e-02 -5.868718690000000043e-02 -6.414587720000000659e-02
1.330051359999999931e+02 7.507910669999999509e-02 -7.970798609999999590e-03 -5.861196300000000303e-02 4.314240269999999877e-02 -7.410108890000000233e-03 4.332272889999999772e-03
1.357055890000000034e+02 6.018434229999999885e-02 -6.499933539999999850e-03 -5.906821319999999709e-02 -9.258461210000000843e-03 -2.100570230000000163e-02 4.999154440000000421e-03
1.384097930000000076e+02 5.464015989999999878e-02 -6.109025260000000394e-03 -6.509019839999999335e-02 -1.298172539999999965e-02 1.934736530000000102e-03 -9.553921729999999626e-03
1.411069180000000074e+02 6.103184660000000178e-02 6.551547209999999608e-04 -7.009233400000000613e-02 -3.356851830000000259e-02 1.438910340000000045e-02 -2.361005229999999996e-02
1.438008710000000008e+02 6.748860689999999773e-02 3.516245150000000142e-03 -6.912800269999999636e-02 4.288098690000000102e-02 4.111707109999999943e-02 -1.413033900000000044e-02
1.464947769999999991e+02 7.190617350000000352e-02 5.700557379999999542e-04 -5.695068899999999879e-02 -2.753759000000000068e-02 3.905668100000000281e-02 -4.738635850000000316e-02
1.491825580000000002e+02 7.380765270000000378e-02 -3.235083599999999913e-03 -4.198175769999999696e-02 -3.481007509999999722e-02 -4.159532979999999713e-02 -1.169107760000000044e-02
1.518785739999999862e+02 7.450799930000000237e-02 4.094188050000000250e-04 -1.816376999999999922e-02 -2.310167020000000043e-02 1.912470999999999963e-02 -8.079252340000000684e-03
1.545802300000000002e+02 7.673426229999999459e-02 -8.438025420000000096e-03 1.098609019999999964e-02 -6.549824800000000370e-03 1.562063349999999982e-02 4.038843059999999707e-02
1.572725890000000106e+02 7.528790259999999790e-02 -2.629334679999999983e-03 2.975953760000000017e-02 -2.407562280000000166e-02 1.090660279999999989e-02 4.777918409999999672e-02
1.599841360000000066e+02 7.408923609999999715e-02 -5.296544410000000348e-03 5.116888759999999731e-02 2.039739930000000062e-02 5.112763969999999797e-02 7.007919109999999341e-02
1.626860890000000097e+02 6.815286919999999360e-02 -1.061818919999999930e-02 5.862130740000000284e-02 -5.358780520000000144e-03 2.063964440000000053e-02 4.049131980000000158e-02
1.653793080000000089e+02 6.897124220000000472e-02 -8.309483209999999481e-03 5.845262739999999846e-02 5.908394570000000297e-03 2.433083300000000049e-03 1.070516330000000071e-02
1.680865890000000036e+02 6.267038369999999858e-02 -1.252033339999999995e-02 5.860686489999999971e-02 1.051960470000000078e-02 1.049620839999999920e-03 1.017599670000000033e-03
1.707911679999999990e+02 5.589715270000000097e-02 -1.489145149999999973e-02 6.888447940000000380e-02 -3.000060269999999928e-03 -3.852718670000000040e-02 2.760613420000000012e-02
1.734915579999999977e+02 5.765637009999999979e-02 -3.004167339999999804e-03 7.153770160000000322e-02 -2.831394210000000126e-03 1.909842900000000010e-02 2.427312109999999953e-02
1.761917610000000138e+02 4.981464439999999660e-02 -4.001008720000000067e-03 7.317441019999999796e-02 1.268276829999999931e-02 1.287864179999999997e-02 6.424038880000000618e-02
1.788933710000000019e+02 4.363200949999999911e-02 4.585201029999999567e-03 7.329548469999999649e-02 -2.691446549999999827e-02 5.997371649999999610e-03 3.389138199999999768e-02
1.816101360000000113e+02 4.918049580000000143e-02 -1.778872329999999901e-03 7.034989319999999935e-02 -2.444029370000000076e-02 4.931619059999999694e-03 -1.384809560000000057e-02
1.843125890000000027e+02 5.266859980000000024e-02 -9.527071449999999740e-04 6.709419950000000687e-02 -8.193209590000000153e-03 5.029180220000000270e-03 3.051663520000000014e-04
1.870083860000000016e+02 5.967727059999999861e-02 9.637033580000000862e-03 6.377105110000000354e-02 4.124825910000000199e-03 2.743368300000000037e-02 3.518173150000000055e-02
1.897140890000000013e+02 6.031815780000000099e-02 1.116835010000000010e-02 5.913378200000000279e-02 -5.286680699999999787e-04 -2.599897240000000054e-02 2.399095500000000131e-03
1.924188080000000127e+02 6.272623099999999341e-02 3.625386500000000144e-03 6.239753289999999675e-02 -1.950832619999999865e-02 -2.785183000000000103e-02 1.613301370000000054e-02
1.951072929999999985e+02 5.466982349999999907e-02 7.441924709999999700e-03 6.966192429999999713e-02 4.775860380000000044e-03 -3.585164090000000133e-03 4.960581339999999700e-02
1.978220269999999914e+02 4.794103749999999858e-02 1.032365439999999995e-02 7.902480829999999901e-02 2.548409280000000013e-02 1.184328129999999944e-02 7.668047040000000591e-02
2.005274180000000115e+02 6.072128339999999930e-02 -2.672319910000000090e-03 7.396537109999999637e-02 -6.008767370000000184e-03 -5.843236079999999943e-02 2.662426010000000162e-02
2.032396830000000136e+02 5.999787919999999969e-02 -2.323287119999999898e-04 7.320363430000000060e-02 2.469555030000000068e-02 -5.257799660000000291e-02 1.347462120000000006e-02
2.059268240000000105e+02 6.275163120000000483e-02 4.516166089999999918e-03 7.376433590000000540e-02 -4.216691139999999825e-04 -4.212354470000000128e-02 2.663599259999999830e-02
2.086386210000000005e+02 6.890001980000000359e-02 5.834722480000000336e-03 7.147395619999999394e-02 1.290867570000000034e-02 -5.217161559999999865e-02 3.418226509999999774e-02
2.113327610000000050e+02 5.930903519999999873e-02 4.758814870000000093e-03 6.466778850000000356e-02 1.141858990000000100e-03 -1.052719929999999977e-02 4.152879999999999766e-02
2.140434329999999932e+02 5.828365960000000262e-02 1.829406260000000046e-03 6.722314520000000071e-02 1.758944860000000165e-02 5.402969530000000138e-03 -1.299671890000000073e-02
2.167446989999999971e+02 6.303957970000000077e-02 -1.607435649999999945e-03 6.878765609999999697e-02 1.444180089999999930e-02 -2.146923510000000104e-02 1.488045349999999982e-02
2.194318550000000130e+02 6.925623629999999586e-02 -5.507773090000000170e-03 6.348818430000000013e-02 1.155772329999999945e-02 3.949025879999999711e-02 3.434600980000000053e-02
2.221421679999999981e+02 6.648714690000000205e-02 1.570223070000000085e-03 6.294907839999999699e-02 -1.030967189999999929e-02 1.517005540000000013e-02 7.443169489999999777e-02
2.248401519999999891e+02 6.466097279999999392e-02 4.283600670000000180e-03 6.392356509999999603e-02 -2.614286060000000148e-02 5.277961979999999838e-03 5.224985580000000157e-02
2.275414490000000001e+02 6.612913460000000021e-02 5.177768749999999733e-03 6.011692939999999791e-02 -4.478404200000000307e-02 -1.439770190000000047e-02 6.359934609999999544e-02
2.302269489999999905e+02 6.890047380000000055e-02 9.410000849999999167e-03 6.064672460000000015e-02 -2.255802510000000025e-02 3.973888360000000369e-03 6.269338559999999838e-02
2.329214489999999955e+02 6.761187509999999623e-02 1.268737789999999956e-02 5.954879460000000319e-02 -4.652235960000000031e-02 -1.255687320000000058e-02 4.519816430000000301e-02
2.356186680000000138e+02 6.799717950000000455e-02 8.095790690000000123e-03 6.077937700000000248e-02 -6.574974449999999859e-03 1.806771880000000025e-02 8.348863139999999905e-02
2.383135739999999885e+02 6.841242509999999333e-02 5.964483579999999875e-03 6.169665760000000304e-02 -3.181987049999999984e-02 -3.902594619999999806e-03 8.042284739999999710e-02
2.410167610000000025e+02 6.642331660000000415e-02 7.198142620000000380e-03 5.836034179999999988e-02 9.447336020000000542e-03 -1.484224219999999948e-02 5.342953219999999753e-02
2.437049959999999942e+02 6.338122609999999324e-02 6.940589869999999606e-03 5.258324479999999801e-02 -1.964663820000000019e-02 -2.387856680000000065e-02 2.391212720000000097e-02
2.464090579999999875e+02 6.704783009999999710e-02 4.582920009999999836e-03 5.873890660000000152e-02 -3.297376429999999969e-02 -3.491661409999999993e-02 3.126396399999999826e-02
2.491030739999999923e+02 6.956745290000000692e-02 1.410249229999999999e-02 6.475072219999999934e-02 -1.597243519999999931e-02 -3.617601320000000259e-02 5.933809710000000071e-02
2.518166050000000098e+02 7.426311030000000424e-02 3.503307719999999934e-03 6.842850089999999441e-02 -9.492675659999999863e-03 -3.613191679999999684e-02 8.252830390000000238e-02
2.545100270000000080e+02 7.243219889999999439e-02 9.358562629999999175e-03 6.378000899999999862e-02 -3.933124229999999943e-02 -4.482469750000000336e-02 9.112128429999999391e-02
2.572199180000000069e+02 6.610218419999999706e-02 9.805751979999999257e-03 5.776872100000000204e-02 2.768713500000000074e-03 -2.488824840000000010e-02 4.233211860000000298e-02
2.599203549999999723e+02 6.834845080000000184e-02 2.213034870000000001e-03 5.363106539999999700e-02 -3.446450399999999997e-02 -2.143944940000000118e-02 3.053478800000000021e-02
2.626212770000000205e+02 7.140673929999999392e-02 6.632947470000000005e-03 5.254120909999999978e-02 -7.149961330000000059e-02 -6.702353749999999475e-04 2.935808070000000061e-02
2.653232459999999833e+02 6.672705019999999876e-02 8.796257409999999263e-03 5.167293800000000159e-02 -9.708756259999999638e-02 -1.726895860000000026e-03 -5.124157669999999769e-03
2.680389799999999809e+02 6.211273949999999988e-02 1.231675540000000055e-02 3.971476859999999859e-02 -7.545196429999999344e-02 -1.688840910000000139e-02 -2.173870790000000108e-02
