# a=0.06292589132107355, b=-136.67524978298513, c=-0.004574584844195865, xi=9.07703147032362
7.121063210000000421e-01 6.419069510000000034e-02 1.107927769999999916e-02 4.751300940000000028e-02 4.406253320000000188e-03 3.838191010000000089e-04 3.461323639999999702e-02
3.415565359999999995e+00 6.945494439999999603e-02 1.248393979999999973e-02 3.872019089999999969e-02 1.257708450000000026e-02 -1.383303339999999992e-02 1.188304119999999964e-02
6.116598019999999636e+00 7.817703239999999887e-02 5.860271119999999750e-03 3.220520379999999849e-02 -6.472689859999999906e-02 -2.610642900000000044e-02 1.673473769999999847e-02
8.810547240000000002e+00 8.010220669999999765e-02 5.577333959999999924e-03 3.590005250000000148e-02 1.374944409999999916e-02 -2.189578240000000092e-02 2.283126300000000095e-02
1.149582009999999954e+01 8.300539079999999514e-02 3.419873449999999860e-03 2.414079790000000017e-02 -2.497973969999999974e-02 -1.246816400000000033e-02 2.563580849999999925e-02
1.420379510000000067e+01 8.499710000000000598e-02 4.416708970000000119e-04 -5.418551800000000022e-03 -9.189096000000000763e-03 -1.978111930000000032e-02 7.047819949999999979e-03
1.688871539999999882e+01 8.398576280000000227e-02 -9.687115950000000156e-03 -7.585774850000000062e-03 1.550951530000000030e-02 -4.247641469999999947e-02 3.501751549999999880e-02
1.959702790000000050e+01 8.290145379999999675e-02 -1.022895780000000060e-02 -2.038992549999999945e-02 -3.241456859999999884e-02 -2.616988439999999930e-02 1.940268889999999941e-02
2.228111850000000160e+01 8.190554469999999920e-02 -1.322355109999999966e-02 -3.189844979999999913e-02 -9.044585440000000795e-03 7.643307059999999986e-03 -1.320716369999999987e-02
2.499609510000000157e+01 7.010847350000000422e-02 -7.133480830000000356e-03 -4.883847720000000087e-02 -4.103994889999999784e-02 1.800645999999999844e-02 -4.107567480000000326e-02
2.768237470000000044e+01 7.449217760000000077e-02 -1.862226580000000097e-03 -5.017362780000000216e-02 3.005174650000000044e-02 -1.729218110000000155e-02 -2.643639960000000039e-02
3.037586220000000026e+01 6.471435259999999690e-02 1.374476759999999909e-03 -4.137704219999999850e-02 7.122314549999999786e-03 -1.626894090000000070e-02 -3.163954749999999677e-02
3.308101220000000353e+01 5.474689420000000001e-02 -8.344277050000000005e-04 -4.596628850000000072e-02 1.591833109999999871e-02 -1.181212780000000066e-02 9.500711920000000019e-03
3.577108249999999856e+01 5.778006239999999849e-02 -1.654879020000000079e-03 -5.210925639999999803e-02 -2.148145289999999971e-02 -3.303304710000000161e-03 1.875129999999999852e-02
3.846987469999999831e+01 6.330324919999999467e-02 -2.643036200000000151e-03 -4.170008039999999888e-02 1.460846130000000020e-02 -4.381961949999999863e-03 -8.074983330000000403e-03
4.117348100000000244e+01 6.321525810000000467e-02 -3.027338289999999786e-03 -5.575741060000000138e-02 -9.100077410000000089e-02 6.738693020000000380e-03 -4.277144299999999753e-03
4.387336690000000061e+01 7.508508999999999323e-02 -1.754493659999999946e-03 -6.274124139999999461e-02 -5.232946970000000282e-04 1.841594630000000085e-03 -2.385518580000000124e-02
4.656034819999999996e+01 6.377867040000000098e-02 3.773748600000000151e-03 -7.398475290000000593e-02 -1.228583419999999989e-02 3.589243889999999687e-02 -2.619455370000000130e-02
4.927475760000000093e+01 5.105273209999999784e-02 8.607880219999999166e-03 -7.484516319999999501e-02 8.929695970000000108e-03 1.686240270000000097e-02 -6.327895769999999920e-02
5.198205289999999934e+01 4.055720029999999865e-02 8.265474519999999742e-03 -7.543534229999999952e-02 -4.252785600000000277e-02 6.541640310000000104e-03 -4.978909649999999770e-02
5.469149039999999928e+01 5.820957289999999923e-02 5.144411560000000140e-03 -6.731280050000000570e-02 2.699710669999999882e-02 -2.108488960000000009e-02 -2.940783790000000078e-02
5.739198569999999933e+01 5.824536040000000137e-02 7.537191230000000325e-03 -5.724378880000000058e-02 -2.391514169999999981e-02 -2.443324729999999875e-02 -4.011175689999999655e-02
6.009525909999999982e+01 6.310253799999999968e-02 9.307870140000000514e-03 -5.541867639999999845e-02 7.659079600000000265e-02 -3.215773090000000056e-02 -8.893645610000000534e-03
6.279741219999999657e+01 5.946306240000000243e-02 4.732259150000000213e-03 -5.180898250000000316e-02 1.551214400000000028e-02 -6.266443550000000418e-03 -5.521657319999999716e-03
6.548944819999999822e+01 5.709716189999999858e-02 7.285089239999999709e-03 -5.705760120000000213e-02 2.160198760000000065e-02 3.730532290000000001e-02 9.094891480000000597e-03
6.818142319999999756e+01 5.174936299999999961e-02 1.823981869999999903e-03 -6.240106120000000339e-02 1.682588039999999979e-02 -7.024948450000000413e-03 -2.318164649999999993e-02
7.087526850000000422e+01 4.288228069999999725e-02 -6.139034909999999644e-03 -6.265255620000000081e-02 3.887792749999999936e-02 2.587197759999999847e-02 -7.819300430000000399e-03
7.356343409999999494e+01 3.221614059999999835e-02 7.142098869999999712e-04 -6.169569739999999913e-02 2.892037919999999873e-02 1.399184740000000010e-02 1.893808010000000083e-02
7.627331540000000132e+01 3.285792889999999966e-02 6.096749749999999871e-03 -6.143764019999999743e-02 6.712906200000000323e-03 4.503445179999999992e-02 2.692261660000000098e-02
7.897739040000000443e+01 4.848588980000000104e-02 7.500542419999999856e-03 -6.151207189999999964e-02 -6.071197999999999873e-02 1.562584969999999962e-02 1.002987060000000083e-02
8.167912789999999745e+01 4.882370390000000115e-02 1.824865780000000173e-02 -6.537390769999999740e-02 -5.262903280000000295e-02 7.333081400000000111e-03 -4.969728120000000467e-04
8.437347470000000271e+01 4.550748859999999979e-02 9.910284680000000859e-03 -7.431343129999999630e-02 -1.684577199999999844e-02 3.541168620000000045e-02 -3.790717150000000313e-02
8.707357629999999915e+01 4.760522689999999862e-02 1.320398090000000045e-02 -7.082121789999999695e-02 1.607744950000000034e-03 -1.527956660000000071e-02 -5.849682009999999932e-02
8.977000130000000411e+01 4.934867980000000320e-02 6.941302679999999774e-03 -6.119815239999999712e-02 5.449061169999999676e-02 -5.699049870000000295e-03 -1.857602880000000165e-02
9.247088569999999663e+01 4.488052530000000151e-02 5.951380420000000095e-03 -6.610769839999999786e-02 9.634772119999999301e-03 -1.844131530000000033e-02 3.158007780000000181e-02
9.518775130000000217e+01 3.857071830000000090e-02 7.897948729999999806e-03 -6.803716040000000465e-02 -3.256557350000000017e-02 -4.044060329999999803e-04 3.194639619999999763e-02
9.788813260000000582e+01 3.985148010000000296e-02 5.177446550000000015e-03 -7.597605570000000308e-02 2.187241310000000161e-02 6.474196249999999639e-03 -2.375545750000000213e-03
1.005947510000000023e+02 4.553253119999999682e-02 2.958942999999999903e-03 -7.673702640000000519e-02 2.615625850000000141e-02 8.892896160000000189e-03 -3.040041610000000089e-02
1.032950790000000012e+02 4.961997590000000180e-02 -1.320884980000000021e-03 -7.964515169999999977e-02 6.889716429999999392e-02 -9.373295959999999871e-03 -3.359875810000000074e-02
1.059956580000000059e+02 4.064448899999999892e-02 7.617221730000000093e-04 -7.114274199999999493e-02 2.422904639999999901e-02 3.025716950000000016e-02 -2.511248279999999874e-02
1.087015789999999953e+02 5.486278270000000123e-02 -1.168621499999999980e-02 -6.779852510000000665e-02 3.448693760000000330e-02 -1.154707480000000076e-03 4.728570790000000135e-02
1.114083449999999971e+02 5.289847339999999981e-02 -9.321740820000000427e-03 -6.501455370000000511e-02 1.787096000000000171e-02 7.004078690000000232e-03 -2.491104939999999948e-02
1.141177359999999936e+02 5.898289820000000155e-02 -7.657641990000000135e-03 -6.745255930000000621e-02 2.721142119999999873e-02 -2.224937369999999831e-02 -2.841450829999999858e-02
1.168219540000000052e+02 6.130573949999999772e-02 -3.930458430000000405e-03 -6.934296630000000294e-02 4.088928930000000107e-03 -1.120119550000000033e-02 -1.502950989999999980e-02
1.195270479999999935e+02 7.350069580000000158e-02 4.015305119999999783e-03 -5.793153090000000005e-02 5.870659859999999980e-02 -7.342609800000000214e-03 5.118627300000000262e-03
1.222273919999999947e+02 6.411784780000000239e-02 2.755152160000000090e-03 -5.932972169999999740e-02 1.657359079999999943e-02 -1.246275540000000084e-02 -4.465522260000000243e-03
1.249291110000000060e+02 6.776047370000000403e-02 1.488747629999999985e-03 -5.431195700000000098e-02 3.123771859999999873e-02 -2.066035189999999855e-02 -2.207388730000000091e-02
1.276236260000000016e+02 7.094700160000000366e-02 7.721096170000000397e-03 -5.661346149999999661e-02 2.387768800000000108e-02 2.702021069999999831e-02 -7.367817129999999944e-03
1.303247039999999970e+02 7.226618999999999404e-02 9.740053610000000417e-03 -4.381732919999999781e-02 1.913472349999999905e-02 -1.815482230000000155e-02 -1.338612349999999951e-02
1.330291579999999954e+02 7.552683390000000663e-02 8.710792130000000535e-03 -2.690938049999999984e-02 -4.065066340000000195e-02 1.415377429999999971e-02 -4.897289500000000240e-02
1.357246110000000101e+02 7.416835160000000149e-02 7.902354130000000670e-03 -1.125683799999999991e-02 -1.484019529999999927e-02 1.045929399999999919e-02 -4.787189649999999685e-02
1.384209079999999972e+02 7.838488329999999948e-02 1.009308020000000000e-02 3.375861219999999954e-03 -5.621795980000000165e-02 -6.494282919999999626e-02 1.423380940000000018e-02
1.411288920000000076e+02 7.509759709999999644e-02 8.567478839999999795e-04 2.836941999999999936e-02 -6.104246160000000032e-02 -3.296112119999999868e-02 4.625528730000000310e-02
1.438200480000000141e+02 7.042984580000000161e-02 2.736270209999999876e-03 3.563401449999999832e-02 -4.018063670000000115e-02 -5.885109930000000100e-02 6.284137759999999795e-02
1.465193449999999871e+02 7.273230590000000217e-02 -1.458570200000000030e-03 4.616666769999999698e-02 -2.392548150000000165e-02 2.930725879999999950e-02 4.903378139999999691e-02
1.492217669999999998e+02 6.791240029999999483e-02 1.826170219999999995e-03 5.237123639999999997e-02 -2.470202349999999977e-02 1.554873149999999940e-02 -9.030491439999999842e-03
1.519283759999999859e+02 6.867132439999999727e-02 3.139305910000000054e-03 5.101730100000000101e-02 -1.627058740000000142e-02 -2.793832950000000107e-02 2.271182860000000095e-02
1.546200330000000065e+02 6.778632040000000247e-02 -1.233567380000000083e-03 5.355457190000000034e-02 -3.251470299999999897e-02 -3.211238329999999835e-02 2.644251129999999894e-02
1.573156109999999899e+02 5.582862549999999952e-02 4.398733010000000117e-03 5.919826560000000099e-02 -1.349061040000000024e-02 2.356368000000000004e-02 3.227504269999999925e-02
1.600067830000000129e+02 6.042740149999999838e-02 -2.050033280000000061e-04 6.047158519999999704e-02 -3.428988930000000188e-03 4.386297790000000252e-02 5.928395999999999666e-02
1.627082359999999994e+02 5.367317189999999683e-02 -2.530016999999999856e-03 6.297600230000000021e-02 -9.104766670000000173e-03 7.775311860000000061e-03 5.668697040000000159e-02
1.654174079999999947e+02 4.954826489999999972e-02 -1.341157679999999998e-02 6.470695499999999656e-02 -1.482926539999999960e-02 -2.874516120000000091e-03 1.445288020000000048e-02
1.681243450000000053e+02 4.683148029999999878e-02 -1.533994619999999934e-02 5.801686760000000082e-02 2.172310930000000140e-02 2.416355410000000162e-02 -2.210926750000000163e-02
1.708221259999999972e+02 3.731856640000000280e-02 -6.292183940000000385e-03 6.346591079999999718e-02 -3.888437620000000094e-02 -1.518744780000000003e-02 2.367193730000000107e-02
1.735270789999999863e+02 4.005913199999999730e-02 -4.155497840000000297e-03 7.353090469999999657e-02 9.414974850000000506e-03 2.475327609999999900e-02 -3.966150669999999809e-03
1.762307979999999930e+02 3.651466829999999719e-02 -3.667521500000000146e-03 6.180190669999999914e-02 1.860828440000000003e-04 -3.393246409999999685e-02 3.229126330000000060e-05
1.789393609999999910e+02 3.386036290000000309e-02 7.046004919999999602e-03 6.399618290000000376e-02 -3.115379650000000156e-04 -2.219063740000000104e-02 1.371379889999999914e-02
1.816472359999999924e+02 4.645150759999999712e-02 1.184505999999999927e-02 6.415605929999999846e-02 1.787242229999999946e-02 -2.898068839999999938e-02 -5.055515549999999719e-02
1.843458610000000135e+02 3.787188429999999856e-02 1.027473930000000028e-02 6.674768859999999360e-02 7.652397089999999659e-03 -4.460083509999999973e-02 1.824340210000000018e-02
1.870472670000000051e+02 4.267962909999999804e-02 1.654109889999999874e-02 7.397317909999999441e-02 1.946545699999999851e-02 -2.015151960000000075e-02 7.031283039999999991e-04
1.897553450000000055e+02 5.023680829999999792e-02 5.776640129999999901e-03 7.048891940000000245e-02 7.674662530000000114e-03 -1.216338699999999946e-02 -1.807759960000000082e-02
1.924439079999999933e+02 7.528547550000000421e-02 3.670905329999999897e-03 7.160151200000000604e-02 -6.547291680000000107e-03 3.152724610000000316e-02 -2.723580100000000045e-02
1.951446259999999882e+02 7.107780669999999579e-02 -4.706639739999999954e-03 6.155640910000000077e-02 3.132031930000000151e-03 -4.161955889999999908e-02 3.039693010000000042e-02
1.978421109999999885e+02 6.948258740000000377e-02 4.152822359999999886e-03 5.128881279999999987e-02 -1.493616879999999994e-02 -5.092405600000000226e-02 3.755157330000000182e-02
2.005500010000000088e+02 7.744786169999999526e-02 1.711704859999999906e-03 4.760368210000000266e-02 -6.297121949999999815e-03 -4.408841370000000232e-02 3.601170160000000120e-02
2.032532830000000104e+02 7.060497340000000677e-02 5.743877770000000056e-03 5.223084439999999690e-02 1.082729560000000001e-02 -2.962261429999999904e-02 4.488164549999999753e-02
2.059724699999999871e+02 6.708920599999999845e-02 -6.712791790000000383e-03 4.693730449999999887e-02 1.537048430000000077e-02 1.974021590000000093e-03 2.583702670000000146e-02
2.086863290000000006e+02 6.632388300000000014e-02 -1.209193260000000075e-02 5.366174600000000322e-02 9.083264489999999525e-03 2.685463999999999907e-02 -1.098181420000000040e-02
2.113864079999999888e+02 6.135940139999999932e-02 -1.511952920000000054e-02 5.717879740000000183e-02 -6.254866779999999904e-03 -1.126355480000000055e-02 2.297367690000000004e-02
2.140820170000000076e+02 6.411548849999999800e-02 -9.831107570000000712e-03 5.502236030000000333e-02 -5.666184559999999822e-03 1.546969890000000035e-02 -5.024670800000000104e-02
2.167708450000000084e+02 6.573146650000000202e-02 -6.807462779999999720e-03 4.946431579999999856e-02 -8.642878919999999465e-03 -1.025346469999999927e-02 9.771862080000000630e-03
2.194670010000000104e+02 6.861813890000000027e-02 -1.300152939999999965e-02 4.494420429999999855e-02 4.924317029999999984e-02 -4.236604110000000145e-02 3.072770600000000046e-02
2.221761419999999987e+02 6.752771139999999561e-02 -3.302690830000000206e-03 4.155529580000000278e-02 2.817632419999999832e-02 -1.409125580000000072e-02 2.698165519999999942e-02
2.248923920000000010e+02 6.466159620000000441e-02 -1.154518510000000081e-02 4.595419559999999737e-02 1.810234449999999912e-02 -5.988474010000000318e-04 2.432532340000000213e-03
2.275982510000000048e+02 5.665617249999999744e-02 -2.078206139999999938e-02 5.334471899999999878e-02 1.062949210000000040e-02 -1.829921430000000168e-02 1.823095699999999902e-02
2.302894860000000108e+02 6.471902899999999736e-02 -1.141817000000000006e-02 6.585676320000000139e-02 -1.147783619999999914e-02 -2.806532230000000072e-02 7.589883619999999997e-02
2.329855949999999893e+02 7.029163619999999335e-02 -8.845241440000000191e-03 5.624709850000000205e-02 1.962324440000000076e-03 3.149208640000000087e-02 6.846196109999999613e-02
2.356873290000000054e+02 6.585751310000000081e-02 -1.195617539999999958e-02 5.118532409999999866e-02 2.577642220000000203e-03 -9.573755690000000044e-04 4.539198180000000166e-02
2.383787829999999985e+02 5.612337380000000098e-02 -1.245602990000000028e-02 5.935973330000000187e-02 1.064181019999999901e-03 -2.009658010000000064e-02 3.270692280000000313e-02
2.410818289999999990e+02 5.241511769999999959e-02 -8.112743480000000201e-03 7.336747859999999399e-02 -8.828554829999999895e-03 5.981329449999999576e-03 6.493147679999999866e-02
2.437848140000000114e+02 4.532259090000000101e-02 2.699420010000000078e-04 6.794213590000000580e-02 -1.098143440000000012e-02 1.532067120000000018e-02 2.895483290000000140e-02
2.464862980000000050e+02 3.759423020000000198e-02 -4.171521239999999991e-03 6.910831929999999845e-02 -1.221927150000000004e-02 -3.815830829999999896e-02 -9.630810309999999694e-03
2.491829229999999882e+02 3.398561239999999678e-02 -1.511877029999999893e-03 7.274000249999999779e-02 2.578457420000000028e-02 -1.422481599999999950e-02 3.250715660000000340e-02
2.518946420000000046e+02 4.143740609999999741e-02 -2.585880699999999841e-03 6.630921019999999610e-02 3.273642150000000139e-02 -1.429664469999999965e-02 3.259702239999999972e-04
2.546046729999999911e+02 4.868225639999999854e-02 -3.804319229999999965e-03 6.152178970000000274e-02 -2.450115309999999907e-02 2.738112850000000084e-02 -2.239684239999999941e-03
2.573051110000000108e+02 6.456683720000000459e-02 -2.991153079999999981e-03 5.950704899999999936e-02 -6.014788979999999632e-03 -6.076005740000000287e-03 -1.169507699999999990e-02
2.599963450000000194e+02 6.743519259999999904e-02 -1.033672249999999931e-02 6.357699120000000204e-02 1.113650340000000086e-02 -3.237733679999999902e-03 -2.127526910000000077e-02
2.627017359999999826e+02 7.345393769999999933e-02 1.112769100000000032e-02 5.586498520000000162e-02 -2.953378530000000043e-02 2.665743849999999832e-02 -3.231147289999999894e-02
2.654108610000000112e+02 6.631987960000000626e-02 1.446806640000000005e-02 5.782344360000000322e-02 -3.121265670000000075e-02 -2.390483339999999873e-02 -1.000194759999999995e-02
2.681054619999999886e+02 6.657254629999999340e-02 2.005651300000000151e-02 5.912422760000000249e-02 5.153249030000000251e-03 -3.589502110000000051e-02 4.935739029999999805e-02
