# a=0.06314362605782446, b=-140.11555335332736, c=0.0003762055691906512, xi=7.390275882999999
6.867641349999999978e-01 6.854606539999999471e-02 -7.446305149999999685e-03 2.463159540000000106e-02 -6.968442759999999604e-03 8.326416439999999655e-03 -3.350053409999999982e-02
3.394242600000000110e+00 7.346188060000000131e-02 -3.460794200000000178e-03 2.542222460000000128e-02 3.767773340000000332e-02 1.463584530000000029e-02 7.091962119999999786e-03
6.101731659999999557e+00 7.265345389999999792e-02 -2.194224869999999820e-03 2.038210990000000056e-02 4.309029219999999799e-02 2.296080559999999840e-02 3.843636079999999890e-04
8.804031030000000868e+00 7.764480399999999782e-02 -1.170937659999999898e-03 1.035472590000000026e-02 2.122597799999999951e-02 1.669629010000000038e-02 4.897548699999999637e-03
1.151040539999999979e+01 7.002538429999999314e-02 -8.294539309999999707e-03 5.859739679999999762e-04 4.329843359999999836e-02 6.076132940000000295e-03 7.301933899999999908e-03
1.420179919999999996e+01 8.070194519999999982e-02 -2.056157739999999942e-03 -4.654231049999999793e-03 -1.122157959999999996e-02 2.310548479999999932e-02 -1.542946539999999998e-02
1.690002099999999885e+01 7.202075709999999908e-02 7.493091440000000311e-03 -1.987639559999999916e-02 2.350124959999999943e-02 4.501463480000000156e-02 -8.057335230000000487e-03
1.959842259999999925e+01 7.105638590000000476e-02 8.912443049999999728e-03 -3.500548330000000097e-02 1.967527759999999903e-02 2.268821550000000090e-02 -2.654762490000000044e-02
2.229921320000000051e+01 7.194048129999999763e-02 8.294064179999999578e-03 -4.781487129999999891e-02 5.757864079999999718e-02 3.624795590000000345e-02 1.541453849999999993e-02
2.500664919999999825e+01 6.823114689999999760e-02 1.103884029999999995e-02 -4.364028510000000222e-02 1.446605479999999930e-02 -2.002861829999999857e-02 6.341210830000000055e-03
2.769416010000000128e+01 5.928258460000000035e-02 2.376579360000000054e-03 -4.961955319999999947e-02 1.584555229999999940e-02 2.499427190000000007e-02 4.121905449999999776e-02
3.038961949999999845e+01 5.580563329999999739e-02 -8.647062950000000388e-04 -5.957766750000000056e-02 2.454203409999999863e-02 4.385224119999999587e-03 -2.731521220000000111e-02
3.309543510000000310e+01 4.886787990000000109e-02 -1.211548729999999997e-02 -5.170067810000000125e-02 -1.220175369999999988e-02 -1.390321509999999962e-02 -8.961240800000000797e-03
3.579510539999999708e+01 5.596760590000000174e-02 -1.101142039999999933e-02 -5.678506700000000157e-02 1.575562650000000148e-02 -8.252319629999999365e-03 -1.711942539999999902e-02
3.848343669999999861e+01 5.578170519999999660e-02 -3.187446559999999960e-03 -6.168615999999999683e-02 -4.835184400000000320e-03 -2.113507870000000052e-02 -4.159463210000000099e-04
4.118669760000000224e+01 4.761994070000000190e-02 -2.554016850000000172e-03 -7.056128809999999418e-02 9.146575730000000223e-03 5.338816009999999661e-03 -7.528612060000000258e-03
4.388255699999999848e+01 5.081823850000000142e-02 1.773404199999999977e-03 -6.243231719999999679e-02 -3.202102879999999679e-02 -3.277644019999999964e-02 -1.843382509999999877e-02
4.658979759999999715e+01 4.976565349999999971e-02 1.035569139999999947e-03 -5.451838950000000017e-02 8.987637260000000405e-03 -1.771754949999999884e-02 -3.331875609999999932e-02
4.929231630000000308e+01 5.451151779999999919e-02 1.213966110000000084e-02 -5.368062900000000054e-02 4.380742739999999831e-04 -2.814780490000000010e-02 -3.918244619999999845e-02
5.199605700000000041e+01 5.540222940000000262e-02 9.061792009999999897e-03 -5.405386019999999792e-02 -6.635237920000000220e-03 -1.685558969999999962e-02 -2.617019480000000106e-02
5.468934289999999976e+01 5.297722390000000198e-02 9.030110920000000707e-03 -6.312325459999999777e-02 -1.853031949999999969e-02 2.479992740000000126e-02 5.678239820000000049e-03
5.738801169999999985e+01 4.930700259999999668e-02 1.379754969999999990e-02 -7.564560130000000382e-02 -3.806587069999999885e-03 3.138394149999999827e-02 -8.205554259999999281e-03
6.007738669999999814e+01 4.912108119999999967e-02 5.828842550000000282e-03 -7.299783449999999729e-02 -2.605094479999999976e-02 1.901483019999999913e-02 -1.356085549999999987e-02
6.278477420000000109e+01 5.277862380000000048e-02 2.557026210000000032e-03 -6.503353600000000290e-02 1.669461250000000077e-02 -4.697549449999999585e-03 -4.014414909999999836e-02
6.548738819999999805e+01 5.872150379999999809e-02 4.275030150000000244e-03 -6.520658790000000149e-02 2.849259750000000075e-04 -2.511189130000000130e-02 -2.634065080000000045e-02
6.818634289999999964e+01 5.727683060000000187e-02 9.902382509999999201e-04 -6.547230760000000149e-02 -1.985787569999999946e-02 -7.406327710000000508e-02 -4.906898779999999821e-02
7.087398980000000392e+01 5.093809710000000296e-02 2.920036469999999842e-03 -6.260110409999999903e-02 -2.549771220000000144e-02 -3.178335919999999981e-02 3.484832190000000099e-04
7.357314289999999346e+01 5.562379939999999995e-02 4.172117589999999737e-03 -5.901379689999999845e-02 4.370523559999999787e-03 -1.882382930000000079e-02 -1.101842029999999979e-02
7.627524130000000468e+01 4.782334769999999763e-02 -1.495717359999999949e-04 -6.581585610000000031e-02 -8.657544130000000004e-03 3.049712049999999883e-02 7.911993210000000439e-04
7.898462729999999965e+01 4.671935559999999821e-02 -5.673615170000000096e-03 -6.952901840000000333e-02 1.389068180000000048e-02 -2.607344879999999934e-02 2.704921940000000035e-03
8.168256169999999372e+01 5.123083309999999779e-02 -6.812207940000000392e-03 -6.919684980000000152e-02 -7.243966420000000177e-04 -1.248039469999999949e-02 -2.282519350000000030e-02
8.437878200000000106e+01 5.240260520000000061e-02 -5.410748620000000071e-03 -6.019262000000000223e-02 -1.894193350000000081e-02 -3.633493530000000277e-02 1.353105210000000091e-03
8.708630069999999535e+01 4.677187750000000310e-02 2.538842209999999950e-03 -6.136664320000000117e-02 -7.032144270000000377e-03 -2.934969590000000017e-02 -5.386110279999999778e-02
8.978595699999999624e+01 3.438239889999999965e-02 3.323091859999999838e-03 -6.558714940000000271e-02 -5.650962380000000042e-03 4.761775940000000096e-02 -9.193079139999999275e-03
9.250166319999999587e+01 3.070476479999999925e-02 7.629115849999999754e-03 -7.175654830000000040e-02 1.748654079999999991e-03 -4.227110469999999925e-03 -2.012491040000000207e-03
9.519953350000000114e+01 3.642530449999999836e-02 1.670079959999999988e-02 -7.364813970000000376e-02 -9.599259759999999309e-03 1.377438199999999995e-02 -1.127938210000000059e-02
9.790810390000000041e+01 4.270709830000000290e-02 1.207016330000000061e-02 -6.456736120000000634e-02 8.437855799999999587e-03 -4.298407009999999709e-03 -2.779068919999999956e-02
1.006183790000000045e+02 4.331645850000000186e-02 7.288373350000000236e-03 -6.263083569999999822e-02 1.883614789999999914e-02 -2.444247389999999829e-03 -4.287757360000000323e-02
1.033175820000000016e+02 5.421785500000000230e-02 3.118964640000000156e-03 -5.911310639999999700e-02 -5.693225159999999903e-03 -1.657600260000000048e-02 1.632857290000000071e-04
1.060265189999999933e+02 4.558236269999999674e-02 5.670518460000000156e-03 -6.017893550000000258e-02 -3.804974999999999937e-03 1.163728850000000058e-02 -7.119544069999999940e-03
1.087311600000000027e+02 4.101547870000000345e-02 8.992897099999999297e-03 -5.166000829999999738e-02 4.631607589999999636e-03 -1.630312670000000005e-02 7.737567830000000035e-03
1.114391909999999939e+02 4.513002659999999777e-02 -6.179932570000000068e-04 -5.909544180000000230e-02 -7.027459320000000245e-03 1.490832310000000070e-02 -2.397526340000000027e-03
1.141410039999999952e+02 3.945099180000000150e-02 -3.583843099999999785e-03 -6.118618800000000246e-02 -1.623174429999999988e-02 -2.260584740000000023e-02 3.986957630000000259e-03
1.168487379999999973e+02 4.674847420000000087e-02 -1.095059120000000004e-02 -6.651545929999999607e-02 -5.806000090000000037e-03 3.576196739999999707e-02 -5.621450940000000118e-02
1.195378790000000038e+02 4.502498879999999870e-02 -8.060423069999999440e-03 -5.951787699999999681e-02 -9.841153809999999419e-03 7.279609010000000213e-02 3.739839720000000169e-03
1.222462850000000003e+02 4.984785659999999702e-02 -1.952638180000000015e-04 -6.134810200000000158e-02 3.682377480000000036e-02 2.121093669999999862e-02 -2.366239679999999901e-03
1.249590189999999978e+02 5.839723399999999925e-02 -3.641319029999999946e-03 -5.433629269999999678e-02 1.312630229999999995e-02 3.209940690000000207e-02 -2.044254850000000109e-02
1.276671290000000027e+02 6.209853530000000038e-02 -3.056709500000000072e-03 -5.500760660000000163e-02 2.531564580000000148e-02 -9.899269219999999592e-03 -3.526583120000000016e-02
1.303631910000000005e+02 6.624858290000000538e-02 -1.088209419999999951e-04 -4.663021369999999916e-02 -6.094490549999999687e-03 1.149482129999999935e-02 1.508242960000000070e-02
1.330670819999999992e+02 7.326644810000000618e-02 1.629850630000000047e-03 -4.941371919999999751e-02 3.406119320000000009e-03 1.636806310000000044e-03 -5.629998080000000321e-02
1.357566290000000038e+02 6.739338170000000461e-02 1.387403319999999966e-03 -3.159835820000000267e-02 -1.747562860000000107e-02 1.005886450000000043e-02 5.137777109999999703e-02
1.384458160000000078e+02 7.419358750000000502e-02 1.236923270000000021e-03 -1.469989749999999970e-02 -1.103968150000000058e-02 3.467791139999999717e-02 -2.011453230000000147e-02
1.411489880000000028e+02 7.709197160000000326e-02 -3.097271019999999885e-03 6.875650070000000232e-03 -1.168187489999999995e-02 2.018499420000000044e-02 -2.109687960000000001e-02
1.438444880000000126e+02 7.302890039999999916e-02 3.789021049999999856e-03 2.574612169999999922e-02 -2.538557990000000000e-02 3.876175889999999846e-02 -4.326874709999999763e-02
1.465304730000000006e+02 6.253480449999999913e-02 -3.258117070000000198e-03 4.748690719999999754e-02 -6.527812889999999590e-02 3.301766700000000054e-02 -2.320538269999999903e-02
1.492318009999999902e+02 5.213605439999999952e-02 -9.653838359999999952e-03 5.732892789999999988e-02 -3.988142330000000318e-02 -1.339226030000000012e-02 -9.834835150000000373e-03
1.519316440000000057e+02 4.932324629999999821e-02 -2.969822190000000108e-03 6.041436310000000004e-02 -2.583673950000000066e-02 -2.605542019999999848e-02 -2.521718170000000064e-02
1.546446129999999926e+02 4.685466669999999861e-02 -4.880741039999999913e-03 7.097707659999999419e-02 -3.099703490000000131e-02 -3.953938159999999952e-02 -2.911689580000000055e-02
1.573329569999999933e+02 4.673231010000000046e-02 -1.138460059999999927e-02 6.383949619999999825e-02 1.596525290000000083e-02 -4.170498770000000133e-02 1.349660689999999941e-02
1.600281290000000070e+02 4.884923099999999990e-02 -4.449407209999999870e-03 6.572715789999999947e-02 2.917548799999999942e-02 -2.921270780000000122e-02 9.748250249999999839e-03
1.627350509999999986e+02 3.654986980000000246e-02 -1.686504940000000058e-03 7.126721460000000341e-02 1.259775999999999951e-02 -6.592151469999999944e-03 1.290062869999999973e-02
1.654424569999999903e+02 3.053936490000000101e-02 6.274234919999999854e-03 7.612546639999999420e-02 -4.523941509999999944e-02 4.095762769999999886e-02 2.025888630000000079e-02
1.681354259999999954e+02 2.697858499999999937e-02 1.177374580000000066e-02 7.250691060000000188e-02 -7.059932799999999939e-03 5.061761659999999873e-04 3.195728789999999903e-02
1.708299100000000124e+02 1.798388399999999859e-02 7.193897549999999849e-03 7.695267740000000245e-02 -8.657023039999999642e-03 -6.702755470000000201e-03 3.967705970000000304e-02
1.735216760000000136e+02 1.967323329999999884e-02 6.542750659999999920e-03 7.101751200000000486e-02 3.831954130000000264e-02 -4.480605929999999931e-02 4.537521049999999889e-02
1.762340979999999888e+02 2.462044409999999961e-02 1.892650550000000032e-03 6.714411800000000263e-02 -4.859060739999999934e-02 -8.261158980000000637e-03 3.582731790000000249e-02
1.789423160000000053e+02 3.857499860000000030e-02 7.843404699999999806e-04 7.653224090000000646e-02 -6.415606140000000568e-02 2.980086549999999904e-02 3.901089249999999814e-02
1.816386439999999993e+02 4.963269449999999777e-02 -2.203788950000000035e-03 7.423972800000000483e-02 1.128961579999999965e-02 6.643695119999999676e-02 1.153676399999999970e-02
1.843497380000000021e+02 4.999633869999999675e-02 -1.897364859999999941e-03 6.525582609999999728e-02 2.896034119999999976e-02 5.952854500000000215e-02 -1.731284749999999900e-02
1.870644570000000044e+02 4.508496270000000167e-02 -3.807051860000000131e-03 5.607404719999999759e-02 7.667837099999999517e-02 -2.236773359999999922e-03 -4.749383149999999998e-02
1.897888790000000085e+02 3.647367700000000296e-02 5.993837680000000008e-03 5.831118839999999831e-02 4.709557260000000328e-02 1.827616929999999890e-02 -3.993657689999999955e-02
1.924959409999999878e+02 4.106771630000000117e-02 7.733076749999999791e-03 5.772490549999999970e-02 5.760957380000000100e-02 2.155276030000000120e-02 -8.433095320000000283e-03
1.952123479999999915e+02 4.116889130000000313e-02 -5.922818210000000295e-04 6.260305319999999452e-02 2.281625129999999984e-04 2.987919929999999918e-02 -9.718541839999999925e-04
1.979139729999999986e+02 4.522035819999999789e-02 -2.941081529999999954e-03 6.307313230000000104e-02 -1.444972729999999955e-02 2.912790690000000016e-02 -6.883040850000000065e-03
2.006025980000000004e+02 5.066300599999999654e-02 -6.325847249999999762e-03 6.788044390000000372e-02 2.283659789999999828e-02 -6.915229119999999688e-03 -1.156526480000000072e-02
2.032917689999999880e+02 5.367765740000000202e-02 -9.246570640000000008e-03 6.418895289999999865e-02 7.945681729999999610e-02 3.510011040000000221e-02 -2.815215719999999977e-02
2.059918480000000045e+02 5.135493220000000164e-02 1.781474269999999910e-03 5.886535290000000087e-02 2.627407970000000120e-02 1.054586620000000016e-02 -6.764353869999999852e-03
2.087068789999999865e+02 5.183306389999999680e-02 7.018333459999999760e-03 6.152148419999999701e-02 -1.411558750000000036e-02 -2.701220270000000145e-02 -5.336231880000000261e-02
2.114134880000000010e+02 5.284259079999999859e-02 -3.606424629999999869e-04 4.989678680000000227e-02 -1.082725539999999931e-01 -2.046661889999999880e-03 -3.551158580000000203e-02
2.141163630000000069e+02 4.897795149999999847e-02 -5.032563260000000142e-03 4.943899589999999761e-02 -4.737202549999999790e-03 -3.021355779999999880e-02 -2.148931999999999926e-02
2.168210819999999899e+02 4.672062889999999830e-02 -3.899267709999999863e-03 5.087521390000000060e-02 -8.761429519999999749e-02 1.314656940000000045e-02 -7.329695399999999923e-03
2.195129410000000121e+02 4.053060210000000024e-02 -5.151025039999999888e-03 5.890270119999999748e-02 3.462011140000000042e-02 5.913538010000000261e-02 -6.327611839999999592e-03
2.222082849999999894e+02 5.716082880000000060e-02 -6.095676769999999918e-03 5.058056849999999910e-02 -5.556780010000000186e-02 1.133711939999999981e-02 -1.183309310000000072e-02
2.249115820000000099e+02 6.512171769999999804e-02 -9.606633139999999280e-03 5.470684759999999702e-02 -2.938876559999999832e-02 1.346223239999999946e-02 -4.547131830000000416e-03
2.275978320000000110e+02 6.383549360000000117e-02 -4.657187610000000297e-03 5.418098600000000042e-02 -6.620235609999999826e-02 -1.180259139999999957e-02 6.085431639999999698e-03
2.303040349999999989e+02 5.336975079999999733e-02 -6.970486659999999661e-03 5.860804079999999694e-02 -1.067353090000000004e-01 -2.495712539999999854e-02 -1.599932349999999906e-02
2.330008789999999976e+02 4.372607130000000231e-02 -5.815741329999999688e-03 6.712691739999999962e-02 -6.418710719999999592e-02 -2.827139269999999829e-02 -3.565426170000000200e-02
2.357032230000000084e+02 4.422026729999999767e-02 -4.482419439999999616e-03 6.937877879999999886e-02 -4.291192189999999684e-02 -3.006211389999999956e-02 -2.960256710000000110e-02
2.384070659999999862e+02 4.688456769999999746e-02 -1.017552500000000080e-03 7.220262859999999894e-02 1.752771189999999951e-02 3.360876289999999850e-02 -2.079824560000000100e-02
2.411156290000000126e+02 5.824519229999999825e-02 2.750426759999999825e-03 6.231790649999999904e-02 9.035832719999999443e-03 5.028442799999999907e-02 -1.768290689999999984e-02
2.438199569999999881e+02 5.820779649999999888e-02 8.191030080000000029e-05 4.761194540000000114e-02 3.029813630000000035e-02 9.501001530000000722e-03 2.418085429999999869e-02
2.465191759999999874e+02 6.472708630000000019e-02 1.092936540000000005e-02 5.126848719999999721e-02 3.317706420000000184e-02 -1.802440029999999999e-02 4.505320909999999818e-02
2.492191440000000000e+02 6.613614669999999529e-02 1.721919400000000017e-02 4.801940030000000081e-02 4.444980440000000088e-02 -2.947401239999999922e-02 3.393828620000000074e-02
2.519272070000000099e+02 6.185576589999999819e-02 1.423233810000000023e-02 4.514078740000000006e-02 -1.360397879999999948e-02 3.070447150000000028e-02 -1.844409500000000063e-02
2.546408010000000104e+02 4.983113940000000186e-02 2.197945290000000163e-02 5.334496219999999844e-02 -4.978503570000000072e-02 2.197585750000000202e-03 -4.257197430000000254e-02
2.573333939999999984e+02 4.458613349999999975e-02 1.683512289999999911e-02 6.511003799999999508e-02 -3.100799619999999868e-02 -1.057856899999999947e-02 -1.372657099999999991e-02
2.600303480000000036e+02 4.629847539999999706e-02 1.509571529999999967e-02 5.746166309999999749e-02 -2.137558939999999880e-02 1.233825160000000080e-02 1.195181390000000024e-02
2.627285509999999817e+02 4.948128510000000119e-02 1.158363459999999998e-02 6.001971479999999859e-02 6.292983870000000250e-03 2.326941379999999948e-02 5.325448519999999991e-02
2.654188480000000254e+02 5.136823950000000277e-02 1.874669559999999962e-03 6.155535010000000307e-02 -9.317945069999999941e-03 1.958379869999999842e-02 7.623101190000000638e-02
2.681284039999999891e+02 5.826365000000000016e-02 -7.810687949999999642e-04 4.936238569999999715e-02 2.643050149999999834e-02 -2.663837280000000071e-02 3.501858979999999955e-02
