# a=0.05535725196584706, b=-147.99766076310019, c=0.0016948999116559783, xi=8.916341246082169
6.784769809999999790e-01 5.345569509999999885e-02 -4.836168899999999937e-03 5.839930930000000048e-02 1.421607549999999963e-02 2.606708439999999918e-02 5.734635769999999605e-03
3.384636509999999987e+00 5.523041409999999984e-02 6.420137559999999737e-03 6.755086289999999438e-02 5.703600770000000035e-03 -1.612038999999999833e-02 3.060554929999999979e-02
6.081550720000000076e+00 5.257510759999999700e-02 1.810918039999999960e-03 7.034994969999999737e-02 2.660181220000000166e-02 6.354368560000000360e-03 6.936485609999999691e-02
8.784317290000000611e+00 5.203183210000000142e-02 4.277952720000000389e-03 5.418061359999999660e-02 1.778581380000000128e-02 -9.971226030000000448e-03 2.528117179999999839e-02
1.148342279999999960e+01 6.299616869999999369e-02 1.257811789999999964e-02 5.934317699999999696e-02 3.114731930000000024e-02 1.297843329999999983e-02 2.652548039999999899e-02
1.417668680000000059e+01 6.040400490000000233e-02 8.318676129999999155e-03 5.418658839999999921e-02 8.482393549999999935e-03 -6.189017899999999656e-03 -1.317408859999999980e-02
1.688759780000000177e+01 6.987831880000000551e-02 1.434446259999999987e-02 5.320702100000000018e-02 -1.438827330000000057e-02 1.189552919999999937e-02 6.230077330000000080e-02
1.957933990000000080e+01 7.581279150000000411e-02 5.829454159999999767e-03 4.054611880000000279e-02 -2.960574330000000087e-02 -7.925358889999999448e-03 1.726602409999999921e-02
2.228626489999999905e+01 7.969904899999999404e-02 2.565283079999999914e-03 2.174101560000000002e-02 1.413798659999999929e-03 -8.960613049999999885e-03 -4.770375860000000343e-03
2.497647429999999957e+01 8.144956949999999918e-02 -4.748476259999999567e-03 -1.123334479999999955e-02 -1.494794410000000080e-02 2.270890730000000093e-02 -3.579358989999999879e-02
2.767629309999999876e+01 7.840539200000000430e-02 -7.388683650000000061e-03 -2.927829809999999908e-02 1.017330550000000028e-02 9.536746000000000459e-03 -5.172760710000000317e-02
3.037202279999999988e+01 7.572870589999999846e-02 -4.732405949999999965e-03 -4.805867929999999705e-02 1.390228689999999968e-02 2.298745010000000089e-02 -1.002048479999999991e-02
3.306953839999999900e+01 6.747823999999999489e-02 1.650205010000000035e-03 -4.389848689999999859e-02 -5.610259969999999846e-03 6.617258780000000347e-03 -9.374194339999999265e-03
3.578869619999999685e+01 5.495506170000000190e-02 -4.923670750000000255e-03 -5.346899370000000179e-02 1.920033289999999865e-02 6.718216669999999870e-03 -4.894955069999999686e-02
3.849382279999999668e+01 4.758908259999999890e-02 -7.085299229999999712e-03 -6.275286089999999872e-02 3.255104080000000011e-02 2.936043689999999831e-02 -3.195993710000000210e-02
4.118424149999999884e+01 4.382224259999999844e-02 2.341313220000000128e-04 -6.643704990000000310e-02 5.218179029999999753e-03 9.226713549999999639e-03 -1.154284640000000084e-02
4.388305559999999872e+01 5.262600609999999735e-02 -2.473076739999999912e-03 -5.965647159999999671e-02 3.761742230000000159e-03 2.727154149999999957e-02 -1.164817310000000085e-02
4.658965870000000109e+01 5.075402739999999857e-02 -1.051119760000000097e-03 -5.292530790000000290e-02 9.423256979999999200e-03 2.430598510000000004e-02 -4.734805699999999895e-02
4.928726029999999980e+01 6.102930570000000138e-02 -1.458068910000000044e-02 -5.736886000000000069e-02 2.309096769999999937e-02 2.119772669999999901e-02 -6.778941680000000192e-02
5.198795559999999938e+01 5.428763159999999699e-02 -1.319200750000000012e-02 -5.510006309999999907e-02 -8.340216489999999899e-03 -2.064009719999999881e-02 3.156948320000000155e-03
5.469706339999999756e+01 5.959219600000000006e-02 -1.480831909999999994e-03 -5.994130570000000269e-02 3.089034469999999907e-03 -1.050937669999999977e-02 -1.107798079999999970e-02
5.738797120000000263e+01 6.009209990000000112e-02 3.581617540000000058e-03 -6.947138220000000086e-02 3.710997769999999909e-04 -1.952931659999999903e-02 1.251628970000000056e-02
6.009713059999999984e+01 6.001896079999999994e-02 -1.629756009999999960e-03 -6.089112189999999758e-02 9.339053769999999463e-03 -2.187178459999999935e-02 2.115477400000000119e-02
6.280512120000000209e+01 6.179942919999999867e-02 4.592227530000000425e-03 -5.908922070000000026e-02 2.222093049999999959e-02 -3.786165020000000110e-03 -4.270891720000000343e-03
6.551837589999999523e+01 5.637439560000000183e-02 5.621774450000000054e-05 -6.461261050000000061e-02 2.687058620000000106e-02 -2.699630420000000142e-02 -5.118744969999999839e-02
6.821887429999999597e+01 6.146117260000000249e-02 7.040238429999999895e-03 -5.397487320000000227e-02 -1.178259159999999958e-02 1.401236540000000072e-02 -4.132377269999999714e-02
7.092214930000000095e+01 6.542171639999999622e-02 4.257147919999999981e-03 -5.800474030000000308e-02 -1.324230579999999963e-02 -5.060889409999999936e-03 -9.010038859999999761e-02
7.361227590000000021e+01 6.917683819999999317e-02 1.576311360000000024e-03 -4.523431759999999718e-02 -2.917246789999999868e-02 -2.075780500000000070e-02 1.563299450000000049e-02
7.631774780000000646e+01 6.745613429999999799e-02 -2.375569059999999878e-03 -5.185136409999999835e-02 -3.104505000000000112e-02 -4.057918130000000290e-02 -4.214220660000000257e-02
7.900584150000000250e+01 6.056852649999999727e-02 -3.716735249999999959e-03 -4.254546089999999836e-02 -5.309170369999999944e-02 -1.293208319999999967e-02 1.713998250000000126e-02
8.170319929999999431e+01 7.168651759999999928e-02 -3.188484029999999990e-03 -3.864735999999999866e-02 -2.162607130000000072e-02 -2.952006019999999994e-02 -1.930365139999999993e-02
8.440250090000000682e+01 6.608952369999999965e-02 -6.544563990000000150e-03 -2.961754600000000154e-02 -1.662966009999999883e-02 -3.508012090000000097e-03 2.379476230000000109e-02
8.709570089999999709e+01 6.813816570000000294e-02 1.780402960000000007e-03 -4.416670909999999978e-02 1.385034800000000017e-02 1.673920870000000088e-02 9.818041900000000748e-04
8.979948210000000586e+01 5.469812079999999965e-02 5.266039230000000085e-03 -4.962838609999999789e-02 7.163172899999999642e-03 2.070637999999999992e-02 -2.955461369999999935e-02
9.249059619999999882e+01 5.361670920000000118e-02 9.033653290000000571e-03 -6.045853319999999753e-02 -4.281887639999999891e-03 2.838976240000000081e-02 1.176712469999999970e-03
9.519369460000000061e+01 5.966209349999999911e-02 7.904490479999999944e-03 -4.816116260000000149e-02 -1.603997849999999961e-02 3.768010220000000271e-02 1.677780720000000142e-02
9.788978529999999978e+01 4.672146469999999968e-02 1.550606860000000066e-02 -6.008804560000000072e-02 -3.817413499999999793e-02 1.162003999999999902e-03 -3.699853680000000228e-02
1.005812130000000053e+02 4.665800190000000264e-02 1.100842859999999999e-02 -5.682311019999999879e-02 -2.692797109999999980e-02 -3.243328959999999817e-03 1.888767250000000092e-02
1.032801819999999964e+02 5.260266830000000227e-02 2.703627029999999994e-03 -5.148243770000000136e-02 -2.026097740000000133e-02 1.162848959999999987e-02 1.472088430000000102e-03
1.059807129999999944e+02 5.516498429999999731e-02 8.158478230000000423e-04 -5.225206560000000139e-02 -2.308228699999999994e-02 5.383990660000000095e-02 -1.714960559999999939e-02
1.086803699999999964e+02 6.444241380000000075e-02 3.751398239999999881e-03 -5.591934390000000143e-02 3.673405859999999846e-03 -1.935408100000000041e-03 -4.460663229999999729e-02
1.113819009999999992e+02 7.100249760000000576e-02 1.944912800000000086e-03 -5.529932979999999804e-02 -1.891225540000000122e-02 -3.974775940000000417e-03 -7.898039860000000828e-03
1.140871980000000008e+02 6.157947710000000185e-02 1.701519779999999997e-03 -5.917947769999999663e-02 1.729382219999999956e-02 -5.403785490000000136e-03 -3.636847399999999786e-02
1.167866980000000012e+02 5.996417839999999833e-02 3.253392470000000206e-03 -5.590318040000000210e-02 -1.462451780000000034e-02 -3.634112030000000160e-02 3.248856220000000128e-02
1.194917449999999945e+02 5.619078420000000323e-02 4.218344960000000241e-03 -5.769964720000000241e-02 -9.118359439999999469e-03 -1.619827639999999944e-02 -1.023209859999999957e-02
1.221869949999999960e+02 5.715345019999999721e-02 3.778786389999999867e-03 -5.891130680000000036e-02 -7.659257969999999638e-03 1.559205759999999922e-03 -2.235596700000000089e-02
1.249013700000000000e+02 4.881890269999999976e-02 4.970268380000000125e-03 -6.999795409999999551e-02 7.664766560000000305e-03 -1.078983510000000069e-03 -5.796344479999999966e-02
1.276077760000000012e+02 4.709641400000000311e-02 1.047958740000000041e-02 -6.318334909999999416e-02 -3.651556300000000132e-04 -1.108652169999999916e-02 -2.991779660000000104e-02
1.303149479999999869e+02 5.933676009999999668e-02 1.287006169999999929e-02 -5.444699809999999779e-02 2.088516420000000040e-02 -4.097783659999999772e-02 -4.952903169999999661e-02
1.330137760000000071e+02 7.460965079999999638e-02 9.813811739999999187e-03 -5.598426959999999730e-02 3.704917739999999925e-03 -4.089546909999999813e-02 -1.444731959999999947e-02
1.357085730000000012e+02 7.242629979999999634e-02 1.148987039999999939e-02 -5.378916479999999722e-02 8.516153039999999888e-04 3.512491389999999880e-02 1.946784719999999913e-02
1.384065420000000017e+02 7.215999539999999601e-02 1.779198010000000024e-02 -4.529881029999999892e-02 -1.949833000000000122e-02 2.088208910000000085e-03 8.709255940000000529e-03
1.411009320000000002e+02 7.328056689999999651e-02 1.039015039999999918e-02 -3.689633929999999729e-02 -1.034500420000000059e-02 1.456640480000000008e-02 -2.328341230000000039e-02
1.438023070000000132e+02 7.755249940000000231e-02 1.143550670000000047e-02 -1.816508550000000069e-02 1.377985449999999910e-03 3.525696329999999934e-02 -2.845812029999999961e-03
1.464866039999999998e+02 8.108088099999999354e-02 1.601041970000000036e-02 2.400380389999999878e-03 5.115351080000000300e-02 4.721037659999999941e-02 2.854313160000000044e-02
1.491911509999999907e+02 7.789268990000000614e-02 5.581845420000000266e-03 1.278923820000000058e-02 -1.069919100000000026e-02 1.825458589999999839e-02 4.060070889999999738e-02
1.518878379999999879e+02 7.288676099999999436e-02 2.356941380000000200e-03 1.825730580000000172e-02 -3.907835450000000065e-03 -1.253391830000000033e-02 4.021831430000000207e-02
1.545902450000000101e+02 7.159432179999999923e-02 -1.068052090000000051e-02 2.711219520000000133e-02 -1.178230320000000012e-02 -4.200242390000000214e-02 -4.390646399999999921e-02
1.572906350000000089e+02 7.017105499999999607e-02 -2.337944529999999837e-03 4.118692959999999820e-02 -5.527341479999999668e-02 1.421164259999999936e-02 -7.647064890000000205e-03
1.599908379999999966e+02 7.618066549999999437e-02 -7.040860399999999616e-03 5.664989420000000192e-02 -7.259587950000000178e-03 -2.069153339999999994e-02 5.026199290000000000e-03
1.626870879999999886e+02 7.082752659999999589e-02 -2.106489410000000114e-03 4.991961880000000268e-02 -2.951261130000000163e-02 -5.719584049999999580e-03 2.210316110000000098e-02
1.653918229999999880e+02 5.799080270000000342e-02 1.078207249999999949e-03 5.498077440000000149e-02 -3.411003680000000010e-03 -3.927382890000000182e-02 3.424492879999999767e-02
1.680884479999999996e+02 5.715554650000000125e-02 9.279635709999999385e-03 5.500182490000000285e-02 6.838635319999999615e-03 -5.334017349999999741e-02 4.551736590000000221e-02
1.708034010000000080e+02 5.357737309999999892e-02 7.033733730000000031e-03 6.818746529999999972e-02 -1.826719980000000160e-02 1.954069079999999972e-02 3.397311969999999848e-02
1.735083380000000091e+02 5.209480529999999804e-02 5.945139000000000326e-03 6.258750339999999412e-02 -9.388274060000000032e-03 1.558296600000000018e-02 5.192791840000000186e-02
1.762049010000000067e+02 5.820731700000000147e-02 3.815817759999999993e-03 5.658144240000000103e-02 -1.114355900000000080e-02 8.367482319999999460e-03 7.926639659999999699e-02
1.789130419999999901e+02 5.986380040000000013e-02 3.902339030000000208e-03 5.526748930000000004e-02 -2.343974429999999901e-02 -2.512542790000000040e-02 -2.295303289999999982e-03
1.816170260000000098e+02 5.588988470000000319e-02 6.267802119999999790e-03 5.609496490000000224e-02 -2.886981560000000113e-02 -3.972121879999999938e-02 -2.101057639999999969e-03
1.843236039999999889e+02 5.035037810000000252e-02 4.969321310000000130e-03 4.719800639999999908e-02 -4.762051850000000031e-02 -2.689515190000000069e-02 -1.719857810000000042e-02
1.870190880000000107e+02 6.279706690000000369e-02 6.955576379999999989e-03 4.535730920000000110e-02 -6.749834279999999964e-02 -4.584109599999999785e-02 1.901381070000000145e-02
1.897081670000000031e+02 6.370548600000000561e-02 -1.186439619999999978e-03 5.180444339999999703e-02 -5.029816859999999834e-02 -3.276389360000000334e-02 3.683492280000000285e-02
1.924110420000000090e+02 5.905008409999999708e-02 -2.781953939999999917e-03 5.334016030000000158e-02 -2.561077679999999857e-02 -1.790786969999999881e-02 -3.018566400000000007e-03
1.951110419999999976e+02 6.301672049999999803e-02 1.922830100000000027e-04 4.888203349999999808e-02 -3.224874889999999883e-02 1.366689129999999926e-02 3.602263850000000153e-03
1.978057599999999923e+02 5.999087740000000335e-02 8.558485500000000828e-03 4.668961330000000187e-02 -4.952190769999999936e-02 4.697935240000000040e-02 1.108097149999999996e-02
2.005014480000000106e+02 5.693666060000000112e-02 8.010622510000000793e-03 4.845082669999999786e-02 -1.037497960000000052e-02 7.100734059999999626e-02 1.288525759999999999e-02
2.031960730000000126e+02 5.705194110000000318e-02 8.337416480000000088e-03 5.665159179999999794e-02 -4.688198419999999728e-02 4.247293629999999987e-02 3.988861939999999856e-02
2.058925729999999987e+02 5.242402470000000203e-02 6.528049729999999863e-03 6.227023660000000072e-02 5.297292440000000296e-02 -2.011698210000000160e-03 2.851545340000000150e-02
2.085950100000000020e+02 5.137947889999999740e-02 3.218635210000000101e-03 6.387237799999999355e-02 4.654942819999999953e-02 9.070881280000000005e-03 -1.171279639999999941e-02
2.113041980000000137e+02 4.578001059999999706e-02 9.536157760000000400e-03 5.874459519999999935e-02 2.936085399999999873e-03 5.925872270000000219e-02 -2.198012870000000049e-02
2.139949790000000007e+02 4.672374490000000269e-02 6.894367830000000356e-03 5.710816729999999841e-02 3.565631539999999933e-02 3.489254600000000345e-02 5.910892240000000181e-04
2.166885880000000100e+02 5.516668500000000003e-02 6.649621579999999942e-03 5.949533449999999668e-02 -3.488123939999999805e-03 2.201236560000000009e-02 1.919844550000000122e-02
2.194046040000000062e+02 4.664397650000000339e-02 2.128415829999999974e-03 6.662183900000000214e-02 -1.646742860000000030e-02 -3.788756969999999835e-02 2.039131359999999879e-02
2.220911820000000034e+02 5.564322170000000206e-02 -5.415099659999999572e-03 6.885498510000000183e-02 -6.967747350000000339e-02 1.389936389999999952e-02 3.712494639999999735e-02
2.248013540000000035e+02 5.045268559999999819e-02 -8.540847580000000133e-03 6.731670300000000551e-02 -4.012307940000000260e-03 -3.007430040000000013e-02 9.536479679999999501e-03
2.274983229999999992e+02 5.789774999999999783e-02 -1.968997330000000004e-02 5.934777430000000298e-02 6.026716260000000366e-03 4.781860479999999747e-02 3.268257540000000117e-03
2.301952760000000069e+02 5.813899549999999861e-02 -1.418823370000000042e-02 6.083129710000000079e-02 1.283887870000000042e-02 5.170536120000000097e-02 9.323048170000000634e-03
2.329112289999999916e+02 5.833049719999999772e-02 -1.056847990000000029e-02 7.156453799999999699e-02 3.077283550000000072e-03 5.664329950000000086e-02 -4.880907440000000061e-04
2.356102449999999919e+02 5.320153269999999823e-02 -9.185281059999999762e-03 7.129005150000000679e-02 5.770045619999999986e-02 -4.347170160000000255e-03 2.277947500000000042e-02
2.383208700000000135e+02 4.888212620000000064e-02 -5.226282740000000142e-03 6.969685850000000016e-02 7.294489390000000184e-02 -4.341265779999999778e-04 5.425227010000000308e-03
2.410273850000000095e+02 4.324719259999999788e-02 -1.105715189999999931e-02 6.630626159999999936e-02 1.505762409999999996e-02 -4.094982789999999928e-02 -2.488584560000000126e-02
2.437342759999999942e+02 5.100201570000000018e-02 -1.122473600000000078e-02 6.609620609999999896e-02 -3.867666169999999654e-02 3.746575080000000280e-02 -2.184688850000000154e-02
2.464250419999999906e+02 5.862759339999999708e-02 -1.699543590000000132e-02 6.033731130000000165e-02 -1.266582840000000064e-02 -8.390124500000000277e-03 3.869640550000000290e-02
2.491267919999999947e+02 5.313938420000000051e-02 -9.388827089999999403e-03 6.225608120000000051e-02 -3.996790509999999762e-03 3.024484590000000098e-02 5.242231740000000140e-02
2.518373540000000048e+02 5.276823309999999906e-02 -7.462006759999999760e-03 5.478196409999999683e-02 -2.689682389999999840e-02 5.956420090000000105e-03 1.203065430000000054e-02
2.545283849999999859e+02 5.853666889999999817e-02 -3.067100259999999950e-03 5.588102360000000296e-02 3.729295519999999836e-02 -9.622904689999999678e-03 2.634242009999999967e-02
2.572372760000000085e+02 5.403501499999999874e-02 -7.496666960000000421e-03 5.422091710000000175e-02 3.302482250000000202e-02 4.677674459999999618e-03 -1.875591449999999957e-03
2.599432919999999854e+02 4.364979010000000215e-02 -1.367671909999999998e-02 5.464229019999999881e-02 -1.716848500000000069e-02 -8.942769760000000151e-03 -1.092585299999999926e-02
2.626371199999999817e+02 5.660107959999999966e-02 -1.033929429999999941e-02 6.354324470000000114e-02 2.261112730000000137e-03 -1.240656799999999976e-02 -1.571663499999999963e-02
2.653375100000000089e+02 6.273653939999999929e-02 -8.913593189999999278e-03 6.383751449999999772e-02 1.263885560000000026e-02 5.207744479999999732e-02 4.087955679999999772e-03
2.680256319999999732e+02 5.968598490000000256e-02 -6.719695670000000280e-03 5.699149540000000153e-02 -9.076045280000000215e-03 1.538741450000000004e-02 2.721752469999999882e-03
