# a=0.06363165405958232, b=-153.94900864394444, c=0.0014068725754475234, xi=7.688126791855649
6.819615530000000536e-01 7.505837760000000358e-02 -1.347902450000000064e-02 4.039249050000000285e-02 -1.805751099999999831e-02 2.417284650000000104e-02 -2.130730169999999965e-02
3.382341230000000198e+00 6.730433460000000145e-02 -4.919817419999999997e-03 3.416950619999999800e-02 -7.285148909999999804e-03 -7.140559840000000429e-03 -6.433900539999999613e-02
6.080966700000000280e+00 7.657284120000000527e-02 -1.363524030000000040e-02 2.970109669999999868e-02 3.692869450000000036e-03 -7.116212470000000088e-03 -7.017720169999999702e-02
8.779450759999999576e+00 7.527641960000000521e-02 -7.630816670000000260e-03 7.383780660000000343e-03 -1.784791869999999975e-02 1.170339540000000025e-02 -5.952975220000000095e-02
1.147815920000000034e+01 8.069657669999999450e-02 -8.872270959999999443e-03 -2.329366890000000162e-02 -2.244772000000000087e-02 2.119124970000000122e-02 5.321186369999999789e-05
1.417740919999999960e+01 7.724944259999999563e-02 -2.181577660000000047e-03 -3.493937290000000140e-02 -2.676761349999999887e-02 2.326003010000000058e-03 -2.397040890000000021e-02
1.687685450000000031e+01 7.604232110000000433e-02 -1.114822310000000011e-02 -3.961779879999999948e-02 -6.868817479999999968e-03 9.164507029999999568e-03 -3.423751919999999671e-02
1.957899829999999852e+01 7.358370899999999715e-02 -5.434641779999999794e-05 -4.641992930000000267e-02 3.161556179999999716e-02 1.992104240000000092e-03 -1.949976989999999827e-02
2.228393579999999830e+01 7.018878620000000568e-02 -4.662919700000000417e-03 -5.033609480000000164e-02 6.053015840000000244e-03 -3.186922019999999939e-02 -2.200998779999999936e-03
2.497670760000000101e+01 7.814412210000000469e-02 2.176989780000000187e-03 -4.763735689999999690e-02 1.562841839999999996e-02 9.226502019999999627e-04 1.150984399999999998e-02
2.767128890000000041e+01 7.978958599999999568e-02 -2.573575880000000208e-03 -4.270119110000000079e-02 1.955551650000000169e-02 -3.212404180000000276e-02 -7.514138200000000135e-03
3.037947640000000149e+01 7.311187809999999954e-02 -1.255368879999999932e-03 -5.162030969999999858e-02 4.033059399999999739e-02 -3.396780419999999995e-02 -9.050159090000000836e-03
3.307892799999999767e+01 6.162489019999999734e-02 2.359324600000000088e-04 -6.478581989999999957e-02 4.559570589999999840e-02 -6.514397669999999821e-03 1.578861289999999862e-02
3.579053580000000068e+01 5.285307930000000126e-02 2.516661549999999869e-03 -5.648000870000000062e-02 -2.403653480000000203e-03 4.423742619999999903e-02 -9.974762919999999658e-03
3.849353579999999653e+01 5.126834420000000309e-02 7.774671609999999657e-03 -6.128692160000000222e-02 3.432360730000000304e-02 2.343486280000000102e-02 -2.455463230000000125e-03
4.118515920000000108e+01 5.412230419999999875e-02 -3.400645349999999786e-03 -6.536540829999999691e-02 6.866489889999999319e-02 4.512218159999999839e-02 2.707452850000000022e-02
4.388746700000000089e+01 5.353736550000000316e-02 -3.614361699999999985e-04 -6.028092470000000203e-02 7.644240099999999316e-02 2.971022699999999878e-02 -1.579755489999999955e-03
4.659298419999999652e+01 5.875490679999999938e-02 -6.999418299999999975e-03 -6.144820670000000068e-02 3.355847020000000264e-02 -2.016788809999999973e-02 -6.846696609999999850e-02
4.929224669999999975e+01 5.813216329999999765e-02 -1.192961210000000050e-02 -6.887063499999999949e-02 4.833667679999999883e-02 -1.411388010000000012e-02 -3.950996989999999709e-02
5.198230610000000240e+01 6.052263840000000200e-02 -4.525181199999999716e-03 -5.514263679999999862e-02 2.656491269999999849e-02 7.818468600000000280e-04 2.934916809999999973e-02
5.468639509999999859e+01 5.799885190000000218e-02 -1.525566550000000089e-03 -5.649804459999999834e-02 1.318965249999999936e-02 2.360906930000000042e-02 5.208626850000000127e-03
5.737014669999999938e+01 5.692123959999999955e-02 7.068256160000000420e-03 -5.304868279999999658e-02 4.717906969999999950e-02 -1.223691059999999949e-02 7.431169140000000450e-02
6.007792169999999743e+01 6.171283689999999822e-02 1.014249270000000015e-02 -5.917631839999999699e-02 2.536701079999999914e-02 -2.681574910000000117e-02 6.829483059999999495e-02
6.277101549999999719e+01 6.051555360000000078e-02 1.334605149999999914e-02 -6.167543760000000069e-02 6.175305620000000328e-02 1.084287750000000050e-02 2.859797949999999880e-02
6.547046389999999860e+01 6.955154980000000098e-02 8.918620789999999812e-03 -5.904313149999999843e-02 5.043580500000000022e-02 9.003210879999999292e-03 2.525444170000000141e-02
6.816187480000000676e+01 6.704800669999999574e-02 7.252514280000000235e-04 -5.685461170000000175e-02 6.978745790000000226e-02 1.035739920000000071e-02 4.144238430000000278e-02
7.086475289999999916e+01 6.232627319999999721e-02 1.453065720000000071e-03 -6.673002199999999995e-02 -6.680915850000000017e-03 1.412945040000000013e-02 1.301732289999999945e-02
7.356791859999999872e+01 5.322149880000000277e-02 8.981729909999999761e-03 -6.283062109999999756e-02 -9.566373799999999816e-03 4.726980109999999978e-03 -7.063910440000000478e-04
7.626531230000000505e+01 5.932822549999999806e-02 1.279004679999999963e-02 -6.122036620000000096e-02 -1.759546500000000110e-02 -2.200301149999999914e-02 -5.782126759999999671e-02
7.896559039999999641e+01 5.019981929999999676e-02 1.653731890000000038e-02 -6.473730369999999845e-02 1.338084129999999976e-02 2.934076279999999967e-02 -4.851503129999999719e-02
8.165667009999999948e+01 4.783819880000000219e-02 9.551370680000000751e-03 -6.269564939999999753e-02 3.870872840000000314e-02 -1.594245249999999905e-02 -7.112274650000000031e-03
8.436796390000000656e+01 6.197389200000000264e-02 9.236509769999999911e-03 -6.613676359999999532e-02 2.721347439999999979e-02 -9.931685089999999633e-03 -5.129347819999999919e-02
8.707643889999999942e+01 5.542624799999999741e-02 3.018896520000000170e-03 -5.839025760000000204e-02 -3.505153249999999870e-03 -1.408977290000000028e-02 -4.516469320000000148e-02
8.978155610000000308e+01 5.796679259999999723e-02 4.870038390000000321e-03 -6.470792749999999816e-02 -2.402770350000000069e-02 -6.819865320000000064e-02 -1.290621039999999969e-02
9.247636389999999551e+01 5.694116700000000086e-02 1.176055680000000041e-02 -6.006768299999999672e-02 2.771413600000000033e-02 -3.365725220000000129e-02 4.382325690000000128e-03
9.517631230000000642e+01 5.571120849999999791e-02 4.176167159999999955e-03 -6.007772950000000306e-02 1.630089660000000112e-04 1.956423220000000004e-02 1.233160919999999952e-02
9.788655760000000328e+01 5.420607739999999675e-02 1.002682740000000045e-02 -5.725299429999999856e-02 -2.128349599999999897e-02 2.120972659999999926e-02 2.730284189999999944e-02
1.005763579999999990e+02 5.307716669999999748e-02 -1.233437939999999918e-03 -6.107288959999999933e-02 9.078245139999999852e-03 3.032295349999999945e-02 4.690468589999999965e-02
1.032792800000000000e+02 4.670990099999999812e-02 2.496136999999999835e-03 -6.307272519999999882e-02 3.392422669999999724e-02 1.811877179999999907e-02 -1.493032140000000001e-02
1.059802640000000054e+02 4.216416020000000181e-02 -6.482886059999999964e-03 -6.443945680000000287e-02 1.391421009999999937e-02 -1.488318060000000040e-02 -4.218967590000000101e-02
1.086850759999999951e+02 4.101897599999999866e-02 2.957072849999999899e-03 -6.847852949999999606e-02 2.774075720000000050e-02 -1.639427439999999875e-02 -4.487412270000000307e-03
1.113983419999999995e+02 5.944007550000000167e-02 -2.949154639999999883e-03 -7.082017300000000015e-02 3.137220009999999726e-02 -4.382431850000000073e-02 1.047314960000000038e-02
1.140996860000000055e+02 6.175928210000000002e-02 4.598972950000000323e-03 -6.488181789999999949e-02 3.013093240000000103e-02 5.423245319999999738e-03 1.295532209999999962e-02
1.168140920000000023e+02 6.123098639999999954e-02 3.282055350000000205e-03 -6.021928089999999817e-02 3.888556569999999935e-02 -2.756002280000000026e-02 -1.946965319999999916e-02
1.195185919999999982e+02 5.629358660000000070e-02 6.891249989999999846e-03 -6.324653959999999853e-02 -2.039476969999999903e-02 -4.525759039999999872e-02 -4.532175029999999799e-02
1.222211230000000057e+02 6.526202809999999410e-02 2.652665910000000064e-03 -4.981837499999999808e-02 -2.120761389999999830e-02 2.961318699999999915e-03 -2.914514420000000050e-02
1.249208260000000053e+02 6.321110789999999369e-02 7.273251829999999828e-03 -5.385712480000000302e-02 2.550528549999999881e-02 8.830173070000000776e-03 -5.415891369999999844e-02
1.276105919999999969e+02 7.041231219999999347e-02 7.525248650000000011e-03 -5.538534989999999852e-02 3.428658999999999873e-02 1.176778940000000086e-02 2.249338910000000039e-02
1.303042639999999892e+02 6.458213309999999430e-02 3.206524379999999876e-03 -5.369580179999999814e-02 4.754209499999999949e-02 -3.095154970000000075e-02 -1.736043690000000153e-02
1.330159830000000056e+02 5.609908100000000203e-02 1.354896780000000101e-03 -6.581311559999999949e-02 -8.964180729999999880e-04 -3.169885630000000148e-02 -5.651895740000000001e-02
1.357090760000000103e+02 6.455532860000000317e-02 -4.236307090000000428e-03 -6.870577510000000498e-02 7.117327780000000034e-03 1.836483490000000076e-03 -2.387815570000000054e-02
1.384041699999999935e+02 6.435957979999999690e-02 -2.623094260000000122e-03 -6.626157759999999619e-02 3.846478920000000190e-02 -1.027397430000000006e-03 -1.693615940000000111e-02
1.411011389999999892e+02 6.592684199999999939e-02 6.617665360000000302e-03 -5.779881230000000203e-02 5.286797570000000002e-02 5.598906309999999997e-02 -2.724869220000000064e-02
1.437954200000000071e+02 6.588712979999999941e-02 8.888010399999999927e-04 -5.572374220000000239e-02 8.862696520000000466e-02 5.635930120000000321e-02 -1.775154680000000026e-02
1.465062949999999944e+02 6.318204339999999863e-02 6.613119520000000293e-03 -5.449908480000000000e-02 1.038843639999999929e-02 3.105574950000000028e-02 -2.672298349999999850e-02
1.492034360000000106e+02 6.727132569999999534e-02 8.465034169999999941e-03 -3.356485859999999710e-02 -1.465412309999999940e-02 -9.153553039999999877e-03 -2.582060059999999931e-03
1.518923259999999971e+02 6.859386000000000649e-02 1.332742339999999984e-02 -7.829039200000000379e-03 -4.161042339999999895e-02 -1.250330789999999984e-02 2.857680980000000016e-03
1.545894049999999993e+02 7.298634580000000482e-02 1.403255940000000014e-02 1.156562799999999967e-02 -2.715984410000000029e-02 3.603827899999999858e-03 -3.843579419999999802e-02
1.572667950000000019e+02 8.249600270000000124e-02 1.418416660000000086e-02 2.464586800000000133e-02 -4.750803330000000213e-02 -1.452477299999999950e-02 4.913462650000000043e-02
1.599659359999999992e+02 7.504462570000000610e-02 1.926845359999999896e-02 3.442115679999999817e-02 -5.769108089999999862e-03 5.121232309999999843e-02 -2.241866539999999922e-02
1.626859200000000101e+02 6.062585279999999771e-02 3.222879039999999862e-02 5.182401259999999676e-02 2.401064379999999845e-02 -1.231292510000000021e-02 6.133373219999999765e-02
1.653714669999999956e+02 5.560624489999999726e-02 2.339174210000000143e-02 5.924566259999999862e-02 -1.843633409999999892e-04 2.152543300000000007e-02 5.172958030000000124e-02
1.680836390000000051e+02 5.091098620000000102e-02 2.149601519999999946e-02 6.563458079999999473e-02 8.760636360000000761e-03 1.644653160000000142e-02 7.058886020000000594e-02
1.707954510000000141e+02 5.452262279999999656e-02 1.214621500000000014e-02 6.501898479999999869e-02 1.917150460000000001e-02 -5.822235670000000182e-03 4.393404570000000037e-02
1.735026550000000043e+02 5.720023190000000229e-02 1.607351890000000005e-02 6.497602700000000564e-02 2.373159910000000039e-02 2.035799659999999994e-03 4.044843000000000049e-02
1.762095300000000009e+02 5.220076719999999781e-02 3.877185879999999960e-03 6.705454149999999502e-02 9.210395260000000389e-03 1.896742500000000043e-03 3.703884989999999683e-02
1.789278109999999913e+02 5.360291789999999806e-02 -3.938350939999999897e-03 7.011919029999999498e-02 2.278821749999999924e-02 6.240048720000000368e-03 2.633754180000000018e-03
1.816228419999999915e+02 5.259679839999999856e-02 9.978247369999998940e-04 7.765650859999999323e-02 4.506045650000000194e-03 -5.472931660000000071e-04 6.839605310000000660e-02
1.843236080000000072e+02 6.020843929999999955e-02 3.763324870000000176e-03 7.510786640000000070e-02 -3.604885769999999906e-03 -2.783310929999999878e-02 6.843051719999999893e-02
1.870393259999999884e+02 6.092592229999999748e-02 1.076387380000000046e-02 6.816204369999999402e-02 1.463463109999999998e-02 -7.619264469999999581e-03 4.265238130000000016e-02
1.897290140000000065e+02 5.449646150000000272e-02 -9.342073179999999715e-04 5.509917799999999866e-02 6.309728400000000478e-04 -1.892046860000000039e-02 3.157237360000000100e-03
1.924353110000000129e+02 5.867713260000000097e-02 3.650418339999999835e-03 4.965582069999999876e-02 7.768133160000000210e-03 -3.358449220000000318e-02 7.728870750000000137e-03
1.951350140000000124e+02 6.834428189999999792e-02 6.757368219999999696e-03 4.777759439999999802e-02 -7.520200900000000195e-03 -1.098103129999999927e-02 3.863037729999999753e-02
1.978241700000000094e+02 7.236198309999999911e-02 -3.887160069999999901e-03 5.544706750000000239e-02 -1.996128650000000143e-02 -1.228229249999999995e-02 5.510254440000000170e-02
2.005311079999999890e+02 6.859056299999999329e-02 6.186808700000000043e-03 5.782543550000000115e-02 -3.477951249999999828e-02 -3.923678679999999946e-02 -5.323112199999999704e-03
2.032266700000000128e+02 6.360228710000000174e-02 -3.550973719999999962e-04 6.273083629999999522e-02 -2.619460980000000092e-02 -2.198116760000000044e-02 1.778669370000000166e-02
2.059202799999999911e+02 6.343405840000000684e-02 3.088741570000000207e-03 7.018783150000000581e-02 -5.808564349999999904e-03 7.907762009999999564e-03 2.426431669999999999e-02
2.086214200000000005e+02 5.967821770000000109e-02 -5.359157180000000392e-04 7.866421099999999778e-02 8.338332000000000382e-03 -6.334744269999999580e-03 6.259299779999999425e-02
2.113292480000000069e+02 5.675006300000000337e-02 4.799095310000000246e-03 7.589505959999999496e-02 2.186680309999999849e-02 2.287112529999999963e-02 8.308856109999999962e-02
2.140334200000000067e+02 6.401783519999999783e-02 7.355793519999999884e-03 7.615522950000000457e-02 8.915351029999999191e-03 3.007628520000000041e-02 4.346800070000000210e-02
2.167339200000000119e+02 5.370451479999999861e-02 -6.454792460000000108e-05 6.459649010000000080e-02 -2.004453549999999848e-02 5.096651690000000151e-02 4.335648820000000125e-02
2.194351389999999924e+02 6.148849599999999666e-02 7.266358619999999796e-03 6.283825149999999748e-02 -1.997314450000000144e-02 2.375909140000000142e-02 1.295891080000000084e-02
2.221236389999999972e+02 5.191827260000000249e-02 1.730186839999999990e-02 6.411952690000000121e-02 -1.988001749999999956e-02 -5.750808550000000019e-04 4.070283560000000078e-02
2.248232800000000111e+02 6.158490519999999802e-02 8.013970780000000821e-03 6.580670269999999711e-02 -2.403955230000000103e-03 -3.987016530000000308e-02 1.443367180000000062e-02
2.275188420000000065e+02 6.956128960000000638e-02 4.971061690000000421e-03 5.500627500000000031e-02 1.874626490000000020e-02 -3.205877419999999828e-03 4.259467320000000223e-02
2.302118729999999971e+02 7.086643539999999686e-02 -3.313650940000000163e-03 5.105025440000000164e-02 -1.863494749999999867e-02 -1.273188079999999951e-02 6.511445870000000247e-02
2.329188110000000052e+02 7.183999639999999465e-02 6.298127580000000003e-03 4.435494269999999684e-02 1.657255350000000002e-02 4.952655140000000039e-02 3.184281120000000131e-02
2.356005140000000040e+02 6.951300729999999872e-02 8.232797530000000516e-03 4.467381599999999814e-02 -1.849579490000000104e-02 6.966968260000000468e-02 6.415286430000000095e-02
2.383111230000000091e+02 6.756155710000000258e-02 1.073720769999999929e-02 4.943650959999999761e-02 2.464328060000000112e-02 -5.460403790000000271e-03 8.039739290000000316e-03
2.410066390000000069e+02 6.597678310000000546e-02 7.016502459999999879e-03 6.242668660000000314e-02 -1.750855769999999905e-03 -1.979419259999999972e-02 6.741649639999999777e-02
2.437180140000000108e+02 6.025390159999999967e-02 8.322009650000000008e-04 5.974020389999999681e-02 3.725597309999999825e-03 6.905102560000000132e-03 5.098447269999999837e-02
2.464137479999999982e+02 6.634989880000000118e-02 -2.610118519999999904e-03 6.731016539999999659e-02 2.685073290000000029e-02 -2.908773799999999840e-02 5.753455980000000275e-02
2.491257479999999873e+02 6.385242339999999683e-02 -2.135906669999999841e-03 6.639672580000000046e-02 5.001103140000000107e-03 -9.292013890000000789e-03 1.889951219999999946e-02
2.518298580000000015e+02 6.703114229999999896e-02 -2.819969500000000032e-03 6.312639879999999704e-02 1.339934020000000010e-02 -3.359456759999999813e-03 2.592436810000000105e-02
2.545263889999999947e+02 6.605241709999999655e-02 1.858071300000000087e-03 5.850241440000000098e-02 -7.217535790000000062e-03 -2.548098970000000144e-02 4.743507990000000313e-02
2.572216389999999819e+02 6.547297470000000563e-02 -5.483788899999999730e-03 6.015828639999999672e-02 -2.414744959999999899e-02 -1.008022310000000060e-02 4.314765830000000246e-02
2.599235919999999851e+02 6.300168899999999961e-02 -1.120599000000000074e-02 5.160480130000000276e-02 -2.204796939999999900e-03 -3.596520029999999979e-02 1.838130450000000082e-02
2.626237800000000107e+02 6.767957380000000356e-02 -1.680807189999999895e-02 5.492077089999999884e-02 1.231044690000000080e-02 -2.080079110000000037e-02 -3.100928589999999915e-02
2.653271550000000047e+02 6.732225420000000071e-02 -1.276226230000000045e-02 5.326342929999999809e-02 6.573619200000000232e-03 1.904408070000000036e-02 -2.352178779999999914e-02
2.680230649999999741e+02 7.230820690000000495e-02 -6.868236629999999870e-03 4.718997949999999969e-02 3.943518269999999812e-03 5.713684970000000151e-04 -1.500431550000000044e-02
