# a=0.060931020007127544, b=-145.3956123896972, c=-0.0016400433170873651, xi=10.795329268127187
6.902446460000000172e-01 5.780019449999999892e-02 -4.509124189999999879e-03 5.422447639999999902e-02 8.375508970000000719e-03 -2.319683070000000055e-03 5.621057489999999740e-02
3.388119230000000037e+00 5.746459450000000052e-02 -6.452490689999999807e-03 5.679012509999999819e-02 2.187027100000000016e-02 2.555228870000000093e-03 4.075468420000000203e-02
6.095040169999999868e+00 5.560333869999999762e-02 -2.269261150000000116e-03 5.608247930000000159e-02 8.622301920000000411e-03 -3.314818850000000178e-02 2.882172259999999861e-02
8.796168919999999503e+00 5.792952490000000121e-02 -1.583638490000000053e-03 6.336560289999999818e-02 1.923976339999999841e-02 -1.339844639999999976e-02 4.206787640000000245e-02
1.149958280000000066e+01 6.136679700000000071e-02 -7.220618500000000432e-03 5.694491849999999689e-02 2.065360570000000090e-02 -4.189943510000000357e-03 8.350342320000000637e-03
1.420533600000000085e+01 6.437364210000000309e-02 -3.500457440000000198e-03 5.380648510000000245e-02 1.246211510000000064e-02 7.836227960000000797e-03 -1.037452350000000025e-03
1.690946410000000100e+01 5.999854990000000332e-02 -4.352379439999999947e-03 6.438332169999999577e-02 2.372062910000000135e-02 -5.626157760000000119e-03 1.624918590000000093e-02
1.960124689999999958e+01 6.437412539999999572e-02 -1.820466389999999927e-03 5.869077350000000137e-02 4.669572609999999820e-04 4.494624990000000396e-03 3.708894900000000300e-02
2.231389850000000052e+01 7.369143179999999849e-02 -5.936226650000000181e-03 4.346587749999999972e-02 3.762038200000000169e-03 1.711249329999999999e-02 6.444127099999999442e-02
2.501039850000000087e+01 7.848890760000000466e-02 -3.171011980000000043e-03 4.418038299999999668e-02 -7.350993269999999899e-03 -2.547252549999999907e-02 5.314668119999999690e-02
2.771205469999999949e+01 7.259041410000000027e-02 -1.272663450000000029e-02 3.367328470000000018e-02 -7.211973650000000325e-05 -7.653477439999999653e-03 5.862089659999999980e-02
3.040944220000000087e+01 7.759620429999999902e-02 -1.325211299999999939e-02 2.007218440000000173e-02 -2.521046060000000158e-02 9.618882409999999486e-04 1.946543469999999915e-02
3.310145940000000309e+01 8.299053839999999405e-02 -1.723603950000000135e-02 -1.221670970000000031e-03 -1.319390559999999990e-02 -3.091579709999999967e-02 4.396514189999999739e-02
3.578762350000000225e+01 7.404683970000000559e-02 -1.898300890000000074e-02 -1.323534309999999971e-02 -3.193843550000000000e-03 -8.444025040000000676e-03 4.042761889999999664e-02
3.848146409999999662e+01 7.750244759999999622e-02 -2.223153939999999995e-02 -2.672938789999999842e-02 -2.395031770000000115e-02 -4.161010189999999817e-03 -3.203457729999999865e-02
4.118047349999999796e+01 8.521589250000000115e-02 -1.004447269999999941e-02 -3.407640189999999736e-02 -6.896518499999999656e-03 3.356246210000000257e-02 -1.940040999999999988e-02
4.387584999999999980e+01 7.126692780000000449e-02 -8.633097660000000131e-03 -4.937754540000000025e-02 -4.682407649999999893e-02 1.887011469999999927e-03 -7.513174000000000241e-02
4.657484689999999716e+01 6.381716179999999405e-02 -5.835204450000000022e-03 -6.161335150000000344e-02 -1.824426549999999883e-02 -3.683147480000000147e-03 -8.547075369999999894e-02
4.926230470000000139e+01 6.385677829999999999e-02 -5.035802649999999818e-03 -6.088406650000000031e-02 -1.480466880000000027e-02 -1.945660269999999886e-02 -7.532496779999999989e-03
5.196040310000000062e+01 5.823377839999999833e-02 -1.944141880000000095e-03 -5.793432949999999942e-02 -1.876131229999999928e-02 2.117992050000000112e-02 -2.058926490000000109e-02
5.466757189999999866e+01 5.330662480000000064e-02 1.023296459999999998e-02 -5.967759720000000156e-02 1.424708329999999946e-02 -3.830423560000000005e-02 -3.294027909999999726e-02
5.735827809999999971e+01 5.538977479999999953e-02 6.588446660000000371e-03 -6.246333739999999912e-02 -2.598087879999999919e-02 7.763023929999999725e-03 -4.616908000000000296e-03
6.006430470000000099e+01 6.361775140000000550e-02 4.642274000000000053e-03 -5.319886280000000328e-02 -7.046332889999999682e-03 -1.830534589999999878e-02 -5.156009250000000155e-02
6.276258130000000079e+01 5.462875219999999837e-02 -5.892216500000000204e-03 -5.652354930000000333e-02 -6.941947369999999784e-03 -3.928735290000000269e-02 1.088874299999999934e-02
6.546540939999999864e+01 5.312244599999999678e-02 -6.208545870000000202e-03 -5.886083739999999759e-02 -9.617834550000000857e-03 8.270284969999999736e-03 -5.095438740000000216e-02
6.817302970000000073e+01 5.651761699999999916e-02 -3.098608599999999862e-03 -6.603862820000000466e-02 8.905320720000000148e-03 3.888844250000000110e-03 -7.081143259999999641e-03
7.087874060000000043e+01 5.803520229999999808e-02 -9.812359700000000337e-03 -6.569895789999999347e-02 1.462872889999999957e-03 -2.270510439999999866e-03 -5.133277410000000422e-03
7.358180310000000190e+01 6.202659640000000169e-02 -2.194231029999999926e-03 -6.628322030000000087e-02 -3.078653240000000114e-03 1.501039179999999994e-02 -2.642719170000000159e-02
7.629209219999999902e+01 6.209268910000000086e-02 7.659305489999999710e-03 -6.141134520000000180e-02 9.091463010000000108e-03 -8.593760089999999408e-03 -1.107246769999999970e-02
7.898734220000000050e+01 5.796336099999999797e-02 -3.956434079999999890e-04 -6.605828810000000106e-02 -3.228274309999999703e-02 -2.698370350000000098e-02 -2.773027510000000001e-02
8.168951719999999739e+01 5.861399519999999780e-02 -8.834144509999999201e-03 -6.113474940000000052e-02 -7.101245850000000026e-03 -3.102536419999999892e-02 -4.884597210000000272e-02
8.439056560000000218e+01 7.122997120000000570e-02 -8.059621050000000120e-03 -6.772814169999999412e-02 5.816573059999999989e-03 -1.277738120000000005e-02 -5.050582370000000071e-02
8.709425779999999406e+01 7.285046940000000637e-02 -1.354413990000000005e-02 -6.207481010000000243e-02 4.521532009999999942e-03 -4.180096090000000320e-02 -5.758804249999999875e-02
8.979282349999999724e+01 7.125154570000000187e-02 -9.226948440000000418e-03 -6.550665270000000096e-02 5.674392500000000061e-03 3.449702819999999996e-03 -4.877512269999999955e-02
9.249448280000000011e+01 6.764381540000000137e-02 -1.835516170000000072e-02 -6.780634289999999675e-02 5.627669989999999588e-03 -1.585211599999999943e-02 -3.535014239999999947e-02
9.519403599999999699e+01 5.690639809999999826e-02 -4.021947199999999743e-03 -5.982418800000000036e-02 2.193243820000000122e-02 -1.299531429999999967e-02 3.544932839999999884e-03
9.790208909999999776e+01 5.148804280000000150e-02 -1.147378279999999943e-04 -6.371609159999999661e-02 2.429298810000000107e-03 -4.040298180000000128e-02 -3.473423689999999980e-02
1.006054560000000038e+02 5.085227230000000098e-02 7.787630939999999743e-04 -6.524018069999999725e-02 1.002282049999999973e-03 -1.743404230000000082e-02 -4.568282580000000009e-02
1.033121440000000035e+02 6.742041220000000168e-02 -4.117207430000000348e-03 -6.973317179999999338e-02 8.803139609999999921e-03 4.441159820000000272e-03 -3.095969410000000074e-02
1.060009409999999974e+02 5.908302630000000083e-02 -4.923267349999999737e-03 -6.646111030000000086e-02 2.762719289999999994e-02 -1.937050049999999857e-02 -4.299746759999999862e-02
1.087106590000000068e+02 7.385098310000000332e-02 -1.306383720000000095e-03 -5.775004110000000329e-02 2.132052209999999934e-02 -1.731379629999999989e-02 -3.703590090000000168e-02
1.114080500000000029e+02 6.340349139999999772e-02 2.894886690000000005e-03 -5.189524429999999716e-02 2.777271960000000060e-03 -6.032908269999999809e-03 -3.559165479999999715e-02
1.141086590000000029e+02 6.381420259999999456e-02 -1.234839909999999995e-03 -4.434960980000000191e-02 1.643017589999999986e-02 -4.462155550000000172e-03 -2.274451410000000173e-02
1.168060030000000040e+02 5.318207579999999907e-02 -5.698673330000000002e-03 -5.270064330000000241e-02 -3.150734950000000194e-03 3.613398190000000065e-02 -7.282312200000000402e-02
1.195070659999999947e+02 5.294337660000000140e-02 -5.518557920000000117e-03 -6.034291609999999778e-02 -9.791023419999999450e-03 -6.972858670000000106e-03 -1.782807650000000146e-02
1.222059720000000027e+02 6.423443319999999623e-02 5.263373709999999775e-03 -6.378558049999999424e-02 -2.066358290000000139e-02 2.580273970000000056e-02 -3.591413370000000327e-02
1.249006279999999975e+02 6.933194859999999848e-02 1.115213290000000024e-02 -6.301538959999999912e-02 3.437532020000000008e-03 5.588645329999999967e-02 -6.597238099999999661e-03
1.275892690000000016e+02 6.944661739999999361e-02 1.088383690000000077e-02 -6.210442590000000290e-02 1.892183139999999847e-02 4.880955969999999783e-02 2.012274750000000133e-03
1.302896910000000048e+02 6.543288799999999461e-02 1.200167830000000053e-02 -5.447190069999999912e-02 3.677402469999999785e-02 5.319558089999999913e-04 1.334473960000000063e-02
1.330012529999999913e+02 6.595377460000000081e-02 7.371068770000000110e-03 -4.914183999999999913e-02 1.084638469999999952e-02 -7.707010339999999758e-03 -6.568756169999999395e-02
1.357004880000000071e+02 6.902404789999999624e-02 6.980229309999999750e-03 -4.620269419999999821e-02 1.001262579999999923e-02 -4.812460670000000273e-02 -1.511409340000000046e-02
1.384061910000000069e+02 7.123806250000000451e-02 7.782764240000000083e-03 -3.521748610000000057e-02 5.086382329999999952e-03 1.453197899999999912e-03 -2.199340840000000089e-02
1.411014089999999896e+02 7.612015830000000427e-02 4.809822689999999901e-03 -2.292455759999999926e-02 4.445339450000000345e-03 1.637328080000000075e-02 1.195268380000000068e-02
1.437965499999999963e+02 7.657863080000000544e-02 1.172695070000000055e-02 -1.482814439999999984e-02 2.373757500000000034e-02 -2.972801320000000198e-03 -2.641988929999999815e-03
1.465045810000000017e+02 7.754516279999999762e-02 1.207539219999999996e-02 5.776622759999999919e-03 -3.784218129999999958e-02 -2.212235369999999979e-02 8.768009190000000327e-03
1.492016130000000089e+02 7.670012040000000197e-02 1.007034750000000006e-02 1.752034359999999832e-02 -7.946166299999999835e-03 -7.662142060000000365e-02 -3.229382560000000190e-03
1.518946280000000115e+02 6.863890009999999708e-02 8.434560080000000348e-03 3.257746990000000287e-02 5.115387560000000250e-02 -5.315555319999999695e-02 2.394764170000000109e-02
1.545945340000000101e+02 6.472777779999999703e-02 -6.947564219999999811e-04 4.182199930000000260e-02 -2.358194890000000002e-03 3.274806519999999988e-03 3.053894570000000031e-02
1.573002219999999909e+02 6.905349600000000587e-02 -1.274717950000000080e-04 4.835165789999999741e-02 2.229741789999999807e-03 -1.081605599999999924e-02 3.578219169999999859e-03
1.600019250000000000e+02 5.764018939999999980e-02 -9.455241890000000426e-03 5.266080520000000070e-02 1.577243219999999863e-02 2.705066899999999941e-02 1.093560560000000036e-02
1.627040189999999882e+02 5.497623649999999751e-02 -1.002789620000000062e-02 5.256139180000000272e-02 1.661174140000000118e-02 1.583430369999999990e-02 1.396193490000000037e-02
1.654105659999999887e+02 6.449538330000000041e-02 -1.234629060000000042e-02 5.335215000000000096e-02 8.187178240000000592e-03 1.430351239999999927e-02 6.751098320000000104e-03
1.681084250000000111e+02 5.936056559999999815e-02 -1.375284610000000046e-02 5.942813250000000130e-02 -3.655279680000000225e-02 1.010084869999999975e-02 3.015260040000000002e-02
1.708124410000000069e+02 5.636296629999999752e-02 -9.167037529999999892e-03 6.272682320000000367e-02 -2.054165419999999867e-02 -4.341654920000000140e-02 -3.503511830000000105e-02
1.735100189999999998e+02 6.044761419999999941e-02 -3.175556270000000174e-03 5.426385060000000343e-02 -6.956172970000000511e-02 1.401063120000000002e-02 -1.719898099999999860e-02
1.762024089999999887e+02 6.187433579999999933e-02 7.311975490000000282e-04 6.227163050000000116e-02 -3.731809540000000005e-03 1.357960580000000007e-02 -6.556595989999999428e-05
1.789105500000000006e+02 5.650048819999999722e-02 -2.847689680000000030e-04 5.729545159999999832e-02 -5.142941539999999756e-02 -1.775338630000000001e-02 6.443171210000000169e-03
1.816223310000000026e+02 5.771773730000000213e-02 9.220208969999999296e-03 6.236069550000000045e-02 -4.959646160000000248e-02 1.120957499999999940e-02 -1.892325250000000125e-02
1.843209090000000003e+02 6.024953200000000147e-02 1.841024329999999898e-03 6.449618179999999645e-02 -2.390777709999999945e-02 -2.380247289999999974e-02 6.243681870000000050e-03
1.870228940000000080e+02 6.242563090000000092e-02 -3.485794129999999873e-03 6.548809999999999354e-02 -2.013812580000000005e-02 1.856795799999999899e-03 2.471269690000000088e-02
1.897261589999999956e+02 5.845222569999999895e-02 -4.539012979999999917e-04 7.167108780000000512e-02 -2.881664719999999999e-02 2.218500680000000044e-02 2.221550989999999948e-02
1.924327220000000125e+02 4.954600890000000063e-02 1.900812659999999953e-03 7.645414089999999496e-02 -6.582877260000000175e-02 3.494695290000000149e-02 1.167420299999999932e-02
1.951387379999999894e+02 4.327878240000000015e-02 -8.365913079999999892e-04 7.835398500000000099e-02 -9.675650799999999455e-03 5.462079930000000166e-02 -9.891504040000000456e-03
1.978462839999999971e+02 4.606599620000000062e-02 -2.928296019999999857e-03 7.451700420000000047e-02 -4.288289900000000210e-02 5.921549709999999675e-03 2.532535890000000081e-02
2.005448939999999993e+02 3.886849650000000211e-02 -7.996894890000000181e-04 6.521590330000000268e-02 2.018914570000000124e-04 -4.346006100000000122e-02 4.850543809999999928e-02
2.032478779999999858e+02 2.874077740000000047e-02 6.173921229999999698e-03 7.665968410000000011e-02 -4.775739259999999681e-02 -3.693139770000000016e-02 4.772087860000000237e-02
2.059525189999999952e+02 2.756651980000000141e-02 3.055561149999999875e-03 7.564645579999999814e-02 -1.102934539999999956e-02 2.255937620000000084e-03 3.096267200000000011e-02
2.086573779999999942e+02 3.529108050000000218e-02 1.516905420000000089e-03 6.489058529999999769e-02 1.075925940000000032e-02 7.882861019999999608e-03 2.849116869999999968e-02
2.113624560000000088e+02 3.398382650000000144e-02 -5.193998380000000451e-04 6.681264829999999932e-02 9.759823319999999525e-02 -2.644231320000000121e-02 3.461488089999999879e-02
2.140642379999999889e+02 3.673013010000000106e-02 2.886059470000000137e-03 5.806124079999999688e-02 4.554519900000000149e-02 -1.633088229999999936e-03 2.996749270000000076e-02
2.167720339999999908e+02 5.321209600000000040e-02 9.703725530000000335e-03 6.466426769999999991e-02 -2.905175130000000206e-04 -4.388481439999999609e-03 4.281036690000000061e-02
2.194741589999999860e+02 5.517045730000000314e-02 1.491266690000000051e-03 6.402657270000000622e-02 2.163496549999999879e-02 -1.654029159999999971e-02 -1.395074070000000034e-02
2.221719249999999874e+02 5.584772699999999979e-02 2.101484829999999970e-03 4.955537329999999685e-02 7.945753640000000756e-03 -4.122454849999999948e-02 -1.829124160000000082e-02
2.248765659999999968e+02 5.373163899999999771e-02 2.422570959999999825e-03 4.416789830000000111e-02 1.507758969999999955e-02 -4.579357480000000036e-02 -3.212766699999999864e-02
2.275650029999999902e+02 5.700421540000000231e-02 2.893731269999999869e-03 4.886483090000000307e-02 3.979315569999999913e-02 -1.198700039999999953e-02 -1.396195109999999982e-02
2.302599720000000048e+02 5.434424539999999776e-02 6.256433810000000496e-04 5.356280000000000069e-02 4.234000629999999654e-02 2.748580239999999855e-02 2.700042509999999937e-02
2.329592379999999991e+02 6.471898800000000507e-02 6.118315939999999752e-03 5.066374480000000041e-02 1.710637890000000008e-02 5.726527089999999993e-03 5.733570089999999973e-03
2.356584719999999891e+02 6.541626039999999531e-02 8.088848089999999685e-03 4.933633619999999720e-02 -1.748801040000000015e-02 1.789029530000000104e-02 -2.982154349999999871e-02
2.383585339999999917e+02 6.158865589999999723e-02 7.765844229999999994e-03 5.648976070000000238e-02 4.695041809999999857e-03 -2.681255139999999884e-02 -3.186136970000000290e-02
2.410473780000000090e+02 5.913498949999999865e-02 2.911726900000000205e-03 5.127237889999999854e-02 -1.960800299999999885e-02 -1.910152110000000111e-02 -3.755188009999999715e-02
2.437478000000000122e+02 6.142166140000000080e-02 -2.094697029999999845e-03 4.755372840000000184e-02 1.293163290000000007e-02 -4.001752179999999715e-02 -2.017137550000000154e-02
2.464551749999999970e+02 5.690051639999999661e-02 -7.821128680000000860e-03 5.642600119999999914e-02 -9.729429260000000204e-03 2.169397899999999865e-02 -2.494684269999999926e-02
2.491515660000000025e+02 6.092467409999999944e-02 -1.434189989999999941e-03 6.861297589999999780e-02 4.034363640000000056e-02 2.464325759999999935e-02 6.908275380000000396e-03
2.518551750000000027e+02 6.463630360000000019e-02 -5.947925080000000505e-04 5.891831430000000341e-02 -3.659183649999999885e-03 -2.171956269999999849e-03 1.134712069999999941e-02
2.545571590000000128e+02 6.180726190000000037e-02 9.738285049999999970e-03 4.893112859999999842e-02 2.338529240000000037e-02 -1.749985269999999871e-02 3.325095969999999836e-04
2.572504250000000070e+02 6.548850489999999414e-02 2.667216110000000025e-03 4.964914649999999791e-02 3.747706549999999665e-02 -2.913389980000000157e-02 2.993774370000000171e-02
2.599566280000000233e+02 6.366871870000000155e-02 6.685641570000000304e-03 5.749151379999999784e-02 3.408545700000000043e-03 -1.467604999999999951e-02 1.587662299999999943e-02
2.626496750000000020e+02 6.038196400000000325e-02 6.519796149999999846e-03 6.066736140000000138e-02 2.856420709999999905e-03 2.839403219999999881e-02 2.885997159999999923e-02
2.653601130000000126e+02 6.376720180000000626e-02 6.018264819999999925e-03 6.391534729999999442e-02 3.171675730000000221e-02 2.538005700000000101e-02 5.015753319999999987e-02
2.680625420000000076e+02 5.793488360000000059e-02 6.941519749999999767e-03 5.996948500000000293e-02 2.505003379999999960e-02 2.062008989999999931e-02 3.433600609999999664e-02
