# a=0.060712466033134876, b=-145.33069855655248, c=-0.0016612920280829411, xi=10.766758982465909
6.900096810000000414e-01 5.773406939999999737e-02 -4.573190000000000414e-03 5.395169889999999746e-02 8.715879129999999642e-03 5.218526749999999629e-04 5.883031589999999922e-02
3.388328720000000072e+00 5.720432100000000242e-02 -5.395933779999999812e-03 5.677248280000000286e-02 2.341520500000000143e-02 -4.894519520000000315e-05 4.299455010000000077e-02
6.094730750000000086e+00 5.620994509999999861e-02 -2.395990059999999946e-03 5.638471020000000028e-02 5.562047100000000119e-03 -2.870810539999999952e-02 2.957743100000000125e-02
8.795607309999999401e+00 5.699824579999999974e-02 -1.553469530000000081e-03 6.225831390000000076e-02 1.748166290000000012e-02 -1.114564869999999999e-02 3.981062970000000256e-02
1.149869149999999962e+01 6.126526260000000196e-02 -7.431150319999999670e-03 5.671096610000000288e-02 2.354101540000000034e-02 1.039518649999999914e-03 1.103195679999999929e-02
1.420429930000000063e+01 6.523092360000000423e-02 -3.766624750000000139e-03 5.402942799999999740e-02 8.276642279999999602e-03 9.300111459999999691e-03 -4.197631010000000239e-03
1.690838060000000098e+01 6.030119960000000084e-02 -4.435880879999999638e-03 6.442211949999999965e-02 1.731134609999999963e-02 -6.666730190000000160e-03 1.819057309999999941e-02
1.960224619999999973e+01 6.426779840000000632e-02 -2.075990089999999854e-03 5.877073459999999916e-02 2.536647639999999992e-03 5.227531250000000407e-03 3.660842770000000135e-02
2.231343680000000163e+01 7.362951830000000197e-02 -5.325356590000000084e-03 4.418370509999999807e-02 5.386979109999999633e-03 1.749675690000000033e-02 6.242251060000000157e-02
2.500862899999999911e+01 7.883136300000000152e-02 -3.353899300000000132e-03 4.482842430000000267e-02 -8.104416450000000507e-03 -2.239607639999999927e-02 5.507396760000000252e-02
2.771305089999999893e+01 7.309698359999999839e-02 -1.303790160000000038e-02 3.403257140000000291e-02 8.181315430000000435e-04 -3.698581079999999945e-03 5.948994810000000216e-02
3.040788679999999999e+01 7.796361370000000346e-02 -1.314885170000000027e-02 1.941820030000000058e-02 -2.564893539999999958e-02 2.362453259999999864e-03 2.484120529999999868e-02
3.310224469999999997e+01 8.289021650000000241e-02 -1.691767270000000059e-02 -1.737073320000000025e-03 -1.808103289999999849e-02 -2.732737119999999881e-02 3.887360840000000234e-02
3.578768219999999900e+01 7.350606819999999653e-02 -1.901418699999999837e-02 -1.412700100000000014e-02 -7.586708010000000127e-03 -9.996274600000000510e-03 4.163464709999999819e-02
3.848330560000000133e+01 7.793562219999999874e-02 -2.230946160000000025e-02 -2.609013790000000096e-02 -2.254415439999999868e-02 -4.760754560000000218e-03 -3.081309219999999946e-02
4.118108680000000277e+01 8.508853580000000361e-02 -1.003682730000000044e-02 -3.377719579999999971e-02 -7.991209730000000538e-03 3.439634429999999937e-02 -1.589128550000000126e-02
4.387609470000000300e+01 7.113897060000000383e-02 -8.767271579999999509e-03 -4.931199099999999946e-02 -4.940454250000000241e-02 8.885171840000000848e-03 -7.231787589999999488e-02
4.657578840000000042e+01 6.373932799999999788e-02 -5.873374239999999691e-03 -6.212217250000000301e-02 -1.692157420000000093e-02 -3.099659309999999897e-03 -9.164841949999999460e-02
4.926280249999999938e+01 6.335774249999999441e-02 -5.582991720000000414e-03 -6.100086539999999974e-02 -1.403464219999999915e-02 -2.002362350000000055e-02 -4.765991940000000385e-03
5.196090869999999740e+01 5.832508670000000062e-02 -1.937477229999999898e-03 -5.825188619999999845e-02 -2.044450429999999930e-02 2.093730010000000030e-02 -1.931651380000000071e-02
5.466787899999999922e+01 5.304516649999999750e-02 1.100797319999999996e-02 -5.864725710000000258e-02 1.175745109999999996e-02 -4.134601870000000068e-02 -3.192346979999999973e-02
5.735892590000000268e+01 5.528051479999999962e-02 7.032782440000000419e-03 -6.256283109999999370e-02 -2.060534639999999848e-02 1.078140999999999995e-02 -5.461151200000000094e-03
6.006352749999999929e+01 6.324979140000000499e-02 4.732031149999999659e-03 -5.270409379999999727e-02 -9.134303689999999712e-03 -1.989899339999999864e-02 -4.456392070000000233e-02
6.276130870000000073e+01 5.484102829999999706e-02 -5.326438339999999688e-03 -5.671575429999999723e-02 -1.053135120000000050e-02 -3.872957569999999766e-02 5.271967249999999668e-03
6.546578060000000221e+01 5.290642520000000265e-02 -5.939740510000000341e-03 -6.003076350000000061e-02 -1.208304080000000003e-02 4.780844749999999845e-03 -4.976132099999999725e-02
6.817221969999999942e+01 5.609213279999999968e-02 -2.825963849999999986e-03 -6.584118579999999332e-02 6.052801160000000243e-03 -4.719665409999999938e-04 -1.348163600000000083e-03
7.087979149999999606e+01 5.738073059999999892e-02 -9.687833910000000562e-03 -6.502093459999999658e-02 1.101256450000000046e-03 -7.702433459999999746e-03 -7.721154519999999695e-03
7.358407590000000198e+01 6.128980619999999796e-02 -1.929328629999999987e-03 -6.694217939999999589e-02 -1.948650660000000086e-03 2.105918769999999898e-02 -2.302128009999999947e-02
7.629254930000000456e+01 6.278403820000000302e-02 7.086188910000000042e-03 -6.073752030000000024e-02 1.101149459999999948e-03 -1.329199110000000086e-02 -1.358848569999999978e-02
7.898874469999999803e+01 5.780090169999999722e-02 -1.802915850000000059e-04 -6.627745779999999476e-02 -3.341129550000000031e-02 -2.697773490000000135e-02 -2.382637320000000059e-02
8.169153839999999889e+01 5.831962389999999913e-02 -8.655277010000000243e-03 -6.182042179999999720e-02 -1.176510910000000019e-03 -3.589355539999999900e-02 -4.752450030000000131e-02
8.439040249999999332e+01 7.082995390000000613e-02 -8.953080170000000601e-03 -6.778223079999999567e-02 5.713892750000000402e-03 -1.675301620000000172e-02 -4.893875820000000154e-02
8.709473680000000684e+01 7.203895890000000524e-02 -1.440046969999999975e-02 -6.221617050000000093e-02 1.617363819999999893e-03 -4.347846329999999898e-02 -6.029602159999999933e-02
8.979270870000000571e+01 7.104136279999999359e-02 -9.447507419999999143e-03 -6.541162459999999568e-02 5.172294150000000292e-03 6.905687060000000174e-04 -4.632166570000000039e-02
9.249569929999999829e+01 6.767044040000000371e-02 -1.812541310000000128e-02 -6.738209559999999709e-02 7.011203249999999575e-03 -1.388276700000000072e-02 -3.631953689999999763e-02
9.519482429999999340e+01 5.440582370000000140e-02 -4.431547360000000386e-03 -5.931758069999999716e-02 2.312570759999999989e-02 -1.637659879999999943e-02 1.278635250000000056e-03
9.790168370000000664e+01 5.027846240000000133e-02 -4.283292839999999746e-04 -6.380730749999999341e-02 3.327102809999999983e-03 -3.969222979999999928e-02 -3.160983209999999877e-02
1.006065119999999951e+02 5.011489410000000144e-02 5.524364659999999889e-04 -6.580493630000000538e-02 7.452402999999999805e-03 -1.354900680000000086e-02 -5.016550959999999809e-02
1.033125739999999979e+02 6.771294549999999635e-02 -3.899882930000000102e-03 -6.938499780000000061e-02 1.037173819999999934e-02 6.191574180000000184e-03 -3.014005549999999867e-02
1.060018869999999964e+02 5.920166079999999997e-02 -5.099169449999999687e-03 -6.560808939999999978e-02 2.239454160000000152e-02 -2.058718559999999850e-02 -5.169506189999999862e-02
1.087098090000000070e+02 7.306460770000000604e-02 -1.337375129999999936e-03 -5.670133849999999670e-02 2.022090359999999948e-02 -1.312779269999999991e-02 -4.293145880000000247e-02
1.114079810000000066e+02 6.375279940000000423e-02 2.886032729999999866e-03 -5.216115510000000205e-02 1.837594149999999954e-03 -5.480237070000000370e-03 -4.299657209999999813e-02
1.141081680000000063e+02 6.439230449999999717e-02 -2.071838500000000062e-03 -4.371468700000000207e-02 1.367472529999999922e-02 -1.256932439999999991e-02 -2.810141849999999927e-02
1.168063709999999986e+02 5.318578460000000091e-02 -5.539638310000000003e-03 -5.279367659999999879e-02 -4.132857380000000413e-03 3.512407950000000223e-02 -7.212903880000000323e-02
1.195088400000000064e+02 5.345616970000000023e-02 -5.699125999999999671e-03 -5.902442100000000053e-02 -1.038891240000000028e-02 -4.141391660000000308e-03 -1.252865480000000045e-02
1.222067930000000047e+02 6.464065069999999635e-02 4.358202729999999941e-03 -6.326145330000000622e-02 -1.733820460000000049e-02 2.446850999999999887e-02 -3.874878600000000034e-02
1.248990900000000011e+02 6.886496609999999408e-02 1.141731990000000030e-02 -6.293305670000000351e-02 -1.369931980000000001e-03 5.638908890000000201e-02 -2.816703380000000045e-03
1.275894959999999969e+02 6.917191420000000368e-02 1.128955660000000027e-02 -6.167680860000000070e-02 1.306243569999999965e-02 4.430805990000000194e-02 1.584824689999999930e-03
1.302904650000000117e+02 6.624027339999999375e-02 1.312420530000000043e-02 -5.411572049999999884e-02 2.938355080000000161e-02 -7.328405249999999727e-04 1.083899129999999975e-02
1.330014180000000010e+02 6.637847630000000276e-02 7.021582489999999947e-03 -4.927673280000000045e-02 1.572764819999999952e-02 -1.095456390000000037e-02 -6.460198390000000679e-02
1.357004340000000013e+02 6.946168719999999686e-02 8.157273709999999373e-03 -4.679714570000000073e-02 1.436645129999999937e-02 -4.406793090000000329e-02 -1.395705579999999973e-02
1.384081209999999942e+02 7.065469159999999971e-02 7.505004130000000363e-03 -3.499525039999999698e-02 3.931172860000000172e-03 4.493705459999999645e-03 -2.808663180000000106e-02
1.411006519999999966e+02 7.687146159999999617e-02 4.987117370000000369e-03 -2.185691949999999870e-02 8.913056079999999610e-04 1.713938279999999842e-02 8.027152949999999745e-03
1.437969019999999887e+02 7.605504999999999904e-02 1.122500539999999984e-02 -1.450634429999999968e-02 2.235686240000000005e-02 -3.058400910000000014e-03 1.182726959999999897e-03
1.465053399999999897e+02 7.753551039999999339e-02 1.166511479999999927e-02 5.961912270000000423e-03 -3.823220819999999937e-02 -2.434035279999999940e-02 1.352146880000000030e-02
1.492024810000000059e+02 7.666986200000000529e-02 1.004097190000000084e-02 1.786518070000000027e-02 -1.016088520000000064e-02 -8.585167550000000203e-02 -2.440349000000000077e-03
1.518962310000000002e+02 6.933488390000000501e-02 8.149560590000000382e-03 3.269298699999999974e-02 4.558142779999999755e-02 -5.328379829999999734e-02 2.576681310000000086e-02
1.545961519999999894e+02 6.498295310000000435e-02 -1.329626129999999899e-03 4.201672020000000313e-02 -1.781620860000000068e-03 3.968553040000000372e-03 2.848620090000000132e-02
1.573023090000000082e+02 6.925541509999999512e-02 -1.181115389999999902e-03 4.832094020000000240e-02 5.485707690000000102e-03 -9.249528070000000504e-03 -2.607733049999999900e-03
1.600017459999999971e+02 5.749520839999999744e-02 -9.266025730000000335e-03 5.272533260000000083e-02 1.846315540000000033e-02 1.760879690000000108e-02 9.393802130000000056e-03
1.627055740000000128e+02 5.387931470000000000e-02 -1.027857180000000051e-02 5.210276180000000118e-02 1.442143740000000063e-02 1.338083829999999960e-02 1.490948129999999927e-02
1.654104810000000043e+02 6.498193039999999865e-02 -1.213168579999999996e-02 5.292590309999999770e-02 7.347169889999999662e-03 1.678495630000000072e-02 1.094066070000000029e-02
1.681092309999999941e+02 5.895281649999999790e-02 -1.285189079999999977e-02 5.920060369999999988e-02 -3.744778309999999971e-02 1.424287750000000075e-02 3.353703620000000191e-02
1.708127770000000112e+02 5.701420170000000287e-02 -8.183295829999999438e-03 6.240355250000000076e-02 -1.749767649999999994e-02 -4.305547080000000221e-02 -2.462887570000000040e-02
1.735093709999999874e+02 6.042323790000000278e-02 -3.257475499999999864e-03 5.459016819999999715e-02 -6.788918889999999429e-02 8.668234670000000280e-03 -1.186079800000000052e-02
1.762033089999999902e+02 6.199255690000000235e-02 8.005364499999999576e-04 6.139438900000000060e-02 -4.669015739999999963e-03 3.993572400000000057e-03 1.632946979999999907e-03
1.789112149999999986e+02 5.645500950000000018e-02 4.851457340000000259e-04 5.753165989999999702e-02 -4.796729589999999821e-02 -1.590082899999999827e-02 1.222955080000000076e-03
1.816242149999999924e+02 5.784009600000000056e-02 8.725303749999999831e-03 6.221458369999999932e-02 -5.015097269999999746e-02 1.498904759999999947e-02 -1.657762880000000077e-02
1.843215429999999913e+02 6.001998320000000164e-02 1.914636419999999999e-03 6.511082830000000654e-02 -2.815137640000000066e-02 -2.014918519999999921e-02 6.626488609999999987e-03
1.870222310000000050e+02 6.181159149999999880e-02 -3.181708679999999990e-03 6.556911960000000317e-02 -2.545536240000000061e-02 -2.619712309999999798e-03 3.371649160000000228e-02
1.897268559999999979e+02 5.800371559999999843e-02 -1.070082159999999989e-03 7.079961399999999683e-02 -3.201272139999999933e-02 2.801321879999999973e-02 2.567852229999999930e-02
1.924335120000000074e+02 4.875349150000000270e-02 1.606976800000000033e-03 7.589636480000000462e-02 -6.503397860000000030e-02 3.002815910000000005e-02 1.673088030000000059e-02
1.951389020000000016e+02 4.268777130000000336e-02 -1.395842869999999996e-03 7.841924140000000598e-02 -3.714242889999999891e-03 5.448119440000000202e-02 -8.996057360000000308e-03
1.978469489999999951e+02 4.548685730000000260e-02 -3.419568710000000199e-03 7.414270130000000236e-02 -4.069232479999999874e-02 5.918730290000000227e-03 2.357543039999999979e-02
2.005463560000000030e+02 3.859976519999999689e-02 -8.491990000000000259e-04 6.544534479999999932e-02 1.262166759999999895e-03 -4.500448590000000193e-02 4.812789989999999990e-02
2.032485900000000072e+02 2.946168780000000056e-02 6.243435369999999693e-03 7.641434730000000453e-02 -4.651065719999999959e-02 -3.476865440000000140e-02 4.172670979999999752e-02
2.059539489999999944e+02 2.795386609999999869e-02 2.738358309999999827e-03 7.513497349999999353e-02 -1.190084339999999963e-02 -3.543031329999999854e-03 3.581720630000000127e-02
2.086589649999999949e+02 3.535449079999999911e-02 1.550261579999999894e-03 6.464398409999999595e-02 1.241025909999999947e-02 6.377390020000000062e-03 3.155861709999999848e-02
2.113639340000000004e+02 3.365545899999999868e-02 -5.745420389999999957e-04 6.716800259999999856e-02 9.166542900000000660e-02 -2.202747730000000070e-02 3.600945760000000273e-02
2.140644179999999892e+02 3.692566600000000282e-02 3.169398869999999913e-03 5.785288809999999948e-02 4.432534459999999676e-02 1.911120529999999873e-04 3.060356170000000028e-02
2.167747929999999883e+02 5.403078199999999942e-02 8.952534280000000455e-03 6.533328880000000005e-02 -9.263096289999999886e-03 1.426112599999999984e-03 4.042005240000000332e-02
2.194744340000000022e+02 5.497779480000000024e-02 2.253729380000000105e-03 6.285240779999999583e-02 2.107619789999999951e-02 -1.509424499999999919e-02 -1.942891639999999934e-02
2.221723240000000033e+02 5.625352559999999974e-02 2.102177160000000006e-03 4.908701950000000230e-02 -3.003842479999999874e-03 -3.667053800000000252e-02 -2.243458289999999966e-02
2.248784019999999941e+02 5.325360240000000245e-02 2.853992389999999817e-03 4.366766519999999707e-02 1.246539240000000062e-02 -5.079393339999999785e-02 -3.416414439999999886e-02
2.275666989999999998e+02 5.742211540000000114e-02 2.376910470000000164e-03 4.850289020000000256e-02 4.155382810000000232e-02 -7.883962989999999948e-03 -2.245751610000000162e-02
2.302605900000000076e+02 5.422368649999999984e-02 9.129636949999999675e-04 5.472244789999999859e-02 3.907325999999999855e-02 2.628035499999999830e-02 2.817393019999999901e-02
2.329598560000000020e+02 6.530969670000000282e-02 6.545612499999999868e-03 5.081391930000000307e-02 1.716305850000000160e-02 6.743633150000000014e-03 7.916145390000000476e-03
2.356584180000000117e+02 6.649557200000000279e-02 8.318461419999999273e-03 4.913832779999999928e-02 -1.755592580000000028e-02 2.056696640000000090e-02 -2.763585179999999974e-02
2.383593869999999981e+02 6.151174200000000120e-02 8.200511799999999143e-03 5.624703959999999975e-02 4.399711750000000199e-03 -2.473301710000000084e-02 -3.012096900000000091e-02
2.410481839999999920e+02 5.997058439999999879e-02 2.212317469999999960e-03 5.126803929999999843e-02 -2.060935709999999962e-02 -2.351985549999999897e-02 -4.111928940000000171e-02
2.437461839999999995e+02 6.146005990000000252e-02 -1.583602460000000040e-03 4.822605099999999895e-02 7.384209860000000118e-03 -3.649368179999999684e-02 -2.459789000000000073e-02
2.464580740000000105e+02 5.682263989999999931e-02 -7.935444800000000104e-03 5.642458980000000096e-02 -9.846868479999999757e-03 2.746858229999999887e-02 -3.179526519999999884e-02
2.491525739999999871e+02 6.036910439999999822e-02 -7.091519140000000212e-04 6.830345200000000061e-02 4.178373619999999761e-02 3.235195710000000197e-02 9.692632180000000652e-03
2.518573869999999886e+02 6.423554469999999406e-02 -5.651375330000000049e-05 5.928351839999999873e-02 -9.385687340000000572e-03 -9.067849680000000323e-04 5.555501929999999769e-03
2.545584959999999910e+02 6.204366609999999865e-02 9.669030369999999722e-03 4.894472109999999793e-02 1.880315390000000114e-02 -1.946499369999999882e-02 3.081374270000000228e-04
2.572525430000000028e+02 6.533423730000000040e-02 2.581227379999999957e-03 4.969901530000000317e-02 3.447114960000000061e-02 -2.999188870000000021e-02 3.198591729999999966e-02
2.599588239999999928e+02 6.371312279999999384e-02 5.940760940000000372e-03 5.717275119999999655e-02 2.786459710000000227e-04 -1.229744579999999914e-02 1.570550349999999887e-02
2.626514179999999783e+02 6.070428979999999836e-02 6.353707610000000269e-03 6.060455060000000116e-02 1.674097310000000104e-03 2.694214160000000038e-02 2.755970979999999848e-02
2.653618089999999938e+02 6.326896710000000368e-02 6.538225160000000168e-03 6.341627739999999847e-02 2.734792399999999915e-02 2.792826909999999996e-02 4.377591299999999963e-02
2.680650140000000192e+02 5.844104230000000261e-02 6.561346870000000012e-03 5.959865560000000145e-02 2.456579450000000164e-02 1.571179600000000010e-02 3.040015349999999894e-02
