# a=0.062445687567602805, b=-155.75243049747078, c=0.0011516703583073472, xi=10.350577751278644
6.816385739999999771e+01 6.131674060000000259e-02 -6.046261130000000171e-03 -6.640448979999999390e-02 6.103802750000000138e-02 4.534079390000000237e-02 -3.930709050000000260e-02
7.086439959999999871e+01 7.035037339999999917e-02 -1.018425189999999994e-02 -5.514489809999999909e-02 4.739140399999999809e-02 2.662383750000000063e-02 -5.928529059999999851e-02
7.356170740000000308e+01 7.497705529999999785e-02 -5.685017330000000091e-03 -4.850092859999999978e-02 4.850365830000000211e-02 5.692785310000000182e-03 -5.969037149999999875e-02
7.625837149999999554e+01 7.696350849999999966e-02 -5.423609149999999643e-03 -5.341597349999999828e-02 3.138282590000000122e-02 1.407774390000000007e-02 -5.847107780000000005e-02
7.895724180000000558e+01 6.985526709999999306e-02 -4.856807569999999769e-03 -4.254793639999999988e-02 6.071155019999999874e-02 -5.544383330000000193e-02 -5.589604609999999918e-02
8.165948079999999720e+01 5.462072130000000109e-02 -7.764774890000000242e-03 -5.373262499999999914e-02 -2.022215730000000156e-02 2.102712259999999899e-03 -2.691967049999999945e-02
8.435687149999999690e+01 4.966099320000000317e-02 -1.477360659999999923e-02 -6.859268609999999433e-02 2.437904680000000171e-02 -3.220192570000000171e-02 -3.568943769999999988e-02
8.705697150000000306e+01 4.890418130000000196e-02 -1.412279330000000034e-02 -7.315935540000000070e-02 1.316657220000000091e-04 -2.561764730000000087e-02 -4.035537320000000261e-02
8.975169329999999945e+01 6.295193709999999387e-02 -1.478801920000000041e-02 -6.730604900000000668e-02 7.361188940000000513e-02 -2.461108130000000047e-02 -3.035592729999999836e-02
9.246376519999999744e+01 6.271934910000000196e-02 -1.467796879999999984e-02 -5.672318660000000290e-02 2.489535110000000093e-02 -5.379636509999999837e-03 -5.350367449999999907e-03
9.516354800000000580e+01 6.440475649999999330e-02 -1.451320250000000082e-02 -5.896232490000000159e-02 1.491562280000000018e-02 5.700253300000000106e-02 4.734540190000000037e-02
9.786719490000000121e+01 6.141229680000000191e-02 -9.662823350000000408e-03 -5.562570690000000206e-02 1.904403860000000032e-02 6.143793909999999830e-02 7.396380299999999464e-02
1.005702339999999992e+02 6.398035459999999730e-02 -7.843097489999999172e-03 -6.576461960000000440e-02 3.893527940000000159e-02 4.347458350000000236e-04 4.668247529999999812e-02
1.032752179999999953e+02 6.443597019999999786e-02 -8.441295399999999838e-03 -5.800713159999999757e-02 8.148927810000000660e-02 1.777917630000000037e-03 3.610758010000000157e-02
1.059685000000000059e+02 5.718327740000000298e-02 -3.957364669999999598e-03 -6.331130610000000603e-02 9.238838450000000369e-02 1.455635750000000041e-02 2.134723820000000022e-02
1.086749530000000021e+02 6.339195860000000626e-02 -5.796559159999999968e-03 -6.800524289999999861e-02 5.453954639999999965e-02 3.891406959999999665e-02 -2.955947030000000142e-02
1.113882030000000043e+02 6.185736850000000259e-02 -2.552905849999999918e-03 -7.213313170000000552e-02 -3.782366000000000200e-02 6.130850350000000004e-02 -6.683036019999999758e-03
1.140889370000000014e+02 7.116763980000000156e-02 -5.027466960000000033e-03 -6.794234650000000042e-02 3.973336029999999935e-02 2.375617940000000067e-02 -1.084859829999999976e-02
1.167985149999999948e+02 6.131456369999999795e-02 1.378724719999999951e-03 -7.371008580000000532e-02 2.113597830000000025e-02 1.791629399999999928e-02 -6.461187810000000413e-03
1.194984680000000026e+02 6.050433799999999779e-02 -3.290596089999999873e-04 -6.519470839999999545e-02 4.018929179999999879e-02 -2.066843070000000046e-02 -1.795536730000000039e-02
1.222039209999999940e+02 5.681557770000000146e-02 2.046190949999999922e-03 -6.444164230000000437e-02 1.494942030000000026e-02 -2.848809290000000119e-02 2.531904290000000154e-02
1.249127649999999932e+02 6.883210879999999976e-02 6.610695930000000387e-03 -6.491538469999999506e-02 3.940294169999999929e-02 7.644259629999999861e-02 8.272288639999999648e-04
1.276184999999999974e+02 6.119077440000000173e-02 6.847869890000000265e-03 -6.059715239999999975e-02 1.292777150000000083e-02 8.817016829999999722e-03 7.380572699999999979e-03
1.303178279999999916e+02 6.159584679999999951e-02 -3.119459489999999984e-03 -5.897445400000000254e-02 6.941717560000000564e-02 3.124131319999999892e-02 9.497610550000000484e-03
1.330197499999999877e+02 6.114381149999999904e-02 -1.945398649999999880e-04 -6.312022109999999853e-02 1.483249459999999922e-02 -6.802041360000000286e-03 3.847956279999999868e-02
1.357169839999999965e+02 5.309907120000000036e-02 1.035149909999999972e-02 -5.121374100000000013e-02 1.894252080000000116e-02 -3.188935319999999969e-03 9.776856460000000332e-03
1.384146560000000079e+02 6.400853149999999325e-02 9.271047739999999787e-03 -5.501117090000000320e-02 -2.079697960000000123e-02 3.116517880000000025e-03 -1.595232790000000039e-02
1.411067500000000052e+02 6.915794610000000620e-02 3.115053329999999988e-03 -5.177628530000000229e-02 7.172068390000000369e-03 -1.352617620000000026e-05 8.461941550000000138e-04
1.437967030000000079e+02 6.259122509999999473e-02 4.671863580000000342e-03 -4.507064620000000160e-02 -9.435506200000000690e-03 -4.118484139999999821e-02 2.194633719999999812e-03
1.464919680000000142e+02 6.779220299999999533e-02 2.726338989999999973e-03 -3.714781959999999966e-02 1.335765480000000033e-02 -2.643158019999999886e-02 2.615205129999999961e-02
1.491928749999999866e+02 7.782688449999999869e-02 2.818055779999999785e-03 -3.041563580000000017e-02 2.851575610000000021e-03 -2.758007859999999853e-04 -1.384634359999999988e-02
1.518977179999999976e+02 8.083042719999999903e-02 1.412931199999999934e-03 -2.810890460000000160e-02 -3.190066420000000139e-03 9.435454229999999318e-03 -4.124098090000000161e-02
1.545983119999999928e+02 7.855620330000000207e-02 -1.280605750000000020e-03 -1.047595590000000021e-02 1.283701330000000009e-02 -2.567883319999999994e-03 -8.673326959999999586e-02
1.572970149999999876e+02 7.762616749999999566e-02 1.074657920000000010e-02 1.214430499999999934e-02 -2.282383660000000120e-02 -2.475557319999999867e-02 -2.508219620000000025e-02
1.600038279999999986e+02 7.638608400000000687e-02 1.259982880000000069e-02 2.061946060000000025e-02 3.220731870000000108e-02 -6.696347739999999882e-02 -1.953592449999999939e-02
1.626963279999999941e+02 7.482767769999999763e-02 1.110842199999999974e-02 3.852402449999999673e-02 1.484104489999999929e-02 2.557436410000000007e-02 4.211655250000000128e-02
1.653975780000000100e+02 7.732461820000000041e-02 3.856171619999999942e-03 5.052399970000000240e-02 5.634170609999999491e-04 5.895673829999999865e-03 4.540215739999999695e-02
1.680992500000000121e+02 6.923552319999999594e-02 -2.349981899999999992e-03 5.478640020000000166e-02 1.917040789999999943e-03 -4.225948090000000018e-02 2.567319820000000044e-02
1.707896560000000079e+02 6.300280900000000683e-02 -1.030992639999999934e-03 5.983394069999999759e-02 -1.269412949999999991e-02 -1.958880279999999918e-02 3.671007490000000040e-02
1.734842810000000100e+02 5.519849539999999860e-02 -9.153278639999999980e-03 6.346378119999999956e-02 -6.661166920000000276e-03 1.310484389999999957e-02 2.580887869999999931e-02
1.761844370000000026e+02 5.183959949999999983e-02 -8.307369970000000672e-03 7.011337219999999593e-02 2.221078799999999867e-02 -4.165550120000000023e-03 8.639204070000000568e-02
1.788895149999999887e+02 5.888931750000000326e-02 5.311651439999999676e-04 7.194947349999999964e-02 1.635616139999999941e-02 -8.712378999999999263e-03 5.950532320000000153e-02
1.815885619999999960e+02 6.787204789999999599e-02 -1.047258700000000043e-04 7.185402750000000061e-02 5.989176609999999866e-03 -1.921254110000000098e-02 7.643764779999999426e-02
1.842986559999999940e+02 7.015642299999999554e-02 -9.727214359999999949e-03 6.323914499999999661e-02 3.629682380000000264e-02 2.095362569999999897e-02 6.114267570000000290e-02
1.870197180000000117e+02 6.943604929999999675e-02 -1.228699299999999953e-02 5.266848209999999697e-02 4.713625579999999871e-02 3.541329129999999659e-02 2.364761519999999950e-02
1.897101869999999906e+02 6.331943739999999765e-02 -3.271188090000000034e-03 5.635495380000000304e-02 3.510470940000000317e-02 1.863346160000000154e-02 5.494559560000000092e-02
1.924181250000000034e+02 6.813184949999999407e-02 -8.982246990000000101e-04 5.314059570000000121e-02 5.386773809999999968e-02 2.002088250000000000e-02 1.834721489999999872e-02
1.951329529999999863e+02 5.765091039999999806e-02 1.039504120000000077e-03 6.063290689999999844e-02 7.141183839999999672e-02 -2.343531869999999906e-02 4.864174429999999771e-02
1.978406870000000026e+02 5.342934800000000151e-02 1.104699019999999922e-03 6.346434039999999943e-02 3.435160210000000325e-02 1.800842059999999828e-02 7.626283949999999867e-02
2.005471709999999916e+02 5.741321559999999768e-02 -5.423942739999999818e-03 5.966801000000000049e-02 1.213492870000000036e-02 1.695404520000000012e-02 9.009599610000000591e-02
