# a=0.06861853157018769, b=-141.2401012341675, c=0.002932862558903284, xi=8.169678980019636
6.970158440000000510e-01 7.258918030000000021e-02 -8.731259110000000323e-03 3.485318529999999887e-02 -5.000283989999999845e-03 -6.717640340000000142e-04 1.134927319999999920e-02
3.384856309999999979e+00 8.021709750000000083e-02 -1.588669100000000139e-02 1.124611610000000005e-02 -1.960912650000000076e-02 -3.277424620000000260e-02 3.928297540000000310e-02
6.079473809999999645e+00 7.883491830000000089e-02 -9.268778130000000434e-03 2.568886549999999797e-03 -1.679216459999999939e-02 -2.495017069999999962e-02 6.620310290000000486e-02
8.784324270000000823e+00 8.120684590000000480e-02 -3.056567870000000044e-03 -1.098419940000000018e-02 1.766588180000000074e-03 -1.225915770000000037e-02 4.410634570000000060e-02
1.148345430000000000e+01 7.574754009999999649e-02 1.299416569999999917e-02 -1.962563830000000134e-02 -3.395514580000000282e-02 -2.441546220000000156e-02 3.714764539999999837e-02
1.419172149999999988e+01 7.024646519999999672e-02 6.599551300000000044e-03 -3.289220749999999943e-02 -4.084759479999999776e-02 9.714550840000000728e-03 1.916752409999999962e-02
1.689204330000000098e+01 6.912351719999999811e-02 1.210097190000000017e-02 -4.515397699999999792e-02 -1.727805959999999946e-02 9.491000200000000372e-03 -2.475565659999999740e-04
1.959153239999999840e+01 6.868150319999999365e-02 7.775251880000000337e-03 -3.975235829999999859e-02 -5.821099810000000124e-02 -2.227573340000000082e-02 3.462009580000000031e-02
2.228738710000000012e+01 6.511266290000000678e-02 1.775663910000000074e-03 -4.316660729999999974e-02 -5.278601990000000160e-02 -7.160430850000000513e-02 -4.549287190000000057e-03
2.498517299999999963e+01 6.350744580000000639e-02 3.287542359999999931e-03 -4.438599940000000077e-02 -3.613787820000000095e-02 -9.899498140000000806e-03 -1.623167179999999987e-02
2.767745430000000084e+01 6.507836020000000443e-02 -8.496887740000000355e-03 -5.107997720000000130e-02 -3.946691670000000013e-02 -3.069656830000000100e-02 1.830570999999999934e-02
3.037783710000000070e+01 6.721587499999999438e-02 3.223908809999999955e-03 -5.842432959999999814e-02 -6.772548019999999683e-03 -3.048634990000000100e-02 2.746171960000000009e-02
3.307773079999999766e+01 6.579722779999999660e-02 2.352243960000000023e-03 -6.096491319999999825e-02 -4.008720980000000239e-02 2.851256409999999852e-02 1.962743850000000026e-02
3.577669329999999803e+01 4.646240299999999934e-02 5.044185750000000114e-03 -6.323923689999999542e-02 3.533596069999999896e-04 1.092754380000000034e-03 1.563784140000000142e-02
3.848479180000000355e+01 4.717144229999999799e-02 -2.588972660000000113e-03 -6.206923949999999801e-02 -3.966101269999999790e-02 8.513843880000000058e-03 -3.875331270000000050e-02
4.118599960000000237e+01 5.755967470000000058e-02 3.668314130000000124e-03 -6.398479710000000431e-02 -3.091858330000000002e-02 1.139655529999999972e-02 -2.598033179999999914e-02
4.388757609999999687e+01 5.457479230000000098e-02 5.331185629999999872e-04 -6.934703030000000101e-02 7.066865670000000224e-03 2.865010130000000127e-02 -1.790550249999999996e-02
4.657869649999999950e+01 6.230797329999999967e-02 1.348789360000000057e-03 -6.522758250000000591e-02 6.870211839999999792e-02 2.455075569999999943e-02 7.431978030000000422e-03
4.927579490000000106e+01 7.056941190000000363e-02 -7.494198449999999595e-03 -6.355845200000000139e-02 4.246445849999999807e-03 2.787079530000000083e-02 -7.940707729999999659e-03
5.196222459999999899e+01 6.806101579999999929e-02 -5.061227340000000116e-03 -5.369702230000000104e-02 3.271719289999999725e-02 1.243670250000000060e-02 -5.437441689999999994e-02
5.464525580000000105e+01 6.249452870000000299e-02 -4.606471380000000219e-03 -5.340783520000000340e-02 -7.800409930000000089e-03 -4.398642879999999783e-02 -4.488843299999999842e-02
5.734441989999999834e+01 5.721706459999999911e-02 3.666451949999999932e-03 -4.412332790000000199e-02 -8.086049459999999564e-03 -1.070311810000000021e-03 -4.766804200000000075e-02
6.004083550000000002e+01 5.228408870000000180e-02 4.849122560000000345e-03 -6.024438089999999829e-02 -1.255739550000000045e-02 -4.355851550000000398e-03 -2.831490459999999945e-02
6.272950269999999762e+01 4.856235670000000337e-02 8.730999740000000217e-03 -6.629960340000000396e-02 1.475660189999999927e-02 1.288544099999999921e-02 3.097353350000000075e-02
6.544011360000000366e+01 4.848190370000000221e-02 7.792474120000000143e-03 -6.649524950000000600e-02 -3.310120429999999919e-02 1.173256169999999966e-02 1.283731100000000055e-02
6.813801829999999882e+01 6.424024909999999366e-02 -1.801901149999999955e-04 -5.566277919999999824e-02 1.038113509999999927e-02 3.398160100000000017e-02 -8.770026519999999867e-03
7.083564020000000028e+01 5.655093700000000251e-02 -9.105968250000000177e-04 -6.207993409999999768e-02 -1.269747180000000038e-02 4.014345209999999747e-02 4.023555189999999948e-02
7.354611049999999750e+01 5.766434349999999959e-02 -6.397416070000000107e-03 -5.515408690000000308e-02 5.484494959999999808e-02 3.077748929999999869e-02 -1.949360740000000104e-03
7.624680739999999446e+01 5.745505790000000196e-02 -4.722631060000000115e-04 -5.815628440000000093e-02 8.952732819999999897e-03 -3.873109350000000090e-02 -1.792751550000000124e-02
7.894440579999999841e+01 5.803925869999999876e-02 2.765650130000000054e-03 -5.194696289999999744e-02 3.295281900000000038e-03 1.641131410000000110e-02 -1.249588610000000079e-02
8.164286830000000350e+01 4.455910440000000056e-02 -1.673976499999999879e-04 -5.573884340000000159e-02 1.803728270000000064e-02 1.095878150000000051e-02 -1.802529519999999941e-02
8.433941830000000550e+01 3.949365350000000330e-02 -3.752762260000000027e-03 -6.259527550000000551e-02 1.076124669999999929e-02 3.017252559999999972e-02 2.990941319999999848e-02
8.704646830000000080e+01 3.660764789999999824e-02 -8.647945900000000505e-03 -7.665844310000000106e-02 -2.546618200000000040e-02 -1.405669669999999941e-02 2.626364319999999891e-02
8.975474180000000501e+01 4.874010010000000281e-02 -8.979473170000000157e-03 -7.346051639999999494e-02 -1.428261850000000013e-02 -2.234999309999999989e-02 -1.532009980000000049e-02
9.245346360000000629e+01 5.508547269999999885e-02 -8.448691180000000508e-03 -6.595178290000000554e-02 -7.186791740000000178e-03 3.799076679999999900e-02 -3.952533770000000307e-02
9.515507929999999703e+01 5.477316699999999761e-02 -6.984096189999999642e-03 -6.486931949999999447e-02 5.862206939999999727e-02 -2.180660870000000057e-02 -2.535246180000000002e-02
9.785564180000000079e+01 4.953014359999999977e-02 6.317257659999999482e-04 -6.958777019999999591e-02 3.151263390000000331e-02 -4.012807620000000304e-03 1.712344199999999914e-02
1.005674180000000035e+02 4.683170250000000256e-02 6.543416889999999729e-03 -6.887071300000000007e-02 8.746371270000000836e-03 1.590888790000000164e-02 -2.091154009999999976e-03
1.032687930000000023e+02 4.467891100000000171e-02 8.459543829999999209e-03 -6.635530450000000358e-02 -6.891739879999999978e-03 1.144174249999999927e-02 -2.845685699999999860e-02
1.059770280000000042e+02 5.331467449999999914e-02 4.699818970000000165e-03 -6.883336980000000216e-02 1.340957989999999947e-02 -1.436413800000000025e-02 -3.368632319999999986e-02
1.086858090000000061e+02 4.638746120000000056e-02 3.264105340000000161e-03 -6.987065959999999576e-02 -5.610444120000000062e-02 6.926679029999999702e-03 -1.009453519999999917e-02
1.113718559999999940e+02 4.728488680000000194e-02 2.340790149999999979e-03 -6.483771609999999797e-02 5.728276749999999806e-02 -1.633900219999999967e-03 -1.177309770000000040e-02
1.140822780000000023e+02 5.443233210000000127e-02 4.289444409999999992e-03 -6.797726699999999400e-02 -9.066672169999999767e-03 8.180279559999999867e-03 5.675319019999999770e-03
1.167905120000000068e+02 5.048676130000000206e-02 4.214128430000000161e-03 -6.958322899999999644e-02 1.000368840000000030e-02 -7.423133400000000298e-03 -9.370807159999999456e-03
1.195001529999999974e+02 5.746715859999999843e-02 8.981519790000000187e-04 -7.179426690000000055e-02 -1.328823280000000079e-02 -5.733317849999999827e-02 -7.954273069999999446e-02
1.221949180000000013e+02 5.978818649999999985e-02 -1.370231510000000097e-03 -7.716782919999999601e-02 -2.202728019999999898e-02 -1.711863510000000144e-02 -2.210386179999999923e-02
1.248896060000000006e+02 5.852343549999999839e-02 -2.273032869999999910e-03 -6.615688979999999331e-02 3.002189610000000064e-02 -3.907730610000000049e-02 -1.721899829999999978e-02
1.275946059999999989e+02 5.188839120000000166e-02 -4.133056819999999729e-03 -6.549029530000000099e-02 -4.791764159999999800e-03 1.052742710000000026e-02 -2.849023800000000106e-02
1.302865749999999991e+02 5.311092659999999688e-02 -4.625914049999999868e-03 -5.032220929999999676e-02 2.165224229999999916e-02 -7.327649319999999904e-03 -2.897734390000000076e-02
1.329972150000000113e+02 6.501476700000000108e-02 -7.305105549999999642e-03 -4.797535330000000237e-02 -2.720446619999999927e-02 -1.827344389999999846e-02 -3.570047300000000340e-02
1.356945279999999912e+02 6.838743410000000522e-02 -8.635551389999999300e-03 -3.548386449999999664e-02 2.211849009999999893e-02 -3.937260249999999934e-02 -3.046831360000000141e-02
1.383777460000000019e+02 7.457140489999999899e-02 -4.588354279999999966e-03 -2.300731649999999961e-02 1.420930890000000023e-02 -1.378777609999999945e-02 3.671247949999999899e-02
1.410736060000000123e+02 6.988363240000000642e-02 -7.699045360000000143e-03 -4.930874990000000293e-05 4.858763589999999695e-03 -1.043443070000000042e-02 2.554332100000000078e-02
1.437723870000000090e+02 6.691808800000000057e-02 -2.199914729999999981e-03 2.804449280000000100e-02 -6.088156360000000072e-02 -6.603777869999999384e-02 -3.745016570000000294e-02
1.464568250000000091e+02 7.544768990000000342e-02 2.238661009999999823e-03 3.983876370000000167e-02 -2.934035039999999955e-02 -3.655833359999999949e-02 9.818458650000000398e-03
1.491454650000000015e+02 7.044762050000000220e-02 2.162848870000000194e-03 5.257601030000000342e-02 -7.349515479999999858e-03 -1.102597550000000010e-02 5.136414570000000235e-02
1.518366530000000125e+02 6.158010869999999692e-02 7.132942920000000415e-03 6.317840260000000263e-02 -1.177295149999999912e-03 1.152507109999999918e-02 4.632666850000000114e-02
1.545357459999999890e+02 5.572740329999999881e-02 1.054905079999999976e-04 6.067666659999999823e-02 -2.694711870000000148e-02 5.945760209999999962e-02 3.534655989999999776e-02
1.572544959999999890e+02 4.690032820000000074e-02 7.993067970000000211e-04 6.701771639999999641e-02 1.860717829999999906e-02 3.602740410000000032e-02 5.255649870000000251e-03
1.599515900000000101e+02 4.039485219999999766e-02 4.659661770000000230e-03 8.017061350000000142e-02 -2.020323270000000046e-02 5.863459800000000305e-02 -1.853879919999999992e-05
1.626442460000000096e+02 3.434488029999999831e-02 7.807538900000000458e-04 6.943923809999999475e-02 -9.596274099999999724e-03 7.095120570000000224e-03 5.649190070000000008e-02
1.653424650000000042e+02 3.766183559999999875e-02 2.083035850000000081e-03 7.079348450000000348e-02 4.056766029999999724e-03 -1.518100910000000012e-02 -1.189521110000000019e-03
1.680337000000000103e+02 2.488830640000000080e-02 5.618355949999999897e-03 7.994132180000000643e-02 -9.341063749999999749e-03 8.717831129999999151e-03 2.603058089999999922e-02
1.707397310000000061e+02 1.950039480000000103e-02 7.810875450000000046e-03 8.296936990000000622e-02 6.585721870000000103e-03 -7.684599690000000136e-03 -1.121670439999999935e-02
1.734405899999999860e+02 1.633355909999999883e-02 7.220420150000000231e-03 7.744466880000000497e-02 2.378008540000000129e-02 5.914058330000000058e-02 3.464172309999999800e-03
1.761374959999999987e+02 3.060100279999999895e-02 3.425743619999999882e-03 8.597553110000000220e-02 3.247884969999999955e-02 8.652654279999999823e-03 1.302075919999999987e-03
1.788426059999999893e+02 3.353163659999999768e-02 -1.759478340000000026e-03 7.439065499999999997e-02 1.052463309999999985e-02 -5.040172970000000342e-03 -2.426884669999999911e-02
1.815589809999999886e+02 3.799024069999999698e-02 -1.043586449999999929e-02 6.262020819999999932e-02 4.008339609999999817e-03 -3.086033330000000074e-02 -6.590843550000000280e-03
1.842678400000000067e+02 4.041455230000000343e-02 4.328017730000000203e-04 7.248793789999999349e-02 -2.977904869999999961e-03 -5.084322220000000309e-02 -6.016031869999999802e-03
1.869788869999999861e+02 4.869228800000000024e-02 -4.423228210000000431e-03 8.163204509999999470e-02 4.232453580000000238e-04 -6.522937480000000170e-03 5.093915529999999692e-02
1.896802619999999990e+02 4.912212669999999753e-02 -7.114165500000000156e-03 7.738658939999999709e-02 -4.198085079999999691e-02 -1.984036000000000133e-02 1.616324270000000021e-02
1.923768399999999872e+02 3.810395910000000108e-02 -1.442258119999999949e-02 7.581279729999999828e-02 -1.487692539999999931e-02 -1.619625289999999940e-02 2.468277899999999844e-02
1.950858560000000068e+02 3.550923510000000144e-02 -5.619414700000000332e-03 8.427173540000000573e-02 5.481568800000000304e-03 -4.562516350000000304e-02 -2.726346069999999872e-02
1.977971679999999992e+02 2.853372729999999885e-02 -2.762627100000000172e-03 8.232389029999999386e-02 -5.499763989999999908e-03 -1.639128720000000011e-02 -8.629825750000000295e-03
2.005172460000000001e+02 3.336217450000000112e-02 4.611586210000000012e-03 7.143994450000000496e-02 8.433553519999999540e-03 1.185076730000000043e-02 7.043920390000000349e-04
2.032069649999999967e+02 4.292301109999999836e-02 2.357034059999999799e-03 6.663121739999999793e-02 -2.561294739999999889e-02 -4.468845149999999683e-02 6.000803469999999723e-02
2.059141209999999944e+02 4.521333649999999954e-02 4.499546099999999701e-03 5.747207180000000332e-02 9.240480180000000500e-04 7.401915010000000190e-03 -2.114915250000000066e-03
2.086019340000000000e+02 4.882931719999999975e-02 -7.380306950000000213e-03 7.308611230000000569e-02 -6.333384860000000095e-03 2.929611000000000021e-02 9.466368779999999317e-02
2.112894809999999950e+02 4.709038740000000278e-02 9.178514479999999630e-04 6.306490280000000281e-02 -1.182405840000000027e-02 -1.049602529999999964e-02 5.691372310000000073e-02
2.139881839999999897e+02 3.414265400000000145e-02 5.303396820000000345e-03 7.492887430000000348e-02 -1.545908340000000034e-02 2.946910960000000135e-02 8.407168310000000255e-02
2.166845429999999908e+02 4.427102649999999778e-02 9.206928490000000284e-03 6.315680560000000443e-02 -1.553306729999999990e-02 -1.717719789999999982e-02 -1.295882289999999992e-02
2.193813869999999895e+02 4.850714810000000127e-02 8.684846600000000610e-03 5.796238719999999983e-02 -9.584945489999999874e-03 -2.308214659999999890e-02 5.160015200000000329e-02
2.220769960000000083e+02 6.083085180000000203e-02 2.837006840000000103e-03 5.512692970000000053e-02 -1.036565790000000022e-02 -5.785230690000000425e-03 4.827055460000000131e-03
2.247704650000000015e+02 4.946108610000000266e-02 9.197200370000000250e-03 5.844788360000000016e-02 5.521873309999999688e-03 -1.107494979999999914e-02 9.499501100000000420e-02
2.274684340000000020e+02 5.079107940000000126e-02 1.278410110000000044e-02 6.586291680000000426e-02 4.349506520000000036e-03 -1.964050690000000016e-02 1.379912600000000010e-02
2.301716209999999876e+02 5.049432320000000335e-02 6.837893099999999870e-03 6.820827919999999933e-02 1.190403630000000032e-02 1.478792550000000011e-02 5.531836100000000079e-04
2.328697459999999921e+02 5.531929490000000310e-02 9.443527199999999372e-03 6.433175339999999687e-02 2.449955159999999896e-02 1.440468119999999998e-02 1.977407780000000129e-02
2.355814180000000135e+02 6.128789290000000167e-02 1.146334690000000087e-02 6.206662999999999764e-02 1.282023350000000006e-02 1.971829729999999975e-02 3.560687080000000254e-02
2.382834960000000137e+02 5.918096219999999935e-02 4.301907070000000367e-03 5.562929490000000088e-02 1.142727080000000006e-02 -2.048251489999999841e-02 2.321647380000000163e-02
2.409881680000000017e+02 6.062145959999999667e-02 1.203797170000000041e-02 5.546784030000000143e-02 -1.033492779999999923e-02 1.695955119999999899e-02 7.731050480000000412e-03
2.436955279999999959e+02 6.019998909999999676e-02 9.569708620000000679e-03 5.260337439999999976e-02 1.391593879999999950e-02 -5.702302380000000455e-04 -1.829256920000000078e-02
2.463912149999999883e+02 6.909272280000000599e-02 1.785663050000000154e-02 4.989273520000000323e-02 2.246037609999999851e-02 8.965800310000000828e-03 -1.531166769999999996e-02
2.490848090000000070e+02 6.137974389999999864e-02 2.116246739999999918e-02 3.842971850000000134e-02 1.730742359999999994e-02 3.426688630000000041e-02 3.949785600000000133e-03
2.517866999999999962e+02 5.930363909999999961e-02 1.868329809999999883e-02 4.260312930000000053e-02 -6.650985830000000036e-03 -4.773240050000000095e-02 -1.635393610000000081e-02
2.544794960000000117e+02 6.102430059999999767e-02 2.566366949999999980e-02 4.806792979999999910e-02 -5.164875709999999960e-03 -7.551258140000000237e-03 -1.969069960000000008e-02
2.571794959999999719e+02 6.509156539999999547e-02 9.279189510000000751e-03 5.150540709999999744e-02 7.333446129999999889e-03 -3.024695709999999926e-02 1.241848549999999968e-02
2.598794179999999869e+02 6.523193169999999541e-02 8.936783360000000523e-03 6.385367290000000529e-02 2.170733570000000015e-02 -4.783026580000000055e-02 2.298920570000000108e-02
2.625784029999999802e+02 6.706605949999999705e-02 1.082953239999999906e-03 5.693244249999999951e-02 3.058292710000000067e-02 -7.282429229999999934e-03 1.387402840000000019e-02
2.652889339999999834e+02 6.941034760000000525e-02 -1.631432689999999996e-03 3.780394680000000174e-02 -1.535235010000000032e-02 -1.256941320000000070e-02 -3.214363630000000027e-02
2.679779980000000137e+02 7.305445369999999383e-02 -7.834528539999999902e-03 3.782747969999999960e-02 -1.730167289999999872e-02 8.793553860000000860e-03 3.850996599999999964e-02
