# a=0.06428126030271661, b=-130.5695907692206, c=-0.00043029552908977706, xi=6.439000430702417
6.653485730000000542e-01 7.981059290000000472e-02 8.190168879999999360e-03 1.648066579999999878e-02 -2.182679209999999898e-03 -5.947920489999999893e-02 1.723205370000000045e-03
3.369903929999999992e+00 7.853733640000000460e-02 8.740570260000000286e-03 4.815891160000000107e-04 -9.357955339999999775e-03 -6.178982320000000333e-02 3.731156280000000325e-02
6.067433450000000228e+00 7.121435680000000323e-02 5.013427089999999628e-03 -2.092459030000000039e-02 -3.461231570000000007e-02 8.912208620000000581e-03 5.730540220000000101e-02
8.777023140000000723e+00 7.309661979999999837e-02 7.762937689999999981e-03 -3.900963140000000134e-02 -2.819379699999999961e-02 2.670746699999999862e-02 5.002287889999999793e-02
1.148359770000000069e+01 7.495773170000000207e-02 6.953198080000000392e-03 -5.814054600000000128e-02 -1.697980290000000031e-02 5.794468519999999845e-02 7.903062380000000844e-03
1.418818519999999950e+01 6.833094060000000081e-02 1.330988200000000031e-02 -6.236988019999999827e-02 -8.649372500000000394e-03 1.021832270000000015e-01 -1.265707479999999933e-02
1.689389140000000111e+01 6.225342169999999870e-02 1.790768890000000004e-03 -7.422700159999999492e-02 2.532818550000000019e-03 9.055101050000000096e-02 -2.539402840000000092e-02
1.958853050000000096e+01 4.991456329999999914e-02 -7.416389860000000478e-04 -7.245112659999999871e-02 -1.229056440000000049e-02 4.403273469999999939e-02 1.799141120000000149e-02
2.228692110000000071e+01 5.475367610000000246e-02 4.695409089999999855e-03 -6.840987079999999443e-02 -1.551287150000000073e-02 2.848442620000000199e-03 3.202884229999999888e-02
2.498146330000000148e+01 6.167622219999999850e-02 2.986773449999999795e-03 -7.536608779999999508e-02 -4.614093829999999820e-03 -2.057337479999999871e-02 -2.845121349999999924e-02
2.767477889999999974e+01 6.134865500000000194e-02 -1.019566379999999961e-03 -7.194018359999999890e-02 -6.007831370000000192e-03 5.144403859999999856e-02 5.775146210000000127e-03
3.036903050000000093e+01 6.593866600000000688e-02 -7.512614239999999615e-04 -6.970365470000000618e-02 3.772773619999999790e-03 1.684448640000000066e-02 -7.997613759999999336e-03
3.306823359999999923e+01 6.944973170000000307e-02 -2.855171149999999932e-03 -6.215500079999999872e-02 4.747494179999999821e-03 -2.900047349999999857e-02 -3.111102890000000051e-03
3.576310240000000107e+01 6.977548299999999926e-02 -2.282814089999999838e-03 -6.138900399999999702e-02 1.655740890000000076e-02 -4.189184189999999725e-02 6.856361400000000189e-03
3.847128990000000215e+01 6.360043869999999766e-02 -4.864869130000000312e-03 -6.471889290000000516e-02 2.086952450000000014e-02 -2.780379269999999972e-02 2.005209690000000003e-02
4.117449919999999963e+01 5.909902300000000053e-02 -3.578649519999999810e-03 -6.651255890000000448e-02 -1.328377679999999915e-02 -2.393350810000000051e-02 9.652476449999999181e-03
4.387918520000000200e+01 6.315169989999999678e-02 -5.130571839999999682e-03 -6.670035879999999806e-02 2.078110739999999845e-03 -3.080797130000000050e-02 9.860775299999999244e-03
4.657834299999999672e+01 6.867249870000000089e-02 -1.722067070000000023e-03 -6.730513120000000682e-02 -7.947610120000000306e-03 -4.945715049999999807e-02 -2.049003140000000070e-03
4.927921330000000211e+01 6.112871210000000305e-02 -3.648860480000000114e-03 -6.235411750000000031e-02 -9.186191760000000234e-03 -3.680492920000000279e-02 -2.081274010000000105e-02
5.197572579999999931e+01 5.840504740000000000e-02 -8.973779189999999545e-03 -6.117405280000000334e-02 -3.722532840000000037e-02 -3.414894949999999763e-02 9.415453400000000847e-03
5.468113050000000186e+01 5.776145349999999706e-02 -1.084277930000000084e-02 -6.152494750000000318e-02 -2.039638369999999951e-02 -2.954503169999999831e-02 5.106421819999999723e-02
5.737746330000000228e+01 6.552585610000000171e-02 -9.653350839999999891e-03 -6.037221210000000282e-02 -3.050049850000000062e-02 -1.016351140000000021e-02 2.922798620000000014e-02
6.007489139999999850e+01 5.965899110000000283e-02 -1.049333210000000065e-02 -6.310674880000000098e-02 -6.366683790000000030e-03 -2.173386659999999859e-02 2.925297290000000022e-02
6.277105699999999899e+01 5.591714309999999688e-02 -1.580982620000000172e-02 -6.508680020000000288e-02 -9.303382940000000378e-03 -4.130944780000000288e-02 1.082494330000000060e-02
6.546220859999999675e+01 6.088516199999999962e-02 -8.744195070000000333e-03 -6.810483559999999659e-02 -2.396296930000000117e-02 -2.478022720000000109e-02 1.255227329999999974e-02
6.816090859999999907e+01 6.654837539999999829e-02 -7.735049360000000214e-03 -7.243917280000000680e-02 -6.516055120000000152e-03 -4.954924499999999871e-02 1.365090249999999922e-02
7.085835699999999804e+01 6.337289819999999962e-02 -6.014337520000000332e-03 -6.710678820000000322e-02 9.368989120000000698e-03 -2.614103499999999997e-02 1.421432220000000066e-02
7.355765390000000536e+01 5.654166100000000000e-02 -8.040889100000000317e-03 -6.189499789999999835e-02 1.407770879999999981e-02 2.512507019999999855e-02 2.237652780000000050e-02
7.626352889999999718e+01 5.885534070000000145e-02 -6.829988379999999727e-03 -5.879075730000000305e-02 -2.087058129999999970e-02 -1.403965169999999915e-02 3.310897039999999986e-02
7.896418989999999383e+01 6.293129479999999554e-02 -8.028621209999999703e-03 -4.866380440000000335e-02 -2.076345090000000088e-02 -5.646766670000000210e-02 3.301757489999999906e-02
8.166538989999999387e+01 7.394732060000000495e-02 -5.721834720000000020e-03 -5.366796990000000100e-02 -3.998574550000000283e-02 2.834550339999999946e-02 2.176177240000000054e-02
8.436343669999999406e+01 7.576915459999999936e-02 -5.110203919999999587e-03 -5.385067649999999984e-02 -2.497418330000000103e-02 3.341541120000000170e-02 -1.799784119999999973e-02
8.706848200000000304e+01 7.279239199999999743e-02 -6.568625980000000232e-03 -6.350571250000000556e-02 -1.243498789999999965e-02 1.670975359999999840e-02 1.261835489999999990e-02
8.976540699999999617e+01 6.852644289999999805e-02 -3.893230159999999922e-03 -5.755367520000000126e-02 7.285693339999999713e-03 3.311543489999999729e-02 1.247990700000000015e-02
9.246655699999999456e+01 6.619764039999999350e-02 -4.269210770000000238e-03 -6.487324899999999395e-02 4.003060729999999919e-04 3.787095000000000045e-02 -5.425111709999999587e-03
9.516258990000000040e+01 6.902375139999999965e-02 -4.257394339999999791e-03 -7.242805250000000639e-02 -1.398575389999999995e-02 5.238277640000000429e-03 -2.920158039999999969e-02
9.785631329999999650e+01 5.320895440000000115e-02 -7.710112419999999925e-03 -6.730973290000000220e-02 1.242372160000000062e-03 -1.197644640000000010e-02 -1.603118870000000071e-02
1.005526849999999968e+02 5.214056029999999953e-02 -1.004389579999999914e-02 -7.406357230000000513e-02 2.862950170000000058e-02 1.223220359999999986e-02 2.759465100000000129e-02
1.032551380000000023e+02 4.609420560000000028e-02 -9.196943779999999444e-03 -7.452326500000000520e-02 2.013380450000000141e-02 -4.011421979999999811e-03 6.340472099999999722e-02
1.059523570000000063e+02 5.542683970000000099e-02 -4.236467419999999894e-03 -6.804648559999999791e-02 -3.939213429999999586e-03 7.450209549999999709e-03 5.165353329999999854e-02
1.086524200000000064e+02 5.829333839999999850e-02 1.643368280000000051e-04 -7.354900080000000007e-02 1.271912140000000004e-02 1.423757110000000098e-03 7.904407080000000127e-03
1.113610450000000043e+02 6.157054160000000054e-02 7.849191110000000148e-04 -6.944732180000000310e-02 3.904800220000000099e-02 -1.579534629999999884e-02 -1.101805640000000017e-04
1.140661379999999951e+02 6.358408100000000063e-02 3.740432469999999988e-03 -6.805828980000000472e-02 2.450698759999999851e-02 -1.061162180000000017e-02 6.538676000000000210e-03
1.167673410000000018e+02 6.813177789999999567e-02 3.303703969999999875e-03 -6.288218739999999751e-02 -1.297771170000000052e-03 -3.125206669999999742e-02 2.004966520000000044e-02
1.194617159999999956e+02 6.540685100000000196e-02 7.584509189999999804e-03 -5.989851990000000237e-02 1.506822539999999946e-02 -2.804614589999999963e-02 1.475844859999999974e-02
1.221574509999999947e+02 6.659990859999999346e-02 7.233269159999999864e-03 -4.931220210000000076e-02 2.759387279999999873e-02 3.850583529999999921e-02 3.970019080000000006e-02
1.248660760000000067e+02 7.250309750000000220e-02 8.089350710000000125e-03 -4.574467360000000066e-02 4.430172019999999850e-02 6.827987600000000323e-02 2.035170550000000092e-02
1.275714820000000032e+02 7.804652719999999322e-02 8.830743389999999582e-03 -2.854779299999999839e-02 3.222437189999999979e-02 8.963704109999999850e-03 -3.927559409999999834e-02
1.302727160000000026e+02 8.180992039999999965e-02 8.277554269999999256e-03 -5.264880569999999885e-03 3.102613419999999955e-02 -1.791136639999999988e-02 -5.315412240000000343e-02
1.329900910000000067e+02 8.190551960000000409e-02 5.639203770000000143e-03 2.269962760000000107e-02 -1.330173280000000041e-02 -7.567572899999999714e-04 1.275777799999999913e-03
1.356914820000000077e+02 7.656455689999999703e-02 2.988754000000000150e-03 4.052813670000000174e-02 -2.615189520000000059e-02 -9.312218989999999225e-03 2.823869130000000033e-02
1.383862949999999898e+02 7.272542059999999309e-02 -1.958781389999999893e-03 5.323198710000000278e-02 -1.847275699999999937e-02 8.480040980000000742e-03 2.847825010000000143e-02
1.410841540000000123e+02 6.709255440000000403e-02 -2.672730529999999948e-03 6.251975190000000349e-02 4.217184080000000237e-03 1.273749019999999982e-02 2.745543859999999975e-02
1.437821849999999984e+02 5.649119209999999697e-02 -3.740466110000000011e-03 6.640052729999999792e-02 1.830291510000000080e-02 2.544990750000000052e-02 1.907541180000000072e-02
1.464809659999999951e+02 5.313948379999999805e-02 -9.178636679999999451e-03 7.146719349999999804e-02 1.991307260000000148e-02 -2.214963119999999869e-02 6.719614470000000346e-03
1.491771070000000066e+02 5.756416789999999756e-02 -1.701060600000000103e-02 7.369868109999999639e-02 1.992161799999999858e-02 -5.014893549999999839e-02 -8.637505210000000211e-03
1.518791699999999878e+02 5.935329990000000333e-02 -1.470125119999999945e-02 7.182496800000000292e-02 1.734675819999999952e-02 -5.134813070000000118e-02 2.082557780000000164e-02
1.545777630000000045e+02 6.024099950000000314e-02 -1.306958580000000016e-02 6.557506230000000047e-02 2.677273720000000051e-02 -8.841846880000000380e-03 -6.073638219999999465e-04
1.572761849999999981e+02 6.256620640000000455e-02 -6.575913880000000024e-03 6.238467920000000111e-02 2.823404919999999985e-02 3.289972919999999829e-02 -4.756085339999999856e-02
1.599761379999999917e+02 6.385108089999999570e-02 -1.101906830000000045e-02 5.975025169999999969e-02 8.887054130000000482e-03 -2.865551139999999997e-02 -3.973391219999999890e-02
1.626735600000000090e+02 6.179587970000000041e-02 1.641433320000000053e-04 6.870892169999999466e-02 -1.136176719999999925e-02 -4.212372920000000132e-02 -1.486291609999999992e-02
1.653630599999999902e+02 6.048046210000000006e-02 1.269363080000000029e-03 6.689246000000000081e-02 2.246491600000000144e-02 -3.771804239999999864e-02 -5.788743300000000376e-03
1.680557630000000131e+02 6.147396709999999875e-02 2.333123290000000023e-03 5.846451090000000239e-02 3.253200829999999821e-02 -3.773638449999999755e-02 -2.615884900000000051e-03
1.707596379999999954e+02 7.230154989999999782e-02 -4.674040969999999776e-04 5.123222909999999852e-02 -1.284720590000000030e-02 -4.180725820000000259e-02 1.037123180000000013e-02
1.734578099999999949e+02 7.451449509999999443e-02 -4.170827680000000100e-04 5.303387290000000087e-02 -4.116513179999999744e-02 -9.459174840000000861e-03 1.202185379999999928e-02
1.761611230000000035e+02 7.193778709999999743e-02 5.743885980000000210e-03 5.345883979999999785e-02 -8.303352599999999639e-02 2.911160330000000032e-02 5.034571010000000318e-02
1.788490909999999872e+02 7.023007420000000611e-02 3.800742739999999828e-03 5.983729499999999868e-02 -9.925800280000000864e-03 5.160010959999999924e-02 3.201720579999999677e-02
1.815449199999999905e+02 7.454892100000000410e-02 4.094183779999999856e-03 6.231242890000000118e-02 5.639525189999999855e-02 1.158398589999999964e-02 3.228905580000000081e-02
1.842443729999999960e+02 6.897396670000000007e-02 2.243280839999999953e-03 5.984821779999999897e-02 4.645212039999999792e-02 2.794368020000000119e-02 9.903637959999999490e-03
1.869324349999999981e+02 7.378734939999999354e-02 1.976996390000000138e-03 5.554274370000000099e-02 5.648654339999999857e-02 2.853559740000000122e-02 6.220138739999999701e-03
1.896335760000000050e+02 7.240237210000000090e-02 -1.108967690000000044e-03 5.636092919999999978e-02 -3.299840609999999796e-03 -2.844759889999999916e-02 1.375204689999999941e-03
1.923316849999999931e+02 6.551765610000000184e-02 -6.301307550000000320e-04 5.913819919999999813e-02 -4.344261370000000039e-02 -8.513241400000000347e-02 -2.593993480000000157e-02
1.950315760000000012e+02 6.268950759999999955e-02 -2.167620400000000013e-03 6.125593709999999775e-02 -3.216843350000000296e-02 -5.242175679999999671e-02 -1.722436369999999842e-02
1.977312009999999987e+02 6.456671059999999351e-02 -9.139166270000000439e-03 6.761818149999999916e-02 -1.871401729999999999e-02 -5.555270250000000042e-03 -7.867883300000000357e-02
2.004384509999999864e+02 7.099199979999999688e-02 -4.226349219999999893e-03 7.061173560000000293e-02 -6.340416729999999446e-02 -2.381525989999999995e-02 -6.419057659999999332e-02
2.031396230000000003e+02 6.853091880000000691e-02 3.542585500000000175e-03 7.210787700000000078e-02 -8.178036040000000173e-02 1.879703549999999987e-02 4.101178409999999908e-04
2.058426379999999938e+02 6.364599629999999342e-02 6.138163099999999900e-03 7.322069550000000204e-02 -4.203767239999999655e-02 4.482169469999999767e-02 2.885922360000000089e-02
2.085409659999999974e+02 5.827568600000000015e-02 3.254110289999999871e-03 7.714048310000000408e-02 -1.408259320000000009e-02 -2.674604629999999955e-02 -1.340473629999999923e-02
2.112454040000000077e+02 6.770724720000000085e-02 2.974939539999999806e-03 7.238408490000000639e-02 2.367918600000000137e-02 -5.234797749999999666e-02 -4.941021970000000069e-02
2.139447319999999877e+02 6.571235200000000165e-02 1.388842140000000032e-03 7.290278029999999743e-02 3.300790609999999792e-02 -1.987714100000000095e-02 -8.158763759999999865e-02
2.166401229999999885e+02 7.069646640000000481e-02 -3.900648899999999922e-03 6.355547890000000366e-02 6.117185869999999803e-02 6.349303280000000334e-03 -5.474425790000000264e-02
2.193365760000000080e+02 6.707548909999999642e-02 -4.337502020000000053e-04 5.950658749999999941e-02 4.271248889999999798e-02 4.460456069999999690e-02 1.407801220000000006e-02
2.220339979999999969e+02 6.210535369999999750e-02 -1.406519969999999982e-03 5.521010529999999944e-02 2.625501070000000117e-02 4.711687939999999880e-02 2.015114390000000144e-02
2.247339980000000139e+02 6.157418709999999684e-02 2.781803939999999940e-03 5.423005890000000273e-02 3.663182670000000168e-02 1.690178540000000090e-02 -1.048264840000000080e-02
2.274359039999999936e+02 5.933092350000000043e-02 -6.122985430000000510e-04 6.269077160000000037e-02 -6.398942930000000098e-03 1.589986620000000128e-02 -2.840113539999999936e-02
2.301309200000000033e+02 6.236420620000000109e-02 -5.720106939999999689e-03 6.229100340000000291e-02 -5.109520579999999625e-03 -3.079806989999999897e-02 -1.701110869999999942e-02
2.328339980000000082e+02 6.734361210000000542e-02 8.855897810000000828e-03 5.764330930000000075e-02 -3.067841929999999898e-02 -2.677431859999999941e-02 2.349726120000000112e-02
2.355287950000000023e+02 6.999416980000000565e-02 3.286123470000000026e-03 6.029792870000000304e-02 2.752534250000000099e-02 -2.677662830000000077e-02 3.688123239999999831e-02
2.382237480000000005e+02 6.815498470000000419e-02 1.101340900000000005e-02 5.689494429999999991e-02 9.946639349999999991e-02 -3.176948319999999687e-02 -1.637413409999999986e-02
2.409313730000000078e+02 7.784775559999999872e-02 1.587378680000000111e-02 5.119220029999999727e-02 7.363112859999999815e-02 3.073030620000000157e-03 -7.485308259999999547e-02
2.436320130000000006e+02 7.960253209999999802e-02 1.634830079999999991e-02 5.430217419999999739e-02 9.542892160000000096e-03 6.218583770000000316e-02 -1.582419070000000080e-02
2.463352790000000141e+02 8.110359509999999494e-02 7.876435929999999960e-03 5.148678479999999752e-02 -4.995082599999999678e-02 2.012863330000000048e-02 -2.409172910000000056e-02
2.490334980000000087e+02 7.115452599999999572e-02 1.305814710000000045e-02 5.089397469999999701e-02 -3.501219579999999970e-02 1.139038570000000007e-02 -6.760133409999999864e-03
2.517412009999999896e+02 6.752599939999999468e-02 1.214035370000000023e-02 5.517074870000000103e-02 -4.098491080000000314e-02 -7.017889069999999965e-03 2.099526950000000017e-02
2.544399659999999983e+02 6.576943420000000429e-02 1.039671179999999973e-02 5.976154739999999660e-02 -3.834930269999999725e-02 2.647714119999999838e-02 2.212485930000000073e-02
2.571403099999999995e+02 6.481879349999999929e-02 1.570496459999999941e-02 6.098726890000000234e-02 -1.433791780000000064e-02 -8.398263039999999402e-03 3.649723619999999807e-02
2.598307320000000118e+02 6.362445989999999940e-02 9.262264040000000795e-03 5.518040280000000020e-02 2.479721979999999822e-03 -3.626976230000000107e-02 1.990585699999999902e-02
2.625307320000000004e+02 7.293361850000000535e-02 1.135914889999999934e-02 5.095669659999999684e-02 -8.781871400000000258e-03 3.743568249999999764e-02 4.250669910000000329e-02
2.652217949999999860e+02 7.861807429999999319e-02 1.226640600000000053e-02 4.617421709999999790e-02 7.513367409999999842e-04 2.125237379999999829e-02 3.050954339999999848e-02
2.679259620000000268e+02 8.046402399999999511e-02 1.125469829999999928e-02 3.463298399999999860e-02 -3.359184270000000090e-03 -9.169586849999999609e-03 6.652878800000000363e-03
