# a=0.06251210214843207, b=-142.0857667015622, c=0.003042946838396135, xi=14.357263938362957
6.874926099999999485e-01 7.418733610000000089e-02 1.193320949999999991e-02 3.525990080000000054e-02 -1.771832669999999846e-02 -1.580050590000000102e-02 4.976277529999999921e-02
3.383382169999999967e+00 8.344664309999999530e-02 -8.700889749999999884e-04 1.638416419999999887e-02 -1.386797560000000047e-02 2.031355769999999838e-02 4.765018809999999744e-02
6.080849050000000311e+00 8.389465949999999617e-02 5.938036929999999589e-03 -1.255972379999999947e-03 2.427617909999999976e-02 8.010067209999999216e-03 8.683887079999999536e-02
8.779577330000000401e+00 7.919748999999999539e-02 -3.738515569999999871e-03 -1.792673740000000002e-02 -2.184092259999999980e-02 5.487428750000000396e-04 8.628724229999999717e-02
1.147932750000000013e+01 7.267123239999999373e-02 -4.705394760000000329e-03 -2.942948559999999936e-02 -2.792723399999999870e-02 3.173255950000000020e-02 4.285235259999999741e-02
1.418544469999999968e+01 6.362695740000000322e-02 -6.242144859999999851e-03 -4.991922790000000165e-02 -6.334424169999999799e-02 4.167599260000000305e-02 7.228452330000000210e-03
1.688551500000000161e+01 5.830210499999999990e-02 -1.056269900000000005e-02 -4.910914379999999774e-02 -3.694721410000000039e-02 1.536351900000000083e-02 1.565986499999999851e-02
1.958116499999999860e+01 6.045791930000000286e-02 -8.803183220000000003e-03 -5.715550629999999882e-02 -2.301973449999999977e-02 2.066691039999999854e-02 -6.349335979999999775e-03
2.229151969999999849e+01 5.941640260000000118e-02 3.845098649999999924e-03 -6.170414040000000294e-02 -6.939876690000000570e-02 2.911104490000000072e-02 4.731121590000000182e-02
2.498879780000000039e+01 5.265468019999999805e-02 1.800305500000000045e-03 -5.619104800000000038e-02 4.309858910000000098e-02 -1.956560150000000164e-02 7.500181179999999836e-02
2.769924620000000104e+01 5.220643369999999894e-02 -1.186391090000000039e-03 -6.798574229999999885e-02 1.481056359999999988e-02 -5.039055790000000062e-03 2.220859960000000008e-02
3.040341340000000159e+01 5.854344210000000243e-02 -6.042068339999999557e-04 -6.195966890000000060e-02 4.720792929999999971e-02 -2.448964340000000031e-02 4.503205849999999781e-03
3.310414779999999979e+01 5.997725260000000280e-02 -2.867227530000000021e-03 -5.792874979999999840e-02 -2.458129700000000108e-03 -4.823785130000000053e-03 1.322900379999999987e-02
3.581233530000000087e+01 6.590654490000000254e-02 -4.049732969999999925e-03 -5.516934130000000075e-02 -8.715729639999999362e-03 -2.982347280000000045e-02 5.761404920000000145e-03
3.850337909999999653e+01 6.870356029999999392e-02 -4.537204189999999651e-03 -5.320839690000000316e-02 -1.913771499999999959e-02 -3.182063589999999803e-02 1.826647400000000129e-02
4.120496030000000331e+01 7.361523239999999413e-02 -5.820650650000000134e-03 -4.659685510000000086e-02 3.037378229999999901e-02 -8.036613260000000439e-03 -4.353119810000000145e-03
4.389461659999999910e+01 6.868977749999999327e-02 -9.255520650000000158e-04 -4.117300470000000157e-02 9.607577390000000134e-03 -1.189593499999999984e-02 -3.456698080000000090e-02
4.658626970000000256e+01 6.876289889999999405e-02 -4.479768119999999812e-03 -4.754658669999999726e-02 1.062834170000000016e-02 6.305914210000000686e-02 -8.186710780000000520e-02
4.927516500000000121e+01 6.809662480000000517e-02 -7.951011520000000540e-03 -4.512743200000000204e-02 -4.533326470000000052e-02 9.498594910000000445e-04 -5.270226179999999705e-02
5.198623839999999774e+01 6.389193610000000467e-02 -3.749524619999999864e-03 -4.595076370000000104e-02 -3.804420780000000030e-02 4.069794799999999768e-02 -8.584977259999999888e-02
5.468289469999999852e+01 5.928585520000000109e-02 -4.120557769999999911e-03 -4.154079720000000003e-02 1.476056509999999940e-02 3.949516639999999662e-02 -5.363970860000000229e-02
5.738285249999999849e+01 6.818990530000000605e-02 -4.078054650000000232e-03 -4.432521369999999766e-02 2.557006259999999864e-02 -2.418473139999999938e-02 -7.134500349999999685e-03
6.007553060000000045e+01 7.065925169999999478e-02 -1.259007569999999986e-02 -3.733265919999999988e-02 -4.160297880000000253e-02 -1.344980030000000014e-02 -3.806245599999999972e-03
6.277978530000000035e+01 6.443040569999999856e-02 -6.801139490000000093e-03 -5.089338470000000225e-02 -4.725385660000000314e-03 -1.924356719999999882e-02 -3.305960869999999968e-02
6.547507120000000214e+01 7.256701090000000631e-02 -3.957190109999999747e-03 -5.835959019999999858e-02 -7.116702129999999404e-02 7.970731220000000505e-02 -3.273068149999999732e-02
6.816930089999999609e+01 7.259375849999999408e-02 -1.898903080000000076e-03 -5.117740989999999823e-02 1.995380379999999940e-03 4.821889749999999815e-03 6.377668609999999350e-02
7.086742909999999540e+01 6.091478809999999883e-02 1.868841320000000014e-03 -5.910494480000000328e-02 -3.341444229999999786e-03 1.772387170000000109e-02 2.297192300000000173e-02
7.356801969999999358e+01 5.417729339999999977e-02 1.184366060000000042e-03 -6.972412620000000005e-02 1.123944709999999923e-02 -6.689001719999999873e-02 1.100152279999999996e-02
7.627875559999999666e+01 4.903323629999999794e-02 -6.004016430000000057e-04 -6.998957890000000182e-02 -1.911830759999999865e-02 -1.352237010000000017e-03 -5.938694559999999761e-02
7.898845249999999396e+01 4.792350580000000193e-02 -4.449305970000000214e-03 -6.945794480000000437e-02 9.501043770000000208e-03 -1.009959160000000085e-02 -6.847533409999999321e-02
8.169058689999999956e+01 4.655711629999999962e-02 -1.669315659999999956e-03 -5.822332179999999829e-02 5.050461509999999710e-02 1.297411780000000056e-02 -1.938333050000000043e-02
8.440104309999999543e+01 4.310244719999999780e-02 -1.115735539999999915e-02 -6.070212059999999937e-02 3.461335649999999764e-02 1.879023299999999994e-02 1.674208539999999870e-02
8.710227589999999509e+01 4.628736540000000232e-02 -8.965129610000000665e-03 -6.729356059999999640e-02 2.470347739999999986e-02 -1.838086469999999917e-02 2.081480260000000138e-02
8.980718059999999525e+01 4.216897929999999933e-02 -3.948093940000000322e-03 -5.611370050000000220e-02 -1.080279689999999980e-02 -1.473141870000000027e-02 -9.461957879999999960e-03
9.252041970000000504e+01 4.338830750000000069e-02 -6.699454340000000029e-03 -5.036177979999999915e-02 -2.084759350000000080e-02 -3.476989689999999966e-02 -2.298281170000000123e-02
9.521466030000000558e+01 5.241221609999999892e-02 -1.044217140000000023e-02 -5.737235090000000065e-02 9.977477889999999267e-03 3.323367700000000053e-03 6.820057869999999588e-04
9.791644780000000026e+01 5.049732059999999939e-02 -8.878586739999999589e-03 -5.172528120000000063e-02 2.459706399999999835e-02 -1.875698489999999899e-02 -9.735905490000000204e-03
1.006207129999999950e+02 5.130030239999999742e-02 -1.534077980000000084e-02 -5.209673690000000273e-02 -2.497253090000000134e-03 2.130063349999999911e-02 -2.410015130000000075e-02
1.033255259999999964e+02 5.010756150000000159e-02 -1.160941360000000006e-02 -5.633132059999999830e-02 7.315888999999999899e-03 3.393747490000000033e-02 -2.898813800000000010e-02
1.060288379999999933e+02 4.515014049999999807e-02 -7.283540899999999679e-03 -6.408336500000000324e-02 7.911332610000000251e-03 3.825564929999999975e-02 -4.368520089999999856e-02
1.087355259999999930e+02 4.867869040000000203e-02 -1.810055909999999917e-03 -5.878853149999999778e-02 7.474914089999999678e-03 4.241088850000000049e-02 -4.116323610000000022e-02
1.114436510000000027e+02 5.488734540000000245e-02 1.961224179999999841e-03 -5.346810149999999678e-02 3.747413709999999898e-02 3.486871799999999993e-02 -1.020123600000000068e-02
1.141448070000000001e+02 5.750352050000000215e-02 9.287705150000000534e-03 -5.377578019999999792e-02 1.425691109999999975e-03 8.630410260000000514e-03 -4.190285869999999663e-02
1.168463069999999959e+02 5.848298369999999774e-02 1.129823060000000046e-02 -5.446605470000000226e-02 1.157445520000000005e-02 1.532693079999999930e-02 -4.958985390000000132e-02
1.195410260000000022e+02 5.454413169999999811e-02 1.604805180000000095e-02 -5.993612129999999899e-02 -5.246408460000000218e-02 -1.563989030000000058e-02 -5.072884670000000346e-02
1.222423540000000060e+02 6.080326750000000086e-02 1.237382190000000000e-02 -5.175560590000000127e-02 4.274209279999999916e-02 -1.310391630000000071e-02 -6.512207999999999886e-02
1.249392760000000067e+02 6.149267259999999929e-02 8.125610110000000552e-03 -4.547018550000000298e-02 -6.878344040000000659e-02 1.861681980000000000e-02 1.401684859999999949e-02
1.276471669999999961e+02 6.204094980000000176e-02 1.015168600000000004e-02 -3.564617560000000324e-02 3.372665429999999881e-02 5.414317419999999798e-02 -2.637063450000000017e-02
1.303486200000000110e+02 7.148327819999999999e-02 8.583408080000000384e-03 -4.416581199999999874e-02 -3.943865290000000273e-02 1.910856509999999883e-02 -5.994696039999999893e-02
1.330468850000000032e+02 7.473284169999999671e-02 2.140842339999999948e-03 -3.970633519999999805e-02 2.416293809999999972e-02 3.688204519999999792e-02 -4.714828869999999894e-02
1.357344170000000076e+02 7.306055599999999872e-02 1.256459969999999988e-02 -3.194202150000000073e-02 -4.882114419999999955e-03 3.888908449999999711e-02 -1.643800169999999920e-03
1.384318379999999991e+02 7.634436179999999628e-02 6.950551660000000090e-03 -9.944959789999999189e-03 1.185123499999999989e-02 1.214628480000000052e-02 2.133292709999999912e-05
1.411279790000000105e+02 7.646916119999999650e-02 2.352902039999999872e-03 4.338805480000000082e-03 -2.095156739999999920e-02 -4.882249649999999969e-02 7.497290799999999610e-03
1.438297450000000026e+02 7.070007180000000002e-02 4.622527619999999664e-03 1.655187690000000170e-02 -1.873440070000000068e-02 -2.964191340000000077e-02 2.522235379999999971e-02
1.465212290000000053e+02 7.400019269999999483e-02 2.345783389999999899e-03 2.947518459999999910e-02 -9.031364610000000223e-03 -3.671421300000000248e-02 2.355171740000000166e-02
1.492124630000000138e+02 7.120731680000000341e-02 3.266563880000000059e-03 3.067314479999999968e-02 1.106806959999999916e-02 -2.349129510000000018e-02 3.835312300000000285e-02
1.519121350000000064e+02 6.958402939999999703e-02 3.886972700000000062e-03 3.761422939999999743e-02 -1.338938639999999979e-02 1.106033959999999997e-02 3.872050369999999880e-02
1.546170419999999979e+02 7.308378949999999596e-02 3.161076499999999814e-03 3.618595780000000151e-02 -1.039184460000000011e-02 2.513247260000000052e-02 7.308405450000000393e-03
1.573070879999999931e+02 6.996560429999999775e-02 2.914103649999999924e-03 4.506397620000000132e-02 -2.694772310000000115e-02 3.915461779999999947e-02 2.985345190000000121e-02
1.600051819999999907e+02 6.003320980000000084e-02 3.535749519999999905e-04 5.144448809999999789e-02 -1.404132240000000031e-02 3.530131239999999976e-02 3.402187770000000139e-02
1.627174950000000138e+02 5.104568770000000172e-02 -4.773959710000000127e-03 5.425325539999999863e-02 3.107428320000000035e-02 -1.271703989999999930e-02 -3.703497029999999746e-02
1.654303539999999941e+02 4.632378790000000329e-02 -3.227646270000000036e-03 6.417996469999999454e-02 -2.629566030000000162e-03 3.258607410000000093e-02 -1.050036399999999988e-02
1.681368699999999876e+02 5.132607969999999908e-02 5.632907900000000238e-04 7.104780980000000024e-02 4.637415899999999640e-03 2.380723200000000109e-02 -5.263126059999999676e-03
1.708405099999999948e+02 5.797331759999999751e-02 3.362740369999999736e-04 7.029373469999999902e-02 3.228360379999999780e-02 -1.849340849999999911e-02 6.555544110000000035e-02
1.735462449999999990e+02 5.778704760000000218e-02 -2.574334350000000073e-03 7.018247430000000564e-02 2.118900290000000006e-02 1.594697900000000002e-02 4.077712630000000088e-02
1.762533229999999946e+02 3.836083220000000016e-02 -6.702888330000000144e-03 7.732609760000000443e-02 -1.673918209999999962e-02 4.036747399999999954e-04 -7.774043629999999663e-03
1.789562919999999906e+02 3.691300520000000140e-02 -2.931565790000000005e-03 7.828184309999999813e-02 1.071290209999999944e-02 -9.750221240000000664e-03 -1.633750239999999868e-02
1.816555099999999925e+02 3.189338419999999952e-02 -8.539162609999999612e-03 6.952155910000000494e-02 1.009093269999999931e-02 1.376339319999999970e-02 -8.443778699999999679e-03
1.843538379999999961e+02 1.915555949999999882e-02 8.967518330000000260e-03 6.819288480000000596e-02 -3.280048490000000028e-03 1.975329119999999841e-02 2.416659399999999958e-02
1.870640730000000076e+02 2.165082390000000120e-02 3.977219009999999680e-03 6.989316739999999750e-02 -1.620870030000000101e-04 2.826548790000000047e-02 -8.658013719999999719e-03
1.897618229999999926e+02 1.853834830000000017e-02 4.856194819999999635e-03 7.077461710000000628e-02 -6.833741380000000164e-03 4.927124539999999664e-02 -2.698464600000000102e-02
1.924644480000000044e+02 1.636389179999999874e-02 1.553276059999999896e-03 7.498373699999999475e-02 -6.798716819999999980e-03 3.708152840000000089e-02 -9.198124630000000315e-03
1.951804950000000076e+02 2.178668939999999984e-02 1.100033849999999987e-02 7.293677860000000179e-02 -7.294620919999999717e-03 1.163942589999999999e-02 -5.916173479999999735e-02
1.978820100000000082e+02 2.089045369999999874e-02 1.133485380000000048e-03 7.544627230000000573e-02 -2.419879119999999995e-02 2.893173679999999984e-02 -3.984565400000000118e-02
2.005845569999999896e+02 2.799961529999999907e-02 2.167960799999999865e-03 7.646088410000000113e-02 -7.517379460000000145e-03 -5.019872260000000225e-02 -2.759840989999999897e-02
2.032752600000000029e+02 3.314878369999999658e-02 -7.355053010000000245e-03 6.680490399999999829e-02 7.790632960000000093e-03 -5.439954040000000157e-03 2.107335340000000140e-02
2.059740730000000042e+02 3.768933669999999930e-02 -8.960407670000000453e-04 6.081710039999999734e-02 1.285021979999999980e-02 -4.509651679999999996e-02 2.899032630000000083e-02
2.086733069999999941e+02 4.684731579999999729e-02 -3.868212389999999955e-03 5.004107840000000113e-02 -6.307193410000000097e-03 1.556296910000000075e-02 4.650293560000000326e-02
2.113766039999999862e+02 5.613699409999999695e-02 1.272293189999999970e-02 5.141672099999999856e-02 1.539978229999999955e-02 2.396841770000000121e-02 6.046807230000000172e-02
2.140892450000000053e+02 6.404508650000000081e-02 1.092118909999999915e-02 4.471580730000000031e-02 2.066147769999999995e-02 2.140446450000000125e-02 3.450107069999999720e-02
2.167890419999999949e+02 6.072202349999999971e-02 1.245900880000000086e-02 5.311463169999999789e-02 -3.259769989999999982e-03 -1.696334089999999850e-02 7.306249289999999785e-02
2.194925880000000120e+02 5.875255659999999852e-02 8.045910159999999228e-03 5.503169940000000177e-02 5.292200769999999901e-03 1.378583310000000041e-02 4.568542209999999770e-02
2.221964169999999967e+02 4.099355329999999908e-02 6.828096700000000317e-03 5.790678049999999771e-02 5.180050319999999868e-03 -1.870985119999999877e-02 5.037393619999999683e-02
2.248973699999999951e+02 3.960691510000000082e-02 1.616025719999999999e-02 6.638373629999999581e-02 2.715438800000000152e-02 -9.486973819999999433e-03 5.326525220000000171e-02
2.275949170000000095e+02 4.395535219999999882e-02 2.163806860000000096e-02 6.229609419999999897e-02 1.908116799999999905e-03 1.837447680000000097e-02 7.302408940000000570e-02
2.302978070000000059e+02 6.323597849999999798e-02 1.870097559999999923e-02 5.670841299999999918e-02 1.424795289999999937e-02 3.393513840000000198e-02 2.075329160000000117e-02
2.329839629999999886e+02 5.940122259999999765e-02 3.059947660000000152e-02 4.536162180000000155e-02 9.898074200000000697e-03 3.075269400000000056e-02 4.721909829999999982e-03
2.356812449999999899e+02 5.351944659999999937e-02 3.457362440000000259e-02 3.540539809999999898e-02 -1.688293420000000055e-03 5.257847579999999589e-04 4.039355459999999926e-02
2.383839169999999967e+02 5.544447660000000055e-02 2.363118339999999845e-02 2.867594290000000101e-02 6.963830439999999823e-03 -5.630465130000000124e-02 -1.431808319999999975e-02
2.410883069999999861e+02 5.483752229999999672e-02 1.088434869999999922e-02 3.747771230000000037e-02 4.099681939999999698e-03 -3.078196719999999956e-02 -2.274582580000000104e-02
2.437886819999999943e+02 6.103512710000000285e-02 9.851765510000000739e-03 4.113375350000000180e-02 -1.018556940000000036e-02 2.237289539999999868e-02 -5.077873000000000109e-02
2.464764629999999954e+02 6.369379740000000178e-02 -2.210404439999999991e-03 4.948309509999999911e-02 1.334797650000000072e-02 -9.067880029999999397e-03 9.661724970000000468e-03
2.491768700000000081e+02 6.414886490000000496e-02 -7.712534190000000164e-03 5.753815369999999707e-02 1.493920429999999987e-02 -1.592360190000000064e-02 2.866233929999999902e-03
2.518869320000000016e+02 5.983857480000000229e-02 -2.978853389999999799e-03 4.933002630000000305e-02 3.789059139999999964e-02 2.670721150000000127e-02 1.271545349999999956e-02
2.545877759999999910e+02 6.721111320000000555e-02 9.548954049999999923e-04 4.995821479999999759e-02 9.335887980000000599e-03 7.769281089999999917e-03 1.033814010000000047e-02
2.572914480000000026e+02 7.068805649999999885e-02 -2.483614519999999964e-03 3.986905839999999729e-02 6.054077019999999643e-03 -4.526696040000000032e-03 4.239846669999999818e-02
2.599866979999999899e+02 6.910760659999999611e-02 -3.427846529999999960e-04 2.986014660000000168e-02 1.010047080000000007e-04 -8.932100829999999395e-03 1.554926019999999971e-02
2.626912290000000212e+02 6.233266109999999888e-02 4.837615270000000274e-05 2.793648430000000155e-02 8.573771810000000229e-03 3.562301999999999830e-03 -5.315514779999999835e-03
2.653992129999999747e+02 6.770752570000000692e-02 1.040170160000000038e-02 4.037448980000000326e-02 -4.234338969999999758e-02 2.537127150000000053e-02 -1.097674780000000051e-02
2.681049120000000130e+02 7.300160179999999610e-02 7.948473969999999764e-03 3.981021450000000322e-02 -7.835147990000000673e-02 2.006596949999999921e-03 3.475999750000000055e-03
