# a=0.06406079908159859, b=-154.05563372983184, c=0.0012539025215494008, xi=8.312088322197505
7.014136539999999975e-01 7.268862010000000373e-02 -4.158953889999999869e-03 3.755751189999999989e-02 -9.835221859999999927e-03 2.535939229999999850e-02 7.874578679999999498e-02
3.388961500000000182e+00 8.013463969999999603e-02 -1.084211430000000089e-03 3.627680860000000174e-02 1.049645079999999946e-02 -1.302232059999999976e-02 6.283855289999999705e-02
6.081063050000000025e+00 8.666703970000000368e-02 -2.813456199999999838e-03 4.849802379999999628e-03 -7.500033110000000128e-03 -6.195188939999999624e-03 5.689227449999999936e-02
8.785993519999999890e+00 8.548596960000000300e-02 -4.806583950000000230e-03 -1.442988889999999996e-02 9.392904719999999388e-03 -2.302121370000000111e-02 7.888980719999999155e-03
1.147770790000000041e+01 8.243253350000000201e-02 -3.352899889999999810e-03 -2.924743219999999949e-02 2.028047690000000028e-02 -6.516651109999999601e-03 5.259057360000000004e-04
1.418150319999999986e+01 7.345428549999999390e-02 -4.695414860000000218e-03 -3.743415759999999676e-02 1.004889940000000016e-02 1.905386059999999993e-02 -4.218009589999999892e-02
1.688060790000000111e+01 7.092859869999999789e-02 1.095448049999999968e-03 -4.282834740000000112e-02 -5.271909529999999761e-02 -9.778950260000000491e-03 -2.578730970000000025e-02
1.956602510000000095e+01 7.281287059999999589e-02 1.464448740000000001e-03 -5.300191010000000064e-02 -1.250280450000000078e-02 -3.733988120000000105e-03 -1.172287999999999976e-02
2.225723290000000176e+01 6.791661590000000470e-02 -2.281857269999999934e-04 -5.709660739999999901e-02 -5.188438499999999814e-03 -3.013468780000000055e-02 8.190206420000000279e-03
2.495437039999999840e+01 7.449534609999999835e-02 2.726749919999999893e-03 -5.249876299999999690e-02 3.419363219999999731e-02 -4.208713589999999588e-03 -1.362271760000000054e-02
2.765483449999999976e+01 7.533306300000000566e-02 -2.444781660000000002e-03 -5.973570009999999708e-02 -7.785614669999999654e-04 -1.654053470000000151e-02 -3.627326239999999896e-02
3.035968910000000065e+01 6.907845699999999589e-02 -2.339274980000000115e-03 -6.342725089999999566e-02 3.035308119999999971e-02 2.579514990000000146e-02 -2.461936489999999936e-02
3.305404850000000039e+01 6.336040710000000187e-02 -1.350327110000000032e-02 -4.791457030000000061e-02 1.838249450000000070e-03 -1.558306989999999918e-03 -3.499844860000000252e-02
3.574760630000000106e+01 5.976933269999999687e-02 -9.730262840000000052e-03 -4.746767240000000082e-02 -5.435248650000000167e-03 -9.468022320000000006e-03 -3.594986509999999885e-02
3.844447660000000155e+01 5.774480490000000188e-02 -5.627860410000000251e-03 -5.422638650000000116e-02 1.454358889999999953e-02 3.125752319999999806e-02 -7.233572389999999325e-05
4.114770320000000225e+01 5.698448169999999896e-02 -2.170215320000000100e-03 -6.268885339999999418e-02 4.175940399999999997e-02 6.245088909999999688e-02 -2.149118939999999922e-02
4.384150480000000272e+01 5.466107600000000288e-02 1.234422320000000016e-03 -5.998349969999999809e-02 2.746777649999999904e-02 4.300431720000000291e-02 1.642473519999999854e-02
4.654465789999999714e+01 5.606128800000000079e-02 -8.390929439999999639e-04 -6.527232460000000069e-02 -1.591811829999999900e-02 -2.617464999999999809e-03 -2.207011440000000019e-03
4.924828130000000215e+01 6.026244909999999705e-02 2.399450930000000207e-03 -6.529793999999999876e-02 7.060162100000000329e-02 2.279643030000000001e-02 2.126059840000000048e-02
5.195614379999999954e+01 6.538025929999999319e-02 1.516335499999999902e-03 -6.515277070000000115e-02 -5.141433380000000157e-03 -6.848294970000000023e-03 7.849505039999999517e-03
5.467710790000000287e+01 6.268042170000000246e-02 -1.225511890000000005e-03 -6.068928309999999798e-02 -5.716891560000000178e-02 3.404178050000000039e-02 -4.347853329999999683e-02
5.736735480000000109e+01 6.011717519999999759e-02 3.393628640000000141e-03 -6.227444220000000197e-02 -2.127951169999999989e-02 3.929283090000000069e-03 -4.892905809999999883e-02
6.006100479999999919e+01 5.863857480000000261e-02 5.337714080000000028e-03 -5.172992349999999684e-02 7.877751679999999562e-03 -1.680861239999999895e-02 -4.327543369999999751e-02
6.274758760000000279e+01 5.916690570000000121e-02 3.357328599999999906e-03 -5.456162259999999820e-02 2.542607309999999829e-02 4.492973869999999925e-03 -7.548905869999999844e-03
6.545509540000000470e+01 6.350873249999999803e-02 8.187365860000000301e-03 -6.099788119999999952e-02 5.094434629999999853e-02 -2.806317389999999842e-02 -1.250211040000000044e-02
6.815854849999999487e+01 6.275815930000000487e-02 3.449135370000000131e-03 -5.398469880000000137e-02 6.821114770000000216e-02 5.761857609999999734e-03 -9.232818320000000731e-03
7.087001879999999687e+01 6.388069009999999825e-02 1.453238749999999910e-04 -5.408703079999999802e-02 3.209554030000000280e-02 -1.408559350000000102e-03 3.097595330000000105e-02
7.356742040000000316e+01 5.336787850000000027e-02 5.897901970000000126e-03 -5.744244190000000194e-02 1.944276090000000151e-02 3.582673919999999988e-03 3.136214760000000101e-02
7.626823919999999646e+01 5.644839089999999920e-02 3.733010650000000152e-03 -6.171430910000000325e-02 2.603042129999999857e-02 -1.994820300000000116e-02 9.786520010000000769e-03
7.896956729999999425e+01 6.562869990000000375e-02 4.361843150000000065e-03 -6.096934049999999661e-02 1.238195140000000055e-02 -1.851537909999999938e-03 4.691512919999999906e-03
8.165808760000000177e+01 6.681355699999999564e-02 9.597363810000000481e-03 -6.110772879999999685e-02 7.546251090000000161e-02 -3.009188280000000063e-02 6.882757359999999713e-02
8.436800479999999425e+01 6.308020259999999602e-02 7.569142109999999618e-03 -5.997161370000000241e-02 3.846958489999999925e-02 1.169291660000000045e-02 2.735353219999999905e-02
8.707291569999999581e+01 5.650225579999999803e-02 8.500011879999999978e-03 -6.672365260000000242e-02 6.474872110000000347e-02 1.497185319999999945e-02 1.941196909999999901e-03
8.977565319999999360e+01 5.183727379999999996e-02 8.177639840000000548e-03 -7.147579449999999501e-02 -5.874751099999999705e-03 1.159509960000000041e-03 1.640730500000000050e-02
9.247322200000000691e+01 5.765982869999999871e-02 4.884803949999999735e-03 -6.178878349999999964e-02 4.674789039999999868e-02 2.784496700000000172e-02 6.851224470000000233e-03
9.516200949999999636e+01 5.885364800000000146e-02 1.347789310000000081e-02 -5.397587200000000113e-02 -3.017834399999999974e-04 2.207791970000000034e-02 1.868056309999999946e-03
9.786501260000000002e+01 6.250744099999999692e-02 1.448882769999999993e-02 -5.561493199999999887e-02 3.629652030000000279e-02 5.677211180000000515e-04 -4.616956230000000133e-02
1.005651380000000046e+02 5.882535070000000088e-02 8.954272120000000487e-03 -6.348409979999999897e-02 7.660641150000000420e-03 -6.503483299999999676e-03 -4.702021519999999982e-02
1.032699810000000014e+02 6.361637409999999770e-02 6.878719150000000421e-03 -5.986663970000000168e-02 -2.341784989999999914e-02 -4.147524679999999714e-02 -3.795865810000000062e-02
1.059651060000000058e+02 6.024581920000000174e-02 2.716486870000000154e-03 -5.441048789999999857e-02 2.093056270000000045e-03 -3.092714010000000013e-02 -3.541031690000000232e-02
1.086643090000000029e+02 6.553782800000000630e-02 1.103492340000000044e-02 -5.657677939999999905e-02 2.382994520000000088e-02 -1.373540479999999994e-02 -1.679537399999999833e-02
1.113615130000000022e+02 5.715521999999999964e-02 -2.045620269999999952e-03 -6.351221930000000571e-02 2.040816380000000027e-02 -6.249263920000000354e-03 3.057674380000000025e-02
1.140569030000000055e+02 5.469815310000000069e-02 3.330868309999999912e-03 -7.414933899999999467e-02 -1.696707570000000054e-02 1.614173099999999944e-02 2.029912979999999936e-02
1.167569029999999941e+02 5.292847440000000153e-02 -6.524598909999999993e-04 -7.017114689999999488e-02 5.088267219999999605e-03 -2.830354620000000154e-02 -1.447502760000000076e-02
1.194535280000000057e+02 5.956529499999999727e-02 1.705028560000000073e-03 -5.753882870000000260e-02 -5.717084419999999938e-03 -2.097363290000000061e-02 -4.752725860000000212e-03
1.221501219999999961e+02 6.017126059999999832e-02 -2.289692060000000050e-03 -5.637559500000000057e-02 -1.548836280000000058e-02 -4.551575699999999697e-02 -1.644454500000000138e-02
1.248537000000000035e+02 6.509976389999999613e-02 8.208995659999999278e-03 -5.763299449999999963e-02 -2.768584530000000200e-03 -6.414695970000000580e-02 -2.086615429999999841e-02
1.275586380000000020e+02 7.010961220000000438e-02 1.224877739999999946e-03 -5.726793429999999657e-02 2.251917150000000076e-02 -2.353332819999999839e-02 3.649878650000000068e-03
1.302659810000000107e+02 6.540498929999999378e-02 1.360405359999999940e-03 -6.611671310000000190e-02 1.363204340000000007e-02 -6.767902220000000107e-03 -1.623552240000000063e-02
1.329791840000000036e+02 5.549910589999999810e-02 -4.676289640000000185e-03 -7.099318129999999949e-02 -1.294118160000000059e-02 5.801485619999999926e-02 -3.203729400000000088e-02
1.356756839999999897e+02 4.261383349999999653e-02 -1.013691060000000005e-02 -7.493649870000000657e-02 -1.098891790000000070e-02 1.361506820000000020e-02 -1.868209969999999956e-02
1.383797629999999970e+02 4.561894699999999997e-02 -1.336226549999999964e-02 -7.746589639999999777e-02 1.395290660000000037e-02 -2.726928270000000126e-02 -4.138703529999999964e-02
1.410867309999999861e+02 4.185951940000000315e-02 -1.708231229999999934e-02 -6.468506459999999458e-02 1.465413129999999960e-02 -6.565033179999999781e-03 1.968155950000000098e-02
1.437865280000000041e+02 4.631633880000000231e-02 -2.689288100000000042e-02 -6.079023790000000205e-02 7.511044460000000644e-02 -1.490211879999999919e-02 1.333210439999999927e-02
1.464908409999999890e+02 5.604475629999999819e-02 -2.066121079999999957e-02 -5.289609549999999688e-02 1.804547550000000153e-02 -6.885826149999999674e-03 -1.566156360000000095e-02
1.492008250000000089e+02 6.723112150000000453e-02 -1.221862100000000069e-02 -2.620196610000000148e-02 8.512900040000000168e-03 1.277705730000000019e-02 -1.472529879999999935e-03
1.519020280000000014e+02 7.077853940000000676e-02 -1.580107069999999933e-02 -5.415572339999999950e-03 -4.967588020000000132e-03 1.546065190000000047e-02 -7.689959309999999659e-02
1.546077310000000011e+02 7.449967309999999676e-02 -1.213001780000000016e-02 7.423370630000000400e-03 -3.145881720000000270e-02 6.842671490000000467e-02 -6.022808989999999668e-02
1.573102629999999920e+02 7.639654399999999679e-02 -8.111846440000000658e-03 2.704373109999999927e-02 3.878838920000000131e-03 2.955332420000000154e-02 5.577215320000000406e-03
1.600087159999999926e+02 7.726986589999999822e-02 -5.605121129999999716e-03 3.955790139999999788e-02 -7.620760080000000408e-03 2.777643559999999970e-02 3.350249630000000107e-03
1.627247629999999958e+02 7.519246129999999917e-02 8.603209260000000162e-04 4.282514660000000251e-02 -1.125638619999999937e-02 1.043466359999999961e-02 -4.222287479999999732e-02
1.654095749999999896e+02 6.346883509999999562e-02 -3.689377680000000079e-03 4.559006589999999720e-02 -1.374229830000000055e-02 1.369435459999999993e-02 1.999623429999999868e-02
1.681010129999999947e+02 6.201719220000000143e-02 1.701434820000000125e-02 5.581255470000000274e-02 -2.212141810000000167e-02 1.162025410000000003e-03 2.622078599999999940e-02
1.708026999999999873e+02 6.175199940000000026e-02 8.834560660000000815e-03 6.057926379999999805e-02 1.896724309999999955e-02 -1.679634730000000020e-02 3.069164259999999922e-02
1.734911060000000020e+02 6.251363059999999472e-02 2.379387340000000111e-03 6.846438459999999726e-02 1.080897509999999978e-02 -6.862570460000000025e-03 -8.735246420000000386e-03
1.762014499999999941e+02 6.071188240000000014e-02 -4.280822289999999808e-03 6.827458200000000033e-02 3.313188150000000165e-02 3.052753719999999962e-02 2.072198960000000076e-02
1.789106840000000034e+02 6.228955380000000125e-02 2.054312500000000149e-03 6.911964789999999748e-02 1.638301480000000157e-02 -2.085462150000000001e-02 3.161243429999999882e-02
1.816128249999999866e+02 6.710249220000000236e-02 4.324581380000000301e-03 6.219228499999999993e-02 7.039776489999999970e-03 7.162871430000000358e-03 2.376025290000000068e-02
1.843046999999999969e+02 7.210007890000000308e-02 -4.958291489999999864e-03 5.117336480000000271e-02 -1.514975380000000045e-02 -5.090672890000000339e-02 2.773889389999999872e-02
1.869982469999999921e+02 7.380114390000000468e-02 -5.523358410000000010e-03 4.915076949999999667e-02 -1.823936680000000018e-02 -7.356415340000000205e-03 1.679147820000000124e-02
1.896794030000000078e+02 7.940810839999999649e-02 -3.789800509999999983e-03 4.581228920000000177e-02 -2.376007030000000173e-02 -2.188010879999999908e-02 2.706870750000000062e-02
1.923742630000000133e+02 7.852266010000000240e-02 -1.529100079999999931e-02 5.523332279999999816e-02 -2.426895629999999832e-02 -1.336819740000000020e-02 -4.069006919999999805e-03
1.950802160000000072e+02 6.938926630000000206e-02 -8.032073449999999754e-03 7.184716030000000420e-02 -4.830067890000000301e-03 -4.357977029999999738e-03 4.548942799999999842e-02
1.977636530000000050e+02 6.005781389999999970e-02 -1.344224909999999946e-02 6.918966099999999952e-02 8.613008939999999836e-03 -2.435624029999999829e-02 6.130182819999999838e-02
2.004691379999999867e+02 6.134038509999999861e-02 -7.326069710000000356e-04 7.289459269999999658e-02 3.348218339999999710e-02 -2.234079309999999902e-02 7.865021110000000593e-02
2.031746060000000114e+02 6.465657700000000674e-02 1.001740370000000005e-02 7.107523189999999380e-02 7.692709550000000236e-03 -1.238848340000000062e-02 5.764163170000000114e-02
2.058839499999999987e+02 6.053518220000000255e-02 1.386028519999999917e-02 7.712652729999999734e-02 -1.475416260000000056e-02 2.501655800000000124e-02 3.079094749999999880e-02
2.085753559999999993e+02 6.399294880000000463e-02 1.243896100000000011e-03 7.457703509999999425e-02 -3.529855429999999988e-02 2.648200870000000026e-02 -1.799992089999999899e-03
2.112927469999999914e+02 6.199886260000000288e-02 -9.240512339999999930e-04 7.187729730000000372e-02 1.452110549999999917e-02 -2.497719429999999824e-03 1.847234340000000058e-03
2.139934340000000077e+02 5.916357609999999684e-02 -3.037552790000000100e-03 8.132653870000000618e-02 -9.622287460000000315e-04 -1.874185780000000093e-02 3.894992220000000060e-02
2.166996379999999931e+02 5.665519520000000114e-02 4.614278159999999664e-03 7.670805810000000391e-02 1.499788799999999915e-02 4.035929169999999920e-03 6.690520510000000365e-02
2.194190590000000043e+02 6.049756180000000205e-02 -1.172597339999999991e-03 6.996929829999999628e-02 1.624135399999999951e-02 -2.205727680000000093e-03 -1.438212689999999972e-03
2.221246529999999950e+02 6.341557700000000075e-02 8.532843879999999978e-03 6.341187149999999439e-02 9.865073040000000085e-03 3.772388759999999869e-02 2.438052519999999931e-02
2.248262780000000021e+02 6.002940009999999799e-02 1.090358630000000037e-02 5.991705790000000087e-02 2.532139080000000205e-03 -8.796858810000000514e-03 2.410538289999999972e-02
2.275153880000000015e+02 6.828748510000000327e-02 2.456119540000000108e-03 6.209891719999999921e-02 -9.352841679999999644e-03 3.192832839999999728e-02 4.220147650000000139e-02
2.302137309999999957e+02 7.026827889999999466e-02 9.141536769999999978e-03 5.770017840000000314e-02 -1.118472250000000084e-02 -2.028287189999999907e-02 9.185380539999999511e-03
2.329168720000000121e+02 6.095345209999999958e-02 1.247432249999999923e-02 6.022759540000000023e-02 2.625032209999999828e-03 -1.434665000000000072e-02 3.179526309999999856e-03
2.356065749999999923e+02 7.026555839999999720e-02 1.061059209999999989e-02 6.073133960000000331e-02 -3.177333410000000163e-02 -1.716933759999999913e-03 4.350219190000000069e-02
2.383119030000000009e+02 5.635024129999999937e-02 3.669586460000000185e-03 6.096590019999999915e-02 -9.052817430000000345e-03 2.683763200000000102e-03 2.425052730000000142e-03
2.410107470000000092e+02 5.780110170000000297e-02 1.132798859999999998e-03 5.926590660000000121e-02 -2.752378600000000147e-02 1.983510500000000131e-03 2.104322020000000057e-02
2.437212940000000003e+02 6.234219710000000331e-02 1.191326190000000038e-03 5.683867590000000330e-02 -4.206047919999999878e-03 3.958658190000000077e-02 4.026454799999999723e-02
2.464209189999999978e+02 6.645568920000000102e-02 4.506403110000000399e-03 6.411862640000000335e-02 1.797946419999999976e-02 2.422965770000000060e-02 6.808390200000000170e-02
2.491314810000000080e+02 6.054013949999999950e-02 -1.075034820000000078e-03 6.283088739999999339e-02 1.340946930000000079e-02 2.459317800000000026e-02 -5.085102690000000043e-03
2.518349190000000135e+02 6.192291519999999772e-02 8.453628669999999415e-03 6.819315630000000183e-02 7.594762369999999950e-03 -2.264750340000000126e-02 2.461860199999999985e-02
2.545276220000000080e+02 6.708281180000000288e-02 -8.782003039999999655e-04 6.406764639999999733e-02 1.631289229999999951e-02 -3.608934679999999812e-02 5.905761849999999896e-02
2.572264030000000048e+02 7.242750539999999460e-02 4.182699550000000088e-04 6.320796280000000322e-02 1.897233569999999959e-04 -7.488010280000000421e-03 3.695160170000000299e-02
2.599281530000000089e+02 6.609267739999999391e-02 -8.200758949999999506e-03 6.100598189999999893e-02 1.875417500000000140e-02 4.804775530000000329e-03 3.525045699999999893e-02
2.626226219999999785e+02 6.223487099999999717e-02 -6.836615209999999908e-03 5.992576039999999993e-02 -1.184173170000000011e-02 3.016889110000000110e-02 7.631138199999999705e-02
2.653194970000000126e+02 6.841010250000000015e-02 -9.540699249999999576e-03 5.379395409999999933e-02 2.476389869999999840e-02 4.657272739999999966e-02 1.014234910000000045e-01
2.680119639999999777e+02 7.459489440000000027e-02 -7.044897569999999942e-03 4.815848360000000300e-02 1.815839790000000134e-02 -1.607361430000000049e-02 8.250384530000000327e-02
