# a=0.0607203245963689, b=-134.4356020721452, c=0.004670178825630621, xi=11.855201168196151
6.800182030000000433e-01 6.521937690000000065e-02 -3.099074450000000210e-03 6.318683320000000048e-02 -1.231304639999999950e-02 -3.358852729999999703e-02 3.558488419999999985e-02
3.379062199999999905e+00 6.683853609999999834e-02 -9.646743509999999855e-03 5.926121649999999824e-02 -4.079779060000000152e-02 -5.701629379999999941e-02 4.884356539999999691e-02
6.078628130000000240e+00 7.923531659999999421e-02 -1.156223559999999990e-02 3.964873730000000041e-02 -2.253158900000000117e-02 -2.307897269999999862e-02 3.716154249999999853e-02
8.775454540000000137e+00 7.818841729999999324e-02 -1.119416049999999961e-02 1.850520419999999999e-02 -7.347475630000000098e-03 -4.568478820000000142e-03 7.017154659999999544e-02
1.146161020000000086e+01 8.337622579999999506e-02 -9.273919650000000264e-03 1.114713170000000003e-02 1.389810799999999930e-02 1.336066779999999996e-02 4.270717410000000186e-02
1.416350549999999942e+01 8.261584869999999414e-02 -4.710881890000000009e-03 -1.324686379999999962e-02 -1.422529189999999916e-02 1.987506370000000089e-04 1.690173459999999919e-02
1.685381329999999878e+01 8.080771620000000433e-02 -6.504354179999999666e-03 -2.524009290000000030e-02 -4.448981609999999587e-03 1.977048580000000198e-03 6.112606920000000083e-02
1.954725230000000025e+01 8.302455549999999962e-02 -4.014303270000000104e-03 -3.590881519999999938e-02 -1.241925260000000105e-03 6.567438679999999980e-03 4.594181060000000066e-02
2.224216020000000071e+01 7.300914410000000632e-02 -1.998062210000000130e-03 -3.769264910000000302e-02 -5.189174290000000273e-02 -2.899703719999999901e-02 5.065085579999999837e-03
2.495155859999999848e+01 7.102263699999999957e-02 5.264392629999999768e-03 -4.865880659999999996e-02 -1.444466449999999916e-02 -1.608317500000000164e-02 -4.859135660000000329e-02
2.765606640000000027e+01 6.463468249999999860e-02 8.269783929999999705e-04 -5.703625419999999724e-02 -2.185746770000000089e-03 9.127144970000000690e-03 -6.922372129999999901e-03
3.036564770000000024e+01 6.344456519999999711e-02 6.141647079999999759e-03 -5.807650920000000105e-02 1.654466280000000018e-03 3.494067730000000038e-02 -7.400954259999999998e-04
3.307542889999999858e+01 6.399326040000000160e-02 3.075741390000000068e-03 -5.829412300000000324e-02 2.414114209999999872e-02 -6.429372930000000225e-04 1.179929340000000076e-02
3.576912579999999764e+01 5.412904369999999715e-02 5.048173109999999977e-03 -6.320912389999999714e-02 1.700743749999999999e-02 2.824481279999999962e-03 2.603687279999999937e-02
3.846598829999999936e+01 5.407055129999999848e-02 3.955189639999999625e-03 -6.393253520000000134e-02 3.978426350000000000e-02 -9.859954699999999572e-03 -7.013966320000000407e-03
4.117543359999999808e+01 4.877729039999999933e-02 7.335188270000000087e-03 -6.156686799999999682e-02 -4.005237410000000303e-02 -1.345093510000000027e-02 -1.352626149999999923e-02
4.388417739999999867e+01 3.676225350000000142e-02 1.454327110000000044e-03 -6.854110759999999802e-02 1.875470320000000024e-02 2.235315519999999875e-02 -1.999012270000000147e-02
4.658109449999999896e+01 4.307973460000000254e-02 2.552407740000000105e-03 -5.913738710000000093e-02 -9.659566479999999455e-03 -1.387621030000000047e-02 -1.726019050000000138e-02
4.928947420000000079e+01 5.231784059999999847e-02 -5.233802600000000277e-03 -5.514232499999999898e-02 4.752051379999999714e-02 5.139510969999999679e-02 -2.065792580000000087e-02
5.199856330000000071e+01 5.723241350000000255e-02 -5.548732689999999641e-03 -5.697691619999999818e-02 -2.697915270000000171e-02 1.157092629999999928e-02 -6.192141959999999945e-02
5.469972419999999858e+01 6.084880730000000182e-02 -9.025874599999999474e-04 -6.431940220000000041e-02 1.292899269999999920e-02 -1.122321819999999928e-02 -2.534760540000000062e-02
5.739770390000000333e+01 6.308890759999999376e-02 -7.760890139999999764e-03 -6.561316150000000291e-02 -6.412818249999999685e-03 -1.389690510000000066e-02 -3.612860660000000168e-02
6.010088199999999858e+01 6.372482949999999646e-02 -8.734384790000000731e-03 -5.941521350000000118e-02 6.922835789999999545e-02 -2.946407120000000060e-02 -2.521284570000000003e-02
6.280151490000000081e+01 5.594492219999999683e-02 -1.160619710000000086e-03 -4.468214660000000005e-02 8.330203049999999887e-02 2.782592600000000083e-02 5.908063759999999942e-02
6.550871800000000178e+01 5.411922560000000104e-02 8.781797450000000411e-04 -4.107298479999999669e-02 7.736005189999999899e-03 -1.228664439999999948e-02 2.307647989999999857e-02
6.822663199999999506e+01 5.374789340000000332e-02 -1.518715940000000056e-03 -3.381783640000000229e-02 -5.397970109999999933e-02 3.378206350000000080e-02 2.300514249999999900e-02
7.092052889999999366e+01 5.684284259999999867e-02 4.910958190000000098e-03 -5.235977440000000316e-02 -3.923927879999999924e-02 -3.154536480000000309e-02 9.130401479999999612e-03
7.363000239999999508e+01 5.452811770000000335e-02 -9.744315580000000422e-04 -5.880293649999999983e-02 -2.275287129999999883e-03 -5.997757520000000135e-04 -7.823878730000000808e-03
7.633348829999999907e+01 6.138523290000000299e-02 -1.269313210000000132e-04 -5.462629229999999697e-02 5.350352290000000288e-02 -3.248509349999999934e-02 -1.929727490000000129e-02
7.902751800000000060e+01 6.159203259999999902e-02 8.763689369999999243e-03 -4.512085390000000057e-02 3.731970429999999922e-02 2.529247979999999993e-02 -1.403023150000000038e-02
8.173247109999999793e+01 6.132794650000000097e-02 8.842675269999999282e-03 -4.472449719999999768e-02 7.087209049999999844e-02 1.192072190000000032e-02 -3.530389180000000071e-02
8.443309139999999502e+01 6.301746699999999368e-02 -1.165678330000000052e-03 -5.244399610000000100e-02 -1.212550419999999969e-02 -1.776801979999999975e-02 -1.330913509999999932e-02
8.712704920000000186e+01 6.752202259999999512e-02 4.293729550000000006e-03 -4.928326169999999729e-02 -6.069702879999999690e-03 -7.486289279999999886e-03 2.508541169999999737e-04
8.982426019999999767e+01 6.440177340000000084e-02 9.221226240000000461e-04 -5.660119639999999785e-02 7.135062979999999729e-03 1.066045520000000017e-02 2.202133430000000058e-02
9.251179609999999798e+01 6.226415080000000102e-02 -1.528629620000000007e-03 -5.732597839999999806e-02 8.151196380000000352e-02 3.018428650000000088e-02 2.049292999999999948e-02
9.522066949999999963e+01 5.728515850000000242e-02 -2.035277509999999963e-03 -6.393067669999999425e-02 3.385425770000000112e-02 1.891637739999999998e-02 -3.124630930000000043e-02
9.791212269999999762e+01 5.777272029999999670e-02 1.669027389999999970e-03 -6.777274349999999614e-02 4.474614429999999865e-02 3.789403079999999896e-02 -2.830076520000000123e-02
1.006121710000000036e+02 5.663937039999999978e-02 5.782684300000000277e-03 -7.141810739999999991e-02 2.650634160000000031e-02 -4.802117380000000060e-03 5.023068730000000010e-02
1.033061869999999942e+02 5.284590520000000125e-02 6.310205129999999635e-03 -6.125424819999999992e-02 3.109298029999999977e-02 -9.440559620000000401e-03 5.106369829999999645e-03
1.060134209999999939e+02 5.632459449999999840e-02 5.554314739999999945e-03 -5.955536270000000298e-02 2.292403540000000073e-02 6.106541599999999823e-04 -1.190051859999999989e-02
1.087177650000000000e+02 6.186597309999999905e-02 9.304690200000000078e-03 -5.733721840000000070e-02 2.776052039999999874e-02 5.528098500000000123e-03 -2.784059070000000080e-02
1.114212959999999981e+02 6.386039920000000092e-02 9.196878389999999653e-03 -6.090635459999999696e-02 -6.058346430000000060e-03 4.059309879999999787e-02 -2.913892779999999877e-02
1.141273900000000054e+02 7.041644669999999606e-02 6.347153420000000400e-03 -5.670063999999999660e-02 1.294516100000000017e-02 1.884109750000000083e-02 -1.953521059999999837e-02
1.168119839999999954e+02 7.034235390000000143e-02 6.819092970000000149e-03 -5.484528710000000085e-02 1.435318959999999991e-02 -3.429174179999999739e-02 1.541976320000000046e-02
1.195030770000000047e+02 6.529100009999999621e-02 5.776459850000000354e-03 -4.282562639999999698e-02 4.665223980000000187e-02 2.112865189999999904e-03 2.587075960000000119e-02
1.221949209999999937e+02 6.802526289999999420e-02 1.679388450000000171e-02 -3.362611210000000100e-02 1.810947099999999851e-02 -9.266182770000000804e-03 -1.016820059999999984e-02
1.249010150000000010e+02 6.378145400000000131e-02 1.251742739999999994e-03 -3.462758359999999758e-02 3.007649529999999877e-02 -4.376524040000000400e-03 -1.265953199999999938e-02
1.275965149999999966e+02 7.017808690000000571e-02 6.026743809999999570e-03 -3.091791420000000040e-02 -5.128550980000000370e-04 -6.251379120000000178e-02 3.537040019999999896e-03
1.302991869999999892e+02 7.551337560000000171e-02 -7.434584709999999923e-03 -1.715658550000000171e-02 1.649896860000000035e-02 -4.132296030000000286e-02 -4.750047670000000222e-02
1.330086550000000045e+02 7.653572610000000664e-02 -6.863825090000000122e-03 -5.722132900000000306e-03 -5.968499149999999948e-02 2.331753069999999931e-03 -7.698278570000000043e-02
1.357077490000000068e+02 8.035261949999999986e-02 -3.930082350000000118e-04 1.897482530000000125e-02 1.507695899999999915e-02 2.156126660000000014e-02 7.798039290000000241e-03
1.384120619999999917e+02 7.424296469999999704e-02 2.375014390000000121e-03 3.013598290000000027e-02 1.943127970000000163e-02 -5.464597839999999970e-03 1.270117370000000030e-02
1.411124680000000069e+02 7.341767770000000304e-02 4.963172079999999750e-03 2.812383510000000114e-02 1.484700429999999925e-02 1.086207089999999958e-02 1.175756239999999932e-02
1.438174209999999960e+02 6.751503470000000395e-02 1.146083330000000067e-02 3.920379799999999804e-02 -1.217948169999999962e-02 5.696346019999999621e-03 5.074009879999999938e-03
1.465219840000000033e+02 6.076558370000000042e-02 1.153997070000000076e-02 5.139898080000000063e-02 3.369681549999999776e-02 -2.132386489999999954e-02 -1.799265049999999866e-02
1.492272649999999885e+02 5.105242730000000145e-02 1.677233709999999961e-02 5.406250960000000272e-02 3.848798440000000126e-02 -1.450971600000000063e-02 -1.051933399999999998e-02
1.519298900000000003e+02 4.869008050000000337e-02 1.233979399999999942e-02 6.276878889999999711e-02 9.831211910000000123e-03 -1.892590070000000138e-02 2.581722170000000025e-02
1.546283119999999940e+02 4.757600189999999785e-02 1.312947459999999969e-02 6.510777569999999514e-02 1.043000130000000004e-02 2.522581490000000079e-02 -1.153695130000000069e-02
1.573329679999999939e+02 5.374425809999999748e-02 5.975496440000000256e-03 5.818801159999999889e-02 3.024775509999999903e-02 -6.527196030000000397e-04 -1.387703090000000014e-02
1.600327800000000025e+02 6.730357030000000407e-02 1.356549500000000033e-02 7.131752909999999890e-02 1.782608150000000030e-02 -4.729363090000000130e-02 -1.238931589999999958e-02
1.627294679999999971e+02 6.814122970000000001e-02 1.138502360000000040e-02 6.939254379999999778e-02 4.612168330000000066e-02 -3.363707829999999788e-03 2.339487980000000064e-02
1.654320299999999975e+02 4.672031990000000135e-02 1.594606629999999886e-02 6.462244929999999554e-02 2.668950609999999959e-02 -7.398448830000000330e-03 2.541286790000000032e-02
1.681314370000000054e+02 5.095784230000000026e-02 8.917611460000000531e-03 6.105759250000000055e-02 1.483478520000000057e-02 1.143309900000000039e-02 8.054137209999999436e-02
1.708283429999999896e+02 5.119250770000000061e-02 6.024146250000000057e-03 5.749843369999999704e-02 -1.025740479999999975e-02 3.793156419999999668e-02 5.282070269999999956e-02
1.735381399999999985e+02 4.664210860000000264e-02 -5.700982040000000112e-03 5.212572750000000338e-02 -6.168387330000000418e-03 -3.055227159999999781e-04 8.717424340000000035e-03
1.762306089999999870e+02 5.233547620000000150e-02 4.880171380000000204e-03 5.146431120000000137e-02 -2.026884290000000206e-03 6.683568019999999894e-04 1.313552360000000072e-02
1.789274210000000096e+02 5.471065690000000148e-02 -4.736739170000000415e-03 5.663660599999999906e-02 -5.575155669999999966e-03 -1.503264139999999950e-02 3.608929830000000283e-02
1.816249210000000005e+02 5.109774749999999865e-02 -2.903397309999999898e-03 6.324314020000000591e-02 -2.215190250000000083e-02 -2.914117260000000098e-02 -1.562778509999999954e-02
1.843184050000000127e+02 3.263577749999999750e-02 -7.986741919999999686e-04 7.540428189999999475e-02 -7.174845289999999716e-03 -2.914172090000000104e-02 3.087595939999999983e-02
1.870202339999999879e+02 1.867439660000000043e-02 -6.162709280000000338e-03 8.477179980000000559e-02 1.941761389999999837e-02 -6.665217059999999950e-03 -2.991483090000000150e-02
1.897285770000000014e+02 1.494071219999999929e-02 -3.543327849999999835e-03 8.313635169999999963e-02 9.497019540000000218e-03 4.746624409999999732e-03 1.035376739999999997e-02
1.924349990000000048e+02 2.568875879999999931e-02 2.661616840000000008e-03 8.145938680000000542e-02 3.932517420000000014e-02 -1.192777369999999983e-02 -6.000856300000000088e-02
1.951514679999999942e+02 1.568344799999999914e-02 -3.540638850000000105e-03 7.737125620000000203e-02 3.869345019999999996e-02 4.526915809999999818e-02 -7.796669370000000598e-02
1.978527489999999887e+02 2.283329530000000052e-02 2.896855349999999854e-05 7.712386920000000035e-02 -7.595259260000000300e-04 -2.060554170000000046e-02 -2.973241420000000135e-02
2.005585930000000019e+02 3.445742589999999800e-02 -1.021879510000000060e-02 7.879867420000000178e-02 -1.004631760000000013e-02 2.111365200000000011e-02 -2.985957889999999934e-02
2.032573270000000036e+02 4.804455280000000106e-02 -5.067160490000000017e-03 7.327349580000000473e-02 -6.353776170000000403e-03 -3.793022449999999823e-02 5.526800789999999908e-02
2.059638270000000091e+02 5.016707470000000141e-02 -3.017558599999999817e-03 6.393810699999999403e-02 3.352391809999999937e-03 -1.468144660000000011e-02 8.201919090000000731e-03
2.086647490000000005e+02 4.812595289999999776e-02 9.511971290000000067e-04 6.719909129999999953e-02 3.117908610000000129e-03 -2.136095630000000092e-02 5.422792349999999706e-02
2.113619840000000067e+02 5.121853099999999770e-02 1.097843569999999930e-03 5.939967859999999850e-02 1.489549410000000048e-04 6.079211720000000235e-02 1.872182450000000123e-02
2.140626399999999876e+02 5.067031579999999730e-02 -5.488648779999999970e-03 5.982672170000000178e-02 -1.660993239999999926e-02 1.330683390000000042e-02 5.018902480000000249e-02
2.167536709999999971e+02 4.997220110000000215e-02 -5.580072830000000310e-03 6.487983930000000565e-02 -9.019806130000000352e-03 2.602194539999999959e-02 3.199920550000000252e-02
2.194448899999999867e+02 6.447573489999999796e-02 -7.593596789999999645e-03 6.432041759999999886e-02 -7.870117120000000646e-03 -2.607544189999999942e-02 4.246788840000000065e-02
2.221516550000000052e+02 5.290531090000000214e-02 -1.926920860000000055e-02 5.233404860000000214e-02 -1.611274439999999919e-04 -4.106619169999999736e-02 9.848978680000000305e-03
2.248597019999999986e+02 5.396213560000000242e-02 -1.398707729999999934e-02 4.551022529999999844e-02 1.685621710000000106e-02 -3.331401340000000183e-02 -1.024621140000000000e-02
2.275555620000000090e+02 5.297539970000000181e-02 -1.759436010000000120e-02 4.362676990000000088e-02 3.188959759999999977e-02 -4.567572019999999698e-03 2.400635519999999926e-02
2.302534210000000030e+02 6.051875520000000314e-02 -1.253000699999999926e-02 5.795094149999999861e-02 1.200208160000000059e-02 -1.521770329999999963e-02 5.762232750000000070e-02
2.329600930000000005e+02 6.027799600000000035e-02 -1.521531750000000051e-02 5.272501539999999848e-02 1.904453429999999892e-02 -1.136344870000000062e-02 4.371414920000000343e-02
2.356663589999999999e+02 6.037835839999999843e-02 2.519471320000000146e-03 4.869403120000000140e-02 -3.851084519999999935e-03 4.468015359999999957e-03 2.513589050000000075e-02
2.383640460000000019e+02 6.895996969999999837e-02 8.822226500000000457e-03 4.877485200000000048e-02 -7.563641979999999841e-03 -9.215583010000000241e-03 4.920653070000000073e-02
2.410614209999999957e+02 6.910647400000000107e-02 5.232806310000000065e-03 4.797881240000000103e-02 -1.032774870000000011e-02 -2.428206180000000089e-02 2.058529129999999915e-02
2.437626710000000116e+02 6.239973640000000266e-02 1.334054450000000079e-02 5.339630790000000210e-02 9.010273120000000455e-03 -3.117394230000000016e-02 4.318966479999999941e-02
2.464614840000000129e+02 5.374262340000000165e-02 6.888661960000000417e-03 5.783743670000000142e-02 -2.479355820000000120e-03 1.715335869999999943e-02 1.132921079999999955e-02
2.491673900000000117e+02 4.782567320000000177e-02 9.097905240000000223e-04 6.375763019999999837e-02 -1.261515860000000065e-02 1.505795159999999931e-02 2.525789859999999845e-02
2.518622180000000128e+02 5.105940939999999845e-02 1.622309599999999935e-03 6.236611749999999843e-02 6.028565359999999915e-03 -7.612553549999999739e-03 -1.215677130000000078e-02
2.545628900000000101e+02 6.049253760000000008e-02 -1.891739890000000051e-03 6.357970370000000371e-02 -8.259003759999999569e-03 -7.928370259999999517e-03 1.755969049999999906e-02
2.572551240000000234e+02 5.981559260000000183e-02 1.002341999999999990e-02 6.292958279999999460e-02 1.961913259999999853e-03 -3.575861070000000211e-03 2.739004470000000122e-02
2.599611400000000003e+02 6.107881400000000210e-02 7.947060500000000319e-03 6.518282409999999472e-02 -1.819127679999999912e-03 2.874672760000000077e-02 8.597938770000000674e-03
2.626571240000000103e+02 6.191960929999999752e-02 5.352830509999999958e-03 6.199163220000000057e-02 -4.268158419999999731e-02 -1.641102939999999899e-03 1.422268079999999997e-02
2.653620619999999803e+02 6.378373419999999738e-02 3.832696980000000007e-03 5.921733729999999890e-02 -8.286831499999999448e-03 2.465265260000000166e-02 1.558556309999999979e-02
2.680505600000000186e+02 6.975290959999999596e-02 5.244575769999999543e-04 7.038975590000000337e-02 2.509134249999999886e-02 1.399545940000000016e-02 5.754841769999999995e-02
