# a=0.06320441603094842, b=-141.27202010686645, c=0.002780982356853411, xi=16.519248652214525
6.727606080000000377e-01 7.829615489999999789e-02 1.800126559999999914e-03 2.721574980000000116e-02 3.561775550000000068e-02 9.531583439999999699e-03 1.735070400000000151e-02
3.376685300000000112e+00 7.581519740000000618e-02 5.884231460000000080e-03 2.226794439999999972e-02 6.965868360000000356e-03 4.173470270000000093e-02 5.487140499999999815e-05
6.073279209999999928e+00 7.990318020000000687e-02 -2.305030679999999898e-03 1.095874999999999974e-02 2.380351439999999971e-02 -7.081550479999999641e-03 1.098285409999999983e-02
8.772778430000000682e+00 7.766688409999999987e-02 1.430109549999999908e-03 -1.066916809999999931e-02 2.406287080000000123e-03 -6.060104519999999761e-05 -3.373605750000000045e-03
1.147556110000000018e+01 6.659025400000000150e-02 -5.609727390000000509e-04 -2.164386609999999905e-02 1.781821589999999997e-02 5.503673639999999770e-03 -8.481619370000000394e-03
1.417425949999999979e+01 6.315246600000000432e-02 -5.719679590000000110e-04 -3.312482249999999795e-02 1.521250870000000026e-02 -1.071859229999999955e-02 -1.050214870000000002e-02
1.687744700000000009e+01 5.595480679999999957e-02 -1.007916740000000012e-02 -5.470406130000000228e-02 4.703160900000000373e-03 6.065503839999999980e-03 7.478272149999999618e-03
1.957150950000000122e+01 5.168480820000000142e-02 -4.817457960000000317e-03 -5.769287000000000026e-02 4.729533660000000139e-03 7.153368969999999820e-03 -2.014610069999999906e-02
2.228391260000000074e+01 4.903995380000000098e-02 -4.322852890000000205e-03 -6.553829290000000307e-02 -2.253918779999999900e-02 1.839155710000000069e-02 -4.834982050000000142e-02
2.498116579999999942e+01 5.164256080000000082e-02 -4.112510819999999970e-03 -6.899499900000000130e-02 3.628188279999999821e-02 7.824276689999999645e-03 -1.933532279999999881e-02
2.769770480000000035e+01 5.353386460000000152e-02 -3.845814329999999899e-03 -6.929980970000000629e-02 -1.846902660000000057e-02 -4.094669090000000074e-03 -6.262714919999999574e-02
3.039539080000000126e+01 6.446565969999999701e-02 -6.902378609999999977e-03 -6.893835060000000348e-02 2.611694839999999934e-02 -2.493783139999999898e-02 2.222346019999999964e-02
3.308478610000000231e+01 6.007668220000000198e-02 -5.576565179999999622e-03 -5.465946909999999659e-02 4.007073340000000261e-02 4.133988380000000115e-03 2.162087149999999958e-02
3.579109389999999991e+01 6.256060019999999666e-02 -8.474612879999999376e-03 -4.693542459999999750e-02 2.611208970000000046e-02 -9.454062859999999222e-03 -1.272054350000000056e-02
3.848550480000000107e+01 6.158346590000000204e-02 -5.586732340000000012e-03 -4.775317030000000157e-02 -6.229685979999999984e-02 2.678903789999999979e-02 -5.058171890000000108e-03
4.117358449999999692e+01 7.109839850000000683e-02 -7.660318200000000230e-03 -4.342444270000000300e-02 3.385043370000000162e-02 3.953367189999999753e-02 -3.426954399999999901e-02
4.387434700000000021e+01 8.387960179999999488e-02 2.132895590000000131e-04 -5.142386620000000130e-02 5.895997749999999649e-03 1.500487989999999949e-03 -3.920815080000000091e-02
4.657225329999999985e+01 7.518589100000000469e-02 -3.978625269999999745e-04 -4.532938920000000038e-02 3.544317559999999884e-03 5.254329690000000136e-03 1.069570040000000083e-02
4.926408920000000080e+01 7.241994729999999547e-02 -6.978333750000000231e-03 -3.758379199999999781e-02 -4.006567729999999800e-02 2.170451449999999827e-03 1.152897209999999978e-02
5.196387359999999944e+01 7.244840560000000151e-02 -5.091176359999999637e-03 -4.103929800000000183e-02 -8.530558980000000138e-03 -1.689885849999999985e-03 -2.399742160000000075e-03
5.466084390000000326e+01 6.507203070000000533e-02 -2.830414360000000143e-03 -4.345627440000000147e-02 1.158490560000000058e-02 -2.605149910000000013e-02 2.473551900000000095e-02
5.736138449999999978e+01 6.419273100000000287e-02 -4.106958790000000276e-03 -4.319923789999999958e-02 5.828633479999999895e-02 2.747688729999999899e-02 2.292102990000000062e-02
6.006907669999999655e+01 6.045007229999999759e-02 3.330148819999999982e-03 -5.416585289999999858e-02 9.762630890000000353e-03 9.653874780000000141e-03 1.224776290000000045e-02
6.276399860000000075e+01 6.759610319999999339e-02 -3.052905670000000213e-03 -4.429794129999999747e-02 1.158030529999999961e-02 1.338592440000000057e-02 -2.246028590000000158e-02
6.546712669999999434e+01 6.896338019999999347e-02 8.084563320000000145e-04 -5.057906460000000104e-02 -4.698915599999999720e-02 1.781069570000000032e-02 2.171980059999999851e-02
6.815315800000000479e+01 7.301658849999999312e-02 -3.772482609999999910e-03 -4.708484620000000231e-02 -3.301951599999999876e-02 5.644151339999999755e-04 6.271130780000000113e-03
7.085534699999999475e+01 6.355929050000000413e-02 -5.913008739999999841e-04 -5.394883109999999704e-02 -9.434195330000000324e-02 2.047119999999999843e-02 -1.240407879999999964e-03
7.355129230000000007e+01 5.279440829999999807e-02 -7.001171060000000237e-03 -6.206016930000000237e-02 -1.435835910000000069e-02 3.261308469999999946e-03 -2.683378479999999969e-02
7.624532360000000608e+01 4.248456860000000140e-02 -3.449943679999999905e-03 -7.039226519999999820e-02 3.405559080000000044e-02 1.441411270000000043e-02 2.747084309999999960e-03
7.895568450000000382e+01 3.938946150000000035e-02 4.837003880000000154e-04 -6.482625290000000595e-02 2.956375149999999896e-02 6.917988719999999640e-03 -3.713100769999999953e-03
8.166207980000000077e+01 4.717399490000000195e-02 -5.013615390000000088e-03 -6.393732739999999359e-02 2.310119349999999877e-02 -4.486905959999999693e-02 4.074031749999999785e-02
8.437532360000000153e+01 4.952549359999999790e-02 -7.519456899999999756e-03 -5.770023020000000086e-02 -1.168212040000000083e-02 1.211375140000000086e-02 4.298292010000000218e-02
8.707775479999999391e+01 4.722718680000000113e-02 -7.113302620000000291e-03 -6.112210800000000138e-02 -5.755741210000000010e-03 1.135587080000000082e-02 1.672660869999999939e-02
8.977576270000000136e+01 4.653801099999999719e-02 -4.787890549999999912e-03 -6.153707270000000062e-02 -9.313234879999999615e-04 9.940876830000000552e-03 4.592791839999999827e-03
9.248788299999999651e+01 5.121805349999999923e-02 -9.117230360000000769e-03 -6.507025099999999562e-02 -3.022852289999999886e-02 1.125999899999999970e-02 -5.417782310000000129e-02
9.518539549999999849e+01 5.078344220000000075e-02 -1.209336270000000053e-02 -5.973572769999999782e-02 -1.202177840000000046e-02 -1.732053760000000150e-02 -8.782716580000000592e-03
9.789371110000000442e+01 4.956806130000000060e-02 -1.283035710000000017e-02 -5.069933170000000267e-02 -6.074667619999999865e-03 -1.733893109999999974e-02 -3.139372489999999859e-03
1.005967739999999964e+02 5.180959100000000206e-02 -6.335070269999999726e-03 -5.275062999999999974e-02 -6.596427180000000168e-02 -1.354795450000000068e-02 -2.056968340000000020e-02
1.033036019999999979e+02 5.745573820000000193e-02 -1.137776400000000028e-02 -5.999707940000000017e-02 -2.655878050000000032e-02 -7.084788489999999626e-03 1.723667900000000106e-04
1.059990860000000055e+02 6.123868460000000263e-02 -1.249096490000000011e-02 -6.299499100000000018e-02 -5.037394320000000182e-04 4.498205720000000157e-02 -5.729730980000000140e-03
1.086980549999999965e+02 6.154215269999999821e-02 -6.917377720000000320e-03 -5.888378119999999882e-02 -6.908498120000000284e-03 -1.088027240000000000e-03 4.524177629999999971e-03
1.113920389999999969e+02 6.329082099999999711e-02 5.800087969999999805e-04 -6.080859949999999764e-02 -9.677392630000000023e-03 -2.530908130000000117e-02 1.441316760000000037e-02
1.141023830000000032e+02 5.836478739999999971e-02 5.404917799999999807e-03 -5.262481089999999917e-02 -4.295205789999999996e-02 -1.901893569999999964e-02 -1.795989939999999979e-02
1.168041489999999953e+02 5.795343619999999973e-02 9.525452650000000229e-03 -5.525125489999999778e-02 3.773026179999999785e-03 -2.395438849999999981e-02 -6.604818519999999804e-02
1.194968360000000018e+02 6.106073759999999795e-02 4.861405860000000100e-03 -5.723058240000000046e-02 -2.876955770000000009e-02 -2.273028740000000020e-02 -2.490290699999999843e-02
1.222013199999999955e+02 6.737610389999999783e-02 1.088622090000000014e-02 -5.703275239999999746e-02 2.086279380000000128e-02 1.890656870000000100e-02 -2.854682470000000083e-02
1.248864449999999948e+02 6.826602480000000528e-02 1.687788800000000061e-02 -4.359713269999999918e-02 6.581782359999999643e-04 -1.963788500000000076e-02 1.245318500000000030e-02
1.275923360000000031e+02 7.162504570000000070e-02 1.201671139999999950e-02 -2.950842110000000129e-02 3.254449959999999864e-02 1.812147540000000074e-03 -2.073886369999999868e-02
1.302936799999999948e+02 7.099365759999999581e-02 1.685155249999999855e-02 -3.097000109999999834e-02 -1.816380459999999974e-02 -8.360274009999999964e-03 -7.023108479999999598e-02
1.329884920000000079e+02 8.241818469999999397e-02 1.351826949999999916e-02 -2.833706360000000021e-02 6.222136980000000234e-02 4.248320180000000196e-02 -3.653358489999999903e-02
1.356881490000000099e+02 8.693886269999999417e-02 2.049381570000000097e-02 -2.616278610000000171e-02 -6.487963329999999569e-04 1.089804590000000017e-02 -1.725516330000000055e-03
1.383868830000000116e+02 7.653502580000000333e-02 7.716704260000000273e-03 -1.074230139999999938e-02 1.424806919999999956e-02 -5.881430800000000264e-02 -1.649366500000000110e-02
1.410734449999999924e+02 7.334199480000000437e-02 1.159466099999999916e-02 1.105584350000000070e-03 -6.584428760000000241e-03 -2.502183670000000110e-02 3.617284479999999941e-03
1.437673990000000117e+02 7.677639999999999465e-02 4.883148349999999818e-03 2.158233379999999896e-02 -1.155773480000000034e-02 -5.540215350000000233e-02 -7.480850639999999871e-03
1.464659609999999930e+02 7.899143910000000490e-02 1.556861240000000004e-03 2.867875170000000126e-02 -7.777845799999999650e-03 -3.450193189999999771e-02 -1.774913960000000165e-02
1.491672890000000109e+02 7.424830520000000322e-02 9.424873729999999963e-03 4.055768149999999794e-02 -2.662800530000000027e-02 2.389352620000000094e-02 1.227973159999999966e-02
1.518683829999999944e+02 7.770406139999999628e-02 -6.153908119999999555e-04 3.177474100000000218e-02 7.469880029999999586e-04 2.172702929999999893e-02 1.582138069999999841e-02
1.545536950000000047e+02 7.771517099999999956e-02 -3.388598129999999958e-03 3.749498789999999859e-02 -1.456214240000000028e-02 4.733576760000000189e-02 4.664248499999999742e-02
1.572596639999999866e+02 7.137012980000000117e-02 -7.090597649999999703e-03 3.909099130000000255e-02 5.913580899999999752e-03 1.494702170000000024e-02 4.352224400000000160e-02
1.599591169999999920e+02 6.676945219999999570e-02 -1.014319080000000012e-02 4.231913369999999730e-02 -4.792007120000000425e-03 4.773874940000000233e-02 6.037872119999999898e-02
1.626771640000000048e+02 5.493891709999999817e-02 -7.807864000000000297e-03 5.189750669999999844e-02 8.127016920000000588e-03 1.321583789999999925e-02 -1.916453619999999858e-02
1.653826329999999984e+02 5.603555520000000345e-02 1.706778050000000012e-04 6.186895879999999848e-02 -4.653652539999999886e-03 1.675363059999999960e-02 1.715667549999999944e-02
1.680821950000000129e+02 6.063741319999999685e-02 -3.767689030000000053e-04 6.381829930000000595e-02 2.724145199999999933e-03 2.606644489999999925e-02 -5.899479049999999808e-03
1.707863989999999887e+02 6.222166209999999836e-02 2.744774110000000166e-03 7.341510649999999361e-02 -1.612073350000000141e-02 2.487815109999999986e-03 -1.004379879999999989e-02
1.734770080000000121e+02 5.202324619999999789e-02 7.324809310000000330e-03 7.238764500000000046e-02 -6.892240239999999907e-03 3.968884649999999785e-03 -2.602766919999999901e-02
1.761857270000000142e+02 4.915741280000000130e-02 -2.420419440000000019e-03 6.884348319999999966e-02 7.077772040000000243e-03 -3.504793560000000335e-02 -1.754014010000000054e-02
1.788866490000000056e+02 4.590185050000000072e-02 -8.777099249999999880e-03 6.810181099999999821e-02 1.392069240000000027e-03 2.479896410000000107e-02 3.405176059999999970e-03
1.815997580000000085e+02 2.766520020000000010e-02 -4.777192409999999646e-03 7.439396460000000100e-02 6.133176229999999680e-03 4.698621249999999916e-02 -3.451361850000000085e-03
1.843081799999999930e+02 1.828120219999999907e-02 1.762936570000000049e-04 7.427175240000000178e-02 1.995823440000000018e-02 -5.351048639999999787e-03 -3.190043189999999806e-02
1.870065079999999966e+02 1.739383450000000012e-02 5.477384390000000249e-03 6.948889980000000355e-02 2.201108179999999859e-02 -6.733215610000000025e-03 -3.144233829999999903e-03
1.897011329999999987e+02 2.005153750000000096e-02 1.090090070000000050e-02 8.805480120000000466e-02 -1.860076479999999907e-02 -2.957867449999999898e-02 4.276590799999999831e-02
1.924120389999999929e+02 2.100352249999999990e-02 5.767500830000000210e-03 8.165309410000000379e-02 1.880807790000000104e-02 -6.764948360000000091e-03 4.510991200000000201e-02
1.951099140000000034e+02 2.405180380000000034e-02 6.133906839999999847e-03 8.017727930000000114e-02 9.468270310000000481e-03 -2.296247740000000037e-02 7.837583920000000190e-03
1.977973670000000084e+02 2.150025330000000096e-02 1.200689530000000060e-02 7.780281440000000326e-02 -8.447240309999999586e-03 -2.604770429999999845e-02 -1.494252709999999932e-03
2.004987109999999859e+02 2.008221099999999912e-02 5.131713740000000065e-03 6.929621610000000209e-02 2.725253450000000160e-02 -7.179418310000000407e-03 2.077741560000000154e-02
2.031936949999999911e+02 2.633140520000000137e-02 1.856459640000000019e-03 6.501467349999999479e-02 -1.350660589999999953e-02 1.462919949999999915e-03 7.647629750000000011e-03
2.059015080000000069e+02 4.550490010000000224e-02 6.035728799999999945e-06 5.344278129999999877e-02 1.612142520000000093e-02 2.946880190000000094e-02 2.726406990000000002e-02
2.086015549999999905e+02 6.026314779999999982e-02 7.352356170000000184e-04 5.854747019999999996e-02 -1.087494970000000075e-02 6.229721169999999884e-03 7.390694930000000357e-03
2.113046950000000095e+02 5.806488800000000200e-02 2.701785229999999899e-03 5.203343609999999675e-02 1.602103150000000129e-02 -4.139873790000000303e-02 3.195247460000000261e-02
2.140042109999999980e+02 5.995187460000000329e-02 4.450266779999999950e-03 5.067834770000000100e-02 2.857203529999999964e-02 1.094213850000000030e-02 1.042192530000000082e-02
2.167108519999999885e+02 5.891134070000000195e-02 1.345489700000000038e-02 5.022258160000000332e-02 1.660396020000000014e-02 1.581223489999999954e-02 9.938557630000000032e-02
2.194207419999999900e+02 6.015017269999999722e-02 9.164280959999999976e-03 5.679920930000000034e-02 4.105770489999999683e-03 1.949006870000000169e-02 5.353773409999999788e-02
2.221222579999999880e+02 5.723696369999999728e-02 3.738125090000000202e-03 6.080629440000000219e-02 -2.282348229999999964e-02 4.422010669999999798e-04 4.831635270000000232e-02
2.248262420000000077e+02 4.508569309999999747e-02 1.078758370000000057e-02 5.876756729999999679e-02 -1.397320860000000019e-02 3.677103470000000346e-02 2.262325819999999946e-02
2.275282890000000009e+02 5.116940100000000324e-02 2.025341979999999847e-02 5.442002580000000062e-02 -3.129422169999999948e-02 3.039107809999999979e-02 1.051651089999999962e-02
2.302230079999999930e+02 5.738896279999999850e-02 2.767506819999999979e-02 5.268852940000000318e-02 -3.006348609999999998e-03 1.259432129999999914e-02 -4.955403190000000346e-02
2.329115079999999978e+02 6.218753619999999732e-02 2.695807910000000071e-02 3.999932099999999741e-02 -3.322774199999999761e-02 3.088773699999999844e-02 -4.097313660000000135e-02
2.356036799999999971e+02 5.919462250000000203e-02 2.973417520000000078e-02 3.774418100000000165e-02 -1.530582659999999914e-02 4.262904320000000108e-02 1.369628399999999954e-02
2.382983830000000012e+02 5.763807409999999881e-02 3.188616779999999679e-02 3.582399029999999707e-02 -1.413370029999999958e-02 -3.296489209999999698e-02 -2.447909699999999827e-02
2.409987109999999859e+02 5.916509100000000299e-02 1.265482390000000068e-02 4.282702210000000065e-02 -3.333910910000000005e-02 -7.370444900000000174e-03 -5.278159460000000046e-03
2.436961169999999868e+02 5.564256850000000310e-02 3.558750339999999898e-04 3.932931130000000275e-02 -2.531858849999999925e-02 -4.331508779999999892e-02 -4.839914649999999680e-02
2.463961490000000083e+02 6.121584790000000192e-02 -1.229121210000000061e-02 5.026995139999999862e-02 3.141038510000000207e-03 -4.499234509999999743e-02 -6.284029689999999849e-03
2.490933359999999936e+02 6.685678429999999950e-02 -9.543393330000000258e-03 4.898538270000000333e-02 -1.613351149999999942e-02 6.455182630000000366e-03 -1.791649849999999919e-02
2.517993199999999945e+02 6.298520500000000244e-02 -3.138353589999999787e-03 4.809752400000000261e-02 5.707896219999999618e-03 -4.610216489999999982e-04 1.649903319999999896e-02
2.544982889999999998e+02 6.298215999999999537e-02 -1.073336429999999925e-02 4.279870389999999858e-02 -1.317130950000000057e-02 3.392051640000000312e-02 -6.164980740000000105e-03
2.572040390000000230e+02 7.321228520000000461e-02 -1.592445629999999926e-03 4.579293870000000072e-02 -3.333329410000000076e-02 2.899707899999999939e-03 1.750716999999999942e-03
2.599033519999999839e+02 6.810589690000000418e-02 4.656424919999999947e-03 4.764796290000000017e-02 9.869323850000000231e-03 -4.009253840000000235e-02 2.084888730000000051e-02
2.625950080000000071e+02 6.584564349999999511e-02 8.365178730000000576e-03 4.030943540000000297e-02 -1.606110260000000048e-03 -2.602721980000000102e-03 3.514951919999999980e-02
2.652961329999999975e+02 6.737548829999999433e-02 7.952276810000000543e-03 4.665707680000000246e-02 2.414364260000000095e-02 -1.917261019999999885e-02 -1.193576489999999962e-02
2.679883429999999862e+02 7.623595569999999655e-02 1.198991729999999978e-02 3.148391739999999855e-02 1.669684930000000025e-03 -2.354323479999999996e-02 6.606172090000000073e-03
