# a=0.06681867054316688, b=-142.05502853675853, c=0.003847971958561331, xi=9.534922960948201
6.939993610000000368e-01 8.205022369999999399e-02 -7.654274699999999779e-03 4.186795509999999970e-02 3.884492049999999780e-02 1.992264419999999897e-02 -5.367080280000000383e-03
3.391848400000000208e+00 8.591965579999999436e-02 5.708937820000000059e-03 2.298671190000000156e-02 -1.892069359999999992e-03 1.073014119999999953e-02 6.690818559999999783e-03
6.093521840000000189e+00 8.512910499999999658e-02 -1.018633219999999897e-03 3.028912019999999844e-03 -2.163687389999999905e-02 -5.428949970000000215e-03 -6.301057799999999764e-02
8.785876999999999271e+00 8.231927890000000081e-02 1.752780439999999915e-05 -3.245723169999999852e-02 -6.290931090000000114e-03 4.956155339999999574e-04 -9.397685329999999615e-02
1.147656609999999944e+01 7.642571900000000307e-02 -8.149212299999999964e-03 -4.863298910000000280e-02 2.088332609999999853e-02 1.089940619999999957e-02 -4.426793639999999919e-02
1.417001759999999955e+01 7.571137599999999690e-02 1.593960379999999951e-03 -5.061148929999999962e-02 8.135823670000000285e-02 -3.546500650000000004e-02 -4.208669470000000329e-02
1.687430360000000107e+01 6.682353759999999643e-02 1.394952390000000044e-03 -4.614330829999999800e-02 2.396773430000000149e-02 -4.289548010000000106e-02 -2.441756139999999922e-02
1.957286609999999882e+01 6.243673959999999912e-02 -6.426680749999999650e-05 -5.300603200000000154e-02 9.217041130000000471e-02 6.829278949999999931e-03 -4.771931150000000010e-02
2.227978789999999876e+01 6.113190129999999944e-02 -1.534630219999999923e-03 -4.727784649999999811e-02 2.295389969999999877e-02 8.158295379999999652e-03 -1.784783430000000046e-02
2.498105509999999896e+01 6.725856019999999769e-02 3.301307169999999932e-04 -5.051424649999999850e-02 1.971529080000000017e-02 -1.543229450000000065e-02 -3.606146749999999956e-02
2.768954259999999934e+01 6.194521790000000194e-02 8.003476630000000772e-03 -5.042695600000000195e-02 -2.939018720000000084e-02 7.177139190000000023e-03 -2.731131410000000106e-02
3.039517860000000127e+01 5.924774320000000122e-02 2.932290079999999837e-03 -5.106662110000000088e-02 2.784984719999999969e-02 5.039631750000000271e-02 -8.853445390000000761e-03
3.309208639999999946e+01 5.740339180000000180e-02 6.403931649999999864e-03 -6.824702579999999963e-02 2.090400850000000144e-02 -9.861474340000000657e-03 -3.363410609999999829e-02
3.579502080000000319e+01 7.001865290000000575e-02 3.859041469999999977e-03 -6.150972390000000040e-02 8.005376109999999545e-02 3.638365999999999822e-02 -8.356126950000000502e-04
3.849879109999999827e+01 5.789156890000000250e-02 3.995096059999999824e-03 -6.671213959999999776e-02 6.923428519999999531e-02 1.121019130000000009e-02 -4.157138759999999891e-03
4.118943329999999747e+01 5.301819700000000302e-02 -4.976502469999999692e-03 -5.120806370000000052e-02 5.779774940000000083e-02 -2.307361080000000075e-03 1.152675920000000021e-02
4.388931139999999687e+01 5.821344259999999826e-02 -4.652156880000000126e-03 -5.324755149999999687e-02 -1.826647580000000104e-03 9.339140629999999332e-03 3.531123040000000001e-03
4.658331609999999756e+01 5.665714069999999714e-02 -5.202775399999999897e-03 -4.656192719999999868e-02 1.443963890000000061e-03 -2.671119569999999901e-02 2.238047179999999928e-02
4.927177540000000278e+01 5.216411549999999675e-02 -6.591885219999999573e-03 -5.549499699999999730e-02 -3.059530720000000134e-03 8.452631990000000761e-03 6.912493929999999343e-02
5.195909890000000075e+01 6.640394730000000190e-02 -7.306753170000000221e-03 -4.809795840000000156e-02 5.497529269999999746e-02 -4.217167460000000034e-02 6.302349829999999431e-02
5.464957700000000074e+01 6.788317450000000419e-02 -7.511546800000000294e-03 -5.604275140000000016e-02 -2.263773800000000100e-02 1.165463069999999983e-02 4.796591630000000134e-02
5.734468329999999980e+01 6.908285179999999748e-02 -3.761721950000000095e-03 -4.698981690000000183e-02 2.286799249999999992e-02 -1.796320919999999915e-03 2.005816339999999878e-02
6.003553329999999733e+01 6.582255880000000003e-02 -1.377730939999999901e-03 -4.670315359999999832e-02 -4.410978609999999939e-02 3.223885890000000032e-03 4.980717689999999802e-03
6.273129579999999805e+01 6.444978699999999450e-02 -9.148898330000000342e-03 -3.744398200000000065e-02 2.914041109999999934e-02 -8.207750979999999322e-03 8.859109360000000724e-03
6.542969569999999635e+01 5.314204620000000101e-02 3.508335279999999978e-04 -4.802534270000000105e-02 -1.084141750000000050e-02 -3.393517990000000095e-02 3.436806010000000109e-03
6.813369570000000408e+01 4.262900520000000026e-02 1.566316049999999906e-03 -6.314648259999999791e-02 3.680911070000000146e-02 -1.736893980000000018e-02 -1.785059589999999892e-03
7.084566289999999356e+01 5.556666760000000121e-02 3.017676229999999900e-03 -6.245004850000000080e-02 -2.957016710000000010e-03 -4.156520300000000195e-02 -6.529237509999999411e-02
7.355089420000000189e+01 6.371523299999999612e-02 7.657556509999999955e-03 -5.642644289999999840e-02 1.558697990000000068e-02 1.095599400000000015e-02 -1.588677589999999955e-03
7.624202859999999760e+01 6.484296600000000188e-02 -4.100455630000000154e-06 -5.427325150000000126e-02 3.630766020000000122e-02 5.527284700000000169e-03 -1.142068440000000053e-02
7.893967390000000250e+01 5.235842959999999907e-02 -1.046668859999999980e-03 -6.034394700000000195e-02 7.863109289999999779e-03 -5.647750799999999777e-05 1.654268019999999978e-02
8.164940359999999941e+01 4.349372359999999910e-02 -6.224251840000000202e-03 -6.955026039999999410e-02 -4.518883919999999721e-02 -1.113477549999999927e-02 -5.429651330000000164e-03
8.436040669999999864e+01 3.980773890000000037e-02 -3.949110859999999633e-03 -6.482977900000000404e-02 -4.107139089999999743e-02 -7.735163079999999875e-04 -4.494383030000000112e-02
8.705430979999999863e+01 3.939089529999999922e-02 -6.304837859999999801e-03 -5.958682819999999714e-02 2.911398100000000058e-02 2.399226559999999980e-02 1.135028670000000003e-02
8.976934730000000684e+01 4.637549319999999947e-02 -9.879070170000000400e-03 -6.110339320000000157e-02 1.166891200000000003e-02 8.196174869999999640e-03 2.416914839999999981e-02
9.246382230000000391e+01 5.440191779999999783e-02 -1.303672489999999941e-02 -6.519296809999999831e-02 1.866161239999999987e-03 -6.874593610000000188e-03 6.178644090000000311e-02
9.516532540000000040e+01 5.555537650000000327e-02 -1.059483940000000013e-02 -5.466838119999999773e-02 1.299355670000000009e-03 9.789938479999999582e-03 1.623809970000000130e-02
9.787410509999999420e+01 5.531025190000000286e-02 -8.205162440000000196e-03 -6.312347359999999352e-02 -6.595032920000000465e-02 2.154964399999999974e-02 -2.704746430000000076e-02
1.005734360000000009e+02 5.407563910000000307e-02 -7.942381420000000150e-03 -5.948386890000000038e-02 3.699578130000000242e-02 -3.493128730000000237e-02 7.388066100000000025e-03
1.032739210000000014e+02 4.188138689999999775e-02 -6.225339449999999809e-03 -6.492833639999999462e-02 -2.534197209999999867e-02 -3.500051729999999889e-02 2.772213000000000108e-02
1.059771860000000032e+02 4.305700130000000153e-02 4.633868959999999822e-03 -6.410285590000000533e-02 2.910422329999999905e-02 -6.496449760000000059e-04 6.887215700000000329e-02
1.086812800000000010e+02 4.596540439999999977e-02 5.358495050000000245e-03 -6.832174030000000287e-02 5.098144760000000199e-03 -9.612321599999999397e-03 1.927816460000000148e-02
1.113886080000000049e+02 5.136830340000000245e-02 6.164826160000000214e-03 -7.422541009999999995e-02 1.526039069999999935e-02 2.057327960000000094e-02 -2.298071620000000179e-03
1.140903899999999993e+02 5.196134379999999692e-02 7.522840129999999736e-03 -6.286415019999999632e-02 2.363011870000000098e-02 -4.206708749999999580e-03 1.476962760000000065e-03
1.167848579999999998e+02 5.618707180000000190e-02 1.163972310000000072e-02 -5.999548180000000008e-02 6.049775909999999951e-02 -1.842657300000000165e-02 4.783185770000000087e-02
1.194919990000000070e+02 5.193846450000000337e-02 1.114455320000000069e-02 -4.953732539999999851e-02 4.218459780000000103e-02 2.251529290000000086e-02 3.234835820000000334e-02
1.221907640000000015e+02 5.345084690000000138e-02 8.813969899999999497e-03 -5.255200160000000204e-02 1.115307150000000025e-02 -5.319291010000000257e-03 6.106396969999999813e-02
1.248942490000000021e+02 5.270185430000000337e-02 -3.092432970000000129e-04 -6.615029869999999868e-02 5.797736829999999841e-02 1.206894759999999935e-02 -3.625686869999999811e-04
1.275990929999999963e+02 6.188811109999999699e-02 1.150936279999999938e-03 -7.190610100000000005e-02 4.380563989999999852e-02 -3.537148930000000302e-02 -2.040306850000000050e-03
1.302871240000000057e+02 5.975774469999999700e-02 -1.273684040000000028e-03 -6.448423250000000218e-02 3.335303259999999881e-02 -3.261991250000000064e-02 4.620763469999999984e-02
1.329747800000000097e+02 5.681046590000000257e-02 -8.619740600000000072e-03 -4.926115770000000227e-02 8.437748379999999992e-02 -3.106485770000000021e-02 4.487599190000000210e-02
1.356809210000000121e+02 6.449890199999999685e-02 -9.602511489999999983e-03 -3.463771339999999893e-02 -8.595924580000000731e-03 1.661836300000000080e-04 -1.828108670000000088e-02
1.383754519999999957e+02 6.480717169999999916e-02 -5.854733479999999803e-03 -1.096947619999999977e-02 5.821684920000000374e-03 -1.092464039999999949e-02 8.068005680000000374e-03
1.410702330000000018e+02 6.949254209999999876e-02 3.730148410000000067e-03 4.963199130000000084e-03 -9.472478370000000578e-03 3.218162809999999818e-02 -2.254762440000000062e-02
1.437685459999999864e+02 7.824895290000000170e-02 -9.181759160000000503e-04 1.458881799999999992e-02 -1.976216940000000144e-02 3.449527720000000047e-02 3.916990999999999876e-03
1.464704209999999875e+02 7.689752839999999812e-02 -4.326125359999999972e-04 2.729895530000000028e-02 -1.791305160000000035e-02 1.998235879999999895e-02 2.571605379999999941e-02
1.491644990000000064e+02 7.494889929999999645e-02 4.936161280000000290e-04 4.142105399999999882e-02 -8.674436350000000115e-03 2.014804289999999956e-02 1.899064329999999986e-03
1.518619050000000072e+02 7.082850499999999994e-02 -1.247081669999999961e-04 5.207864579999999660e-02 -5.107317680000000165e-02 -1.278285820000000031e-02 1.884559640000000105e-02
1.545423429999999883e+02 6.101786659999999807e-02 7.828798799999999933e-03 6.286656420000000245e-02 -3.857335010000000064e-02 -3.187102449999999754e-02 -9.497332310000000319e-03
1.572275300000000016e+02 5.362940360000000017e-02 1.019745449999999963e-02 6.693224150000000316e-02 -1.515545010000000047e-02 -4.214217900000000183e-02 2.182869340000000158e-02
1.599284049999999979e+02 4.976786980000000304e-02 1.133412949999999982e-02 6.244497009999999682e-02 8.733126310000000406e-03 -6.185667479999999718e-02 -9.373170780000000465e-03
1.626309520000000077e+02 4.626017379999999846e-02 1.080180939999999916e-02 7.886869709999999589e-02 3.272062609999999705e-02 -2.823567470000000121e-02 3.967985479999999732e-02
1.653341389999999933e+02 4.147405220000000003e-02 4.329942209999999847e-03 7.472742290000000676e-02 3.033057910000000121e-02 -5.663982530000000182e-02 -8.846972459999999719e-03
1.680357329999999934e+02 2.929609920000000173e-02 -6.736240279999999858e-03 6.061520410000000025e-02 4.735991670000000084e-03 -1.820090079999999930e-02 -2.221973210000000032e-02
1.707529519999999934e+02 3.013302959999999975e-02 -1.207693980000000035e-02 6.949981980000000115e-02 1.467566879999999963e-02 2.538930489999999957e-02 -2.108307309999999865e-02
1.734611859999999979e+02 3.181135200000000107e-02 -9.831420599999999774e-03 6.600662829999999481e-02 9.151618170000000441e-03 -3.439679130000000088e-03 -1.984605630000000134e-02
1.761740609999999947e+02 3.009217570000000119e-02 -3.742959310000000192e-03 6.542347850000000686e-02 1.172482249999999950e-03 -7.279738610000000172e-03 4.517192700000000061e-02
1.788781710000000089e+02 2.750203030000000076e-02 1.772449950000000050e-03 6.898391839999999664e-02 -5.961422600000000280e-03 1.148274730000000028e-02 3.848829330000000208e-03
1.815822799999999972e+02 2.426661160000000150e-02 1.101752760000000025e-02 8.040578169999999802e-02 -1.533468319999999920e-02 -1.843538910000000084e-03 1.438952850000000012e-02
1.842746710000000121e+02 3.956363470000000271e-02 -6.323999979999999840e-03 7.789914729999999898e-02 1.171516660000000015e-02 -1.114532170000000081e-03 1.967718519999999902e-02
1.869803269999999884e+02 3.887380359999999951e-02 -9.376810780000000099e-04 6.755899340000000308e-02 2.443378049999999843e-02 -1.243989780000000038e-02 8.274565700000000024e-03
1.896723739999999907e+02 2.633022189999999901e-02 -2.906108130000000043e-03 7.191891079999999936e-02 8.189378619999999886e-03 -3.488665490000000119e-02 1.997838979999999945e-02
1.923813429999999869e+02 2.423553809999999878e-02 2.316799679999999968e-04 7.630823640000000685e-02 3.610536240000000036e-02 2.222802449999999787e-03 1.286136520000000054e-02
1.950919049999999970e+02 2.159526449999999917e-02 -1.048090869999999952e-02 6.880038980000000026e-02 2.485544290000000003e-02 3.084657550000000081e-02 -1.963637390000000024e-03
1.977894829999999899e+02 2.506562700000000005e-02 -4.907294769999999938e-03 6.755511050000000128e-02 3.502913679999999919e-02 -5.272801389999999880e-03 3.235622999999999971e-02
2.004937020000000132e+02 3.485484169999999993e-02 -5.294844049999999740e-03 7.508915850000000280e-02 2.872793280000000143e-02 2.704120549999999845e-02 -2.984234040000000032e-02
2.032124049999999897e+02 3.726687979999999956e-02 4.540358419999999604e-03 7.641141029999999612e-02 4.440030989999999705e-02 3.146283259999999721e-02 3.086343399999999862e-02
2.059108109999999954e+02 4.893717470000000236e-02 2.068093899999999888e-03 8.048128990000000260e-02 -2.647658939999999930e-03 1.425972120000000044e-02 -3.113414570000000089e-02
2.086252330000000086e+02 4.703020100000000064e-02 1.265477199999999990e-02 7.134868839999999879e-02 -1.932897499999999998e-03 -3.528401669999999685e-02 -2.977173589999999870e-02
2.113113109999999892e+02 5.608694489999999783e-02 2.910258419999999825e-03 6.942333050000000505e-02 -1.885855700000000149e-02 2.065161509999999950e-02 -3.088934419999999834e-02
2.140033740000000080e+02 5.917859229999999915e-02 2.966872020000000092e-03 6.676314390000000210e-02 -2.479799439999999869e-02 -1.821521560000000095e-02 1.539438949999999938e-02
2.166899050000000102e+02 6.007815729999999715e-02 7.271957580000000185e-03 6.517594869999999985e-02 -3.071020350000000163e-03 3.655263310000000238e-02 6.755179530000000312e-04
2.193813110000000108e+02 5.695032530000000009e-02 1.635739909999999950e-02 7.155211609999999334e-02 -2.237200530000000090e-02 -7.063179709999999924e-03 -8.707871949999999514e-03
2.220784989999999937e+02 5.185830770000000173e-02 2.249141569999999965e-02 6.906146430000000003e-02 -2.130257430000000000e-04 1.477467229999999965e-02 -1.939317620000000075e-02
2.247751240000000053e+02 4.754856949999999860e-02 2.094636260000000069e-02 6.817074169999999544e-02 7.446673960000000617e-05 1.129799159999999962e-02 -3.192695260000000257e-02
2.274894209999999930e+02 4.636873169999999877e-02 1.749808270000000054e-02 6.369553370000000103e-02 1.040174750000000085e-02 -6.901793570000000141e-03 -6.460316709999999740e-02
2.301879830000000027e+02 4.116149510000000067e-02 2.073260660000000172e-02 5.954963380000000139e-02 -2.222455530000000054e-02 -3.084006889999999987e-02 1.796834389999999934e-02
2.328967489999999998e+02 4.854837590000000286e-02 1.158662929999999987e-02 5.019070020000000049e-02 -8.327429180000000056e-03 -3.110162119999999863e-02 -1.523883959999999989e-02
2.355900460000000010e+02 6.107709459999999951e-02 8.250481120000000002e-03 4.398192649999999732e-02 -1.111359540000000055e-02 -1.389619790000000063e-02 9.521469270000000509e-04
2.382871389999999963e+02 6.517110180000000585e-02 1.882257990000000061e-02 3.920480269999999934e-02 -4.268216889999999764e-02 2.600000909999999887e-02 -5.844328499999999760e-02
2.409823110000000099e+02 6.993494940000000160e-02 1.711531399999999953e-02 4.023676949999999836e-02 -9.917404750000000796e-03 8.697665270000000046e-03 1.399149639999999924e-02
2.436695300000000088e+02 6.479858450000000603e-02 1.811360880000000007e-02 3.885107520000000147e-02 -8.124125560000000634e-03 7.779132339999999743e-03 1.476861240000000054e-02
2.463744829999999979e+02 5.943238969999999760e-02 1.837340980000000054e-02 5.085334579999999799e-02 -9.969689170000000517e-03 1.793675759999999869e-02 8.549021360000000694e-03
2.490774209999999869e+02 6.475025049999999505e-02 1.909532040000000083e-02 6.265355359999999485e-02 -1.399129040000000011e-02 3.168495899999999865e-02 1.815229549999999858e-02
2.517722799999999950e+02 7.023683499999999746e-02 1.359513690000000059e-02 6.657187559999999671e-02 -3.804375709999999796e-03 -1.398191929999999944e-02 7.725343219999999955e-02
2.544710460000000012e+02 6.964100149999999378e-02 2.997240019999999894e-03 5.246626520000000071e-02 1.615226430000000005e-02 3.916512819999999791e-03 6.719883449999999869e-02
2.571869050000000243e+02 6.642585230000000451e-02 9.216818879999999839e-03 4.570092939999999965e-02 1.540263920000000016e-02 -3.543477230000000033e-02 3.675099930000000001e-03
2.598882019999999784e+02 7.686667419999999862e-02 3.420324159999999988e-03 3.022652500000000061e-02 -2.498195530000000067e-02 8.602553650000000635e-03 -1.303378489999999952e-02
2.625841389999999933e+02 7.700818859999999932e-02 -1.194448210000000028e-04 2.891577450000000146e-02 -3.465249840000000220e-02 -3.885638529999999730e-02 1.034649739999999978e-02
2.652802019999999743e+02 7.587777360000000360e-02 -3.514806619999999784e-03 4.735762200000000199e-02 2.973861610000000030e-02 -1.671334589999999912e-02 -1.827822349999999943e-02
2.679844140000000152e+02 7.821265139999999949e-02 8.867712120000000584e-05 3.976033439999999974e-02 -4.983911669999999648e-03 7.019278799999999728e-03 -8.822182270000000033e-04
