# a=0.06213492753145405, b=-147.1970901263553, c=9.780227081491824e-05, xi=6.66428839057612
7.049092980000000175e-01 5.487859429999999983e-02 -9.317483899999999541e-03 7.186733300000000546e-02 4.864301579999999979e-03 -1.079407549999999993e-02 4.839956780000000125e-02
3.407707760000000086e+00 5.636356750000000304e-02 6.081627899999999913e-03 6.310746300000000253e-02 -1.781576409999999916e-02 -4.744997160000000158e-02 -1.602199199999999879e-02
6.108104479999999725e+00 5.469009250000000238e-02 -6.361147610000000320e-03 6.491749569999999414e-02 -1.580462060000000011e-04 -1.317983049999999975e-02 6.626422969999999635e-02
8.804811360000000420e+00 6.141255290000000033e-02 -1.409373110000000000e-03 6.347933799999999627e-02 8.363399380000000743e-03 2.863430100000000089e-02 2.212961529999999885e-02
1.150084619999999980e+01 6.589098520000000181e-02 -4.084497959999999935e-03 6.823215220000000691e-02 -1.168780539999999916e-02 6.734654380000000551e-02 1.359815020000000041e-01
1.420376030000000078e+01 6.699104300000000012e-02 -8.489926820000000046e-04 5.422589020000000148e-02 -2.176378829999999799e-03 1.840550599999999856e-02 5.506313859999999866e-02
1.690014779999999917e+01 6.325158990000000203e-02 -7.247000749999999575e-03 4.881266609999999895e-02 -1.113494569999999920e-02 5.104956909999999737e-03 5.510637520000000178e-02
1.959521030000000152e+01 7.599487380000000125e-02 -1.098949200000000001e-02 4.649690220000000235e-02 -6.112463010000000231e-03 1.367517099999999985e-02 3.077088929999999972e-02
2.229936179999999979e+01 6.844868810000000192e-02 -1.029236680000000098e-03 4.638937270000000057e-02 -5.592857849999999763e-03 1.003217940000000058e-02 3.923138710000000084e-02
2.498272589999999838e+01 7.874349310000000601e-02 5.841625240000000371e-03 4.044329979999999880e-02 8.912552080000000132e-04 -1.490029430000000023e-02 8.205985419999999681e-04
2.768224620000000158e+01 7.434588599999999992e-02 -8.259099429999999797e-03 3.335036549999999961e-02 2.431102599999999860e-03 -1.613558750000000002e-03 2.360236510000000149e-02
3.037751809999999963e+01 7.478616720000000329e-02 -7.332521960000000331e-03 1.635642190000000107e-02 -1.319669799999999976e-02 -2.607953799999999933e-02 1.090301699999999922e-03
3.307660090000000253e+01 7.707786889999999891e-02 -3.902869849999999856e-03 -4.208176790000000417e-03 -1.337584579999999933e-02 -1.333446899999999984e-02 -5.988045119999999694e-02
3.577165870000000325e+01 7.398026459999999804e-02 -5.005634069999999845e-03 -2.475857190000000166e-02 -5.697288469999999862e-03 -3.161530819999999742e-02 -2.489628539999999904e-02
3.845861179999999990e+01 7.671801709999999386e-02 -1.024368640000000025e-02 -2.986846680000000004e-02 -3.874640619999999980e-02 2.343071349999999858e-02 -3.558020220000000094e-02
4.115896959999999893e+01 6.970672590000000224e-02 -1.239335649999999921e-02 -5.041789910000000347e-02 -1.353951240000000021e-02 2.875527149999999865e-02 -2.928547559999999939e-02
4.386315090000000083e+01 6.907523170000000323e-02 -1.500452679999999921e-02 -6.316189799999999410e-02 -2.093854350000000017e-02 2.565135860000000018e-02 -5.927489329999999917e-02
4.656262900000000116e+01 7.154585289999999820e-02 -1.495143539999999917e-02 -5.425914250000000300e-02 -2.205088239999999922e-02 8.443927650000000382e-03 -4.483212090000000122e-02
4.926199150000000060e+01 6.883342920000000420e-02 -7.008886249999999631e-03 -5.369486069999999944e-02 -9.905619209999999217e-03 1.915661880000000053e-02 -4.023431360000000179e-02
5.196312429999999694e+01 6.438715700000000042e-02 -7.601395700000000179e-03 -5.992492449999999721e-02 2.076317509999999963e-02 -9.928817450000000308e-03 -4.185232070000000082e-02
5.465743059999999787e+01 6.435832830000000337e-02 -1.055891909999999954e-02 -6.385285229999999868e-02 7.560031269999999831e-03 2.067946099999999794e-03 -1.148332709999999937e-02
5.735150869999999657e+01 6.300574829999999737e-02 -1.789690820000000007e-03 -5.705773759999999833e-02 -2.434770600000000021e-02 -2.137003349999999982e-02 -1.805871940000000056e-03
6.005943680000000029e+01 6.311161460000000445e-02 -7.537706310000000416e-04 -6.070701829999999855e-02 1.119887619999999917e-02 1.368818129999999967e-04 -3.938399759999999805e-02
6.276546809999999965e+01 6.381375459999999444e-02 -4.182235430000000309e-03 -7.218185539999999456e-02 -6.755451879999999944e-03 1.521359209999999934e-02 -4.761830499999999966e-02
6.547526650000000359e+01 5.638572099999999976e-02 1.868916520000000071e-03 -6.763127559999999872e-02 -2.234305929999999898e-02 -1.913124800000000000e-02 -4.923924419999999719e-02
6.817531180000000290e+01 6.338303620000000638e-02 2.399277730000000126e-03 -6.037408059999999771e-02 -2.903589909999999830e-02 -4.483158309999999737e-03 -2.836935479999999968e-02
7.087439000000000533e+01 5.750316230000000056e-02 4.641134669999999809e-03 -6.398259309999999866e-02 -3.869371540000000192e-02 2.963278899999999966e-02 -4.655927790000000122e-02
7.357240090000000521e+01 6.062573629999999658e-02 6.499147220000000245e-03 -6.276552820000000366e-02 -3.294567159999999689e-02 1.675992899999999980e-02 -5.000002290000000321e-02
7.627907120000000418e+01 5.737201170000000294e-02 4.478677230000000301e-03 -6.351710430000000185e-02 -2.139130490000000148e-02 6.145922780000000196e-03 -4.174418800000000151e-02
7.897894309999999507e+01 5.701808480000000040e-02 9.802401480000000333e-03 -6.956947709999999896e-02 -1.279486500000000075e-02 1.820528739999999895e-02 -6.089505740000000084e-02
8.167314310000000432e+01 4.970173740000000118e-02 1.594863519999999840e-02 -6.778533970000000242e-02 -2.489628899999999853e-02 1.402155019999999988e-02 -5.158389179999999657e-02
8.437940559999999834e+01 5.619227160000000304e-02 1.633417959999999836e-02 -7.522560089999999478e-02 -3.572273180000000090e-03 2.783457110000000026e-02 -5.897294449999999910e-02
8.706971179999999322e+01 5.916206999999999716e-02 1.497838349999999936e-02 -7.129323889999999997e-02 -1.245016680000000063e-02 1.223294530000000081e-02 -8.652956289999999551e-02
8.976615560000000471e+01 6.459389190000000558e-02 4.964044299999999590e-03 -6.210766620000000154e-02 4.173946690000000272e-03 1.547834000000000015e-02 -4.779184420000000266e-02
9.246507429999999772e+01 6.065755369999999841e-02 1.886670179999999945e-03 -5.369210189999999716e-02 7.008613619999999600e-03 1.379803310000000081e-02 -5.653768609999999806e-02
9.517754309999999407e+01 5.610654980000000236e-02 -2.239177670000000106e-03 -4.563185110000000239e-02 1.041925619999999920e-02 7.257532300000000235e-03 -5.729904870000000067e-02
9.787754929999999831e+01 5.374006020000000189e-02 1.146041610000000065e-02 -5.474880060000000132e-02 -1.027619660000000067e-02 9.779999929999999911e-03 -4.935816190000000270e-02
1.005793670000000049e+02 5.646191710000000169e-02 4.404755540000000226e-03 -5.659598329999999955e-02 6.200358799999999620e-04 3.171335759999999865e-02 -8.675372729999999977e-02
1.032770069999999976e+02 5.491741890000000070e-02 1.251994600000000055e-02 -6.735784540000000487e-02 1.401868409999999961e-02 2.404086839999999836e-03 -8.395304000000000655e-02
1.059579289999999929e+02 5.647148090000000259e-02 3.178789110000000001e-03 -6.771609670000000580e-02 -2.200230540000000078e-03 -2.161221819999999821e-03 2.397970259999999965e-02
1.086693350000000038e+02 5.388433389999999767e-02 9.694495180000000170e-03 -5.689610280000000075e-02 9.919706969999999571e-05 1.671505640000000084e-02 -5.474304120000000190e-02
1.113576010000000025e+02 7.074417160000000260e-02 2.499426789999999784e-03 -5.992462500000000220e-02 -7.784487849999999730e-03 -2.150187239999999873e-04 -3.322186569999999867e-02
1.140578200000000066e+02 6.446675239999999363e-02 1.443327699999999913e-03 -5.529163969999999900e-02 -2.190541739999999835e-02 -1.014189680000000078e-03 -4.363110929999999832e-02
1.167628349999999955e+02 6.482278079999999332e-02 8.833637159999999447e-03 -5.190102259999999912e-02 2.457703290000000027e-03 -5.893175460000000393e-03 -3.629741689999999715e-02
1.194646319999999946e+02 6.309283649999999910e-02 1.107105929999999995e-02 -6.183899529999999783e-02 9.927425250000000007e-03 -9.363593760000000349e-03 -9.846871790000000235e-02
1.221726319999999930e+02 6.334904669999999460e-02 1.164156090000000032e-02 -5.878832380000000024e-02 1.359672829999999943e-02 -4.323693630000000065e-02 -7.693492279999999961e-02
1.248798039999999929e+02 5.166230150000000049e-02 9.187441339999999693e-03 -7.106126679999999474e-02 1.919675230000000149e-02 -4.069099660000000118e-02 -8.274909989999999771e-02
1.275797730000000030e+02 5.715253049999999974e-02 1.250574760000000042e-02 -7.288133099999999365e-02 3.826794719999999927e-02 -2.119177729999999898e-02 -3.971589250000000237e-02
1.302797879999999964e+02 6.089774970000000343e-02 -7.139002489999999972e-03 -6.459543149999999456e-02 2.062659190000000128e-02 4.814385860000000052e-03 -7.290559159999999983e-02
1.329938510000000065e+02 6.341959610000000302e-02 -8.106699909999999162e-03 -5.631889290000000048e-02 1.549006389999999997e-02 3.349608109999999833e-02 -1.391553820000000080e-02
1.357009759999999972e+02 6.438835900000000612e-02 -4.812945929999999650e-03 -5.410576240000000009e-02 6.599905730000000213e-03 7.312968270000000381e-02 -2.949987080000000123e-02
1.383935850000000016e+02 6.392688100000000484e-02 3.938527599999999814e-04 -5.429759029999999681e-02 5.593187980000000102e-04 1.083163210000000036e-02 1.329777070000000023e-03
1.410901479999999992e+02 6.311798039999999554e-02 -3.687917560000000122e-03 -4.306809090000000145e-02 1.523394399999999926e-02 -1.952344669999999879e-02 6.247382820000000302e-03
1.437902569999999969e+02 6.901393610000000622e-02 -1.021125699999999963e-02 -3.172391260000000102e-02 6.655876629999999891e-03 -2.463704779999999900e-02 -4.177812150000000113e-02
1.464977100000000121e+02 6.888748279999999669e-02 -2.479121209999999957e-03 -2.596972219999999897e-03 -3.380337440000000162e-03 -2.242648029999999917e-02 -1.923426250000000171e-02
1.491956629999999961e+02 7.490651560000000098e-02 5.710748869999999859e-03 1.472143719999999961e-02 -3.322725730000000016e-02 5.167330579999999994e-04 1.888094959999999864e-02
1.518908979999999929e+02 7.443358719999999817e-02 -3.471383819999999953e-03 3.614350999999999675e-02 -2.634551460000000150e-02 -2.753711759999999831e-03 1.881453389999999904e-03
1.546020699999999977e+02 6.365735040000000677e-02 -3.846642659999999908e-03 4.851919989999999711e-02 -4.565957489999999952e-02 -8.557280989999999738e-04 -3.570629000000000077e-03
1.573059759999999869e+02 5.021537549999999933e-02 -1.152269350000000026e-02 6.387148199999999332e-02 -6.491075849999999869e-03 -2.591135400000000102e-02 -1.542324460000000022e-02
1.600082099999999912e+02 5.211978510000000314e-02 1.088871649999999941e-03 6.412547279999999961e-02 -4.406079370000000328e-02 -4.749380190000000029e-02 -9.588010140000000417e-03
1.627048819999999978e+02 5.565192709999999821e-02 6.937456139999999922e-04 6.778356609999999782e-02 3.751854429999999796e-03 -9.191273479999999621e-03 2.155599609999999874e-02
1.654102880000000084e+02 5.704008780000000001e-02 2.992787279999999973e-03 5.762396689999999683e-02 -4.251368340000000190e-02 3.287515130000000230e-02 4.706576800000000088e-02
1.681131790000000024e+02 5.760226680000000293e-02 5.127065679999999979e-03 6.037013439999999731e-02 -2.917742029999999959e-02 -1.379595900000000000e-02 6.185683489999999757e-02
1.708137099999999862e+02 6.544235190000000091e-02 -1.520025180000000083e-03 5.981442609999999827e-02 -3.916389730000000013e-02 2.419122539999999863e-02 4.785982230000000032e-02
1.735107879999999909e+02 6.478342019999999701e-02 8.638925599999999760e-03 5.575727770000000333e-02 2.267011320000000135e-02 9.378632280000000210e-03 4.639951760000000230e-02
1.762088039999999864e+02 6.075248879999999713e-02 9.029391680000000212e-03 6.147779429999999934e-02 2.583895240000000024e-02 -5.083443550000000394e-03 1.048727479999999983e-02
1.788989129999999932e+02 5.503158329999999904e-02 1.295532200000000002e-02 5.629133380000000270e-02 3.898581539999999845e-02 -7.815452659999999607e-03 1.974150549999999921e-02
1.816058979999999963e+02 5.877566669999999965e-02 9.950851250000000009e-03 5.497182650000000115e-02 -1.273494489999999965e-02 -6.743639499999999794e-03 6.595225029999999579e-03
1.842984130000000107e+02 5.831864400000000281e-02 5.412736440000000433e-03 5.595050580000000134e-02 2.813577659999999883e-02 -1.438542820000000095e-03 3.654705130000000107e-02
1.869993819999999971e+02 5.553470370000000017e-02 5.336012969999999814e-03 5.899031789999999859e-02 1.639878969999999936e-02 -1.414439959999999954e-02 3.980878599999999878e-02
1.896978510000000142e+02 5.703048430000000335e-02 7.795777799999999667e-03 6.158252799999999749e-02 -6.208542509999999751e-03 -3.651086999999999909e-03 6.120086680000000334e-02
1.923909449999999879e+02 5.918917969999999695e-02 6.284300770000000001e-03 5.649092180000000324e-02 -4.409079500000000207e-02 -4.579400000000000137e-02 6.647347369999999367e-02
1.951008820000000128e+02 5.518855260000000290e-02 7.763974449999999812e-03 5.368700039999999701e-02 -9.332665539999999982e-02 -1.305068489999999934e-03 3.716422340000000157e-02
1.977915380000000027e+02 6.198856259999999813e-02 -1.484590910000000092e-03 5.379465180000000263e-02 -4.203175239999999702e-02 9.351329289999999947e-03 8.138837660000000293e-03
2.004961480000000051e+02 6.722173620000000682e-02 9.792163490000001073e-04 4.802073090000000266e-02 -1.159728900000000021e-02 9.844371980000000619e-03 4.176132560000000299e-02
2.031847879999999975e+02 6.341397490000000303e-02 -1.071459940000000013e-03 6.250874380000000230e-02 2.576648089999999947e-02 2.620047279999999923e-02 6.944746290000000655e-02
2.058924289999999928e+02 5.883495009999999831e-02 1.822481400000000064e-03 5.952611160000000068e-02 -3.858360040000000102e-02 5.398573880000000214e-02 8.142799689999999369e-02
2.085905700000000138e+02 6.534483970000000419e-02 -1.348789779999999897e-03 6.591428000000000564e-02 -4.689011679999999932e-02 1.271276489999999953e-02 3.038662589999999858e-02
2.112913670000000081e+02 6.901037200000000038e-02 4.713058019999999924e-03 6.320334710000000134e-02 -7.537099630000000661e-02 -9.439655640000000833e-03 -6.763040159999999905e-03
2.139947730000000092e+02 6.616186970000000056e-02 7.445924940000000179e-03 6.881182219999999738e-02 -6.391760209999999831e-02 3.475173430000000341e-02 -4.593298209999999854e-02
2.167093820000000051e+02 6.278088939999999785e-02 1.593477039999999928e-02 6.504909279999999960e-02 -6.092404569999999853e-02 2.888352079999999961e-02 -7.741380979999999690e-02
2.194097419999999943e+02 5.517047020000000190e-02 1.412827560000000024e-02 6.439976560000000572e-02 -2.354376639999999909e-02 1.838168910000000100e-02 -2.429056409999999847e-03
2.221204449999999895e+02 5.142875229999999825e-02 9.304261140000000610e-03 6.895771570000000517e-02 -1.549300680000000085e-03 1.294919060000000038e-02 -1.147049399999999948e-02
2.248146010000000103e+02 4.190771289999999788e-02 4.633721629999999585e-03 6.956056689999999543e-02 -1.261482709999999993e-02 -1.893790849999999956e-02 -3.184033420000000059e-02
2.275320230000000095e+02 3.718467229999999901e-02 3.356536419999999864e-03 7.323551309999999648e-02 1.905192060000000104e-02 1.063236140000000003e-02 -8.363093420000000666e-02
2.302304760000000101e+02 4.377110359999999978e-02 -6.490309730000000214e-03 6.999581950000000052e-02 2.651251409999999878e-02 -5.772381840000000153e-03 -1.426064320000000087e-02
2.329257729999999924e+02 4.884913850000000002e-02 -7.660925160000000081e-03 7.053406550000000663e-02 2.332520719999999978e-02 1.889210450000000045e-03 -8.397251390000000718e-03
2.356321169999999938e+02 6.084122089999999955e-02 -1.080541030000000020e-02 6.614518819999999633e-02 -5.328041060000000134e-02 4.834102480000000007e-02 1.888158820000000043e-02
2.383245379999999898e+02 5.564938979999999730e-02 -1.131546869999999934e-02 7.389420929999999943e-02 -8.357859509999999298e-03 5.433437809999999701e-02 2.783127960000000151e-02
2.410204760000000022e+02 5.184202639999999779e-02 -6.560265699999999825e-03 6.869879449999999332e-02 9.549245160000000704e-03 1.151744879999999985e-02 3.725134970000000198e-03
2.437229130000000055e+02 6.885044029999999593e-02 -9.376487609999999487e-03 6.155426509999999823e-02 -2.729095800000000058e-02 1.459136230000000062e-02 -2.300924399999999901e-03
2.464193199999999990e+02 5.960775549999999812e-02 1.242426279999999999e-03 5.300143849999999768e-02 -5.615704600000000213e-02 2.293933390000000086e-02 -2.944574209999999831e-02
2.491237729999999999e+02 6.486364740000000184e-02 -2.545626750000000091e-03 5.790429450000000172e-02 -4.535945059999999668e-02 -1.893271750000000142e-02 -1.329401749999999972e-02
2.518139290000000017e+02 6.405074239999999919e-02 -2.106721590000000066e-04 5.820406809999999903e-02 -3.530967690000000325e-02 -9.748085680000000836e-03 2.337776420000000147e-02
2.545270700000000090e+02 6.308324889999999963e-02 3.928259699999999723e-03 6.601919700000000168e-02 -8.706893620000000222e-02 -1.785835499999999937e-02 -1.238429599999999950e-02
2.572213980000000220e+02 5.882175049999999877e-02 2.922692660000000137e-03 7.553647030000000540e-02 -6.794169930000000523e-02 2.898535899999999874e-02 -4.358409500000000325e-03
2.599299599999999941e+02 4.408518799999999738e-02 -1.768800839999999956e-03 6.976668340000000135e-02 -7.875844960000000228e-02 1.521154159999999964e-02 -1.216927660000000078e-02
2.626288349999999809e+02 4.698926689999999989e-02 -5.176964469999999902e-03 6.926709450000000101e-02 -1.030958700000000026e-02 3.486289399999999844e-02 2.300587139999999906e-02
2.653290380000000255e+02 4.893871799999999911e-02 2.594904109999999882e-05 7.035092190000000190e-02 8.039405089999999976e-03 3.413903320000000186e-02 2.905344430000000172e-02
2.680327580000000012e+02 5.246677450000000048e-02 -9.897222529999999407e-03 6.943873740000000572e-02 -5.191092240000000357e-03 -1.438522750000000017e-02 2.753848119999999927e-02
