# a=0.05934547640118329, b=-154.26710141064768, c=-0.0011988120398649957, xi=10.157210483560984
6.702252659999999862e-01 7.097498010000000135e-02 -6.969390249999999655e-03 3.894580489999999867e-02 3.468594269999999979e-02 2.306726049999999889e-02 1.419351590000000017e-02
3.372712130000000030e+00 7.324040519999999721e-02 -2.197638369999999845e-03 2.825831219999999991e-02 3.370397690000000168e-02 2.395134230000000100e-02 3.008479140000000149e-02
6.074681660000000427e+00 7.767556790000000599e-02 -4.831176139999999834e-03 4.409591289999999740e-03 2.642180549999999933e-02 -3.680215279999999884e-03 2.295793100000000087e-02
8.774336350000000451e+00 7.100298450000000483e-02 -8.556494790000000739e-03 -4.862679229999999908e-03 4.237282609999999672e-02 1.713932220000000117e-02 3.186446440000000047e-02
1.147608789999999956e+01 7.623251429999999829e-02 -1.680567609999999990e-02 -2.697676410000000163e-02 3.269273040000000158e-02 -5.099831180000000130e-03 8.815256489999999390e-03
1.417146130000000070e+01 7.842651700000000115e-02 -1.865993729999999851e-02 -3.388234789999999830e-02 3.510430380000000017e-02 -7.205303930000000329e-03 -8.341484979999999258e-03
1.687634100000000004e+01 7.605051129999999826e-02 -2.040137950000000047e-02 -4.912176349999999858e-02 1.903858909999999946e-02 -7.284219370000000020e-03 -2.183791789999999997e-02
1.957208629999999872e+01 6.790863590000000005e-02 -1.432815739999999949e-02 -5.689151359999999880e-02 -4.424352470000000176e-03 -1.285892159999999992e-02 4.334925650000000241e-02
2.227040510000000140e+01 6.720685379999999376e-02 -2.139251099999999947e-02 -5.768198210000000103e-02 2.621105769999999835e-02 -2.536897089999999924e-02 7.508459349999999782e-03
2.497893009999999947e+01 5.624920619999999871e-02 -2.175754859999999916e-02 -6.145143050000000107e-02 -2.076523190000000019e-02 -2.312715530000000047e-02 -3.309537189999999657e-02
2.767695979999999878e+01 5.768381720000000101e-02 -2.059192970000000081e-02 -6.413854709999999848e-02 4.639648219999999677e-03 3.189469190000000093e-02 4.099699729999999737e-03
3.038224260000000143e+01 6.009659540000000105e-02 -1.417722480000000070e-02 -5.879969659999999959e-02 5.260628140000000313e-02 -1.175544000000000068e-02 2.083722730000000210e-03
3.307941919999999669e+01 6.296187089999999431e-02 -8.458603400000000438e-03 -5.931181989999999987e-02 3.568575140000000007e-02 -3.837805090000000197e-02 1.003550949999999949e-02
3.578317700000000201e+01 5.949130069999999937e-02 -2.803969779999999825e-03 -5.151108229999999677e-02 1.623682889999999990e-02 -3.870241209999999987e-02 -1.788296530000000033e-03
3.849322229999999934e+01 6.420063089999999972e-02 4.429800860000000264e-03 -5.454172410000000110e-02 -3.749451530000000310e-02 -3.217112250000000312e-02 -3.311741409999999913e-02
4.117728790000000316e+01 6.611260589999999604e-02 8.926926179999999239e-03 -4.800451149999999945e-02 2.755354269999999925e-02 -3.453299979999999852e-02 3.778606200000000220e-02
4.388306130000000138e+01 6.208250149999999801e-02 1.353316560000000085e-02 -4.565913960000000243e-02 -4.007484039999999886e-02 -3.581969139999999913e-02 -2.957414829999999942e-03
4.659631759999999900e+01 6.028302499999999703e-02 1.548552180000000063e-02 -5.625625830000000049e-02 -5.303647840000000335e-02 1.771761649999999827e-02 -3.149766589999999922e-02
4.929931760000000196e+01 5.971949110000000088e-02 1.039544390000000061e-02 -5.878626029999999697e-02 -4.513141370000000284e-03 -1.982899769999999992e-02 -4.849020530000000377e-03
5.198466450000000094e+01 6.314144659999999798e-02 6.366600570000000361e-03 -5.566303880000000176e-02 3.925655730000000149e-02 -4.425501699999999893e-03 3.181101239999999802e-02
5.469808789999999732e+01 6.685488420000000598e-02 7.437952480000000095e-03 -5.648204810000000131e-02 5.754737929999999974e-03 -2.617206919999999840e-02 -1.352594160000000073e-02
5.739274879999999968e+01 6.126843600000000251e-02 1.109060090000000068e-02 -5.918431930000000313e-02 -1.948689489999999927e-02 9.569756340000000819e-03 -3.695000429999999864e-02
6.009762849999999901e+01 6.436521130000000257e-02 1.023503469999999943e-02 -5.865224950000000326e-02 -2.291055869999999994e-02 1.523014259999999967e-02 -9.358119450000000616e-02
6.279364569999999901e+01 6.482437010000000055e-02 1.064728310000000004e-02 -6.684199350000000206e-02 -3.306812750000000245e-02 1.087830210000000075e-02 -8.259985459999999446e-02
6.549182700000000068e+01 6.577078150000000012e-02 3.301695490000000101e-03 -6.124235399999999885e-02 8.750299339999999954e-03 2.577513240000000108e-02 -4.201989329999999967e-02
6.818797539999999913e+01 6.035084050000000255e-02 8.242950020000000544e-03 -6.362569880000000511e-02 -8.109490270000000237e-03 -1.163804499999999964e-02 -9.867691950000000156e-03
7.088771760000000199e+01 6.159967329999999769e-02 3.852898840000000113e-03 -5.685341929999999933e-02 1.624053400000000091e-02 3.678788410000000120e-02 -1.292465769999999979e-02
7.358449099999999987e+01 6.106044940000000115e-02 4.522049059999999968e-03 -5.368699820000000233e-02 1.215712329999999938e-02 3.566401520000000297e-02 -9.158007839999999372e-03
7.627643949999999506e+01 5.031446619999999786e-02 9.237085709999999408e-05 -5.224912670000000231e-02 3.282260879999999992e-02 -2.277178670000000113e-02 -1.566933129999999869e-02
7.897870349999999462e+01 5.800550539999999727e-02 6.370115150000000247e-03 -5.114462899999999701e-02 1.641513119999999867e-02 -2.735157179999999928e-03 -2.517931120000000116e-03
8.166484730000000525e+01 5.730131859999999799e-02 1.175800000000000066e-03 -4.622857959999999988e-02 1.200716479999999926e-02 -2.137589770000000028e-02 1.801710130000000118e-02
8.437828949999999395e+01 7.109910839999999954e-02 -1.099854599999999924e-03 -5.508155249999999864e-02 -4.878446600000000029e-03 1.488606030000000054e-03 -4.025563439999999688e-02
8.707555039999999735e+01 6.151763259999999678e-02 -4.646320110000000218e-03 -6.042646249999999997e-02 -1.879114939999999845e-02 -1.343256999999999958e-02 -1.039536779999999938e-02
8.977639569999999480e+01 6.206916049999999796e-02 6.995945039999999782e-03 -6.232035259999999660e-02 -2.364839640000000048e-02 -7.161088349999999818e-03 -9.030232640000000061e-03
9.246300669999999400e+01 5.189897289999999969e-02 1.315468070000000086e-02 -6.484887039999999436e-02 5.733013499999999735e-02 8.184962949999999510e-04 -1.989611599999999841e-02
9.517745349999999860e+01 5.545832059999999952e-02 9.870810529999999444e-03 -6.699019820000000347e-02 7.518015790000000254e-02 8.177296109999999257e-03 -3.394401789999999808e-02
9.788117850000000431e+01 5.188454809999999695e-02 6.514975969999999700e-03 -6.025042519999999902e-02 5.957914930000000192e-02 -3.315731079999999914e-02 -9.427729250000000229e-04
1.005997710000000041e+02 5.506984310000000160e-02 7.807727760000000416e-04 -5.346545779999999776e-02 -4.864451249999999973e-04 -1.917811100000000116e-02 1.297107089999999935e-02
1.033027859999999976e+02 4.574974030000000108e-02 3.466093940000000099e-03 -5.839991030000000333e-02 -1.823416980000000173e-02 3.991256900000000191e-03 -4.848097980000000418e-03
1.060106300000000061e+02 5.294703480000000073e-02 -1.443821799999999919e-03 -6.114366160000000300e-02 -3.746358849999999879e-02 -1.988893460000000155e-03 -1.113479459999999928e-02
1.087106930000000062e+02 5.699984310000000276e-02 1.621387530000000009e-03 -6.055850720000000020e-02 -2.833265119999999956e-02 3.852524069999999773e-02 -2.438305530000000037e-03
1.113997860000000060e+02 5.967767969999999977e-02 2.736961009999999955e-03 -5.970559649999999940e-02 2.902118130000000060e-02 3.264825770000000238e-02 1.939791979999999985e-02
1.141018020000000064e+02 6.401066880000000348e-02 2.093362320000000110e-03 -6.293631110000000306e-02 5.256162789999999779e-02 -3.334552340000000118e-03 8.829888500000000751e-03
1.168016769999999980e+02 5.636932120000000268e-02 -5.554820979999999797e-03 -6.659583650000000521e-02 3.938464690000000046e-02 3.570723929999999879e-02 3.098282100000000067e-02
1.195067549999999983e+02 5.265860819999999831e-02 -2.340821889999999787e-03 -6.883607810000000327e-02 2.478643460000000062e-02 -1.382084860000000037e-03 4.116596100000000091e-02
1.222066609999999969e+02 4.421170819999999807e-02 1.853673849999999982e-03 -6.658045140000000417e-02 2.667152559999999822e-03 -1.447914280000000067e-02 3.658178550000000182e-03
1.249064580000000007e+02 4.636713509999999816e-02 -4.418545430000000301e-03 -7.127413670000000423e-02 5.447707470000000274e-02 -2.716476769999999832e-02 9.048540880000000702e-03
1.275998639999999966e+02 5.770229319999999745e-02 -5.161909349999999584e-03 -6.989511149999999562e-02 6.000456140000000327e-02 -2.067729999999999915e-02 1.351875909999999958e-02
1.303020679999999913e+02 5.809287009999999918e-02 -5.655138819999999851e-03 -6.721739820000000032e-02 9.491357960000000246e-03 -1.381687990000000053e-02 1.536853170000000018e-02
1.330139580000000024e+02 5.218516580000000238e-02 -5.125502510000000444e-04 -6.086768050000000013e-02 -1.761740850000000080e-02 1.366075219999999917e-02 3.028451640000000191e-03
1.357114740000000097e+02 6.176576119999999809e-02 7.598961450000000367e-03 -5.259569120000000264e-02 4.883076029999999963e-03 3.160986379999999873e-02 2.031476449999999878e-02
1.384066459999999950e+02 6.155577930000000197e-02 7.930605800000000566e-03 -5.166375520000000138e-02 -1.046284280000000025e-02 2.218408469999999869e-02 6.974734409999999718e-02
1.410936299999999903e+02 6.934665430000000463e-02 3.886811029999999879e-03 -4.689436169999999793e-02 1.197234980000000046e-02 -5.130963069999999737e-02 3.438328289999999926e-02
1.438000049999999987e+02 7.047391029999999779e-02 2.002242049999999798e-03 -4.204539499999999930e-02 2.326798399999999850e-02 -3.890802740000000315e-02 -8.825561649999999134e-03
1.464963639999999998e+02 6.737109700000000478e-02 2.868098630000000000e-03 -4.634065639999999930e-02 6.536182189999999864e-03 2.950845950000000051e-02 -2.538896540000000132e-02
1.492038640000000100e+02 7.603747800000000556e-02 -1.319952110000000099e-03 -2.624866160000000059e-02 -1.321660080000000050e-02 1.811023029999999853e-02 -1.531835110000000048e-02
1.518925360000000069e+02 8.165856940000000563e-02 -9.762631169999999234e-03 -2.301744890000000099e-02 -1.407369590000000052e-02 5.408998990000000312e-02 -1.731502749999999993e-02
1.545945989999999881e+02 7.791736420000000551e-02 -9.047619780000000153e-03 2.090414840000000187e-03 -4.627078469999999603e-03 1.835779350000000046e-02 -5.416312920000000176e-03
1.572922709999999995e+02 8.467045989999999467e-02 -1.138126050000000042e-02 1.976678260000000117e-02 4.627173959999999683e-03 -4.150149760000000111e-03 -6.119056999999999968e-02
1.599883489999999995e+02 8.748747919999999567e-02 -9.993571580000000856e-03 3.403140639999999856e-02 -2.685847359999999837e-02 -3.950312850000000167e-03 4.727756729999999658e-02
1.627023020000000031e+02 8.570842780000000050e-02 -1.214073140000000023e-02 4.097772560000000064e-02 1.028417000000000003e-03 1.232407309999999923e-02 -9.703553199999999379e-03
1.653913019999999960e+02 7.229241640000000357e-02 -7.706744500000000352e-03 4.515654069999999742e-02 -2.244742850000000164e-02 2.034223119999999888e-03 1.437818880000000035e-02
1.680885360000000048e+02 6.596483979999999414e-02 -2.868813909999999839e-03 4.394345379999999718e-02 -4.960491380000000249e-03 3.367994070000000090e-02 -1.576907199999999856e-02
1.707919269999999869e+02 7.171537660000000536e-02 -8.955732480000000786e-03 4.325510109999999853e-02 7.262656160000000374e-03 -2.100178169999999955e-02 1.433226280000000040e-02
1.734855990000000077e+02 6.905113429999999719e-02 -1.134743749999999989e-02 5.563245359999999945e-02 -1.025931059999999999e-02 2.091012810000000138e-02 2.545328310000000149e-02
1.761786610000000053e+02 6.337906429999999591e-02 -7.210458359999999747e-03 5.892040099999999725e-02 -2.177907030000000160e-02 8.264037910000000819e-03 4.584191249999999829e-02
1.788882240000000081e+02 6.023892749999999741e-02 -5.573789150000000268e-03 6.201186730000000230e-02 -8.709472759999999786e-03 7.216387989999999836e-03 1.577694270000000107e-02
1.815793490000000077e+02 6.311526350000000452e-02 6.241252909999999918e-03 5.669977410000000273e-02 -1.326680609999999951e-03 2.547659659999999826e-03 2.140556609999999874e-02
1.842762710000000084e+02 7.091845160000000148e-02 6.633170670000000223e-04 5.974237550000000008e-02 9.852904909999999836e-03 -1.248441779999999966e-02 5.187007400000000212e-02
1.869817549999999926e+02 6.929597719999999739e-02 2.755099540000000014e-03 5.588566620000000318e-02 4.658219689999999746e-03 -5.304608469999999576e-03 4.075571000000000055e-02
1.896926300000000083e+02 5.395005709999999705e-02 2.454201550000000009e-03 5.850312139999999661e-02 -6.274822020000000132e-03 2.139270119999999928e-02 5.126077369999999800e-02
1.923941460000000063e+02 4.942056069999999773e-02 5.729355499999999731e-04 5.923874030000000207e-02 1.348278500000000060e-02 1.326839039999999983e-02 2.318754989999999988e-02
1.950955519999999979e+02 4.697718590000000277e-02 4.107451800000000083e-03 6.764576240000000351e-02 -7.143813320000000182e-03 -3.726703090000000121e-03 5.068705770000000305e-02
1.978003799999999899e+02 5.051565630000000306e-02 4.447734509999999759e-03 6.455401189999999956e-02 1.684196530000000094e-02 3.872243420000000096e-03 4.794492940000000258e-02
2.005071299999999894e+02 5.493978289999999765e-02 2.286244409999999981e-04 6.543131929999999874e-02 2.278365229999999853e-02 -4.438042779999999687e-02 6.825690950000000423e-02
2.032188800000000128e+02 5.708137359999999882e-02 7.283421560000000140e-04 5.821769970000000016e-02 -4.509018469999999910e-03 -1.524184930000000056e-02 2.970998390000000045e-02
2.059174580000000105e+02 5.563316959999999728e-02 -4.743222130000000411e-03 5.705934509999999876e-02 -1.687533240000000170e-02 1.246186789999999961e-02 3.249224159999999917e-02
2.086240359999999896e+02 5.645801000000000291e-02 3.153199560000000123e-03 4.767524830000000047e-02 -2.988807679999999981e-02 -3.811934379999999678e-02 -7.026655809999999940e-03
2.113326299999999947e+02 6.250495400000000146e-02 3.058423580000000069e-03 3.988975919999999953e-02 -2.284164790000000125e-02 -2.761065689999999892e-02 1.132344820000000078e-02
2.140235989999999902e+02 7.242644859999999851e-02 8.103919969999999820e-03 4.973221130000000240e-02 -6.374131479999999711e-03 -5.034769749999999655e-02 2.022721229999999842e-02
2.167196769999999901e+02 5.870707540000000280e-02 7.588453480000000029e-03 5.202127389999999796e-02 -4.922109309999999661e-03 -8.350890380000000612e-02 1.905841789999999925e-02
2.194125830000000121e+02 6.734511079999999650e-02 4.910522030000000161e-04 6.038017810000000096e-02 -1.348519869999999926e-02 1.233810799999999954e-03 3.631400519999999910e-02
2.221168800000000090e+02 6.633490659999999317e-02 -1.033199240000000005e-02 6.858639769999999580e-02 -2.147431580000000104e-02 -1.653709069999999975e-02 4.423992980000000103e-02
2.248145210000000134e+02 6.927991679999999375e-02 -9.873671619999999788e-03 6.444662639999999831e-02 3.730107949999999757e-04 -5.725271080000000207e-03 3.708734639999999860e-02
2.275190680000000043e+02 6.529499739999999885e-02 -3.745104659999999933e-03 6.426722749999999595e-02 -7.651613429999999834e-03 2.856342120000000123e-02 5.203684199999999982e-02
2.302159739999999886e+02 5.791113419999999873e-02 -5.222638310000000429e-03 6.031392879999999956e-02 -9.412513980000000377e-03 -2.588280420000000151e-02 4.098034049999999678e-02
2.329203640000000064e+02 6.100361160000000033e-02 -6.854199249999999924e-03 6.676352060000000088e-02 -2.294072590000000109e-03 -2.289137759999999855e-02 3.922729409999999722e-02
2.356099269999999990e+02 5.472856250000000117e-02 -1.523784090000000107e-03 6.074861730000000182e-02 -3.368631910000000063e-02 -4.033917790000000198e-02 1.260891020000000015e-02
2.383191459999999893e+02 4.945243710000000320e-02 1.537838220000000040e-02 6.172452380000000016e-02 -1.879051699999999964e-02 -5.291458660000000064e-02 6.642347990000000216e-03
2.410098329999999862e+02 5.644521269999999702e-02 3.163934719999999916e-03 6.432105389999999423e-02 -5.696101080000000316e-02 -8.468435260000000547e-03 -1.304126079999999924e-02
2.437049580000000049e+02 5.190315239999999941e-02 7.155606660000000084e-03 5.794722380000000284e-02 -2.957826049999999832e-02 -1.672257149999999831e-02 -4.053587820000000008e-02
2.463863020000000006e+02 6.346661480000000133e-02 -6.768854890000000277e-03 6.348525519999999311e-02 -3.719275009999999798e-02 -2.637916300000000061e-02 1.529704689999999978e-02
2.490858179999999891e+02 6.382245890000000366e-02 -2.736102689999999867e-04 6.044251579999999902e-02 -5.196358039999999720e-03 -5.018420469999999856e-03 3.919728100000000048e-02
2.517928799999999967e+02 6.616264630000000257e-02 -2.547521359999999936e-03 6.003303589999999662e-02 -8.135818059999999283e-03 -1.330973069999999946e-02 1.296435949999999969e-02
2.544815209999999865e+02 6.084662169999999898e-02 3.744951069999999990e-03 7.036958729999999440e-02 8.866349469999999788e-03 -4.775753010000000076e-02 5.471630329999999792e-02
2.571805049999999824e+02 6.119318339999999662e-02 6.882217159999999730e-03 6.418995099999999510e-02 -1.337825290000000007e-02 -1.231361689999999932e-02 1.590067930000000143e-02
2.598884110000000192e+02 6.391039989999999782e-02 6.942523379999999706e-04 6.695201409999999853e-02 1.075540839999999942e-03 -1.642396009999999920e-02 3.711822580000000149e-02
2.625890519999999810e+02 6.547886260000000680e-02 3.408652299999999965e-03 5.778775290000000286e-02 -3.264396089999999778e-02 -2.840546099999999817e-03 2.911066569999999978e-02
2.652973489999999970e+02 6.734327399999999464e-02 -8.392374850000000261e-03 5.018735819999999709e-02 2.143971399999999861e-02 -2.888027309999999931e-02 3.346006509999999851e-02
2.679994270000000256e+02 6.982001499999999916e-02 -2.231775090000000152e-03 4.662420579999999870e-02 2.212234240000000157e-02 -8.061808519999999825e-03 4.324613859999999754e-02
