# a=0.06604029971672798, b=-129.2599752791033, c=-0.0033371817418737784, xi=8.916350317386462
6.672718680000000457e-01 6.616257039999999534e-02 -3.290291400000000012e-03 3.782577000000000161e-02 1.924299659999999940e-02 -1.755680820000000107e-03 -2.051388050000000143e-02
3.371896899999999864e+00 7.284115350000000544e-02 -3.229259979999999936e-03 2.226078429999999928e-02 4.595542720000000275e-02 -2.055797399999999969e-02 6.274302950000000545e-02
6.069022519999999865e+00 7.159139359999999730e-02 -4.737761459999999952e-03 -4.182062700000000084e-03 4.838453060000000305e-02 5.402355549999999715e-03 8.790148829999999691e-02
8.770517679999999316e+00 7.131119780000000352e-02 -9.677958290000000102e-03 -2.575505800000000081e-02 2.692347109999999877e-02 2.725410599999999930e-03 5.443831069999999911e-02
1.147482549999999968e+01 6.621564809999999635e-02 -4.454748169999999882e-03 -4.352137059999999780e-02 2.670568539999999911e-03 -3.943311669999999963e-02 -1.528681659999999928e-02
1.417889579999999938e+01 7.176725740000000631e-02 -6.234148240000000028e-03 -3.841104089999999860e-02 -3.199471980000000160e-03 -1.470773830000000025e-02 2.771363070000000040e-04
1.688738640000000046e+01 8.062327719999999587e-02 -4.486130449999999568e-03 -4.203681709999999849e-02 -5.755597460000000214e-03 -5.307236989999999932e-02 3.685932530000000235e-02
1.958227550000000150e+01 8.037275559999999819e-02 -1.254513480000000103e-03 -4.508585739999999842e-02 -9.497976720000000581e-03 -3.038679160000000087e-02 2.343299109999999908e-04
2.228554580000000129e+01 7.271953690000000636e-02 1.880533970000000015e-03 -5.044089010000000345e-02 1.643903069999999925e-02 1.189752569999999975e-03 -1.474818290000000007e-04
2.498521769999999975e+01 6.388891950000000208e-02 -7.900271320000000182e-04 -5.987789720000000204e-02 1.960636750000000015e-03 3.142374470000000152e-03 3.264562859999999705e-02
2.768433489999999964e+01 6.610128110000000612e-02 -7.534367010000000324e-04 -5.992083549999999842e-02 -2.198187810000000117e-02 -1.805329270000000097e-02 2.868805430000000156e-02
3.038975050000000167e+01 6.256869230000000615e-02 3.433101229999999874e-04 -6.740785890000000613e-02 -2.725682290000000160e-02 2.570420210000000025e-02 -1.970417459999999812e-03
3.309401919999999819e+01 5.614820439999999857e-02 3.060996859999999889e-03 -7.046757189999999782e-02 -2.684744739999999838e-02 7.005201100000000430e-03 -1.052706980000000028e-02
3.579754109999999656e+01 5.491446839999999940e-02 1.146568869999999929e-03 -7.141495520000000485e-02 -3.063802939999999905e-02 3.643269200000000263e-02 -4.909051360000000336e-02
3.849862240000000213e+01 6.937211640000000290e-02 -2.125913369999999931e-03 -7.511746149999999622e-02 -1.259681389999999998e-02 9.691204119999999311e-02 -5.995854219999999929e-02
4.118732709999999742e+01 7.023459249999999821e-02 -2.088904410000000031e-03 -7.358006279999999844e-02 9.651520349999999707e-03 3.556028430000000157e-02 -7.264030280000000062e-02
4.388025830000000127e+01 6.645566360000000616e-02 -5.233956300000000214e-03 -6.934052749999999876e-02 2.902893650000000145e-02 -7.261393900000000408e-03 -5.205950329999999709e-02
4.658549579999999679e+01 6.484820089999999981e-02 -7.367338149999999586e-03 -6.545741589999999610e-02 2.332939029999999900e-02 1.470999169999999932e-03 -4.090487400000000079e-02
4.928182549999999651e+01 6.338807300000000311e-02 -7.663702910000000368e-03 -6.768057399999999335e-02 2.858080190000000104e-02 2.657303670000000020e-02 -2.489902130000000088e-02
5.198457239999999757e+01 6.313392460000000206e-02 -3.651895940000000201e-03 -6.635146349999999915e-02 1.646730149999999990e-02 2.543023409999999821e-03 -2.524930300000000072e-02
5.468262860000000103e+01 6.311650950000000093e-02 -4.825447119999999590e-03 -6.844073570000000495e-02 4.518347609999999979e-03 -4.426829400000000317e-03 2.018948289999999979e-02
5.737696770000000157e+01 6.706825639999999811e-02 2.129725020000000201e-03 -6.803847329999999916e-02 -5.703140770000000165e-03 3.956471040000000133e-02 3.486821629999999755e-02
6.006561769999999711e+01 6.707591479999999717e-02 5.123834069999999574e-03 -6.942021430000000493e-02 2.973480829999999853e-03 4.644850880000000320e-02 -9.082258540000000616e-03
6.276610050000000030e+01 6.376969159999999748e-02 3.528021420000000165e-03 -6.514324109999999890e-02 7.084129449999999710e-03 4.283785629999999761e-02 -5.342847719999999773e-02
6.546748639999999853e+01 6.353283469999999877e-02 5.284674559999999986e-03 -6.678740440000000000e-02 3.652392050000000112e-02 2.380573570000000042e-02 -4.946199169999999923e-02
6.817227549999999781e+01 6.319710839999999330e-02 -2.883765810000000172e-03 -6.811339030000000683e-02 3.446443099999999676e-02 1.607510460000000042e-03 -3.401633639999999958e-02
7.087376609999999744e+01 6.048838980000000032e-02 -4.481012090000000003e-03 -6.168984579999999690e-02 2.175749020000000006e-02 6.808484230000000012e-03 -3.588104290000000002e-02
7.357855519999999672e+01 6.776877779999999907e-02 -3.956262569999999777e-03 -5.921595019999999904e-02 -9.558719749999999848e-03 3.488994989999999984e-03 -2.391543549999999851e-02
7.627172550000000228e+01 6.815824680000000246e-02 -7.735563680000000523e-04 -7.236024620000000573e-02 -9.097337020000000399e-03 2.200619779999999932e-03 2.077666679999999946e-02
7.896321609999999680e+01 6.187443599999999794e-02 -3.617005099999999994e-03 -7.995070769999999827e-02 3.147403740000000172e-02 3.032922459999999945e-02 3.092501029999999984e-02
8.166056460000000072e+01 5.428159999999999930e-02 -8.522822989999999724e-03 -8.125619039999999738e-02 6.991489119999999557e-02 1.557934419999999938e-02 7.746777970000000291e-03
8.434964580000000467e+01 5.361611799999999733e-02 -9.225725150000000860e-03 -7.858716790000000452e-02 5.520167649999999787e-02 -3.405387210000000026e-02 4.123881410000000344e-03
8.704889579999999683e+01 5.734366540000000040e-02 -6.412071769999999615e-03 -7.072444629999999344e-02 3.887793459999999701e-02 -3.162553159999999947e-02 2.315271080000000023e-02
8.974782709999999497e+01 5.413845590000000013e-02 -4.964987910000000400e-03 -6.548813219999999324e-02 1.450743680000000056e-02 -3.081950060000000075e-02 1.608804380000000006e-02
9.245290049999999837e+01 5.117024430000000068e-02 -5.782730120000000203e-03 -6.862329150000000266e-02 1.642649440000000169e-02 -1.433207170000000072e-02 1.054354950000000075e-02
9.515517549999999858e+01 6.203009279999999875e-02 -7.509203249999999753e-03 -6.446874010000000488e-02 2.551596550000000130e-02 -6.630997149999999854e-03 -9.023513809999999732e-03
9.786313330000000121e+01 6.612038909999999603e-02 -5.967694719999999892e-04 -6.389067839999999776e-02 6.563717959999999796e-03 2.128572789999999895e-02 -2.485677359999999975e-02
1.005717329999999947e+02 6.615981969999999712e-02 1.139682580000000002e-03 -6.297299100000000593e-02 -2.957113730000000156e-04 6.694509510000000094e-03 -5.796916329999999597e-03
1.032745149999999938e+02 7.509945449999999578e-02 6.566817370000000223e-03 -7.374425469999999760e-02 2.260199029999999942e-02 -4.479706749999999571e-03 9.148184199999999378e-03
1.059768579999999929e+02 7.395688129999999916e-02 2.319250100000000002e-04 -6.975180640000000487e-02 5.116448290000000232e-02 3.036472009999999916e-02 -3.453354840000000172e-03
1.086776239999999945e+02 7.186567309999999931e-02 -1.145484850000000072e-03 -6.512806029999999857e-02 4.701614190000000248e-02 6.123358760000000185e-03 -3.933698909999999715e-02
1.113763110000000012e+02 6.075493249999999734e-02 -4.317406139999999636e-03 -6.675364470000000328e-02 -9.768056840000000768e-03 -9.630446370000000228e-03 -1.806350149999999891e-02
1.140731240000000071e+02 6.296536279999999375e-02 2.267579420000000092e-03 -6.991301490000000063e-02 -8.303000019999999537e-03 2.865782859999999911e-03 -1.657065900000000147e-02
1.167766709999999932e+02 5.940949890000000316e-02 -4.333529160000000255e-03 -6.070607950000000280e-02 -1.035847319999999919e-02 -2.088169999999999957e-02 -4.635805800000000060e-02
1.194757330000000053e+02 6.449872759999999983e-02 -5.648316980000000001e-03 -5.154291460000000324e-02 -9.732363410000000048e-03 1.940380619999999834e-02 -4.475816839999999935e-02
1.221755610000000019e+02 6.868510579999999310e-02 -7.796801859999999938e-03 -4.295740819999999821e-02 -3.863991399999999743e-02 2.819639079999999853e-02 -4.124203039999999737e-02
1.248707019999999943e+02 7.745596500000000162e-02 -7.135670069999999927e-03 -4.219372569999999684e-02 3.568553999999999823e-03 1.611022850000000048e-02 -4.269093649999999851e-02
1.275664989999999932e+02 8.249925680000000372e-02 -2.208502230000000156e-03 -1.686976030000000154e-02 2.554850700000000155e-02 2.673013759999999864e-02 -2.210660650000000060e-02
1.302636860000000070e+02 8.580241739999999728e-02 4.046688839999999787e-03 5.116124060000000300e-03 3.872436840000000047e-03 4.403575049999999824e-02 -2.441163080000000041e-02
1.329727650000000096e+02 8.702135869999999551e-02 5.893263450000000084e-03 2.593528689999999998e-02 -2.377558639999999973e-02 2.646363009999999974e-02 -3.487840989999999725e-02
1.356674519999999973e+02 7.235522449999999550e-02 4.024587740000000122e-03 3.840642109999999748e-02 5.303981440000000340e-04 2.209168379999999852e-03 -6.422535610000000561e-02
1.383724049999999863e+02 6.356440850000000253e-02 8.513655939999999894e-03 5.292120720000000056e-02 -3.900353279999999923e-04 1.547914270000000023e-02 -6.123558440000000103e-02
1.410770149999999887e+02 6.834273389999999393e-02 6.696696050000000046e-03 5.013334159999999901e-02 -2.474103639999999937e-02 1.835397960000000050e-02 -2.452781269999999847e-02
1.437892799999999909e+02 6.777651110000000589e-02 4.957717759999999939e-03 5.741131559999999856e-02 -1.852108280000000148e-02 -8.462114950000000288e-03 2.877975669999999903e-02
1.464871550000000013e+02 6.215741500000000058e-02 -1.567749990000000065e-04 5.358698370000000016e-02 -2.247423530000000180e-03 -8.153689960000000056e-03 1.245911790000000033e-02
1.491873270000000105e+02 6.178632340000000250e-02 -1.513324439999999896e-03 5.354172349999999914e-02 -6.261138179999999574e-03 -2.700973120000000130e-03 -2.886893429999999941e-02
1.518859830000000102e+02 6.252437069999999819e-02 -1.320323030000000080e-03 5.356705710000000259e-02 8.841268870000000210e-03 -3.369815329999999859e-02 -2.146208919999999937e-02
1.545810930000000099e+02 5.778218410000000166e-02 4.503754709999999986e-04 5.434630540000000287e-02 1.801793440000000121e-02 -2.472511830000000133e-02 -1.374020060000000036e-02
1.572857649999999978e+02 6.111105399999999799e-02 -6.617468540000000059e-03 5.347474850000000224e-02 -3.953589319999999824e-02 4.910753980000000241e-02 8.582273359999999934e-03
1.599814519999999902e+02 6.803961840000000150e-02 -3.464425960000000210e-03 5.151761869999999660e-02 -5.259150180000000258e-02 4.313169380000000247e-02 -2.938341779999999875e-02
1.626794519999999977e+02 7.377913599999999517e-02 -3.331617480000000076e-03 5.777124089999999962e-02 -3.241975069999999959e-02 3.504098280000000204e-02 -9.668096310000000651e-03
1.653748270000000105e+02 7.106436730000000035e-02 -7.210766629999999615e-03 5.918326050000000116e-02 -3.147759010000000107e-02 6.085282310000000167e-02 8.675918960000000195e-04
1.680653430000000128e+02 6.860068310000000391e-02 -3.769613900000000090e-03 6.179692619999999775e-02 -1.710878240000000133e-02 4.894812209999999802e-02 4.119195519999999805e-02
1.707650930000000074e+02 6.137728509999999804e-02 1.451981279999999940e-03 7.342494639999999628e-02 -3.526016910000000226e-02 -1.272545620000000051e-02 3.437195559999999678e-02
1.734532800000000066e+02 5.907913399999999843e-02 -1.552224210000000080e-03 7.499848030000000332e-02 8.894153659999999226e-03 -5.660153839999999825e-02 -3.349445250000000068e-02
1.761464990000000057e+02 5.728208220000000073e-02 4.815367830000000238e-03 6.893524889999999572e-02 3.129244859999999809e-03 8.125951459999999210e-03 -6.024692799999999820e-02
1.788361079999999959e+02 6.143835339999999950e-02 2.821135590000000033e-03 7.162131489999999656e-02 4.083296749999999753e-02 2.319119329999999937e-02 -2.443539490000000078e-02
1.815384990000000016e+02 6.034455489999999978e-02 3.268419229999999787e-03 6.498038270000000560e-02 -2.436054060000000191e-03 1.341130500000000010e-02 3.080063560000000089e-02
1.842365149999999971e+02 5.623542940000000184e-02 2.507223030000000144e-03 7.553814699999999993e-02 -2.363999560000000152e-02 4.255402759999999708e-03 1.854485529999999952e-02
1.869384680000000003e+02 5.949626520000000224e-02 1.972687319999999900e-03 7.336987809999999388e-02 -2.710972349999999850e-02 1.123921769999999994e-02 3.139468740000000285e-02
1.896515149999999892e+02 6.130658080000000315e-02 3.414797289999999940e-03 6.940715940000000139e-02 -4.527393550000000100e-02 9.344100600000000353e-03 1.436565669999999989e-02
1.923517329999999959e+02 6.879400380000000315e-02 7.415882280000000125e-03 6.539993040000000035e-02 -2.449527010000000088e-02 4.836631029999999970e-02 -2.611979639999999908e-02
1.950439680000000067e+02 6.853050110000000195e-02 6.733635239999999876e-03 5.957977619999999669e-02 3.039777210000000132e-02 1.276291040000000071e-02 9.566566040000000146e-03
1.977380459999999971e+02 7.485521019999999415e-02 5.434247019999999609e-03 5.771388090000000026e-02 2.730875879999999922e-02 -2.506323179999999859e-02 1.680676739999999864e-02
2.004346710000000087e+02 6.417827830000000233e-02 7.093744830000000071e-03 5.663349709999999926e-02 2.060905429999999872e-02 4.582929309999999971e-03 3.353023289999999823e-02
2.031336400000000140e+02 5.743508080000000321e-02 7.772892079999999676e-03 5.866190799999999872e-02 2.048241859999999984e-02 -1.441530790000000034e-02 -2.065023679999999917e-02
2.058351399999999956e+02 5.702241839999999673e-02 3.194681390000000173e-03 5.755634149999999671e-02 2.778018230000000102e-02 2.605544479999999819e-03 -1.657793479999999930e-02
2.085331860000000006e+02 6.085486009999999807e-02 -1.311251669999999965e-03 6.083572589999999836e-02 -9.301704909999999882e-03 -1.728297930000000093e-02 -5.954707099999999656e-03
2.112304210000000069e+02 6.246797190000000222e-02 4.351759460000000079e-03 6.055767289999999803e-02 -2.109465610000000116e-02 5.242706259999999757e-02 1.509994920000000060e-02
2.139251399999999990e+02 5.867007750000000077e-02 1.047908279999999921e-02 6.229940560000000321e-02 -8.226741239999999563e-04 4.461856849999999708e-02 5.912804680000000035e-02
2.166302489999999921e+02 6.207074089999999739e-02 8.261630149999999242e-03 6.523390460000000335e-02 8.928067390000000644e-03 6.603361329999999849e-03 6.835712409999999961e-02
2.193331709999999930e+02 6.498375030000000385e-02 7.381689900000000179e-03 6.756647179999999975e-02 -2.431653090000000100e-02 -5.318631260000000055e-02 1.375871090000000026e-02
2.220327650000000119e+02 6.972224820000000323e-02 5.650121360000000433e-03 6.260967389999999577e-02 -3.542209550000000040e-02 -8.060085890000000600e-03 2.499842489999999987e-02
2.247350930000000062e+02 7.452265149999999505e-02 9.027051680000000231e-03 6.354392790000000513e-02 -4.626502450000000155e-02 -5.372761649999999861e-02 8.043952949999999547e-02
2.274337490000000059e+02 7.918001510000000076e-02 5.285955489999999944e-03 6.548582960000000341e-02 -5.318103750000000018e-02 -3.240523020000000282e-02 6.992491080000000359e-02
2.301260609999999929e+02 6.488864660000000228e-02 1.465130850000000108e-03 6.590982489999999694e-02 -1.720402749999999995e-02 -2.042182830000000004e-02 -4.506742820000000406e-03
2.328354830000000106e+02 5.941031979999999990e-02 8.033016139999999902e-03 6.513462600000000102e-02 -2.822490979999999969e-02 -9.704790560000000829e-03 -1.256813100000000105e-03
2.355286710000000028e+02 5.612306820000000085e-02 -2.250137079999999824e-03 7.071085089999999684e-02 -3.245742040000000085e-03 1.106711980000000053e-02 -5.322688219999999887e-02
2.382273739999999975e+02 5.100771920000000265e-02 -2.950398529999999960e-03 7.259413030000000377e-02 1.168993370000000025e-02 2.321529899999999827e-02 -1.967195760000000140e-02
2.409398740000000032e+02 3.725573769999999951e-02 -3.369658260000000030e-03 7.370813800000000637e-02 -2.469741900000000170e-02 -7.027328569999999677e-03 5.705369209999999660e-04
2.436487019999999859e+02 3.556584570000000112e-02 -5.908585170000000240e-03 7.649899970000000049e-02 -1.190127220000000013e-02 -1.909406019999999871e-02 1.332227509999999934e-02
2.463522490000000005e+02 3.996800600000000037e-02 -5.758357870000000399e-03 7.478315030000000363e-02 -2.596640910000000066e-02 -5.347688119999999962e-02 2.530812619999999943e-02
2.490561240000000112e+02 4.799312590000000267e-02 -3.624380879999999916e-03 7.202664549999999999e-02 -2.920089609999999836e-02 -2.221827170000000018e-02 1.636369819999999864e-02
2.517515610000000095e+02 5.739755190000000312e-02 -1.579581609999999988e-03 7.098552810000000046e-02 -8.574513519999999627e-04 -4.423226649999999725e-03 -3.949167010000000089e-02
2.544509520000000009e+02 6.521245779999999825e-02 -2.461144470000000035e-03 6.697535929999999527e-02 1.102040670000000062e-02 2.103824610000000137e-02 -4.843816170000000282e-02
2.571454049999999825e+02 6.631913000000000391e-02 -2.192961780000000135e-03 6.389443070000000446e-02 3.665164939999999982e-03 5.170796289999999781e-03 -2.961805400000000216e-03
2.598455299999999966e+02 6.650552299999999695e-02 -5.447583760000000198e-03 5.335021219999999675e-02 1.267735699999999999e-04 -2.465908119999999856e-02 2.517385839999999875e-02
2.625416079999999965e+02 6.427873259999999922e-02 -8.747662809999999164e-03 5.377182199999999690e-02 2.011412920000000062e-02 -7.558680039999999753e-03 -5.826227919999999588e-03
2.652465770000000020e+02 5.990065940000000033e-02 -5.898018530000000148e-03 5.210652679999999703e-02 2.969488220000000150e-02 -2.458651359999999841e-02 -2.979599999999999957e-02
2.679444359999999961e+02 6.245976150000000227e-02 -4.856010249999999882e-03 5.379060819999999937e-02 7.106646809999999682e-03 -5.588609799999999864e-03 -4.311238349999999692e-02
