# a=0.06553513245451086, b=-129.7210859604234, c=-0.003277413386199317, xi=6.948610689494076
6.626158739999999936e-01 6.573462609999999873e-02 -7.735590110000000082e-04 2.925577659999999830e-02 2.097072309999999801e-03 1.010294699999999928e-02 2.214455270000000031e-02
3.359437160000000144e+00 6.581235189999999624e-02 6.014755580000000169e-04 8.136409330000000245e-03 5.014204109999999964e-03 5.161818029999999669e-02 1.832843279999999894e-02
6.065410130000000066e+00 7.010785109999999321e-02 3.748939599999999948e-03 -8.614662710000000126e-03 -2.621696329999999991e-02 -2.260646509999999967e-03 1.777248340000000095e-03
8.775615430000000217e+00 6.838724609999999315e-02 2.024059859999999961e-03 -2.700078599999999884e-02 -4.790276289999999965e-02 -2.989160730000000113e-02 2.905541080000000054e-02
1.148487760000000080e+01 6.985615019999999453e-02 -1.722691549999999907e-03 -3.344838759999999717e-02 -3.954309240000000031e-02 -1.596707940000000091e-03 3.389564820000000311e-02
1.418782610000000055e+01 6.865964950000000289e-02 -8.422579709999999248e-03 -4.721610589999999941e-02 -8.518520039999999752e-03 -4.136785159999999822e-02 -4.249622560000000139e-03
1.688986669999999890e+01 7.137633610000000683e-02 3.336282390000000053e-03 -4.157756630000000037e-02 6.771166989999999851e-03 -4.283915430000000135e-02 -1.138312059999999938e-02
1.959480729999999937e+01 7.119699699999999798e-02 2.404943220000000086e-03 -4.888641939999999880e-02 3.528461350000000000e-03 -4.363796560000000185e-02 -2.486824379999999848e-02
2.228794949999999986e+01 6.074701219999999874e-02 1.768166690000000060e-04 -5.641483189999999676e-02 -2.428790280000000038e-02 -3.448689960000000249e-02 8.323950420000000155e-03
2.498666670000000067e+01 5.399884130000000282e-02 -5.913700939999999746e-03 -5.783518929999999919e-02 -2.462536759999999977e-02 4.629426080000000401e-03 2.480893049999999961e-02
2.768426820000000177e+01 5.472907860000000152e-02 7.894285779999999720e-04 -6.709134619999999882e-02 -1.510305219999999969e-02 -1.717887820000000079e-02 4.543773319999999671e-02
3.037784479999999832e+01 5.999442330000000212e-02 -1.360993900000000102e-03 -6.587768010000000229e-02 3.734513779999999988e-03 -3.620039180000000217e-02 6.854433869999999873e-02
3.308033859999999748e+01 6.249136940000000334e-02 7.320432399999999467e-04 -6.919138930000000298e-02 -1.437247240000000086e-02 2.605946899999999830e-02 3.117561770000000163e-02
3.578329480000000018e+01 6.537512839999999603e-02 4.277469490000000100e-04 -7.208705790000000113e-02 -2.983345670000000019e-02 8.917931809999999834e-03 1.461561419999999993e-02
3.848408390000000168e+01 6.584775380000000566e-02 -1.222018860000000096e-03 -6.484247390000000277e-02 -1.305924150000000068e-02 -4.089290129999999940e-02 1.714107080000000158e-02
4.118672920000000204e+01 6.890391640000000095e-02 -4.295703419999999731e-03 -7.269872659999999931e-02 1.938524869999999969e-02 -2.030394909999999956e-02 3.399756720000000204e-02
4.388490259999999665e+01 6.241213140000000104e-02 -8.316591910000000615e-03 -6.941658309999999832e-02 2.605528829999999990e-02 -3.136378249999999864e-03 -2.146318490000000134e-02
4.659305729999999812e+01 6.055569119999999750e-02 -1.199797879999999969e-02 -6.639270369999999977e-02 1.876694120000000146e-02 3.138999259999999958e-02 -3.401012819999999891e-03
4.928775259999999747e+01 6.643427699999999991e-02 -8.983771649999999775e-03 -6.710315249999999898e-02 8.200801020000000538e-03 5.035209250000000081e-02 6.913243839999999802e-04
5.198167920000000208e+01 7.299911280000000169e-02 -2.038798950000000193e-03 -6.640557669999999635e-02 2.208574850000000114e-03 3.506838939999999682e-02 -3.307336990000000077e-03
5.467553070000000304e+01 6.934322029999999415e-02 -1.538821060000000089e-03 -6.988071390000000216e-02 -3.040346299999999863e-03 2.150724600000000070e-02 -1.924127310000000105e-02
5.736539319999999975e+01 6.285223060000000306e-02 -4.348343200000000242e-03 -7.313145529999999506e-02 -1.323541670000000052e-02 4.552533710000000039e-02 -1.244446999999999914e-02
6.007204639999999785e+01 6.350816160000000155e-02 -3.381286409999999937e-03 -7.455915270000000594e-02 -4.813052630000000040e-03 5.367979540000000077e-02 -6.492946060000000068e-03
6.276816509999999738e+01 6.949785780000000690e-02 1.768673519999999994e-03 -7.020903759999999605e-02 -1.199633720000000021e-02 6.027235570000000209e-02 -1.485970539999999923e-02
6.546775730000000237e+01 6.393953920000000624e-02 -5.713961640000000085e-03 -6.606094099999999802e-02 2.852736810000000046e-03 1.261505469999999948e-02 -1.213048079999999931e-02
6.817320420000000070e+01 5.941386779999999895e-02 -7.470329099999999979e-03 -6.587068899999999616e-02 4.186302999999999726e-03 2.990649650000000177e-03 8.756786140000000218e-03
7.086957139999999811e+01 6.739927490000000021e-02 -8.887241630000000669e-03 -7.214383950000000101e-02 9.041590829999999676e-03 -1.829865439999999940e-02 -1.204083279999999985e-02
7.356379010000000562e+01 6.900273410000000440e-02 -3.072453409999999826e-03 -6.957272130000000110e-02 8.487290979999999319e-03 -3.897035850000000155e-03 -1.237723639999999993e-02
7.626199479999999653e+01 6.895085230000000398e-02 -7.861326599999999415e-03 -7.310159839999999520e-02 1.464459639999999944e-02 1.651950820000000139e-02 -2.129354170000000157e-02
7.895840259999999944e+01 6.970654290000000142e-02 -6.982262389999999673e-03 -7.446949669999999855e-02 1.279873540000000046e-02 1.289779559999999943e-02 -3.405800109999999881e-02
8.165347140000000081e+01 6.169076879999999680e-02 -4.920916590000000250e-03 -7.321162840000000616e-02 1.145289780000000035e-02 -1.011277449999999946e-02 -6.633904989999999877e-03
8.436145260000000690e+01 5.788355559999999733e-02 -9.287377109999999866e-03 -6.647068450000000184e-02 1.037551530000000062e-02 -3.087124369999999854e-02 -5.050341669999999783e-03
8.705686359999999979e+01 5.653568750000000087e-02 -8.479575720000000205e-03 -6.965651170000000669e-02 -2.725053460000000094e-02 -1.824571490000000129e-02 -8.232418820000000220e-03
8.975409639999999456e+01 6.562534940000000483e-02 -1.127409170000000065e-02 -6.601343099999999742e-02 -5.695137549999999826e-03 -5.889691699999999655e-03 -1.312996410000000051e-02
9.245046510000000239e+01 6.447568400000000532e-02 -1.042262939999999936e-02 -6.942263040000000440e-02 -1.116199340000000040e-02 -4.115737030000000268e-02 -9.233315250000000488e-03
9.515149169999999401e+01 6.175717530000000149e-02 -7.345074229999999996e-03 -6.176325319999999980e-02 -8.643788589999999716e-03 -6.691157639999999705e-03 2.098885539999999911e-02
9.785224169999999333e+01 6.109211819999999654e-02 -4.286378399999999679e-03 -6.786877709999999952e-02 -1.725530019999999996e-03 8.775453769999999858e-04 3.138293500000000069e-02
1.005590370000000036e+02 6.602565979999999723e-02 -2.686450410000000046e-03 -7.076003129999999808e-02 -7.726609409999999831e-03 -7.180082750000000430e-03 6.308316629999999661e-03
1.032721149999999994e+02 6.116474580000000327e-02 2.721780430000000049e-03 -6.693955649999999702e-02 -2.277870480000000059e-02 4.482411319999999970e-03 -3.658831659999999680e-02
1.059689589999999981e+02 5.709550210000000070e-02 -6.675519759999999549e-05 -7.086913139999999334e-02 -6.050301620000000241e-03 -2.100060209999999976e-03 -5.297392680000000131e-02
1.086719899999999939e+02 5.288702960000000314e-02 2.252997649999999847e-05 -7.132135950000000058e-02 -2.200860779999999975e-02 4.794466599999999690e-02 -3.639601390000000297e-02
1.113735989999999987e+02 6.232708459999999895e-02 -4.538208089999999813e-04 -6.282114179999999382e-02 -4.605748419999999843e-03 1.058136550000000030e-02 -1.897937829999999867e-02
1.140658650000000023e+02 5.996832140000000338e-02 1.443173790000000110e-04 -6.072860010000000197e-02 1.608296459999999928e-02 1.715315560000000086e-02 -2.394763589999999998e-02
1.167675210000000021e+02 6.367251359999999416e-02 6.783571369999999781e-04 -5.921220569999999933e-02 -1.277453679999999980e-02 1.465995510000000016e-02 -1.066859390000000039e-02
1.194684900000000027e+02 6.942310890000000234e-02 -2.956128120000000095e-03 -6.721794289999999394e-02 -3.625463730000000329e-02 -2.254320849999999835e-02 -3.361463569999999929e-02
1.221621779999999973e+02 7.252368380000000225e-02 6.577880529999999759e-04 -6.242513969999999995e-02 -2.665517629999999971e-02 -4.828658610000000073e-02 -9.224604499999999874e-02
1.248649120000000039e+02 7.631191299999999511e-02 -1.073009229999999934e-03 -4.359559469999999687e-02 -2.843915040000000172e-02 -3.879257810000000251e-02 -6.584612839999999523e-02
1.275705839999999966e+02 7.881908170000000158e-02 2.550641330000000175e-03 -2.016291710000000029e-02 -2.314863610000000155e-02 1.751426760000000110e-02 -1.273498990000000025e-02
1.302720989999999972e+02 8.322790750000000348e-02 2.712644089999999807e-03 4.228600580000000178e-03 -4.196322069999999793e-02 5.995255540000000126e-03 -4.915883830000000385e-03
1.329621779999999944e+02 8.054346369999999811e-02 7.342221149999999738e-03 2.443731429999999871e-02 -2.788792210000000035e-03 1.290968690000000038e-03 -3.578038199999999946e-02
1.356689739999999915e+02 7.847768469999999441e-02 8.477491789999999638e-03 3.978239050000000054e-02 -3.016553419999999999e-03 -2.696294150000000042e-02 -3.262824799999999859e-02
1.383820680000000038e+02 7.272957650000000385e-02 8.801145459999999698e-03 5.515373209999999832e-02 -8.405988320000000111e-03 -4.745552279999999679e-02 -3.439044919999999922e-02
1.410807869999999866e+02 6.477509519999999354e-02 6.610433209999999789e-03 5.713181870000000329e-02 -9.250015409999999549e-03 -4.532921460000000069e-02 -3.700504090000000107e-02
1.437843489999999917e+02 5.912461460000000002e-02 -1.380488939999999958e-03 5.267036089999999754e-02 -6.525830310000000321e-03 -6.055172030000000039e-02 -5.227241350000000212e-04
1.464879280000000108e+02 5.326319189999999953e-02 -5.436590750000000298e-03 5.854797910000000133e-02 -5.882958049999999911e-02 -2.093516219999999942e-02 4.112825810000000221e-02
1.491902090000000101e+02 4.972757330000000114e-02 -5.645314410000000331e-03 5.730830029999999659e-02 -4.431250180000000094e-02 1.517757630000000045e-02 2.947508910000000079e-02
1.518913029999999935e+02 5.684783370000000280e-02 -1.255947410000000063e-02 5.906187770000000115e-02 -1.475242790000000012e-02 1.629701060000000173e-02 -5.490397839999999752e-02
1.545878960000000006e+02 6.345937949999999605e-02 -1.081128349999999939e-02 5.878268250000000250e-02 8.812589649999999150e-03 4.219553140000000327e-03 -3.093877940000000146e-02
1.572820370000000025e+02 7.168780819999999443e-02 -1.274042969999999997e-02 6.149270190000000191e-02 1.223676830000000083e-02 7.365147839999999736e-04 1.818275239999999834e-02
1.599755370000000028e+02 6.847615749999999557e-02 -5.575111130000000130e-03 6.381303039999999815e-02 4.990251779999999721e-03 5.432708900000000202e-02 3.225680969999999981e-02
1.626730369999999937e+02 6.754526919999999379e-02 -9.689718349999999411e-03 5.638442779999999765e-02 -2.271361750000000165e-02 -4.763591650000000184e-03 -4.634707630000000148e-03
1.653684900000000084e+02 7.363157559999999879e-02 -3.207603250000000145e-03 5.954846119999999965e-02 -4.060965849999999787e-03 -1.026419219999999931e-02 -9.383779689999999923e-03
1.680663340000000119e+02 6.832048940000000348e-02 -1.657370339999999966e-03 6.103547279999999714e-02 -6.800861840000000172e-03 8.972569189999999792e-03 -1.018377560000000015e-02
1.707618180000000052e+02 6.303794440000000388e-02 4.242269869999999894e-03 6.768785700000000405e-02 1.299957139999999983e-02 4.352623669999999834e-03 -2.963272549999999839e-02
1.734483180000000004e+02 6.136555280000000057e-02 6.062213720000000049e-03 6.521853939999999739e-02 6.624488439999999534e-02 4.065924710000000039e-03 -6.031101070000000064e-02
1.761424120000000073e+02 6.140893399999999835e-02 4.775284129999999780e-03 6.264106429999999337e-02 4.922342279999999959e-02 -5.420550189999999782e-03 -6.866252949999999966e-02
1.788394739999999956e+02 6.301707480000000305e-02 5.576564259999999829e-03 6.312348630000000349e-02 -2.718369359999999943e-02 -1.785207670000000038e-02 -4.988838820000000146e-02
1.815369279999999890e+02 6.445590850000000593e-02 5.268092660000000226e-03 6.886821049999999889e-02 -5.006244060000000079e-02 -5.452366899999999683e-02 -4.073850369999999776e-02
1.842374739999999917e+02 6.467438309999999635e-02 3.387692729999999992e-03 7.144224270000000543e-02 -4.114126519999999898e-02 -4.977873270000000155e-02 -3.823388120000000001e-02
1.869396460000000104e+02 6.232326810000000245e-02 2.528742709999999821e-03 6.582629389999999914e-02 -2.000884630000000081e-02 -1.580666260000000017e-02 -5.369416909999999953e-03
1.896375209999999925e+02 6.314807679999999424e-02 4.702437710000000265e-04 6.498801419999999940e-02 1.812600900000000022e-03 -5.741672500000000352e-03 -1.069295029999999935e-03
1.923407559999999989e+02 7.144988889999999426e-02 -9.978899780000000629e-04 6.128275670000000314e-02 1.964231619999999914e-02 4.230108800000000058e-02 1.790579159999999836e-02
1.950408180000000016e+02 7.658885640000000217e-02 2.848194239999999981e-04 5.618722229999999901e-02 3.110372999999999957e-02 3.854433780000000170e-02 3.374680549999999751e-02
1.977368810000000110e+02 7.120370580000000282e-02 1.037979110000000066e-02 5.049013170000000300e-02 5.623648590000000086e-02 5.111716000000000176e-02 4.778110480000000160e-02
2.004322400000000073e+02 6.803059279999999764e-02 8.209572309999999679e-03 5.327283719999999917e-02 8.644765309999999370e-02 2.343743499999999952e-02 4.807991429999999844e-02
2.031321460000000059e+02 5.697835040000000240e-02 7.681328400000000424e-04 6.018163590000000229e-02 4.099296730000000222e-02 2.548600260000000173e-02 2.918373679999999859e-02
2.058376000000000090e+02 5.510209149999999861e-02 2.107238400000000129e-03 6.309092219999999640e-02 -1.876140499999999836e-02 2.634492089999999898e-02 2.848073409999999847e-02
2.085310680000000048e+02 4.887634839999999842e-02 5.000585699999999904e-03 6.783642730000000176e-02 -2.592586480000000013e-02 4.139097879999999868e-02 -6.121102930000000414e-03
2.112356310000000121e+02 5.203458369999999777e-02 6.922834119999999626e-03 7.223444160000000447e-02 -4.401725709999999847e-02 2.971013899999999999e-02 -8.544019739999999781e-04
2.139401929999999936e+02 6.176772590000000063e-02 2.307141879999999919e-03 6.971044120000000066e-02 5.123348489999999568e-03 1.622040099999999888e-02 4.347549529999999995e-02
2.166379740000000140e+02 6.968581279999999656e-02 9.125759529999999398e-03 6.140864819999999891e-02 1.181884839999999999e-02 1.421240430000000020e-02 9.243382959999999274e-03
2.193393810000000030e+02 7.713462079999999776e-02 6.299139750000000079e-03 5.898707809999999968e-02 -1.664126659999999938e-02 -1.250106959999999941e-02 4.489579060000000246e-03
2.220305529999999976e+02 7.825170219999999510e-02 5.629518570000000346e-03 6.519437999999999622e-02 -4.902253599999999850e-02 -5.207497800000000093e-02 -2.121390609999999899e-02
2.247274429999999938e+02 7.812484299999999937e-02 2.093132199999999787e-03 6.807046079999999610e-02 -4.053045730000000291e-02 -1.256064640000000010e-02 -4.884914519999999927e-02
2.274220060000000103e+02 7.597372500000000584e-02 5.414599889999999888e-03 6.041771420000000004e-02 1.097246550000000043e-02 2.511515079999999869e-03 2.445531600000000125e-02
2.301204429999999945e+02 7.387320059999999411e-02 8.876407969999999814e-03 6.255634720000000093e-02 2.059246140000000128e-02 2.208993030000000121e-02 5.167588380000000259e-02
2.328233180000000004e+02 6.242668929999999755e-02 1.705339869999999937e-03 5.912682059999999767e-02 -4.666249919999999711e-03 3.004645779999999891e-02 1.969357099999999999e-02
2.355285059999999930e+02 5.798296979999999906e-02 7.802802099999999776e-03 6.963890189999999425e-02 -5.262227810000000283e-02 4.606565509999999836e-02 1.923811970000000038e-02
2.382441310000000101e+02 5.604767070000000323e-02 3.145406449999999833e-03 7.118233990000000233e-02 -1.160505470000000039e-01 4.944723969999999941e-02 5.011312739999999877e-02
2.409411929999999984e+02 5.653651020000000083e-02 -2.342648800000000128e-04 7.526726300000000092e-02 -4.340654470000000070e-02 -2.748011380000000073e-02 6.882675900000000124e-02
2.436398959999999931e+02 5.462742160000000347e-02 -1.112022779999999973e-03 6.969054310000000196e-02 2.087709769999999965e-02 -3.232131750000000192e-02 3.398846870000000325e-02
2.463352710000000059e+02 4.986008389999999763e-02 7.636624330000000259e-03 6.670572969999999380e-02 6.925826279999999779e-02 -2.900347379999999864e-02 8.645152110000000126e-03
2.490401620000000094e+02 6.132490010000000297e-02 6.288511620000000225e-03 6.723515150000000662e-02 5.451446780000000075e-02 -3.006372550000000182e-03 2.261981199999999956e-02
2.517372709999999927e+02 5.988089430000000102e-02 4.339549550000000241e-03 6.698022250000000566e-02 4.957979829999999838e-02 1.435129790000000058e-02 -6.702838650000000030e-03
2.544352869999999882e+02 5.958106309999999795e-02 5.351413719999999902e-03 6.307408570000000436e-02 5.129724900000000309e-02 2.196304430000000155e-02 -2.643303300000000161e-02
2.571339429999999879e+02 7.113996020000000475e-02 1.152992669999999988e-04 6.040652299999999669e-02 5.056238429999999895e-02 -5.465826150000000286e-03 -4.440268399999999782e-02
2.598352239999999824e+02 7.034301449999999511e-02 4.484902429999999829e-03 5.786665430000000054e-02 5.112478129999999815e-02 -8.007542859999999471e-03 -1.711984940000000135e-02
2.625397709999999734e+02 6.104516890000000195e-02 1.055627570000000062e-03 4.910102660000000008e-02 -3.015069039999999836e-03 -1.138811770000000036e-02 -1.864001389999999855e-02
2.652308489999999779e+02 6.336567020000000161e-02 -1.545336079999999916e-03 5.064158950000000048e-02 -1.432608689999999990e-02 1.008302240000000065e-02 -1.940771700000000141e-02
2.679266549999999825e+02 6.671435180000000187e-02 1.422344029999999962e-04 3.907283450000000047e-02 -2.621378919999999956e-03 2.247665470000000110e-02 9.711469530000000835e-03
