# a=0.06287548508426222, b=-153.31194515162858, c=0.0005352017129683185, xi=14.767583800493574
6.970813860000000250e-01 7.845226430000000473e-02 -9.189071380000000478e-04 3.181855399999999889e-02 -1.702379520000000049e-02 -5.121101060000000059e-03 -6.186554589999999909e-02
3.394262959999999829e+00 8.773540600000000189e-02 -3.523994110000000231e-04 2.365927480000000124e-02 -2.790110579999999924e-02 1.522650430000000062e-02 -4.632593520000000131e-02
6.093362189999999678e+00 8.675270690000000395e-02 4.952959059999999594e-03 3.742961799999999783e-03 -5.285069340000000254e-03 2.809287870000000062e-02 -7.714939290000000227e-02
8.783683749999999790e+00 8.607075359999999398e-02 7.194824360000000134e-03 -1.030865289999999962e-02 1.343797499999999957e-02 3.953143349999999751e-02 -4.083902400000000155e-02
1.148683809999999994e+01 7.641421319999999739e-02 7.560033019999999777e-03 -3.243722410000000195e-02 4.186666249999999867e-02 2.317000840000000075e-02 -1.788824110000000051e-02
1.418928810000000063e+01 7.109070339999999655e-02 1.763605429999999877e-02 -4.389412129999999829e-02 -1.023477090000000055e-02 2.700094069999999999e-02 2.657103309999999871e-02
1.688263810000000120e+01 7.154000180000000264e-02 8.922241819999999352e-03 -4.377213330000000180e-02 -6.640993539999999994e-03 -1.189754439999999962e-02 1.392433679999999924e-02
1.957808190000000081e+01 6.650362780000000640e-02 1.522825010000000007e-02 -5.491722940000000330e-02 -1.845848190000000041e-02 -5.289059429999999618e-03 -8.758310110000000481e-03
2.226932409999999862e+01 5.728282979999999719e-02 1.231506679999999979e-02 -6.466689009999999904e-02 1.579036819999999827e-02 -1.912259579999999945e-02 3.901303579999999827e-02
2.496882250000000170e+01 4.616563580000000028e-02 1.729412940000000024e-02 -6.501190980000000341e-02 2.321296109999999857e-02 -2.383303839999999924e-02 2.232886200000000140e-02
2.767010690000000039e+01 5.518531179999999758e-02 6.813120249999999635e-03 -6.954905819999999961e-02 8.231610100000000263e-02 -6.160731610000000184e-03 -6.406793899999999910e-03
3.037823189999999940e+01 5.826620369999999799e-02 7.108093220000000212e-03 -6.587407789999999430e-02 3.158507020000000248e-02 -4.607908010000000276e-02 -4.644748540000000203e-02
3.307361780000000095e+01 5.894751250000000026e-02 -3.136279979999999942e-04 -6.599309720000000323e-02 3.671317350000000146e-02 -5.015565959999999934e-02 3.861498479999999917e-03
3.576899120000000210e+01 6.620254150000000337e-02 1.125851339999999964e-02 -6.510280190000000688e-02 4.010431980000000313e-02 -2.709297600000000125e-02 1.148678799999999951e-02
3.846429280000000261e+01 6.287028869999999880e-02 -3.813636239999999931e-03 -5.643966219999999728e-02 2.667057990000000142e-02 -7.633764280000000096e-03 1.680870120000000148e-02
4.117259589999999747e+01 7.000179389999999779e-02 1.074433210000000100e-03 -5.179243719999999940e-02 4.087960840000000318e-02 -9.551578320000000261e-03 1.894850030000000060e-02
4.386377720000000124e+01 6.432305010000000101e-02 7.933698569999999770e-03 -5.807266679999999875e-02 1.937118770000000045e-02 -2.074481980000000142e-02 -1.378809509999999981e-02
4.655936940000000135e+01 5.901707340000000163e-02 7.338612520000000090e-03 -5.527226779999999673e-02 4.895724979999999810e-02 9.515790709999999647e-04 -3.870906539999999924e-02
4.926427879999999959e+01 6.317364640000000531e-02 1.036212910000000077e-02 -6.347615430000000392e-02 5.545299959999999695e-02 -1.987372399999999886e-02 -2.002275740000000054e-02
5.196243340000000188e+01 6.246656230000000032e-02 8.450087829999999509e-03 -5.573437330000000078e-02 4.764847800000000105e-02 2.351485600000000065e-02 -4.525173389999999915e-04
5.466142409999999785e+01 5.962979510000000066e-02 1.417702810000000084e-03 -5.228842229999999813e-02 4.338741720000000024e-02 -1.143371360000000093e-03 1.909699070000000012e-02
5.736678030000000206e+01 6.188897050000000122e-02 6.926617510000000495e-04 -5.543299430000000333e-02 2.500657049999999854e-02 5.110469190000000404e-03 1.702893620000000066e-02
6.005314440000000076e+01 5.400655890000000126e-02 -5.387735870000000260e-03 -5.471799110000000188e-02 1.619590619999999870e-02 5.497977359999999675e-03 4.062702590000000225e-02
6.275451939999999951e+01 6.214104389999999811e-02 -3.099764709999999843e-03 -6.025329050000000075e-02 -1.502086390000000092e-03 1.879863569999999954e-03 5.576066429999999852e-02
6.545073030000000358e+01 5.883756770000000275e-02 -4.494030930000000174e-03 -6.790561700000000145e-02 5.622473420000000111e-02 4.190950620000000182e-02 -2.682876869999999830e-03
6.816302090000000646e+01 6.074907429999999720e-02 -1.012830550000000038e-02 -7.141257569999999444e-02 3.084327270000000037e-02 1.311288019999999957e-02 2.416193169999999828e-03
7.087513660000000471e+01 4.749741789999999825e-02 -9.517717269999999979e-03 -7.093378359999999438e-02 -9.788021540000000492e-03 2.721564660000000066e-02 2.344717359999999931e-02
7.358032409999999857e+01 5.299840699999999738e-02 -5.381672449999999608e-03 -6.708975909999999321e-02 4.470322649999999842e-02 2.338216879999999859e-02 -3.087063359999999909e-02
7.628188029999999742e+01 5.305212950000000316e-02 -2.089390289999999923e-04 -5.769149769999999677e-02 -1.614037999999999877e-04 -1.024858300000000035e-02 -2.319144620000000018e-02
7.897631309999999871e+01 5.362457219999999802e-02 -4.082267340000000043e-03 -5.621827199999999969e-02 5.732817999999999942e-02 8.654924600000000676e-03 -9.484494270000000393e-02
8.168378500000000031e+01 5.461282280000000211e-02 -4.767687819999999813e-03 -6.457898870000000624e-02 1.383509840000000067e-02 5.367503860000000238e-02 -8.805147219999999442e-02
8.438415220000000261e+01 6.050799569999999739e-02 -7.597391319999999802e-03 -6.439155629999999964e-02 -1.222653869999999927e-02 -8.019551130000000111e-03 -3.136005979999999943e-02
8.707743659999999863e+01 6.639194040000000185e-02 -8.381207990000000274e-03 -6.560574800000000539e-02 1.181521370000000043e-02 -2.155780750000000148e-02 9.253131079999999190e-03
8.978973499999999319e+01 6.032769050000000299e-02 -9.405430379999999563e-03 -6.083060640000000074e-02 1.457727619999999932e-03 -5.524847850000000338e-02 -5.897145959999999798e-02
9.247497250000000690e+01 5.412712249999999947e-02 -1.107260000000000015e-02 -5.927917509999999779e-02 -4.851455380000000393e-03 -5.378346700000000147e-02 -7.690569440000000374e-03
9.517337249999999926e+01 6.076351060000000082e-02 -1.053945849999999955e-02 -6.205601589999999723e-02 -6.675860540000000051e-03 -1.301153350000000108e-03 1.172593610000000064e-02
9.787056160000000204e+01 6.254360400000000264e-02 -1.066819469999999957e-02 -6.386147650000000009e-02 2.272409439999999864e-02 1.079861959999999996e-02 -8.868816910000000553e-03
1.005699690000000004e+02 6.331853930000000408e-02 -1.612921100000000094e-02 -6.270483910000000660e-02 4.397657180000000277e-02 1.497239459999999932e-02 2.750731179999999984e-02
1.032784379999999942e+02 6.123788969999999915e-02 -1.001751000000000030e-02 -5.372013440000000112e-02 5.515751709999999752e-02 4.332953640000000023e-02 1.051372450000000007e-02
1.059800630000000012e+02 5.937868949999999812e-02 -6.290480769999999729e-03 -6.149330459999999970e-02 2.396312189999999856e-02 -5.946666960000000259e-03 -3.338983499999999965e-03
1.086728600000000000e+02 5.390012940000000335e-02 -1.403246750000000068e-04 -5.971913809999999934e-02 3.359039939999999835e-02 8.699621680000000365e-04 1.749332209999999999e-02
1.113666730000000058e+02 6.178387619999999719e-02 -1.092569269999999967e-02 -6.377246020000000570e-02 1.687247490000000003e-02 -5.102117619999999888e-03 3.594274360000000029e-02
1.140753440000000012e+02 6.019344399999999873e-02 -1.129717499999999958e-02 -6.292922519999999409e-02 -2.094375910000000063e-02 -3.107685150000000056e-03 1.257437479999999955e-03
1.167759850000000057e+02 4.988331540000000286e-02 -1.243951849999999984e-02 -6.626943529999999860e-02 -3.735967860000000140e-02 1.776002910000000143e-02 -8.196111840000000828e-03
1.194837040000000030e+02 5.394318919999999823e-02 -8.463649639999999350e-03 -6.320594150000000133e-02 1.677932199999999929e-02 1.622129060000000039e-02 -1.822240309999999947e-02
1.221828600000000051e+02 6.188290760000000196e-02 -1.321588100000000050e-02 -6.331558040000000165e-02 1.775045810000000154e-02 4.836763349999999989e-02 -6.573679490000000625e-02
1.248799539999999979e+02 6.380556819999999574e-02 -3.468128190000000118e-03 -5.642369130000000205e-02 3.232247070000000139e-02 4.158698260000000257e-02 -1.177658889999999917e-02
1.275815630000000027e+02 6.469615600000000466e-02 -5.483961360000000167e-03 -5.353916570000000208e-02 6.206268210000000229e-02 7.625919179999999815e-04 -7.274858450000000303e-04
1.302923759999999902e+02 5.817373650000000340e-02 3.446181259999999812e-03 -5.991339450000000150e-02 7.060261600000000692e-02 -1.696455199999999993e-03 1.927049029999999830e-02
1.329898289999999861e+02 5.997363800000000272e-02 7.465804740000000009e-03 -4.995682840000000013e-02 6.777983410000000541e-02 -2.035603739999999884e-02 2.732030759999999961e-02
1.357018759999999986e+02 6.288663519999999896e-02 4.074609530000000354e-03 -4.483902070000000267e-02 4.019089480000000159e-02 -3.141946560000000166e-02 -5.356520989999999979e-04
1.383961260000000095e+02 7.233504350000000138e-02 8.343285230000000580e-03 -4.612626560000000070e-02 3.825253459999999883e-02 2.554770879999999911e-02 -5.128129409999999944e-02
1.410899850000000129e+02 6.801580520000000130e-02 1.002390400000000015e-02 -3.502205070000000142e-02 9.441244779999999337e-02 2.281723000000000084e-02 -5.345246900000000245e-02
1.437959380000000067e+02 6.753899859999999700e-02 8.803580659999999183e-03 -3.260408010000000190e-02 4.365732049999999920e-02 3.600250950000000172e-02 5.628247890000000198e-03
1.464967350000000010e+02 7.325839209999999990e-02 8.162625119999999262e-03 -2.356165249999999864e-02 1.334024909999999980e-02 4.878616799999999781e-02 -1.218494770000000046e-02
1.491998600000000010e+02 7.539370959999999733e-02 7.408138229999999824e-03 -2.442012699999999981e-02 -1.100538900000000084e-02 -7.909592089999999652e-04 -2.575309710000000044e-02
1.519148759999999925e+02 7.756744229999999740e-02 1.330477709999999987e-02 -1.606199100000000116e-02 4.355155910000000144e-03 2.464604210000000128e-02 -2.763069729999999974e-02
1.545979069999999922e+02 7.958688170000000062e-02 1.189018290000000075e-02 -4.652363920000000298e-03 -1.956430509999999845e-02 -2.786621770000000109e-02 1.869400010000000015e-02
1.572987039999999865e+02 8.701527430000000063e-02 3.951461899999999736e-03 2.264184099999999936e-02 1.886451739999999919e-02 -1.871371269999999934e-02 3.867763879999999710e-02
1.599922980000000052e+02 8.702351669999999761e-02 1.639784590000000061e-03 3.440940929999999898e-02 -3.077097479999999982e-02 1.770172650000000070e-02 4.345349009999999873e-02
1.626898290000000031e+02 7.273301980000000666e-02 -8.868907980000000513e-04 4.013463770000000319e-02 -2.953674830000000036e-03 3.097883670000000159e-02 3.472536360000000322e-02
1.654015939999999887e+02 7.162599690000000241e-02 -4.122790490000000085e-03 4.925763959999999997e-02 2.212798900000000069e-02 1.183654390000000035e-04 2.628167990000000037e-02
1.680933440000000019e+02 7.247688439999999677e-02 -6.685322029999999499e-04 4.921663140000000214e-02 8.371196820000000320e-05 -1.379549629999999964e-03 5.242651269999999697e-02
1.707932189999999935e+02 6.885374129999999315e-02 -6.167912989999999734e-03 4.825006579999999851e-02 2.489944649999999843e-02 -6.143712360000000254e-03 5.538080649999999744e-02
1.734956880000000012e+02 5.910339519999999874e-02 5.170808540000000272e-03 5.711619279999999993e-02 1.073863849999999974e-02 3.323455050000000133e-02 8.633008729999999686e-02
1.762132510000000138e+02 5.902913340000000286e-02 7.288673429999999870e-03 5.576377230000000018e-02 1.217899669999999990e-02 -6.386605489999999836e-03 1.387199790000000037e-02
1.789130159999999989e+02 5.402233199999999930e-02 -2.785262460000000051e-03 5.914609099999999786e-02 -1.047060089999999992e-02 1.446561719999999926e-02 3.936663039999999808e-02
1.816171099999999967e+02 6.119027949999999993e-02 6.243754760000000230e-03 5.649899769999999766e-02 1.153931379999999923e-02 -1.671720179999999951e-03 5.818734429999999902e-03
1.843127350000000035e+02 6.802782749999999878e-02 6.061551440000000068e-03 6.600040660000000559e-02 -5.156753220000000019e-03 2.917532200000000093e-03 2.228591970000000019e-02
1.870099069999999983e+02 6.770840629999999583e-02 1.770787040000000069e-03 6.397220069999999537e-02 -2.171470989999999945e-03 -1.066013690000000048e-02 7.137870179999999953e-02
1.897272979999999905e+02 5.697891260000000069e-02 -7.072770079999999605e-03 6.181684459999999687e-02 2.299078820000000078e-02 2.655518520000000118e-02 2.733218810000000165e-02
1.924289689999999950e+02 4.486120400000000175e-02 -3.329310949999999929e-03 7.015663639999999979e-02 -2.797571329999999981e-03 -1.993241369999999846e-02 8.282500780000000284e-02
1.951335320000000024e+02 4.876004829999999735e-02 -3.766531340000000205e-04 6.296891239999999335e-02 -8.507357640000000158e-04 3.848207099999999790e-03 5.684313199999999934e-03
1.978381100000000004e+02 4.559314190000000183e-02 -5.847989760000000051e-03 6.704001680000000463e-02 -2.563385970000000083e-02 5.196293860000000516e-04 3.681600139999999938e-02
2.005326410000000124e+02 5.434853189999999667e-02 1.216979219999999966e-03 7.505690869999999404e-02 1.158003399999999947e-02 -3.668487950000000331e-02 5.679090710000000292e-02
2.032160010000000057e+02 6.247997920000000066e-02 -5.092981980000000101e-04 7.385869159999999822e-02 -9.229623039999999140e-03 -1.160210700000000039e-02 1.169676999999999939e-01
2.059212039999999888e+02 6.096262840000000321e-02 -8.262768090000000487e-04 6.665703060000000013e-02 -5.981303420000000370e-03 -4.661851419999999899e-03 6.957375829999999650e-02
2.086157819999999958e+02 5.263513050000000193e-02 5.588705470000000309e-04 5.612682410000000011e-02 -4.610908429999999864e-02 -5.394106629999999986e-02 4.864099530000000338e-02
2.113053909999999860e+02 5.672576659999999799e-02 2.289817259999999809e-03 5.486071549999999714e-02 -2.384410680000000060e-02 -2.515088030000000099e-02 1.238038110000000067e-02
2.139977660000000128e+02 6.675064179999999625e-02 -1.009985439999999896e-03 5.555841319999999667e-02 -2.473216639999999827e-02 2.738802879999999856e-02 3.079037739999999912e-02
2.167082350000000019e+02 6.904916690000000024e-02 -1.126192309999999967e-02 5.973751749999999666e-02 9.708534019999999487e-03 3.487088250000000035e-03 4.858727840000000298e-02
2.194045790000000125e+02 6.915845830000000305e-02 -1.116395750000000013e-02 5.454994769999999688e-02 -5.427663119999999626e-03 1.448180980000000027e-02 5.638003300000000301e-02
2.221059539999999970e+02 6.728886620000000540e-02 9.886646330000000652e-04 6.109374730000000087e-02 -8.328844959999999811e-03 -5.108958190000000010e-02 6.720817580000000568e-02
2.248177190000000110e+02 6.363134739999999623e-02 2.715343859999999870e-03 5.930664380000000291e-02 1.258647820000000084e-02 -2.957415960000000024e-02 1.754426109999999983e-02
2.275048130000000128e+02 6.559572739999999791e-02 2.926931440000000214e-03 6.464764130000000275e-02 -9.508338680000000612e-03 -2.212199369999999846e-02 4.867395299999999897e-02
2.302099690000000010e+02 5.063908369999999687e-02 -2.449288149999999820e-03 7.158471519999999588e-02 1.367008070000000006e-02 2.097433839999999789e-03 9.787259189999999651e-03
2.329117190000000051e+02 4.661376180000000036e-02 -2.062418539999999901e-03 7.181266079999999719e-02 1.026603399999999984e-03 7.929118310000000253e-03 5.122641869999999820e-02
2.356161879999999940e+02 5.589895820000000126e-02 -3.960266139999999921e-03 7.383547499999999764e-02 7.901298299999999844e-03 1.751659880000000155e-02 6.008773540000000163e-02
2.383176880000000040e+02 6.071836650000000252e-02 7.905579370000000508e-05 7.134056480000000589e-02 1.612105919999999928e-02 -4.805605810000000006e-02 5.382271250000000146e-02
2.410280009999999891e+02 5.609903869999999931e-02 -4.643133800000000082e-03 6.460768769999999939e-02 1.614461199999999916e-02 -9.390510770000000743e-03 4.120017129999999778e-02
2.437267190000000028e+02 6.299849339999999409e-02 1.709883369999999972e-03 7.173265430000000387e-02 1.868849129999999858e-02 -6.314985450000000500e-02 4.966905609999999749e-02
2.464316259999999943e+02 6.062441550000000068e-02 -4.008443270000000211e-03 7.033602249999999778e-02 -2.280594249999999892e-02 -4.340242970000000172e-02 8.380494870000000651e-02
2.491317510000000084e+02 6.574025159999999368e-02 1.949389499999999893e-03 6.326934739999999502e-02 1.520258839999999965e-02 -6.055254260000000194e-03 1.258914300000000056e-02
2.518282350000000065e+02 6.268568809999999769e-02 1.358869910000000012e-03 5.777699649999999687e-02 -3.601161449999999795e-03 -2.095027099999999948e-02 2.964342580000000130e-02
2.545246099999999956e+02 5.806919800000000242e-02 4.350701850000000294e-03 5.692266249999999861e-02 6.604865070000000282e-03 -2.239620089999999966e-02 2.237613780000000108e-02
2.572269689999999969e+02 6.063369300000000239e-02 1.816293569999999965e-03 5.791427560000000224e-02 -1.978247260000000080e-03 -2.961113329999999835e-02 1.969076579999999924e-02
2.599316569999999729e+02 5.886973909999999865e-02 1.462554449999999961e-03 5.204962429999999973e-02 3.046692750000000189e-03 -3.096966829999999934e-02 3.723445350000000043e-02
2.626263440000000173e+02 5.861705610000000205e-02 6.495523519999999666e-04 4.879389380000000165e-02 -2.986427599999999863e-02 -2.185546600000000048e-02 2.173936099999999871e-02
2.653219849999999838e+02 5.883835989999999794e-02 2.677740669999999993e-03 4.815927469999999738e-02 1.433757880000000040e-02 -5.281074520000000189e-02 -2.675495799999999882e-02
2.680159859999999981e+02 6.962677150000000370e-02 5.113189700000000427e-03 3.882758239999999778e-02 -1.461432080000000036e-02 -2.224770259999999875e-02 -5.093391449999999654e-02
