# a=0.06239249923829901, b=-146.9461897663663, c=0.0003140753744687258, xi=6.240880043068769
6.849681480000000544e-01 6.315058040000000317e-02 -3.026461140000000129e-03 5.009895899999999846e-02 3.126975010000000114e-03 -2.365836539999999905e-02 8.280492339999999396e-02
3.384640960000000032e+00 7.445201299999999744e-02 4.862201909999999856e-03 3.170814510000000142e-02 -2.331329700000000019e-02 1.349064389999999995e-02 4.331267540000000027e-02
6.085658150000000433e+00 7.751936689999999741e-02 2.415697640000000115e-03 1.666741899999999929e-02 -1.918333540000000115e-02 -1.169705830000000030e-02 3.262124529999999717e-02
8.772226740000000689e+00 7.861754830000000638e-02 -2.706528169999999900e-03 -2.214077320000000081e-03 5.864158169999999712e-03 -2.922515510000000052e-02 2.227746510000000197e-03
1.148189939999999964e+01 7.877305530000000555e-02 -3.591971120000000180e-03 -3.438721659999999930e-02 -3.427748439999999969e-04 -2.077519450000000004e-02 -2.870588890000000046e-02
1.417823530000000076e+01 6.717095970000000471e-02 -9.177091970000000529e-03 -4.840071459999999853e-02 -1.666806750000000142e-02 -1.916808940000000114e-02 -1.353422129999999959e-02
1.688614000000000104e+01 7.209886949999999572e-02 -4.850321230000000268e-03 -5.200559829999999717e-02 -1.987951249999999823e-03 -3.354253339999999778e-02 -7.849507810000000418e-02
1.957334780000000052e+01 7.609913240000000523e-02 -7.624920430000000325e-03 -5.554494349999999914e-02 -4.307722330000000183e-02 -2.238066450000000124e-02 4.268522319999999877e-03
2.227153380000000027e+01 7.470309649999999635e-02 -5.855146559999999806e-03 -5.504779189999999683e-02 -1.517364719999999938e-03 -1.605619659999999935e-02 -3.666442090000000126e-02
2.496937750000000023e+01 6.296986120000000464e-02 -3.510816070000000091e-03 -6.632136800000000554e-02 9.992209300000000696e-03 9.499689869999999522e-03 1.659905050000000035e-02
2.766961500000000029e+01 6.552264150000000620e-02 -3.376721049999999863e-03 -5.669248279999999918e-02 4.466967630000000244e-02 -1.190052190000000058e-02 2.500762999999999944e-02
3.036999159999999875e+01 5.662749610000000072e-02 -2.299533800000000145e-03 -5.872303899999999771e-02 1.286306549999999965e-02 -1.457292469999999993e-02 -2.678836019999999984e-02
3.306801029999999741e+01 5.948359109999999672e-02 -6.213811310000000136e-03 -6.828562829999999806e-02 2.844957669999999966e-02 -1.042665679999999970e-02 -2.147520639999999856e-02
3.575947440000000199e+01 5.474190980000000206e-02 1.158117730000000076e-03 -6.848094890000000490e-02 5.901072150000000183e-02 -4.339014220000000227e-02 -2.495203480000000168e-02
3.845634470000000249e+01 5.887194250000000323e-02 -7.450191729999999790e-03 -7.044901520000000639e-02 3.753921770000000213e-02 7.462530939999999918e-03 -2.965027879999999807e-03
4.115938220000000314e+01 4.953271409999999986e-02 -9.812300779999999414e-04 -6.661631560000000341e-02 4.058392559999999573e-03 2.636898580000000131e-02 -2.503177690000000025e-02
4.386497599999999863e+01 5.401430079999999800e-02 3.272254579999999899e-03 -6.981434220000000412e-02 -1.069385379999999953e-03 -1.226814860000000063e-02 -5.325403150000000002e-02
4.656583530000000337e+01 5.804928809999999884e-02 4.100613680000000233e-03 -6.675139300000000608e-02 2.539594000000000053e-03 4.171769439999999628e-03 -5.942544830000000278e-02
4.927035099999999801e+01 6.892364759999999868e-02 6.745778390000000194e-03 -5.899329009999999818e-02 -2.404013740000000149e-02 1.277161290000000107e-03 -5.859252670000000135e-02
5.197515099999999677e+01 7.081047440000000359e-02 9.736089559999999352e-03 -5.972299179999999985e-02 3.147943639999999793e-02 1.941487600000000105e-02 -6.960965099999999461e-02
5.467203059999999937e+01 6.542406820000000456e-02 1.028189870000000006e-02 -5.677669409999999695e-02 7.119113039999999670e-02 -1.718512750000000117e-02 -2.397821199999999875e-02
5.738563849999999888e+01 6.596314670000000269e-02 1.080023779999999926e-02 -6.328986949999999834e-02 2.795267369999999973e-02 2.088016280000000099e-02 2.484339229999999940e-02
6.008370560000000182e+01 6.832115839999999829e-02 1.059174270000000015e-02 -5.879916069999999856e-02 4.928479040000000033e-02 1.505521360000000065e-02 1.767392770000000141e-02
6.278932749999999885e+01 6.074816529999999687e-02 7.955053970000000585e-03 -5.863707989999999981e-02 3.261907049999999975e-02 1.614444469999999979e-02 -1.482880469999999992e-02
6.547950099999999907e+01 6.352145080000000388e-02 8.294318239999999218e-03 -5.091061040000000038e-02 -4.964980170000000102e-03 1.402035140000000048e-02 5.122736030000000010e-03
6.818900410000000534e+01 6.501273870000000288e-02 6.703815369999999727e-04 -5.145559820000000090e-02 9.113604920000000637e-03 -6.901095960000000473e-02 -2.962203609999999876e-02
7.088556660000000420e+01 6.628339480000000616e-02 -5.577966390000000350e-03 -6.504848759999999619e-02 -1.219486369999999917e-02 -3.343217300000000253e-02 -2.882756239999999942e-02
7.358389160000000118e+01 6.544093859999999818e-02 -4.290509579999999927e-03 -6.183868649999999662e-02 4.375471549999999932e-02 2.586316619999999913e-02 -3.684793239999999831e-02
7.628330099999999447e+01 6.335671599999999348e-02 -2.961741620000000064e-03 -5.638087869999999779e-02 5.318910119999999825e-02 1.525768020000000010e-02 -7.533907689999999602e-02
7.898193849999999827e+01 7.036455980000000388e-02 -1.754709629999999868e-02 -5.747237489999999782e-02 1.178084580000000048e-01 4.956444060000000235e-02 -2.355812729999999869e-02
8.169766660000000513e+01 7.145392100000000357e-02 -8.223590960000000741e-03 -6.044087439999999700e-02 5.790102989999999783e-02 -2.119037790000000143e-02 -3.085450940000000059e-02
8.440455249999999410e+01 6.728900279999999734e-02 -1.485786620000000002e-02 -6.156285639999999754e-02 3.811760019999999721e-02 9.539100210000000038e-03 -2.967058029999999902e-02
8.711038849999999911e+01 5.686814109999999839e-02 -1.043176569999999977e-02 -5.956552390000000030e-02 3.645147199999999865e-02 1.747899799999999906e-02 -5.422911290000000106e-02
8.981004629999999622e+01 6.397969450000000335e-02 -1.229735919999999996e-02 -5.434419809999999768e-02 2.115076349999999925e-02 -1.529681809999999982e-02 -8.025469590000000597e-02
9.249962750000000256e+01 5.967583580000000026e-02 -7.994260240000000337e-03 -6.233865400000000029e-02 4.054850849999999673e-03 2.211729230000000074e-02 -5.273808399999999758e-02
9.519253689999999324e+01 6.332899440000000491e-02 2.918635990000000100e-03 -6.603400980000000142e-02 -5.413177360000000216e-03 1.852431959999999850e-02 -2.199277319999999938e-02
9.789232130000000609e+01 6.594681310000000130e-02 7.233242059999999730e-03 -6.282377910000000454e-02 1.918418070000000100e-02 -2.449586850000000024e-02 -4.227149840000000297e-02
1.005878850000000000e+02 6.553685970000000527e-02 2.837143580000000154e-03 -6.735776629999999654e-02 1.808785749999999859e-02 -3.367805360000000053e-02 -6.332051449999999936e-03
1.032987600000000015e+02 6.669275330000000446e-02 -1.380604570000000010e-03 -5.264939350000000240e-02 7.845461979999999308e-03 -2.644446199999999844e-02 -8.919640079999999194e-03
1.059899319999999960e+02 6.172211150000000285e-02 -5.064814540000000392e-03 -5.862537470000000334e-02 6.692780430000000447e-02 -2.873700090000000026e-02 -2.816519959999999947e-02
1.086855570000000029e+02 6.711601109999999759e-02 -2.263951149999999992e-03 -5.713473730000000195e-02 4.857024110000000144e-02 -2.267329560000000063e-02 -1.423680369999999994e-02
1.113959320000000019e+02 6.576275010000000310e-02 -1.617961580000000076e-03 -6.082672079999999759e-02 -1.993082850000000086e-02 -8.765242379999999695e-03 1.417382399999999980e-02
1.140935730000000063e+02 5.810499029999999926e-02 3.637123820000000111e-03 -6.484994260000000177e-02 4.063761989999999796e-02 1.165694069999999999e-02 1.194016479999999991e-02
1.167893380000000008e+02 5.242066239999999822e-02 2.402566999999999984e-03 -7.006658379999999853e-02 3.483781440000000007e-02 8.745148350000000667e-03 3.041083890000000067e-02
1.194891510000000068e+02 5.083186979999999855e-02 9.813123320000000007e-04 -6.633982739999999545e-02 1.814084440000000159e-02 -6.066594249999999675e-03 2.895023259999999869e-03
1.221855730000000051e+02 5.749961869999999781e-02 -2.746707149999999976e-03 -6.749359150000000529e-02 -9.592640140000000676e-03 1.422345250000000075e-03 -2.764855159999999885e-03
1.248913849999999996e+02 6.429008989999999979e-02 -2.299056839999999956e-03 -6.846269359999999915e-02 -2.006415950000000128e-02 -1.966767670000000093e-02 -3.581506219999999741e-02
1.275792759999999930e+02 5.668193939999999903e-02 5.081963140000000413e-03 -6.407628619999999886e-02 1.176746010000000002e-02 1.456281809999999954e-02 -3.825401850000000048e-02
1.302838069999999959e+02 6.703055389999999780e-02 2.099667090000000014e-03 -6.565646279999999557e-02 2.819842200000000076e-02 -2.988132550000000085e-03 -7.289426110000000320e-03
1.329774630000000002e+02 7.466433449999999861e-02 5.191621619999999904e-04 -6.305986730000000262e-02 7.186893749999999359e-02 -1.088804850000000060e-02 -2.319249069999999857e-02
1.356834169999999915e+02 7.736947080000000643e-02 1.520789689999999938e-04 -5.834178699999999912e-02 7.119894459999999425e-02 -3.729102980000000012e-02 -3.913626359999999860e-02
1.383842290000000048e+02 6.723807599999999385e-02 -5.517046460000000173e-03 -5.978913959999999916e-02 3.255939800000000328e-02 -2.720535480000000131e-02 -4.618869939999999813e-02
1.410776349999999866e+02 6.943333960000000471e-02 -2.503832540000000117e-03 -4.828974400000000250e-02 6.105118140000000138e-02 -2.879429370000000099e-02 -4.494102679999999878e-02
1.437837130000000059e+02 7.251330150000000196e-02 -3.538444449999999901e-03 -2.584848619999999958e-02 3.167492930000000151e-02 2.374446180000000170e-02 8.178857149999999715e-03
1.464884169999999983e+02 8.626607159999999386e-02 -9.379975860000000281e-04 9.424225730000000115e-05 -2.155068989999999948e-03 4.526740110000000011e-02 1.145576010000000106e-03
1.491927290000000141e+02 8.201272969999999496e-02 -2.055131850000000045e-03 2.010569870000000064e-02 -2.585475270000000061e-02 2.743009240000000154e-02 -3.173928950000000013e-03
1.519026039999999966e+02 7.716994539999999514e-02 -2.854846500000000030e-03 3.577648340000000315e-02 -7.666425779999999635e-03 1.515634960000000059e-02 -4.914629339999999902e-02
1.546082920000000058e+02 6.761393960000000591e-02 9.289099950000000421e-04 5.308165060000000213e-02 1.536992809999999932e-02 -1.850171680000000166e-02 -1.685366250000000163e-02
1.572960260000000119e+02 5.693453870000000222e-02 8.891775880000000369e-04 6.044427470000000163e-02 -1.816843760000000016e-02 -3.171409640000000078e-03 5.145582089999999748e-03
1.600085730000000126e+02 6.015468759999999943e-02 9.631718540000000278e-04 6.921621040000000558e-02 -1.002999230000000026e-03 3.715568999999999816e-02 -4.559166289999999622e-03
1.627040570000000059e+02 5.628334740000000280e-02 -1.477250229999999996e-03 6.112382339999999914e-02 -2.562738100000000116e-02 8.338690689999999142e-03 1.438926429999999937e-02
1.654139480000000049e+02 6.127552979999999899e-02 -7.986689389999999250e-03 5.787897709999999946e-02 -3.405675479999999838e-02 5.465299629999999936e-03 8.965547730000000479e-03
1.681071349999999995e+02 6.643359149999999991e-02 1.449352660000000070e-03 6.383091690000000651e-02 4.121509540000000207e-03 3.996565149999999761e-02 8.275332559999999671e-02
1.707996039999999880e+02 7.654191359999999722e-02 2.953043859999999847e-03 5.301176509999999675e-02 -1.514162049999999947e-02 2.281391480000000138e-02 5.850567260000000269e-02
1.735066669999999931e+02 7.317506329999999559e-02 6.068246040000000070e-03 4.847315149999999878e-02 2.292332269999999839e-02 -4.359919680000000179e-03 4.373077620000000165e-02
1.761994320000000016e+02 6.485997359999999545e-02 7.645983819999999619e-03 5.301363860000000289e-02 -3.373086820000000159e-03 -1.857227349999999999e-02 5.429637479999999822e-02
1.789020099999999900e+02 7.181126159999999536e-02 -2.949350019999999808e-03 5.152702790000000116e-02 -6.611303419999999854e-03 1.218341130000000086e-03 2.789178679999999855e-02
1.816025260000000117e+02 6.436221329999999852e-02 6.222349599999999620e-03 5.344637940000000059e-02 -2.684274689999999880e-02 -2.388187240000000031e-02 1.239892639999999949e-02
1.842998379999999941e+02 5.667566949999999770e-02 3.061261369999999839e-03 6.156809180000000215e-02 -4.336344940000000370e-03 -1.292519079999999987e-02 3.756941219999999915e-02
1.869965100000000007e+02 6.389115069999999619e-02 -7.999615820000000044e-03 7.194595419999999519e-02 -4.103417399999999965e-03 5.658187299999999954e-03 9.055549629999999628e-02
1.897055569999999989e+02 6.697434430000000216e-02 -4.074429420000000128e-03 6.689581960000000327e-02 -1.539819610000000075e-02 6.187266040000000134e-03 9.882398180000000198e-02
1.924101670000000013e+02 6.835867950000000526e-02 -2.408519960000000092e-03 6.666219630000000396e-02 -1.023766230000000034e-02 -1.464741620000000084e-02 6.539546949999999748e-02
1.951081819999999993e+02 6.923518809999999746e-02 -6.607225779999999909e-03 6.894215310000000041e-02 -2.328761400000000075e-03 -3.648306119999999986e-02 8.209603240000000468e-02
1.978023070000000132e+02 7.401328270000000209e-02 -1.527942239999999924e-02 6.716174849999999308e-02 -1.958349189999999962e-03 -4.298443099999999656e-02 2.099203969999999947e-02
2.004977759999999876e+02 6.908618560000000242e-02 -4.079348099999999602e-03 6.630217339999999737e-02 -4.298145219999999905e-02 -3.643659049999999761e-02 4.068364790000000147e-02
2.031976040000000125e+02 6.608829530000000230e-02 1.738641290000000005e-04 6.281017040000000384e-02 1.454402479999999942e-02 -2.161617189999999900e-03 3.394155100000000036e-02
2.058931509999999889e+02 7.184592030000000462e-02 2.420449170000000053e-03 6.291414169999999528e-02 1.485011939999999987e-03 -8.215088500000000335e-03 8.805653019999999664e-02
2.086008070000000032e+02 7.097280129999999909e-02 -2.443605059999999930e-03 6.512343439999999928e-02 -3.677513250000000178e-03 -1.365614029999999944e-02 5.172414880000000131e-03
2.113058540000000107e+02 7.137543070000000600e-02 3.118763890000000004e-03 6.412008539999999868e-02 -2.543162490000000150e-02 -1.304049539999999931e-02 -2.043406230000000164e-03
2.140091510000000028e+02 7.505336140000000433e-02 -1.010913920000000056e-02 6.726752950000000619e-02 -1.205939930000000070e-02 -1.037370689999999977e-02 6.951976599999999673e-02
2.167048230000000046e+02 7.067902980000000113e-02 7.124602000000000062e-04 6.998908399999999308e-02 8.050649000000000000e-03 -5.703250979999999887e-02 6.051079069999999727e-02
2.194048229999999933e+02 6.292379310000000003e-02 -6.115373149999999737e-03 7.247240530000000069e-02 -8.276848839999999957e-03 -7.191634320000000156e-03 8.422856410000000016e-02
2.221076349999999877e+02 6.236396419999999663e-02 -4.903621319999999957e-03 6.398274519999999632e-02 1.692360140000000049e-03 -1.339033599999999921e-02 -4.405728640000000293e-03
2.248024320000000102e+02 6.065196529999999919e-02 -6.914704649999999821e-03 6.072721510000000239e-02 -1.180841590000000080e-02 -4.575482869999999980e-02 6.008300779999999758e-02
2.275080419999999890e+02 6.397692539999999539e-02 -8.688726250000000650e-03 5.844426209999999816e-02 2.301956219999999956e-02 5.019437239999999766e-03 2.028831869999999857e-02
2.302043700000000115e+02 6.900409829999999689e-02 -3.669854580000000022e-03 6.262178609999999312e-02 2.606875499999999901e-02 8.328199249999999540e-03 3.261869249999999748e-02
2.329068069999999864e+02 6.431812439999999576e-02 -7.052461000000000320e-03 6.669271949999999727e-02 -1.938195380000000065e-02 -6.246321610000000156e-03 5.740750800000000292e-02
2.356194950000000006e+02 7.101867370000000679e-02 -1.109461689999999973e-02 6.373867240000000156e-02 -6.762220079999999890e-03 5.732459770000000038e-02 -8.776085169999999630e-03
2.383155419999999935e+02 5.924779740000000322e-02 -2.063914920000000167e-02 6.115172680000000027e-02 -4.037087450000000077e-02 1.713220660000000072e-03 9.439432399999999473e-03
2.410149010000000089e+02 6.155269490000000315e-02 -1.908679989999999965e-02 6.265578619999999377e-02 -1.605170540000000132e-02 3.383201540000000188e-03 8.797899079999999331e-03
2.437195260000000019e+02 5.517218000000000122e-02 -1.813457019999999836e-02 6.419844080000000619e-02 -1.037424340000000014e-02 -1.035960919999999973e-02 5.059938259999999938e-02
2.464099319999999977e+02 6.048818570000000228e-02 -8.308305619999999461e-03 6.686599960000000342e-02 -1.147836869999999988e-02 -4.785641709999999965e-02 6.509946540000000059e-02
2.491054479999999955e+02 5.382856980000000346e-02 -1.288644819999999920e-02 6.780799649999999512e-02 -1.139252089999999960e-02 1.414593830000000080e-02 4.215541999999999900e-02
2.518122600000000091e+02 5.034018140000000308e-02 3.309687400000000095e-03 6.478316709999999701e-02 4.739425110000000012e-04 -1.740749800000000042e-02 3.106058709999999848e-02
2.545029480000000035e+02 5.561293300000000328e-02 -1.232724059999999906e-03 7.411584690000000419e-02 -2.120718259999999911e-02 2.851809189999999963e-03 3.985880530000000116e-02
2.572122289999999794e+02 6.234237799999999691e-02 5.408052910000000265e-04 6.869032210000000638e-02 1.747637520000000153e-02 5.813379470000000319e-03 6.559319539999999837e-02
2.599020100000000184e+02 6.449499350000000020e-02 7.579962990000000365e-04 6.516814360000000583e-02 -3.354739649999999816e-03 -1.042591860000000037e-02 8.211047859999999476e-02
2.625961819999999989e+02 6.207152099999999756e-02 -8.004964419999999886e-03 5.490076609999999802e-02 5.239552060000000205e-02 1.584443190000000071e-02 8.342805000000000359e-02
2.653036349999999857e+02 6.346732989999999408e-02 -5.610254710000000047e-03 5.430922660000000318e-02 4.648187080000000353e-03 -3.917624509999999977e-02 7.153533550000000518e-02
2.680124559999999860e+02 5.620586360000000281e-02 -7.183496370000000408e-03 5.621909459999999831e-02 -2.053502129999999933e-03 -3.480828479999999864e-02 3.740619740000000054e-02
