# a=0.063262717367791, b=-147.9258177783899, c=0.0025412115140549594, xi=9.652227790326355
6.879543809999999482e-01 5.836772180000000115e-02 7.115406539999999695e-04 6.786908580000000635e-02 2.537371830000000007e-04 -2.649929379999999869e-03 2.793418380000000159e-02
3.394891799999999904e+00 6.150259680000000340e-02 -4.165503509999999784e-03 6.430222839999999440e-02 1.184817479999999978e-02 1.248778629999999952e-02 -1.475263289999999977e-02
6.108091329999999708e+00 6.165830919999999715e-02 -6.100113189999999998e-03 6.961299099999999906e-02 -5.338472290000000064e-03 1.858943780000000059e-02 -1.594905049999999994e-03
8.803018670000000157e+00 6.009511909999999679e-02 -4.128093569999999671e-03 5.951097729999999669e-02 1.367691639999999917e-02 1.703282119999999927e-02 1.019106690000000023e-02
1.150547459999999944e+01 5.474716250000000173e-02 3.588925450000000125e-03 6.256347029999999310e-02 -1.670690130000000023e-02 -1.147911849999999970e-02 4.503760429999999898e-02
1.421522620000000003e+01 5.668743629999999784e-02 -2.863431770000000008e-03 6.666899850000000682e-02 2.416863069999999891e-02 -1.628482529999999984e-02 5.196358580000000338e-02
1.691902770000000089e+01 5.969608369999999942e-02 1.279260890000000076e-03 5.687690010000000240e-02 1.020485850000000042e-02 -4.139322690000000029e-04 1.554226809999999931e-02
1.961373400000000089e+01 6.139470429999999840e-02 -8.632966969999999324e-03 3.982597730000000252e-02 -1.547180249999999951e-02 1.385592379999999943e-02 -8.460498869999999449e-03
2.231887619999999828e+01 5.986909769999999853e-02 -2.971412389999999733e-04 4.115038890000000116e-02 -2.484601590000000068e-02 -2.268842210000000109e-02 2.751960170000000098e-03
2.500899649999999852e+01 6.281917210000000085e-02 -1.062970509999999931e-02 3.279937220000000292e-02 8.655399940000000833e-03 -2.114552589999999996e-02 -6.806058060000000007e-03
2.770226209999999867e+01 7.487867619999999391e-02 -4.698757769999999979e-03 2.883137720000000098e-02 -1.620794429999999897e-02 -1.384117120000000027e-02 1.243905860000000044e-02
3.039937769999999873e+01 7.076632319999999476e-02 -1.098269099999999929e-02 2.259810989999999978e-02 -7.913182569999999832e-03 -3.391846949999999944e-02 -2.827900750000000157e-02
3.308615590000000140e+01 7.302981549999999766e-02 -1.811662559999999839e-02 2.094696750000000010e-02 -4.907559050000000374e-03 1.048886519999999919e-02 3.494831239999999801e-03
3.579365270000000265e+01 8.601369389999999338e-02 -1.115778400000000045e-02 -9.811791099999999863e-04 1.079236559999999928e-02 -4.457020740000000418e-03 -5.284174600000000194e-02
3.847990120000000047e+01 7.686929700000000310e-02 -9.707472459999999873e-03 -2.316965559999999841e-02 -1.341763399999999946e-02 -1.957570289999999852e-02 1.075351490000000035e-02
4.117626369999999980e+01 6.153990990000000189e-02 -1.192145210000000038e-02 -4.515398260000000330e-02 -2.030042120000000085e-03 -1.544492199999999982e-02 -2.191094949999999875e-02
4.386800120000000192e+01 6.781997050000000693e-02 -5.230875149999999682e-03 -4.915595340000000063e-02 6.469591499999999967e-03 -2.011432180000000125e-02 -6.586891220000000088e-03
4.655843399999999832e+01 7.475466079999999736e-02 -3.849524159999999796e-03 -5.243746099999999771e-02 -3.876922000000000094e-03 2.824629349999999844e-02 -3.005017580000000086e-04
4.926989960000000224e+01 6.079907019999999940e-02 -5.000661919999999571e-04 -5.871793720000000050e-02 -2.628015919999999832e-03 -1.493909350000000025e-02 -6.749475970000000380e-02
5.197408709999999843e+01 6.221216749999999851e-02 -9.366050689999999633e-05 -6.780549739999999770e-02 1.156363600000000040e-02 -1.874138109999999927e-02 -7.890777679999999572e-02
5.466597769999999912e+01 6.612548379999999559e-02 -1.340218309999999940e-02 -7.050161570000000599e-02 1.814681189999999954e-03 2.128612540000000136e-02 -5.004691669999999926e-02
5.737544650000000246e+01 6.669337059999999595e-02 -1.363635489999999971e-02 -5.446596769999999949e-02 2.148557239999999979e-02 9.558276489999999875e-03 -3.119779719999999854e-02
6.006727459999999752e+01 5.825423700000000038e-02 -9.191692980000000859e-03 -6.834991840000000096e-02 1.802225220000000169e-02 2.001224960000000039e-02 -5.441549579999999803e-02
6.277325429999999784e+01 5.476422639999999759e-02 -5.549246110000000294e-03 -5.391862979999999944e-02 3.754884139999999874e-03 1.618299390000000129e-02 3.832825819999999967e-02
6.547353710000000149e+01 5.568270420000000220e-02 -9.206586569999999567e-03 -4.866062389999999821e-02 -6.446276669999999841e-03 2.943255209999999858e-02 4.190592009999999888e-03
6.817502460000000042e+01 6.393309430000000682e-02 -8.541372800000000473e-03 -5.360541249999999786e-02 1.634360069999999873e-02 3.078919949999999947e-02 -3.474102529999999883e-02
7.086520899999999301e+01 6.448681200000000446e-02 7.369825780000000340e-04 -5.774131860000000088e-02 -5.555491769999999600e-03 1.998007280000000177e-03 -2.403394630000000101e-02
7.356513239999999598e+01 5.923199280000000094e-02 -9.885297330000000337e-04 -6.009857500000000130e-02 -2.473321980000000100e-03 -4.284854329999999989e-02 -4.728543830000000309e-02
7.626912299999999334e+01 5.338473559999999674e-02 -1.074503360000000039e-02 -6.520976679999999914e-02 3.519004569999999860e-02 1.739861430000000028e-02 -2.206630219999999865e-02
7.897565120000000150e+01 5.911403030000000197e-02 -6.656912889999999985e-03 -5.745333229999999985e-02 2.568262669999999900e-02 -3.640165979999999968e-02 7.552281390000000275e-03
8.168793870000000368e+01 6.411210039999999666e-02 3.698293400000000203e-03 -5.681256450000000263e-02 2.427506889999999848e-02 3.752980890000000291e-02 -2.129153599999999980e-02
8.439346679999999878e+01 6.516129240000000100e-02 -3.882141469999999834e-03 -5.730845820000000229e-02 3.526925410000000122e-02 7.068323149999999888e-02 -9.650307679999999347e-03
8.709447459999999808e+01 6.128552749999999910e-02 4.963745549999999847e-03 -5.352629140000000202e-02 -4.712021410000000361e-03 8.282658910000000041e-02 -3.917109369999999952e-02
8.979050119999999424e+01 6.198542220000000103e-02 3.366813990000000131e-03 -5.691996669999999786e-02 -1.395507619999999949e-02 2.390881599999999940e-02 -3.817691150000000061e-02
9.249775739999999757e+01 6.965320249999999713e-02 8.697304689999999297e-03 -5.139831899999999787e-02 1.126540600000000081e-03 -1.945307679999999997e-02 -6.233222459999999965e-02
9.519355899999999338e+01 7.060904269999999927e-02 1.006250900000000073e-03 -5.498770769999999919e-02 4.018673599999999721e-03 3.195434049999999748e-02 -1.644422150000000166e-02
9.788520900000000324e+01 7.918273800000000251e-02 -3.334078290000000010e-03 -5.789938769999999901e-02 -8.867076890000000558e-03 6.829966310000000311e-03 -1.666360880000000017e-02
1.005851750000000067e+02 7.062499310000000530e-02 -1.559876209999999999e-03 -5.978685279999999824e-02 -1.403400509999999874e-04 -8.158843469999999681e-03 2.607699249999999996e-02
1.032999709999999993e+02 5.345173629999999676e-02 -3.472545029999999939e-03 -6.325859200000000238e-02 2.589614679999999863e-02 -2.119468209999999814e-03 -2.817173480000000063e-02
1.060020959999999945e+02 5.965324450000000084e-02 2.088324370000000166e-03 -6.385830130000000326e-02 5.322103929999999657e-03 3.721184889999999690e-02 3.026679560000000019e-02
1.087063459999999964e+02 5.330379539999999944e-02 -1.170732340000000008e-03 -6.924795350000000071e-02 -4.482110190000000195e-03 -7.445053860000000175e-05 -1.012289499999999981e-02
1.114006430000000023e+02 6.041048680000000309e-02 1.986135229999999932e-03 -6.893248450000000194e-02 -5.079298200000000388e-03 8.208855379999999494e-03 2.328628790000000087e-02
1.141077059999999932e+02 6.022122220000000054e-02 1.358766809999999983e-03 -7.039417929999999823e-02 -1.931354990000000091e-02 -1.200843799999999975e-02 1.874835589999999941e-02
1.168025180000000063e+02 6.151965189999999972e-02 6.070239869999999836e-03 -7.152395879999999539e-02 -6.382272270000000254e-03 3.232922030000000280e-02 9.726575070000000045e-03
1.195040340000000043e+02 5.982827730000000316e-02 9.192707129999999963e-03 -6.341564219999999696e-02 8.125327999999999370e-03 9.956416540000000495e-03 -2.741235200000000094e-02
1.221841280000000012e+02 4.988321040000000262e-02 7.361228299999999711e-03 -5.993953020000000048e-02 4.760734970000000434e-03 5.112868030000000327e-03 3.923032509999999605e-03
1.248949250000000006e+02 4.997182640000000231e-02 -7.134644120000000053e-04 -5.570092580000000210e-02 -2.009190120000000149e-02 -3.366684419999999706e-02 -4.627444659999999620e-03
1.276008779999999945e+02 5.536026449999999904e-02 -2.893560280000000064e-03 -6.045940400000000131e-02 -1.648846610000000157e-02 -4.297990720000000042e-02 -2.499575620000000012e-02
1.303069710000000043e+02 5.933493790000000240e-02 -5.693277989999999573e-03 -6.441343720000000661e-02 -7.373377750000000008e-03 8.222422530000000115e-04 -3.659125230000000173e-02
1.330037370000000010e+02 6.586056780000000554e-02 4.490751480000000108e-03 -5.645103299999999769e-02 -1.671944590000000105e-02 5.996806420000000415e-04 -1.283984529999999957e-02
1.357104559999999935e+02 6.931081220000000209e-02 4.716639760000000334e-03 -4.351821670000000086e-02 1.337184769999999988e-02 2.812544350000000058e-03 -1.235074149999999989e-02
1.384133459999999900e+02 6.648562880000000175e-02 2.885775089999999786e-03 -4.290343580000000046e-02 -6.576150799999999630e-03 -1.576720560000000049e-02 -4.102808089999999963e-02
1.411156119999999987e+02 7.693402339999999562e-02 1.326236390000000084e-02 -4.201876470000000252e-02 -1.036093140000000044e-02 -3.804583949999999770e-02 -2.674051179999999833e-02
1.438104710000000068e+02 7.324252439999999476e-02 5.182571819999999725e-03 -2.621632249999999997e-02 1.627894269999999961e-03 5.001937280000000319e-03 -3.398713579999999845e-02
1.465015339999999924e+02 6.920165920000000137e-02 1.324970150000000062e-02 -2.048311680000000027e-03 2.454699089999999931e-02 2.916693069999999957e-02 3.035071939999999901e-04
1.492085810000000095e+02 7.000332459999999979e-02 1.362525690000000039e-02 1.362884120000000011e-02 -2.415807509999999894e-02 8.416525800000000668e-02 -3.198523999999999898e-03
1.519087370000000021e+02 6.669347069999999322e-02 1.870718919999999827e-02 2.642334119999999870e-02 -3.391907019999999828e-02 7.406170950000000308e-02 -2.347108519999999837e-02
1.546050339999999892e+02 6.203948749999999707e-02 1.904949159999999933e-02 3.710847510000000321e-02 -5.166716469999999700e-02 -9.215462319999999374e-03 -7.812752060000000475e-04
1.572987060000000099e+02 5.945426620000000134e-02 7.129660579999999755e-03 4.816650690000000290e-02 -6.000447150000000340e-02 -3.455790210000000279e-02 -1.695021080000000055e-02
1.600075180000000046e+02 6.888311269999999875e-02 3.262592219999999911e-03 5.852614550000000138e-02 -7.042816459999999557e-02 -1.562112379999999918e-02 -1.126059840000000027e-02
1.627005029999999977e+02 7.059242870000000114e-02 -6.434068129999999733e-03 6.548155610000000459e-02 -1.739131260000000012e-02 3.370067029999999908e-03 -2.636715519999999896e-02
1.654010179999999934e+02 6.192563799999999813e-02 -1.423752070000000071e-02 5.949499429999999950e-02 -3.139563289999999784e-02 -1.282822940000000016e-02 -1.140711770000000028e-02
1.680973459999999875e+02 5.958640230000000065e-02 -1.331074789999999938e-02 6.169504280000000229e-02 -1.896952539999999937e-02 5.655651539999999831e-03 2.659836449999999908e-02
1.707981120000000033e+02 6.570352100000000084e-02 -1.337836010000000020e-02 5.785270139999999783e-02 -1.301550339999999958e-02 3.126315460000000240e-02 1.555454000000000038e-02
1.735028930000000003e+02 4.962383170000000260e-02 -1.725661449999999972e-02 6.355565770000000392e-02 -1.852215249999999980e-02 2.697565039999999872e-02 4.258143970000000111e-02
1.762059710000000052e+02 5.012360550000000137e-02 -1.152987010000000069e-02 6.473286079999999998e-02 1.715325369999999919e-02 4.349641919999999717e-02 9.982794289999999404e-03
1.789001900000000091e+02 6.157105849999999769e-02 1.893739789999999957e-04 7.124815510000000185e-02 1.019010849999999954e-03 6.229960560000000029e-03 2.464212520000000003e-02
1.816141590000000008e+02 5.951117539999999789e-02 -7.199895169999999747e-03 5.804600449999999801e-02 -1.575342039999999902e-02 -1.603192209999999840e-02 9.971170830000000707e-03
1.843208620000000053e+02 6.238388219999999734e-02 3.555855799999999966e-03 6.156845190000000134e-02 -4.594563519999999950e-03 7.492210889999999929e-03 -6.811718470000000317e-03
1.870241750000000138e+02 5.991924929999999788e-02 4.617632729999999672e-03 6.315817760000000392e-02 -3.032248779999999894e-02 -1.798872660000000109e-02 -4.021539769999999715e-03
1.897316280000000006e+02 5.508667779999999736e-02 1.832521830000000086e-03 6.553090929999999537e-02 1.601552729999999869e-02 -4.400282350000000314e-02 -1.839672479999999999e-02
1.924362370000000055e+02 5.978483870000000228e-02 1.143029230000000042e-02 6.494773830000000192e-02 1.317234859999999973e-02 -2.325799820000000115e-02 -1.025214399999999949e-02
1.951388149999999939e+02 5.588994540000000177e-02 1.047112899999999916e-02 6.281949589999999417e-02 -3.990643040000000047e-04 -8.021444710000000602e-03 3.193248719999999818e-02
1.978459870000000080e+02 5.521603320000000037e-02 1.127257989999999946e-02 7.412224950000000090e-02 3.447062239999999778e-02 9.511666970000000679e-03 -1.382092879999999996e-02
2.005479400000000112e+02 4.276619489999999857e-02 6.069993210000000118e-03 8.015597780000000006e-02 1.834630450000000051e-02 3.113022580000000122e-02 -2.812484739999999983e-02
2.032529710000000023e+02 3.700002770000000024e-02 2.356887819999999977e-03 7.499352410000000024e-02 -8.621494110000000807e-03 2.760816350000000127e-02 -4.799762750000000078e-02
2.059564399999999864e+02 3.099211270000000115e-02 2.339505720000000129e-03 7.502330249999999978e-02 -2.361824540000000139e-02 -4.969694390000000371e-03 -3.516703310000000166e-02
2.086583620000000110e+02 3.609171070000000148e-02 3.134913410000000119e-03 8.495358179999999704e-02 3.652777529999999898e-03 -2.556818670000000123e-03 -4.176364989999999805e-02
2.113670500000000061e+02 4.801617379999999907e-02 5.673500760000000157e-03 7.536497440000000658e-02 -2.652772930000000043e-02 5.273013859999999692e-02 4.622650459999999746e-03
2.140718620000000101e+02 4.945579809999999660e-02 8.471545449999999533e-03 6.629115380000000224e-02 -3.621596009999999977e-02 -1.407474849999999951e-02 -1.801329579999999889e-02
2.167733310000000131e+02 4.329551029999999939e-02 -1.324820719999999933e-03 6.970265489999999398e-02 -2.255138549999999992e-02 -1.649692410000000095e-02 -2.172072400000000028e-02
2.194707370000000139e+02 4.964923150000000174e-02 -1.903657690000000067e-03 6.178754160000000245e-02 1.465024030000000067e-02 -1.433589380000000087e-02 1.674698430000000002e-02
2.221725649999999916e+02 5.856626990000000227e-02 -2.078706319999999957e-04 7.254134750000000575e-02 2.571694319999999825e-03 -2.636807860000000073e-02 5.737414259999999711e-02
2.248729089999999928e+02 5.992860450000000311e-02 -2.471887680000000188e-03 7.199234399999999978e-02 2.148484219999999972e-03 3.438132160000000048e-02 2.708884250000000160e-02
2.275709559999999954e+02 6.096575979999999811e-02 -5.347877770000000405e-03 5.192214989999999891e-02 -4.916564880000000304e-02 -7.756363680000000378e-03 3.504163660000000208e-02
2.302724709999999959e+02 6.411876930000000308e-02 7.615204870000000193e-04 5.241348869999999660e-02 -3.968131870000000255e-02 -1.737312380000000100e-02 -6.524529939999999979e-03
2.329632530000000088e+02 5.258893850000000147e-02 -3.149950319999999908e-03 4.966107880000000113e-02 -4.052531110000000270e-02 -2.382837980000000050e-02 -7.838712350000000620e-03
2.356573309999999992e+02 4.558007499999999768e-02 -1.196853660000000074e-03 5.842911650000000290e-02 8.269131449999999814e-03 -1.931291079999999938e-02 1.950593059999999879e-02
2.383539089999999874e+02 5.659511400000000192e-02 2.282767360000000079e-05 5.346239309999999828e-02 -2.067815480000000095e-02 2.550278250000000135e-02 4.209351649999999723e-02
2.410543460000000096e+02 5.929309549999999679e-02 1.389426059999999898e-04 5.636317040000000250e-02 -2.732683849999999887e-02 1.352810800000000049e-02 6.215632919999999895e-02
2.437552369999999939e+02 5.764966070000000081e-02 6.801974779999999667e-05 6.603723240000000660e-02 -4.209039159999999891e-02 -1.269753390000000030e-02 2.785220000000000057e-02
2.464578309999999988e+02 6.977364919999999582e-02 -6.440731649999999892e-03 4.904705570000000153e-02 -9.101949559999999995e-02 -4.919170269999999928e-02 3.421684519999999841e-02
2.491522999999999968e+02 6.702859710000000359e-02 -9.915706809999999191e-03 4.937293090000000051e-02 1.022365209999999934e-02 -3.324848679999999751e-02 -2.411945429999999991e-03
2.518430500000000052e+02 6.554704540000000357e-02 -2.830649470000000043e-03 5.408703220000000284e-02 -2.187226440000000077e-02 -1.058443750000000010e-02 4.020796349999999908e-02
2.545602210000000127e+02 6.306016820000000245e-02 -5.293669560000000343e-03 5.843624630000000125e-02 -3.505304010000000192e-02 2.956201420000000024e-02 1.447381669999999940e-02
2.572491749999999797e+02 5.736327380000000309e-02 1.034830630000000036e-02 6.434459039999999852e-02 -2.625486730000000171e-02 1.780099879999999871e-02 -1.735245690000000035e-02
2.599510960000000068e+02 5.778441510000000003e-02 8.140476029999999669e-03 5.538903619999999833e-02 -1.176102499999999960e-02 -6.445906650000000383e-03 -2.612697389999999939e-03
2.626537999999999897e+02 5.992879930000000188e-02 8.850110050000000242e-03 5.666826440000000131e-02 -2.149693919999999883e-02 -2.697257070000000020e-02 -5.015707640000000370e-03
2.653624249999999734e+02 5.678131320000000259e-02 -4.457588699999999980e-03 5.620027699999999987e-02 -1.130826140000000014e-02 -3.503719210000000306e-02 3.475385650000000111e-03
2.680505210000000034e+02 5.944710200000000166e-02 -4.660076429999999992e-03 6.543634669999999487e-02 -1.813836079999999991e-03 5.990018130000000079e-03 1.546931170000000015e-02
