# a=0.06602730445904399, b=-129.32123719244348, c=-0.003504943924439498, xi=8.528823333543128
6.649614839999999916e-01 6.462742439999999422e-02 -3.489218939999999807e-03 3.514968179999999887e-02 1.195046620000000080e-02 1.416137819999999971e-02 -1.726500649999999915e-02
3.367311159999999859e+00 7.191669450000000297e-02 -3.000863150000000149e-03 1.981871420000000036e-02 3.806103160000000318e-02 -1.447811880000000016e-02 5.372692109999999827e-02
6.067344600000000199e+00 7.134389609999999826e-02 -3.156090979999999838e-03 -4.784940700000000352e-03 3.424786219999999964e-02 1.300695990000000010e-02 7.080767279999999886e-02
8.769994600000000418e+00 7.034419840000000201e-02 -7.425227690000000234e-03 -2.518180160000000126e-02 1.011615830000000063e-02 -1.144802850000000045e-02 5.191772179999999681e-02
1.147545230000000060e+01 6.644241559999999880e-02 -3.967933709999999642e-03 -4.296197880000000163e-02 -1.318453969999999927e-02 -4.923680130000000071e-02 -8.152711639999999163e-03
1.418165849999999928e+01 6.973977459999999851e-02 -7.041343650000000259e-03 -3.872137900000000021e-02 -1.058532189999999984e-02 -2.430691189999999863e-02 2.917516240000000115e-03
1.688784439999999876e+01 8.036004970000000525e-02 -2.645123459999999989e-03 -4.134590579999999904e-02 -1.013121319999999922e-02 -6.201819859999999768e-02 2.268114239999999976e-02
1.958565850000000097e+01 7.938854559999999894e-02 -5.423513409999999911e-04 -4.489523050000000098e-02 -5.028745559999999760e-03 -4.570334689999999700e-02 -3.571999040000000021e-03
2.228603820000000013e+01 7.050174300000000560e-02 2.225360000000000012e-03 -5.121337769999999984e-02 1.605114129999999847e-02 -5.470950389999999774e-03 4.222666810000000152e-03
2.498529130000000009e+01 6.088126779999999960e-02 -3.154559920000000149e-03 -5.966153460000000325e-02 -9.278884660000000228e-03 -3.069551929999999977e-03 3.777420039999999923e-02
2.768398350000000008e+01 6.471261089999999494e-02 -5.401854589999999710e-06 -5.975729030000000164e-02 -2.380355730000000003e-02 -2.304124960000000083e-02 3.283557370000000225e-02
3.038554440000000056e+01 6.140402670000000285e-02 9.332615179999999983e-05 -6.737823619999999680e-02 -1.424666219999999942e-02 1.544307349999999961e-02 2.255851000000000037e-02
3.309227570000000185e+01 5.614248089999999969e-02 2.818979169999999857e-03 -7.049403949999999419e-02 -3.206352679999999872e-02 8.847410829999999282e-03 6.558013409999999786e-03
3.579661629999999661e+01 5.595081620000000311e-02 1.481431359999999930e-03 -7.201005450000000363e-02 -3.466659589999999957e-02 3.314855309999999861e-02 -5.218303819999999676e-02
3.849441010000000318e+01 7.040920339999999500e-02 -1.831025999999999921e-03 -7.363405039999999790e-02 -9.280074920000000796e-03 7.293247590000000169e-02 -5.765441260000000318e-02
4.118790229999999752e+01 7.092108939999999806e-02 -2.567386640000000105e-03 -7.375010910000000253e-02 2.037417990000000081e-02 2.389741630000000172e-02 -6.171074239999999739e-02
4.387820070000000072e+01 6.528268589999999816e-02 -7.070879690000000245e-03 -7.010542509999999339e-02 3.728519620000000229e-02 -7.838792310000000305e-03 -4.395204729999999810e-02
4.658771939999999745e+01 6.416320759999999401e-02 -8.743413199999999427e-03 -6.532726980000000405e-02 3.085241459999999922e-02 -1.658345980000000075e-03 -4.258074290000000289e-02
4.928209439999999830e+01 6.346696720000000180e-02 -6.888978880000000415e-03 -6.797187189999999435e-02 2.391360920000000154e-02 4.154397209999999979e-02 -2.933645000000000003e-02
5.198550379999999649e+01 6.672183989999999620e-02 -3.206967270000000026e-03 -6.628946600000000522e-02 1.833765279999999970e-02 -7.819050830000000285e-03 -2.028818120000000155e-02
5.468012410000000045e+01 6.350103320000000107e-02 -5.101279900000000103e-03 -6.964064450000000128e-02 1.082402879999999970e-02 -1.805498740000000078e-03 1.011668899999999989e-02
5.737695690000000326e+01 6.755447589999999392e-02 1.477819580000000075e-03 -6.960898259999999393e-02 9.224376339999999785e-03 3.419975790000000238e-02 3.109615409999999872e-02
6.006446629999999942e+01 6.626876969999999367e-02 3.555928830000000020e-03 -7.130771349999999453e-02 5.867931590000000086e-03 4.100699199999999905e-02 -1.289909170000000035e-02
6.276836480000000051e+01 6.515004520000000632e-02 3.476475440000000115e-03 -6.535477289999999662e-02 1.175731500000000082e-02 4.139139260000000015e-02 -4.744158190000000164e-02
6.546666009999999858e+01 6.422800709999999802e-02 4.298380699999999888e-03 -6.645529079999999700e-02 2.834705400000000000e-02 3.043443330000000085e-02 -4.247195559999999981e-02
6.817094129999999552e+01 6.171184119999999912e-02 -4.537892239999999876e-03 -6.811423519999999787e-02 1.896919940000000096e-02 -2.842898029999999833e-03 -4.057919749999999715e-02
7.087235850000000426e+01 6.150807369999999885e-02 -6.164912560000000187e-03 -6.333059409999999834e-02 2.191775129999999974e-02 1.678041799999999834e-02 -4.063465869999999952e-02
7.357677099999999371e+01 6.822598450000000314e-02 -3.609014429999999815e-03 -6.072364470000000264e-02 -5.008538160000000107e-03 8.556479190000000623e-03 -4.005511300000000330e-02
7.627193660000000364e+01 6.995286430000000055e-02 -1.917694759999999951e-03 -7.361709739999999780e-02 -2.718502690000000090e-03 -9.820716099999999768e-03 7.767601919999999639e-03
7.895976790000000278e+01 6.286176940000000324e-02 -4.376482719999999840e-03 -8.012153549999999347e-02 3.182556889999999666e-02 3.016596309999999836e-02 3.055656080000000024e-02
8.165735229999999945e+01 5.597582370000000335e-02 -7.144007429999999978e-03 -8.141755130000000173e-02 5.549407089999999765e-02 2.068138430000000111e-02 5.664600910000000371e-03
8.434925230000000340e+01 5.423589169999999682e-02 -1.035959480000000002e-02 -7.623105750000000458e-02 4.770140120000000011e-02 -3.357419150000000296e-02 -5.620176499999999901e-03
8.705113660000000664e+01 5.696151199999999887e-02 -6.164492510000000279e-03 -7.173752919999999700e-02 3.400224649999999960e-02 -5.348159940000000306e-02 1.755179830000000094e-02
8.974872569999999428e+01 5.626097179999999670e-02 -6.291718719999999689e-03 -6.473800929999999620e-02 1.042618420000000073e-02 -4.854898679999999911e-02 2.234142019999999992e-02
9.245173660000000382e+01 5.160914169999999968e-02 -8.067773420000000362e-03 -6.901958469999999735e-02 1.254808890000000052e-02 -1.158059799999999924e-02 1.354773310000000064e-02
9.515510070000000553e+01 6.278783089999999401e-02 -7.889738130000000654e-03 -6.396881140000000576e-02 2.472880120000000084e-02 -1.140765850000000081e-02 4.334712089999999754e-03
9.785978350000000603e+01 6.500345089999999548e-02 -8.435630019999999655e-04 -6.387329240000000352e-02 1.422534980000000025e-02 1.423477000000000076e-02 -2.037974609999999853e-02
1.005682910000000021e+02 6.675825550000000219e-02 5.510541559999999591e-04 -6.476516969999999984e-02 1.146749509999999949e-05 1.370383579999999955e-02 -2.346561339999999989e-03
1.032753850000000000e+02 7.410677770000000109e-02 7.659933709999999611e-03 -7.252159610000000201e-02 1.786921320000000105e-02 -1.109400900000000016e-02 6.119822970000000049e-03
1.059748689999999982e+02 7.128905779999999970e-02 3.159176239999999776e-04 -7.045693320000000204e-02 4.597027819999999904e-02 4.301128020000000163e-02 -1.018863440000000037e-02
1.086764320000000055e+02 6.823776360000000096e-02 -1.600834649999999986e-03 -6.716269419999999768e-02 3.932596750000000307e-02 -1.283548150000000075e-03 -3.524594190000000099e-02
1.113748850000000061e+02 6.058070740000000287e-02 -4.917839789999999683e-03 -6.596596899999999930e-02 -4.502919860000000225e-03 -4.608360889999999735e-04 -1.449208729999999952e-02
1.140702600000000047e+02 6.297544659999999850e-02 3.162925449999999961e-03 -6.902698799999999746e-02 2.558963919999999830e-03 7.892287099999999167e-03 -1.298758990000000065e-02
1.167746350000000035e+02 5.956041649999999771e-02 -2.956748659999999893e-03 -5.999780589999999941e-02 -1.202583410000000047e-02 -1.639851260000000158e-02 -4.221647459999999796e-02
1.194725729999999970e+02 6.567485850000000236e-02 -5.629523420000000049e-03 -5.455144220000000127e-02 -2.963227530000000012e-02 5.693177689999999631e-03 -4.680334230000000179e-02
1.221746349999999950e+02 6.860990819999999990e-02 -6.041683949999999623e-03 -4.627631189999999867e-02 -2.902935400000000027e-02 1.601417869999999938e-02 -6.335012880000000235e-02
1.248709319999999963e+02 7.773162699999999758e-02 -6.766450040000000082e-03 -4.388944379999999701e-02 2.937923729999999956e-03 5.775876729999999785e-03 -5.336380990000000324e-02
1.275656039999999933e+02 8.102608579999999450e-02 -1.348065000000000071e-03 -1.647311640000000132e-02 2.486957350000000046e-03 2.412279679999999871e-02 -2.489098730000000037e-02
1.302621980000000121e+02 8.521099179999999662e-02 3.681050500000000118e-03 5.563142830000000240e-03 -7.728898110000000099e-03 4.163717980000000013e-02 -3.330177439999999767e-02
1.329724940000000117e+02 8.703090030000000532e-02 6.000756010000000279e-03 2.522399079999999849e-02 -1.685628089999999940e-02 2.282613899999999876e-02 -2.974696589999999835e-02
1.356668380000000127e+02 7.312133949999999327e-02 5.510953239999999767e-03 3.801723669999999833e-02 1.795444250000000075e-03 -4.055249560000000176e-04 -5.511348950000000135e-02
1.383707909999999970e+02 6.463254899999999747e-02 8.969724349999999569e-03 5.457030460000000111e-02 -3.844148639999999967e-03 -1.065025319999999935e-02 -7.215117170000000246e-02
1.410748539999999878e+02 6.892514219999999747e-02 7.049349110000000321e-03 5.123037920000000217e-02 -2.495929930000000130e-02 1.031555510000000016e-02 -3.202009709999999870e-02
1.437884479999999883e+02 6.552273999999999599e-02 3.258864770000000164e-03 5.595630749999999654e-02 -1.797813519999999846e-02 -2.252170400000000003e-02 2.158095209999999833e-02
1.464877909999999872e+02 5.964968469999999690e-02 -1.425579130000000083e-03 5.415624229999999734e-02 -2.967206069999999904e-02 -2.040424979999999958e-02 2.597306660000000059e-02
1.491877910000000043e+02 5.894232700000000269e-02 -2.080766039999999793e-03 5.201350879999999677e-02 -2.391937330000000125e-02 9.082236909999999441e-03 -1.814539670000000007e-02
1.518862909999999999e+02 6.132006460000000159e-02 -3.567710459999999875e-03 5.498154639999999760e-02 -8.552995650000000307e-04 -3.256924409999999853e-02 -3.888394309999999854e-02
1.545839939999999899e+02 5.833337250000000113e-02 -1.423584699999999896e-03 5.476734109999999850e-02 1.792397949999999934e-02 -1.720506260000000121e-02 -2.440124559999999956e-02
1.572826349999999991e+02 6.245119310000000340e-02 -8.268485370000000154e-03 5.520240609999999687e-02 -4.254828799999999661e-02 3.881493650000000101e-02 1.996357329999999888e-02
1.599794009999999957e+02 6.889400179999999319e-02 -3.840503979999999873e-03 5.383796130000000069e-02 -5.474691470000000310e-02 3.851121190000000166e-02 -1.011996889999999989e-02
1.626785260000000051e+02 7.293198859999999728e-02 -4.257086749999999808e-03 5.770372909999999661e-02 -4.822581709999999855e-02 2.157262019999999988e-02 -1.333874730000000029e-02
1.653738380000000063e+02 7.208629169999999919e-02 -7.296949250000000359e-03 5.831258930000000201e-02 -3.425262140000000233e-02 5.481774439999999998e-02 1.236135209999999996e-03
1.680637440000000140e+02 6.950499400000000050e-02 -3.750486410000000020e-03 6.171314309999999942e-02 -9.921567089999999700e-03 4.224387150000000202e-02 4.435929389999999917e-02
1.707655729999999892e+02 6.097209130000000310e-02 2.443654920000000192e-03 7.310205529999999619e-02 -3.300695180000000339e-02 -2.185836790000000168e-02 3.099667719999999946e-02
1.734510730000000081e+02 5.951754530000000210e-02 -2.541605680000000268e-04 7.454994219999999672e-02 2.733605810000000122e-02 -5.894197500000000062e-02 -4.438593579999999816e-02
1.761439479999999946e+02 5.769393920000000231e-02 5.157393589999999944e-03 6.750009460000000461e-02 3.711811460000000087e-03 -4.774179249999999791e-03 -6.968432509999999969e-02
1.788332289999999887e+02 6.100334930000000239e-02 3.416682979999999866e-03 7.043938869999999408e-02 3.559318840000000317e-02 2.050692730000000172e-02 -2.585769909999999921e-02
1.815365099999999927e+02 6.053576389999999752e-02 3.882656630000000039e-03 6.455748499999999779e-02 -6.814555130000000266e-03 2.134097819999999923e-03 1.782548479999999935e-02
1.842346039999999903e+02 5.741286350000000122e-02 2.195512450000000094e-03 7.620044439999999752e-02 -3.048578580000000163e-02 -7.803413409999999592e-03 3.393191759999999828e-03
1.869379790000000128e+02 6.047492480000000309e-02 1.879279229999999924e-03 7.232101770000000374e-02 -2.177926180000000142e-02 1.903681249999999991e-02 2.979212889999999919e-02
1.896502910000000099e+02 6.105675110000000072e-02 3.050467329999999831e-03 6.874740940000000078e-02 -4.070547480000000218e-02 3.132577850000000177e-03 1.948893009999999940e-02
1.923508229999999912e+02 7.004569060000000180e-02 6.236228400000000047e-03 6.436710180000000669e-02 -3.098554339999999921e-02 3.786991700000000294e-02 -2.244758919999999963e-02
1.950403070000000127e+02 6.976076829999999784e-02 5.206490620000000374e-03 5.862355860000000030e-02 2.661813210000000055e-02 2.088693980000000047e-02 2.125282059999999973e-02
1.977331979999999874e+02 7.538547269999999745e-02 7.012695139999999654e-03 5.548821679999999673e-02 4.555064159999999696e-02 -1.316470179999999941e-02 3.565657970000000315e-02
2.004319010000000105e+02 6.545582160000000538e-02 7.909692890000000198e-03 5.542248179999999941e-02 4.365590829999999728e-02 -1.328307340000000085e-03 4.225649780000000078e-02
2.031317439999999976e+02 5.565151869999999945e-02 5.772202869999999708e-03 5.873343350000000129e-02 2.707106329999999991e-02 -1.521292869999999950e-02 -8.067468859999999548e-03
2.058336979999999983e+02 5.632890759999999858e-02 3.181645070000000027e-03 5.721455520000000294e-02 1.552220560000000006e-02 3.717516399999999839e-03 -4.612897309999999980e-03
2.085318379999999934e+02 5.739499230000000285e-02 -9.303503389999999819e-04 6.221059539999999888e-02 -1.954663150000000155e-02 -1.895936930000000076e-02 -9.194014400000000489e-03
2.112292600000000107e+02 6.017005839999999689e-02 5.136898729999999670e-03 6.166932149999999890e-02 -2.179773620000000078e-02 4.853149519999999661e-02 1.250715609999999978e-02
2.139273689999999988e+02 5.863095930000000039e-02 9.122591960000000708e-03 6.373210740000000152e-02 1.835374569999999967e-03 4.166216119999999884e-02 6.533845369999999320e-02
2.166300730000000101e+02 6.268789160000000360e-02 8.901229329999999634e-03 6.403685300000000469e-02 1.400756719999999948e-02 -4.044846070000000099e-03 6.726678769999999696e-02
2.193331190000000106e+02 6.811009079999999494e-02 7.449926790000000257e-03 6.747184790000000654e-02 -2.510822689999999899e-02 -6.010615679999999766e-02 2.023851230000000070e-02
2.220332129999999893e+02 7.194745869999999432e-02 5.317668949999999894e-03 6.274133590000000038e-02 -5.654405740000000014e-02 -1.889683229999999936e-02 2.275119230000000048e-02
2.247312760000000083e+02 7.554634479999999819e-02 8.103405359999999585e-03 6.435823170000000426e-02 -5.254611950000000198e-02 -5.810898529999999895e-02 6.739981559999999594e-02
2.274302130000000091e+02 8.110086010000000512e-02 5.858107100000000018e-03 6.570388500000000354e-02 -3.783019110000000046e-02 -3.176830299999999774e-02 7.956592340000000207e-02
2.301241510000000119e+02 6.730583630000000483e-02 2.444085679999999806e-03 6.552070340000000492e-02 -4.807914350000000274e-03 -9.912026259999999825e-03 -1.044421299999999961e-04
2.328317600000000027e+02 5.918699300000000024e-02 7.327237569999999790e-03 6.325544399999999401e-02 -2.385426490000000163e-02 1.804963149999999975e-03 3.575624810000000136e-03
2.355266509999999869e+02 5.733323359999999841e-02 -1.533819520000000050e-04 7.097257090000000379e-02 -1.654293760000000169e-02 3.090132879999999901e-02 -5.097040969999999671e-02
2.382288069999999891e+02 5.148767139999999715e-02 -2.525941500000000034e-03 7.272533850000000022e-02 -1.215149800000000016e-02 1.313669620000000073e-02 -1.250388459999999917e-02
2.409400730000000124e+02 3.982251569999999824e-02 -2.532081170000000016e-03 7.375188970000000344e-02 -3.259878260000000083e-02 -4.267596129999999717e-03 1.214745790000000027e-02
2.436460879999999918e+02 3.827349149999999950e-02 -6.465348620000000227e-03 7.526164239999999506e-02 -1.065719560000000059e-02 -3.707759229999999656e-02 3.194118919999999751e-02
2.463497439999999870e+02 4.004496369999999833e-02 -3.063742270000000163e-03 7.299288090000000118e-02 -1.299517310000000009e-02 -6.123405579999999931e-02 3.040125399999999908e-02
2.490513229999999965e+02 5.043151729999999916e-02 -1.450275380000000001e-03 7.082622410000000146e-02 -1.800923070000000001e-02 -2.822298919999999961e-02 2.336120729999999895e-02
2.517488069999999993e+02 5.828680919999999765e-02 -4.082565160000000142e-04 7.138244750000000138e-02 3.064576130000000193e-03 -3.336062070000000036e-03 -3.925979229999999875e-02
2.544455729999999960e+02 6.414637430000000307e-02 -1.000210099999999892e-03 6.592055880000000090e-02 2.415125359999999860e-02 2.312400569999999850e-02 -5.680070129999999912e-02
2.571411659999999983e+02 6.810060649999999383e-02 -1.747874159999999967e-03 6.384125590000000461e-02 2.258326609999999901e-02 1.570361860000000012e-02 -1.288483760000000075e-02
2.598421819999999798e+02 6.743615910000000380e-02 -3.611349829999999962e-03 5.262160059999999862e-02 1.140267789999999982e-02 -4.009265299999999893e-02 2.141840240000000145e-02
2.625379159999999956e+02 6.355150989999999722e-02 -7.784318880000000093e-03 5.217582109999999856e-02 1.039055120000000054e-02 -1.804302839999999929e-03 -9.847377880000000860e-03
2.652456660000000284e+02 5.954959490000000244e-02 -5.306830149999999628e-03 5.251096489999999839e-02 2.217116870000000045e-02 -1.380744140000000030e-02 -2.191886139999999969e-02
2.679413969999999949e+02 6.316450910000000196e-02 -2.793910589999999954e-03 5.113237400000000127e-02 -2.179968000000000010e-03 -5.132262030000000379e-04 -2.986362799999999970e-02
