# a=0.057235585386646276, b=-149.35634421889108, c=-0.0022367214544583586, xi=7.803240009520087
6.881849920000000509e-01 6.264194450000000469e-02 -1.237655720000000077e-02 5.669551340000000134e-02 -1.394845360000000062e-02 1.723265350000000029e-02 -1.168463840000000080e-02
3.383002939999999903e+00 6.831431329999999857e-02 -1.004656949999999972e-02 5.047901970000000238e-02 4.209098289999999715e-02 8.376975470000000770e-03 -7.687300059999999970e-04
6.074280120000000061e+00 7.350361029999999407e-02 -1.138250489999999976e-02 4.282337719999999848e-02 6.610109999999999597e-02 3.977254899999999732e-02 5.060344690000000145e-02
8.785309650000000303e+00 8.063882360000000638e-02 -1.184200860000000043e-02 3.097336020000000106e-02 7.354909680000000505e-02 2.186719350000000065e-03 5.730057129999999860e-02
1.147857499999999931e+01 8.130220150000000423e-02 -1.332199589999999954e-02 1.901005689999999901e-02 3.484225469999999852e-02 2.278650219999999935e-02 6.523809029999999565e-02
1.418126400000000054e+01 7.902929629999999595e-02 -6.200948549999999934e-03 3.010118799999999834e-03 1.911889069999999843e-02 -2.541867080000000112e-02 3.817123690000000236e-02
1.686852179999999990e+01 7.903854559999999585e-02 -1.226352149999999919e-02 -1.569015779999999999e-02 -7.339318560000000422e-03 -3.049795289999999992e-02 3.797984320000000191e-02
1.955766720000000092e+01 7.479821100000000333e-02 -2.039405450000000147e-02 -2.828896079999999869e-02 1.220773300000000013e-02 -3.349944850000000085e-02 -1.933755930000000123e-02
2.225161560000000094e+01 7.304198409999999864e-02 -1.709878960000000073e-02 -3.892935139999999933e-02 -7.454969169999999846e-03 -2.074679499999999843e-02 -1.944247080000000016e-02
2.494611250000000169e+01 6.905687439999999566e-02 -1.893230389999999916e-02 -4.798546260000000063e-02 2.603589939999999964e-02 1.030289180000000006e-02 -2.488389380000000095e-02
2.764074060000000088e+01 6.518648720000000396e-02 -1.508554779999999977e-02 -6.224717409999999673e-02 1.521083280000000079e-02 3.142645320000000270e-02 -2.370154739999999829e-02
3.035412970000000144e+01 6.567533790000000538e-02 -2.190024540000000061e-02 -5.778144720000000234e-02 -1.024218189999999938e-02 6.118919899999999967e-02 -3.987126829999999844e-02
3.304518430000000251e+01 5.562280580000000113e-02 -1.784482470000000112e-02 -5.571740890000000113e-02 7.111369850000000270e-03 3.040648329999999858e-02 -4.802652259999999748e-04
3.574255310000000208e+01 4.928482070000000242e-02 -1.755153549999999979e-02 -6.210079820000000139e-02 1.843520950000000075e-02 4.264013789999999970e-02 1.342326330000000005e-02
3.845609840000000190e+01 5.578352959999999944e-02 -1.111279140000000047e-02 -6.380877980000000671e-02 -2.445862749999999988e-02 1.312477400000000051e-02 -1.896682289999999937e-03
4.116050150000000230e+01 6.248993020000000176e-02 -7.481125939999999641e-03 -5.573417449999999718e-02 2.114484980000000056e-02 3.424727909999999986e-02 -2.088461910000000143e-02
4.387138120000000185e+01 6.092297690000000182e-02 -3.768585059999999837e-03 -5.570359150000000342e-02 -1.129488149999999941e-03 1.186150090000000039e-02 -1.694130250000000157e-02
4.657515779999999950e+01 6.270802339999999309e-02 6.965948179999999733e-03 -6.745204130000000131e-02 1.338863910000000039e-02 -1.057523250000000012e-02 -8.986348999999999379e-03
4.929056250000000006e+01 5.776775220000000127e-02 5.403135699999999687e-03 -6.965650589999999864e-02 4.051371179999999766e-02 5.753782999999999814e-02 -7.040610979999999651e-03
5.198315149999999818e+01 5.838414499999999840e-02 8.524389190000000380e-03 -5.878521090000000254e-02 2.434656500000000057e-02 -2.147222920000000160e-02 3.710919189999999784e-02
5.468811399999999878e+01 4.940450240000000132e-02 5.179425839999999767e-03 -5.867831789999999881e-02 1.617619459999999898e-02 -1.798228140000000114e-02 2.595242440000000012e-02
5.739433590000000152e+01 4.043059660000000027e-02 9.545906640000000748e-03 -6.423706170000000049e-02 -3.008854680000000101e-02 -3.213611759999999984e-02 2.326604159999999880e-02
6.010163899999999870e+01 4.171034860000000233e-02 9.007291690000000448e-03 -7.116874719999999321e-02 -2.524295760000000097e-02 -6.343071529999999569e-02 3.217630860000000176e-02
6.281196719999999800e+01 4.480550559999999655e-02 -1.035547369999999983e-03 -6.110834350000000220e-02 -1.898841459999999967e-02 2.434568709999999914e-02 -7.735085319999999640e-03
6.550782649999999308e+01 4.899747880000000083e-02 5.866560140000000138e-03 -6.839994169999999429e-02 1.760054559999999976e-02 1.908293999999999963e-02 -6.208942850000000353e-03
6.820934839999999610e+01 5.332192499999999918e-02 5.860493849999999678e-03 -5.965316689999999866e-02 -1.750271540000000042e-02 -3.388010710000000092e-03 8.618745290000000281e-03
7.091094370000000424e+01 5.418945020000000279e-02 2.301878549999999794e-03 -6.006070570000000136e-02 -1.357761660000000046e-03 3.265428930000000094e-03 -1.356059280000000006e-02
7.361330929999999739e+01 5.307433599999999974e-02 2.252841910000000052e-03 -5.551921449999999703e-02 -9.037701430000000258e-02 -1.176467460000000034e-02 2.152394009999999969e-02
7.630509059999999977e+01 5.956887949999999793e-02 4.610866300000000134e-04 -5.277890779999999671e-02 -5.851901109999999712e-02 -1.591181309999999951e-03 7.750177210000000483e-02
7.900330619999999726e+01 6.884916409999999876e-02 3.883551869999999837e-03 -5.390677950000000163e-02 -2.884714140000000163e-02 -3.426758309999999863e-02 5.616278730000000274e-02
8.169295309999999688e+01 6.365986769999999739e-02 1.444942519999999932e-02 -4.810970870000000343e-02 4.150607889999999994e-02 -9.557273789999999256e-03 3.816030559999999960e-02
8.440333590000000186e+01 6.908369359999999570e-02 1.271441469999999921e-02 -5.566599330000000095e-02 4.947327709999999740e-02 1.461819680000000024e-02 -4.522884349999999921e-03
8.709100150000000440e+01 6.142606679999999819e-02 1.423349959999999949e-02 -4.767439019999999972e-02 7.744634599999999924e-02 1.526102250000000056e-02 1.813710730000000007e-02
8.980794369999999560e+01 5.520842389999999766e-02 1.465954229999999990e-02 -5.615583860000000066e-02 4.820216859999999770e-02 1.782989579999999866e-02 -3.493371110000000057e-02
9.250444530000000043e+01 4.884304829999999709e-02 1.447194490000000035e-02 -5.395415550000000338e-02 3.095299849999999867e-02 6.433562260000000310e-02 -1.025931970000000006e-02
9.521221400000000301e+01 5.535437759999999735e-02 1.277714379999999976e-02 -5.703614409999999829e-02 -1.984966449999999924e-02 5.628205220000000175e-02 2.914243930000000142e-03
9.792241719999999816e+01 6.092572799999999844e-02 6.787740369999999829e-03 -5.481844019999999873e-02 -7.037010679999999678e-03 4.770554929999999694e-02 -4.615979159999999970e-02
1.006183560000000057e+02 7.162462340000000371e-02 3.748240639999999950e-03 -6.159523759999999820e-02 2.116707409999999887e-02 2.925743819999999940e-02 4.141803369999999714e-03
1.033217779999999948e+02 6.254331200000000368e-02 1.860144530000000041e-03 -5.595128719999999806e-02 3.752419810000000300e-02 -8.084267449999999952e-03 2.678801889999999838e-02
1.060141689999999954e+02 5.075912390000000135e-02 -4.935602429999999888e-03 -6.375541849999999400e-02 4.867855709999999864e-02 -1.133731550000000032e-02 2.317530350000000100e-02
1.087094029999999947e+02 4.645889470000000299e-02 -4.172654470000000324e-03 -6.402951399999999571e-02 5.995217700000000233e-02 -1.489319189999999994e-02 2.106734429999999880e-02
1.114261220000000066e+02 6.027655240000000247e-02 2.489283740000000091e-04 -6.906529579999999557e-02 4.602098679999999664e-02 -6.204973250000000214e-05 -2.615327510000000147e-02
1.141228720000000010e+02 6.030066900000000119e-02 6.271263370000000267e-03 -6.589258389999999577e-02 3.663816990000000329e-02 4.323480059999999965e-03 2.349694370000000171e-02
1.168239970000000056e+02 4.973967070000000212e-02 5.571693620000000083e-03 -7.017424199999999779e-02 2.183309350000000107e-02 -5.611714240000000020e-02 4.083501240000000226e-02
1.195117000000000047e+02 3.569575690000000023e-02 1.145469370000000084e-02 -6.601140390000000135e-02 4.424768409999999680e-02 -4.248649229999999777e-02 3.609463699999999886e-02
1.222165590000000037e+02 4.538861400000000074e-02 7.895856209999999736e-03 -7.044649179999999677e-02 3.134107240000000034e-03 -2.868835520000000139e-02 2.760431039999999836e-02
1.249042160000000052e+02 4.410461079999999923e-02 1.111697650000000037e-02 -6.635245569999999316e-02 1.281359519999999974e-02 2.129111050000000172e-03 -2.321374470000000037e-02
1.276010909999999967e+02 4.885368789999999795e-02 -2.895483569999999802e-03 -6.105236619999999947e-02 6.608293450000000263e-03 2.564590380000000142e-02 -3.854214549999999961e-02
1.302964499999999930e+02 5.767831240000000081e-02 -2.349832940000000196e-03 -5.379463129999999954e-02 3.006969379999999831e-02 1.494339469999999941e-02 -7.915279599999999749e-02
1.330000589999999931e+02 5.737556419999999963e-02 1.650720010000000012e-03 -6.123138709999999957e-02 -1.067146149999999988e-02 -6.283072639999999834e-03 -5.541139529999999924e-02
1.357022000000000048e+02 5.920002679999999962e-02 7.446107710000000185e-03 -5.655772190000000338e-02 2.011187739999999863e-02 2.402637280000000097e-02 -2.964795270000000066e-02
1.384016369999999938e+02 6.245839079999999932e-02 8.055133710000000544e-03 -5.174868889999999916e-02 6.905194100000000383e-03 -3.530694659999999985e-02 -8.502457799999999996e-03
1.411020279999999900e+02 6.942027639999999444e-02 5.833460210000000409e-03 -4.870802669999999696e-02 7.161052519999999873e-03 -3.792869300000000030e-03 3.937126629999999905e-02
1.437967779999999891e+02 7.800600109999999976e-02 2.512307970000000109e-03 -3.008229520000000115e-02 2.306347469999999941e-02 5.031486639999999816e-02 3.108685359999999870e-02
1.464940909999999974e+02 8.079401009999999383e-02 3.423543759999999811e-03 -3.008299340000000072e-02 -1.658428129999999986e-02 4.304735599999999843e-03 -4.101136259999999673e-02
1.491951530000000048e+02 8.355157019999999435e-02 7.749469079999999829e-03 -3.049551680000000056e-03 -1.906418169999999843e-02 -3.429174799999999690e-02 2.489601339999999996e-02
1.518769189999999867e+02 7.772962989999999961e-02 6.642910870000000127e-03 2.118181380000000100e-02 -2.029567310000000152e-02 -3.881785790000000236e-02 5.260020780000000153e-03
1.545776840000000050e+02 7.392546329999999388e-02 4.417616909999999911e-03 2.967992350000000015e-02 -3.358493139999999683e-02 3.693383840000000196e-02 1.718577350000000115e-02
1.572960119999999904e+02 7.522300739999999986e-02 -3.609320320000000085e-03 3.893824609999999714e-02 8.743720409999999194e-03 1.239745239999999991e-02 -5.159588040000000209e-02
1.599866690000000062e+02 7.044009169999999875e-02 -1.143435850000000011e-03 4.473769439999999986e-02 -2.558334580000000066e-02 1.219827939999999951e-02 -8.015258790000000244e-03
1.626974030000000084e+02 6.765710749999999385e-02 6.934562790000000330e-03 4.968448310000000284e-02 -3.228136129999999854e-02 -2.538303000000000087e-02 1.007777319999999914e-02
1.653862469999999973e+02 6.655802110000000327e-02 1.271566160000000070e-02 5.937791170000000091e-02 -1.751756100000000094e-02 -3.877240920000000340e-02 -5.924323320000000025e-03
1.680809500000000014e+02 6.002302880000000285e-02 1.071141079999999961e-02 5.960820709999999772e-02 6.761314120000000427e-03 5.734297610000000343e-03 5.212764119999999807e-02
1.707782469999999932e+02 6.134475129999999998e-02 1.368711740000000052e-02 5.976656699999999961e-02 -4.693193899999999891e-03 2.345944319999999916e-02 4.990513060000000001e-03
1.734800439999999924e+02 6.009489290000000206e-02 1.218305360000000032e-02 5.524310670000000256e-02 -2.501799329999999932e-02 -1.970501740000000016e-03 2.256048180000000056e-02
1.761784810000000050e+02 6.336678789999999895e-02 1.453983390000000014e-02 5.003530920000000271e-02 3.025456600000000010e-02 3.300960370000000175e-03 -9.350719739999999169e-03
1.788741219999999998e+02 6.742017250000000017e-02 1.282795810000000002e-03 5.217314879999999933e-02 8.857973220000000744e-03 -4.563785299999999906e-02 2.175194329999999981e-02
1.815697309999999902e+02 6.070524499999999796e-02 -6.043163130000000181e-03 4.865817800000000332e-02 1.514414700000000016e-02 -3.503046030000000338e-02 1.910368780000000141e-02
1.842678089999999997e+02 6.737223000000000517e-02 6.494132229999999631e-03 4.929993879999999828e-02 2.201747280000000001e-02 -2.579542989999999980e-02 1.675169450000000074e-02
1.869752310000000080e+02 5.092747870000000066e-02 -3.410001350000000080e-03 5.870600790000000263e-02 3.979794069999999760e-03 -3.870819210000000198e-03 5.655682900000000290e-03
1.896712939999999890e+02 5.026013859999999694e-02 5.655649209999999601e-03 6.013692939999999709e-02 3.947990109999999740e-03 -2.372566879999999864e-02 1.760267899999999955e-02
1.923649340000000052e+02 6.590076250000000135e-02 7.648078120000000382e-03 7.111676849999999661e-02 8.099888549999999937e-03 -9.443148780000000519e-03 6.129337480000000143e-02
1.950695120000000031e+02 6.542766980000000454e-02 3.740118189999999850e-03 5.911229080000000163e-02 -2.021836219999999934e-03 7.867810850000000328e-03 5.164176739999999655e-02
1.977574339999999893e+02 6.709517180000000580e-02 -2.676231270000000058e-03 4.495216390000000145e-02 1.504638279999999948e-03 2.476932020000000012e-02 2.118930260000000121e-02
2.004622469999999907e+02 6.839146629999999505e-02 6.367935859999999948e-03 4.405960920000000225e-02 1.955637199999999895e-02 -9.095029400000000054e-04 9.228700680000000156e-03
2.031694500000000119e+02 7.427032190000000533e-02 6.072515550000000088e-03 4.162764299999999890e-02 -9.318426410000000409e-03 1.597835410000000150e-02 -6.960389289999999694e-03
2.058675749999999880e+02 7.213885100000000383e-02 4.381830619999999878e-03 4.458675969999999905e-02 1.366267789999999968e-02 4.654015630000000320e-02 -2.695794539999999892e-02
2.085625440000000026e+02 5.931784910000000022e-02 1.845006720000000105e-04 4.786509459999999799e-02 -1.975624850000000030e-02 2.862583319999999903e-02 -6.746391489999999797e-03
2.112691839999999956e+02 6.023125380000000223e-02 -1.047961250000000073e-02 4.657171279999999802e-02 7.548718010000000228e-03 -9.241969120000000440e-03 -5.982335590000000328e-03
2.139626059999999939e+02 5.634617459999999994e-02 -1.024634269999999923e-02 5.060920430000000192e-02 -1.848724129999999855e-02 -4.482389330000000234e-03 9.062755840000000576e-03
2.166722159999999917e+02 4.265960600000000269e-02 2.205769870000000212e-03 5.416343149999999773e-02 1.348970830000000010e-02 2.251697550000000131e-02 -2.385762480000000116e-02
2.193812939999999969e+02 3.577235170000000325e-02 -4.571732820000000419e-03 6.472956800000000122e-02 2.828851539999999859e-02 7.696193599999999815e-03 -8.910839630000000344e-02
2.220729029999999966e+02 2.989899609999999847e-02 -8.816921090000000641e-03 6.891177510000000284e-02 -2.063046379999999846e-02 2.248556260000000168e-02 1.397641470000000018e-02
2.247774499999999875e+02 3.824679420000000329e-02 -7.367233780000000294e-03 7.131777139999999349e-02 1.495940890000000030e-02 6.442427350000000386e-02 -2.571690910000000094e-02
2.274845439999999996e+02 4.159781020000000162e-02 -1.093418869999999987e-02 6.730473269999999453e-02 1.192523000000000021e-02 4.432826819999999973e-02 -1.359380659999999928e-02
2.301843719999999962e+02 4.112843299999999896e-02 8.026295180000000062e-04 7.287080869999999766e-02 4.293790349999999922e-04 -1.572899490000000122e-02 3.412224619999999764e-02
2.328843090000000018e+02 4.175739390000000190e-02 -5.152586340000000174e-03 6.542067190000000476e-02 1.382930809999999983e-02 -1.377599820000000030e-02 1.594870610000000133e-02
2.355828720000000089e+02 4.578953880000000143e-02 -2.915231449999999835e-03 6.599023380000000605e-02 4.817901210000000330e-03 -5.860169449999999862e-04 2.349362329999999874e-02
2.382925119999999879e+02 4.951299790000000117e-02 -1.407292679999999976e-03 7.184906130000000279e-02 3.247265810000000280e-02 2.489835240000000047e-02 1.469320260000000003e-02
2.409924499999999910e+02 5.680108539999999956e-02 4.580150640000000000e-04 6.889556780000000158e-02 -2.011166429999999838e-02 -9.705435039999999944e-03 2.105577020000000063e-02
2.436948869999999943e+02 5.245014810000000333e-02 -5.733474070000000276e-03 6.179255930000000091e-02 1.229848719999999951e-02 -2.876116579999999853e-02 2.876632529999999938e-02
2.463922939999999926e+02 5.348836249999999737e-02 -5.696418190000000076e-03 5.386837099999999823e-02 -1.282587200000000031e-02 -1.432410289999999989e-02 2.400517779999999934e-02
2.491025750000000016e+02 5.647120750000000217e-02 -5.733946369999999570e-03 5.643672560000000116e-02 3.086445510000000031e-02 1.494977959999999918e-02 3.756536629999999988e-02
2.518055280000000096e+02 6.077034950000000102e-02 9.621911789999999798e-03 6.299214720000000101e-02 -5.734957609999999893e-03 3.399236609999999742e-02 1.660290450000000140e-02
2.545058720000000108e+02 5.973773899999999804e-02 1.459966669999999966e-03 6.127420029999999795e-02 1.299274410000000044e-04 2.918303729999999901e-02 3.096894780000000041e-02
2.572065749999999866e+02 5.482823550000000268e-02 4.517579320000000322e-03 6.187680269999999705e-02 -2.658768439999999872e-02 1.816070740000000003e-02 3.654552390000000150e-02
2.599013090000000261e+02 5.346427749999999729e-02 3.077245900000000244e-04 6.256965429999999939e-02 -3.424350039999999890e-03 7.262483849999999555e-04 4.736348130000000295e-02
2.625974810000000161e+02 5.682578819999999781e-02 -9.262143210000000487e-03 6.829657990000000123e-02 -1.571776269999999994e-03 -6.845920660000000095e-03 1.231387029999999987e-02
2.653066529999999830e+02 5.025821130000000109e-02 -7.367746260000000366e-03 6.512134260000000674e-02 -4.893418559999999917e-02 1.283175940000000001e-02 5.713728459999999846e-04
2.680093620000000101e+02 5.280881779999999776e-02 -1.578143010000000040e-02 6.614845980000000347e-02 -1.934542009999999992e-02 1.639007539999999888e-02 -1.006965200000000012e-02
