# a=0.06383862542028747, b=-153.99822508144035, c=0.0014284552306524873, xi=7.873564354578307
6.837510789999999838e-01 7.455682769999999460e-02 -1.353558950000000038e-02 4.248116309999999674e-02 -2.617765329999999918e-02 1.971053799999999967e-02 -2.450545609999999971e-02
3.384271549999999795e+00 6.727454369999999462e-02 -5.406215619999999930e-03 3.376926429999999729e-02 -9.581977040000000043e-03 -5.320123999999999860e-03 -5.957966099999999904e-02
6.081656549999999939e+00 7.504046790000000466e-02 -1.404101309999999936e-02 2.978540489999999957e-02 -1.765841850000000055e-03 -7.707920630000000134e-03 -6.604084239999999384e-02
8.780047489999999399e+00 7.388097000000000414e-02 -6.192392459999999585e-03 6.470702279999999799e-03 -5.746090290000000281e-03 5.357983539999999767e-04 -5.459283000000000191e-02
1.147802450000000007e+01 8.106392689999999956e-02 -7.987032890000000593e-03 -2.424254220000000154e-02 -2.336394199999999866e-02 1.202336570000000007e-02 1.047541450000000034e-02
1.417416200000000082e+01 7.748668640000000440e-02 7.187675390000000534e-04 -3.585425889999999810e-02 -3.272657300000000186e-02 8.004713070000000477e-04 -1.262856820000000067e-02
1.687725109999999873e+01 7.419927699999999404e-02 -9.869608420000000257e-03 -3.900795430000000147e-02 -1.374176830000000023e-02 1.390286450000000062e-02 -4.016066459999999977e-02
1.957988549999999961e+01 7.239678400000000569e-02 1.079157550000000047e-03 -4.631394760000000221e-02 2.647202059999999996e-02 -2.103500770000000077e-04 -2.109327379999999946e-02
2.228541510000000159e+01 7.054172120000000434e-02 -4.936002570000000422e-03 -5.060842029999999825e-02 1.484367190000000000e-03 -3.075853530000000058e-02 -7.576537829999999661e-03
2.497357450000000156e+01 7.917107160000000365e-02 2.993109879999999827e-03 -4.877749320000000083e-02 9.954916370000000542e-03 -2.971667239999999793e-03 1.255462000000000071e-02
2.767279949999999999e+01 7.931821560000000548e-02 -3.749773430000000098e-03 -4.256456799999999707e-02 1.720642860000000038e-02 -3.182349500000000025e-02 -1.481202780000000045e-02
3.037642609999999976e+01 7.106381420000000559e-02 7.629381699999999772e-04 -5.312630420000000186e-02 5.250669200000000064e-02 -3.089947159999999887e-02 -5.229935590000000037e-03
3.307589169999999967e+01 6.126773380000000158e-02 3.734043570000000149e-04 -6.293053299999999683e-02 5.494049809999999867e-02 9.171683709999999684e-03 2.690553130000000043e-02
3.579040580000000205e+01 5.183561960000000052e-02 3.416693599999999931e-03 -5.639329080000000244e-02 -8.998822760000000504e-03 5.210461970000000026e-02 -4.443407259999999741e-03
3.849232920000000036e+01 5.187557389999999935e-02 7.047319899999999679e-03 -6.114528970000000091e-02 3.061051910000000056e-02 1.970509679999999861e-02 -2.685525010000000198e-03
4.118415420000000182e+01 5.381164690000000278e-02 -3.453318659999999891e-03 -6.473952169999999673e-02 5.452656670000000094e-02 5.157571100000000325e-02 3.359423329999999819e-02
4.388845109999999750e+01 5.363292260000000061e-02 -8.291539869999999673e-04 -6.027688180000000118e-02 6.873018540000000454e-02 3.915343159999999656e-02 -1.312454279999999973e-02
4.659275730000000237e+01 5.872877130000000306e-02 -6.433411279999999739e-03 -6.248009610000000019e-02 3.236420949999999769e-02 -2.310817089999999893e-02 -7.389513139999999425e-02
4.928804329999999823e+01 5.808454660000000186e-02 -1.223580619999999931e-02 -6.735058269999999458e-02 4.900583399999999812e-02 -6.114873080000000384e-03 -4.367106049999999740e-02
5.197921829999999943e+01 6.068889980000000128e-02 -3.950630279999999862e-03 -5.518999320000000236e-02 3.574604900000000196e-02 -1.116656679999999957e-02 2.121592590000000167e-02
5.468456359999999705e+01 5.767881009999999836e-02 -2.030295990000000050e-03 -5.644890739999999796e-02 -6.236800640000000071e-04 1.423690069999999919e-02 1.353405230000000008e-02
5.736721980000000087e+01 5.826376750000000077e-02 7.403693089999999893e-03 -5.198053080000000076e-02 5.884166269999999838e-02 -1.659014899999999848e-02 8.498347559999999690e-02
6.007245259999999831e+01 6.214234899999999950e-02 9.985230649999999458e-03 -5.885943600000000109e-02 2.403351629999999836e-02 -2.581736850000000000e-02 7.379247099999999837e-02
6.277131200000000177e+01 5.976483629999999880e-02 1.244029089999999955e-02 -6.107727810000000007e-02 6.014980699999999958e-02 1.086736760000000038e-02 3.151266369999999872e-02
6.546951359999999909e+01 6.811051329999999460e-02 8.426812429999999687e-03 -5.912269939999999918e-02 5.164321219999999657e-02 1.341693289999999956e-04 2.795508370000000103e-02
6.815936510000000226e+01 6.560523999999999523e-02 1.431929829999999907e-03 -5.868190870000000031e-02 5.641420119999999983e-02 9.654503050000000711e-03 4.591703500000000188e-02
7.086738859999999818e+01 6.210041869999999992e-02 4.964162520000000352e-04 -6.579465090000000127e-02 -2.121984010000000156e-02 9.118501080000000758e-03 3.973896220000000187e-03
7.356998389999999688e+01 5.247465960000000096e-02 8.634344719999999251e-03 -6.400707029999999631e-02 -2.555728770000000039e-02 -3.446565859999999992e-03 8.961506220000000147e-03
7.626402299999999457e+01 5.950409069999999800e-02 1.160104839999999936e-02 -6.387963550000000379e-02 -1.228833839999999948e-02 -1.453096060000000009e-02 -5.033157719999999807e-02
7.896245109999999556e+01 5.060355130000000062e-02 1.548444539999999960e-02 -6.529598500000000083e-02 2.461950400000000039e-02 3.353015799999999741e-02 -3.731211699999999881e-02
8.165372920000000079e+01 4.834121410000000174e-02 9.224936759999999986e-03 -6.341037189999999824e-02 4.007608969999999771e-02 -2.813514090000000106e-02 2.091604899999999819e-03
8.436885110000000054e+01 6.120392520000000197e-02 8.508550020000000061e-03 -6.665544269999999771e-02 3.193025359999999979e-02 -2.523211650000000035e-03 -5.110740760000000160e-02
8.707526670000000024e+01 5.443947019999999942e-02 3.781966580000000171e-03 -5.810380939999999772e-02 -9.279965059999999155e-03 -6.727766349999999944e-03 -3.723819540000000011e-02
8.978049169999999890e+01 5.654353320000000266e-02 4.122443410000000037e-03 -6.343326000000000520e-02 -1.156944160000000082e-02 -6.265115270000000403e-02 -2.738325999999999955e-02
9.247242300000000625e+01 5.820067219999999764e-02 1.141623150000000038e-02 -6.006365570000000292e-02 3.053350679999999873e-02 -2.594320610000000124e-02 -4.692279330000000137e-03
9.517344640000000311e+01 5.612174899999999855e-02 3.677580750000000211e-03 -5.964588590000000079e-02 1.271925500000000049e-02 1.930719430000000028e-02 2.122193600000000027e-02
9.788122610000000634e+01 5.393222999999999767e-02 9.561770020000000606e-03 -5.809727819999999793e-02 -1.043493889999999938e-02 2.015389130000000070e-02 3.847131289999999870e-02
1.005729390000000052e+02 5.236035039999999835e-02 -2.177163059999999949e-03 -6.036644900000000258e-02 8.075876819999999387e-03 2.948956529999999937e-02 4.399415809999999982e-02
1.032789230000000060e+02 4.866214569999999934e-02 2.735020879999999852e-03 -6.237531679999999690e-02 2.737421380000000168e-02 6.401723780000000141e-03 -2.313884639999999951e-02
1.059797200000000004e+02 4.272534409999999977e-02 -7.709636249999999615e-03 -6.575006830000000579e-02 1.905462210000000156e-02 -1.489920160000000014e-02 -5.265648660000000342e-02
1.086823919999999930e+02 4.152192069999999929e-02 1.296711450000000024e-03 -6.849256080000000468e-02 2.801865699999999890e-02 -1.924428900000000123e-02 1.830509120000000083e-03
1.113904069999999962e+02 5.733906899999999945e-02 -3.276243570000000188e-03 -7.156841059999999310e-02 5.237095800000000217e-02 -3.743612920000000122e-02 2.532973040000000009e-02
1.140971420000000052e+02 6.231772669999999931e-02 4.580057769999999751e-03 -6.414764870000000396e-02 4.001522099999999665e-02 4.035342899999999795e-03 1.558020750000000060e-03
1.168112509999999986e+02 5.983123800000000186e-02 2.413615269999999820e-03 -5.907886119999999908e-02 2.892073850000000113e-02 -4.424742110000000339e-02 -3.193940640000000192e-02
1.195161570000000069e+02 5.685453260000000036e-02 6.739931400000000357e-03 -6.357857070000000332e-02 -1.459869949999999944e-02 -4.849814930000000135e-02 -5.323140739999999982e-02
1.222162820000000067e+02 6.379786950000000678e-02 2.088866359999999849e-03 -5.010719400000000073e-02 -1.923172780000000082e-02 7.800327249999999997e-03 -2.752510589999999924e-02
1.249180640000000011e+02 6.389824719999999403e-02 7.893095690000000858e-03 -5.246356490000000233e-02 2.673382200000000083e-02 8.095199239999999880e-03 -5.373378880000000135e-02
1.276067510000000027e+02 7.129009940000000101e-02 6.573884080000000005e-03 -5.501719699999999685e-02 3.768888630000000184e-02 3.779678949999999964e-03 1.116095330000000004e-02
1.303012819999999863e+02 6.622875340000000666e-02 5.109922420000000305e-03 -5.391377349999999791e-02 4.195061800000000202e-02 -3.262069959999999713e-02 -2.872097020000000112e-02
1.330144070000000056e+02 5.833764660000000102e-02 8.372059810000000287e-04 -6.372394339999999657e-02 -1.052254409999999960e-02 -2.885915999999999829e-02 -6.153431050000000152e-02
1.357083759999999870e+02 6.587132169999999898e-02 -2.947760450000000160e-03 -6.901788529999999811e-02 1.249766760000000027e-03 7.089343470000000411e-03 -2.320787490000000147e-02
1.384028289999999970e+02 6.487544700000000275e-02 -2.842280009999999940e-03 -6.791934439999999795e-02 3.418963340000000239e-02 -8.358474080000000833e-03 -1.072857240000000059e-02
1.410980790000000127e+02 6.699484919999999788e-02 6.558769130000000232e-03 -5.895736509999999903e-02 5.185366940000000341e-02 5.816864669999999987e-02 -1.774086249999999934e-02
1.437924539999999922e+02 6.659053319999999609e-02 3.062517480000000094e-03 -5.582957949999999697e-02 9.653149279999999333e-02 5.250198830000000344e-02 -1.692222839999999937e-02
1.465051569999999970e+02 6.400174479999999611e-02 6.821991460000000236e-03 -5.474387389999999659e-02 1.164873039999999964e-02 2.449690380000000070e-02 -3.065971950000000168e-02
1.492011730000000114e+02 6.798198210000000463e-02 7.911855679999999641e-03 -3.398806530000000187e-02 -1.623758349999999961e-02 -2.834778390000000214e-03 -6.277720730000000207e-03
1.518908759999999916e+02 6.799720750000000369e-02 1.187593009999999942e-02 -6.192531949999999924e-03 -4.898891579999999774e-02 -2.427446789999999910e-02 2.136568530000000198e-03
1.545857200000000091e+02 7.313794710000000310e-02 1.411486349999999980e-02 1.171764859999999998e-02 -3.138030680000000044e-02 1.161861230000000092e-03 -4.956064970000000069e-02
1.572638599999999940e+02 8.129349839999999716e-02 1.411936490000000044e-02 2.411204280000000047e-02 -4.668545649999999991e-02 -1.873158360000000064e-02 5.067255069999999917e-02
1.599635639999999910e+02 7.471154929999999916e-02 1.761683370000000082e-02 3.264217039999999653e-02 -1.265199910000000018e-02 4.986825880000000238e-02 -2.225651600000000049e-02
1.626807039999999915e+02 6.115597259999999702e-02 3.315928440000000255e-02 5.023925550000000323e-02 1.664283340000000111e-02 -1.497249760000000061e-02 6.783717770000000091e-02
1.653703920000000096e+02 5.626487620000000106e-02 2.367001999999999995e-02 5.876604049999999829e-02 1.607026510000000028e-03 1.234638100000000002e-02 3.853019299999999731e-02
1.680857819999999947e+02 5.310700260000000145e-02 2.190412580000000026e-02 6.513989339999999573e-02 9.310001070000000628e-03 1.839046249999999952e-02 6.282604290000000369e-02
1.707908449999999903e+02 5.424928329999999937e-02 1.103045480000000057e-02 6.474013789999999435e-02 1.206930179999999957e-02 -1.195303219999999979e-02 4.647560330000000128e-02
1.734990479999999877e+02 5.640256720000000334e-02 1.681492789999999848e-02 6.571430690000000518e-02 2.564469819999999969e-02 -8.308933379999999466e-03 4.161454579999999959e-02
1.762074849999999913e+02 5.357096470000000110e-02 5.953251799999999955e-03 6.776779239999999871e-02 1.864438630000000031e-03 3.644521420000000015e-03 3.253582409999999925e-02
1.789239699999999971e+02 5.411472120000000025e-02 -5.452356620000000341e-03 6.894107659999999804e-02 2.362342300000000103e-02 7.471069319999999910e-03 -1.630477449999999905e-03
1.816200320000000090e+02 5.041791030000000035e-02 4.273335970000000095e-04 7.730681720000000257e-02 1.387085090000000041e-02 3.906172130000000204e-04 6.987399219999999855e-02
1.843203599999999938e+02 5.971440740000000247e-02 4.273517519999999771e-03 7.402658169999999649e-02 -2.735350740000000187e-03 -3.987841339999999984e-02 7.326573890000000200e-02
1.870328140000000019e+02 6.117761039999999872e-02 1.004734780000000015e-02 6.818836309999999623e-02 1.661080699999999827e-02 -4.809915550000000081e-03 4.604712870000000208e-02
1.897262200000000121e+02 5.640746320000000064e-02 -5.652277920000000483e-04 5.548919399999999863e-02 -2.162486600000000127e-03 -2.595763790000000029e-02 -2.176071380000000124e-03
1.924354390000000024e+02 5.937102539999999928e-02 4.293937480000000091e-03 5.016681679999999977e-02 1.141348059999999949e-02 -3.270546330000000113e-02 1.023801449999999988e-02
1.951310949999999877e+02 6.856151550000000316e-02 6.283021439999999722e-03 4.805114049999999887e-02 -4.156956150000000114e-03 -1.133257319999999950e-02 4.533223079999999794e-02
1.978214700000000050e+02 7.205831190000000497e-02 -3.937306080000000340e-03 5.772142999999999718e-02 -1.529756390000000001e-02 -1.175224230000000009e-02 5.132280539999999752e-02
2.005292819999999949e+02 6.714184950000000318e-02 6.588172399999999915e-03 5.772162670000000051e-02 -3.167967950000000199e-02 -3.261189159999999809e-02 -1.829780309999999924e-02
2.032237670000000094e+02 6.286283389999999804e-02 -8.085189040000000061e-04 6.425093240000000205e-02 -1.491232930000000075e-02 -1.994879570000000074e-02 1.102865519999999926e-02
2.059151569999999936e+02 6.458198099999999664e-02 2.835585560000000206e-03 7.194506990000000546e-02 -1.224840940000000017e-02 1.171738580000000057e-02 1.429837599999999979e-02
2.086181569999999965e+02 5.922774979999999995e-02 4.871750619999999795e-04 7.894344209999999695e-02 2.448111870000000204e-03 2.937025069999999946e-03 5.713691180000000230e-02
2.113286569999999926e+02 5.740150069999999660e-02 4.045799519999999753e-03 7.694659389999999877e-02 1.517224860000000036e-02 2.244063359999999910e-02 7.475652759999999730e-02
2.140273599999999874e+02 6.384118369999999820e-02 6.493213700000000088e-03 7.778200370000000474e-02 1.467107670000000058e-02 3.283588960000000112e-02 4.709951190000000176e-02
2.167301889999999958e+02 5.229041689999999742e-02 -1.841501189999999891e-04 6.519746290000000277e-02 -9.388913199999999667e-03 5.685838440000000327e-02 4.804129070000000279e-02
2.194272670000000005e+02 6.057718349999999946e-02 9.392346019999999254e-03 6.301038859999999464e-02 -3.054967919999999892e-02 2.142615169999999986e-02 8.575371780000000388e-03
2.221190320000000042e+02 5.164965729999999866e-02 1.712183940000000168e-02 6.294010610000000394e-02 -1.925274949999999929e-02 8.486481650000000584e-03 4.274719379999999957e-02
2.248208140000000128e+02 6.037343450000000333e-02 6.692339119999999794e-03 6.545953679999999553e-02 1.227379269999999932e-02 -4.398333539999999681e-02 1.644101729999999928e-02
2.275144390000000101e+02 6.893489460000000457e-02 4.445403609999999846e-03 5.363710969999999773e-02 1.952366510000000041e-02 -1.206782560000000011e-02 3.770606600000000336e-02
2.302135949999999980e+02 7.113989860000000109e-02 -4.261827039999999990e-03 5.034619600000000278e-02 -5.618061280000000331e-03 -9.790984690000000684e-03 6.325285049999999909e-02
2.329112670000000094e+02 7.312619509999999934e-02 6.712817289999999971e-03 4.352352990000000338e-02 1.934913660000000049e-02 5.237803950000000097e-02 3.991288419999999837e-02
2.355987350000000049e+02 6.837760190000000127e-02 8.460744080000000625e-03 4.568060339999999858e-02 -2.006216809999999962e-02 7.288022759999999989e-02 6.091939910000000041e-02
2.383073290000000100e+02 6.593486360000000435e-02 1.203289710000000033e-02 5.020881449999999718e-02 1.689304659999999944e-02 2.156697149999999789e-03 1.282820590000000038e-02
2.410062819999999988e+02 6.429548790000000347e-02 6.136601079999999889e-03 6.292946280000000225e-02 -5.113841939999999760e-03 -2.180821579999999912e-02 6.615351810000000277e-02
2.437152979999999900e+02 6.118438369999999737e-02 1.653232859999999955e-03 5.961780120000000072e-02 1.424931370000000024e-02 9.185195970000000626e-03 5.788915139999999820e-02
2.464107349999999883e+02 6.549675359999999891e-02 -2.386516799999999824e-03 6.680658579999999847e-02 2.574122709999999981e-02 -3.499274959999999768e-02 6.106292189999999731e-02
2.491234849999999881e+02 6.406370040000000654e-02 -2.089495869999999800e-03 6.658015339999999449e-02 8.704232430000000131e-03 -1.428737799999999988e-02 2.902504499999999932e-02
2.518265169999999955e+02 6.626028800000000052e-02 -2.280808300000000156e-03 6.142774819999999997e-02 2.121121249999999986e-02 3.461009660000000099e-03 2.546748589999999965e-02
2.545229850000000056e+02 6.586523930000000304e-02 6.066151130000000009e-04 5.846055580000000113e-02 -4.189499860000000207e-03 -1.401354200000000036e-02 3.574834000000000345e-02
2.572165479999999889e+02 6.587990859999999504e-02 -6.054275010000000415e-03 5.997816610000000076e-02 -2.999794899999999945e-02 -5.929625560000000364e-03 4.900000990000000223e-02
2.599209700000000112e+02 6.401571779999999656e-02 -1.127616340000000064e-02 5.059153210000000289e-02 -2.153689780000000217e-03 -3.927164410000000272e-02 1.300520500000000058e-02
2.626175479999999993e+02 6.867305279999999512e-02 -1.697238020000000139e-02 5.403152259999999957e-02 6.127053860000000393e-03 -1.058380819999999931e-02 -3.050399750000000118e-02
2.653217980000000011e+02 6.674156750000000138e-02 -1.177854329999999949e-02 5.365232570000000312e-02 4.630026189999999868e-03 3.066919150000000163e-02 -3.299130530000000255e-02
2.680193580000000111e+02 7.279580010000000212e-02 -7.674193539999999737e-03 4.631399950000000126e-02 -6.350840320000000414e-04 -5.923647440000000177e-04 -1.136716720000000014e-02
