# a=0.06401040194550699, b=-153.9821541339108, c=-0.0009503967815249418, xi=9.056525915610694
6.997792149999999545e-01 7.106553290000000578e-02 -1.189709140000000040e-02 4.267680370000000167e-02 -9.238030660000000338e-03 1.064494130000000031e-02 1.872602060000000098e-03
3.399104340000000057e+00 7.455361570000000604e-02 -7.900268340000000597e-03 2.861307910000000093e-02 3.495275999999999852e-03 -6.061949770000000029e-04 5.758135370000000419e-03
6.088926220000000278e+00 7.423817030000000317e-02 -5.599783530000000155e-03 3.942942050000000295e-03 -1.087774749999999985e-02 -2.149444290000000063e-02 -2.167710999999999943e-02
8.785261999999999460e+00 7.396236489999999386e-02 -9.337202879999999261e-03 -1.370151800000000064e-03 -1.440887679999999955e-02 -1.963693069999999929e-02 -1.225838379999999971e-02
1.148664609999999975e+01 7.149446580000000384e-02 -6.230798269999999854e-03 -1.923744429999999991e-02 -1.076949009999999922e-02 1.532477690000000033e-03 -7.164186259999999473e-02
1.417115070000000010e+01 7.731550369999999617e-02 -6.030824019999999654e-03 -2.560945840000000001e-02 -4.184207139999999991e-02 6.124853609999999712e-03 -1.254307129999999992e-02
1.686681330000000045e+01 7.344884869999999955e-02 -2.337546990000000189e-03 -4.012358709999999662e-02 3.783077709999999906e-03 2.416405790000000081e-02 -1.194541219999999994e-02
1.956140070000000009e+01 7.351290500000000339e-02 2.941399979999999911e-03 -4.894527240000000334e-02 -1.346883790000000074e-02 3.158805289999999915e-03 1.273520289999999916e-02
2.226709140000000176e+01 6.227208780000000055e-02 5.084918790000000216e-03 -4.942994120000000074e-02 1.693225159999999993e-02 2.193445529999999907e-02 -1.022156039999999946e-02
2.496443820000000002e+01 5.868857770000000112e-02 1.917036860000000034e-03 -5.544323450000000070e-02 -1.986975610000000017e-02 2.862905459999999860e-02 -1.460470990000000031e-02
2.764989759999999919e+01 6.328977900000000434e-02 -1.053104669999999944e-02 -5.324116160000000320e-02 -1.299072010000000034e-02 3.730460129999999680e-02 -4.434844579999999703e-02
3.034853040000000135e+01 6.327012830000000587e-02 -1.057336180000000014e-02 -5.226265229999999679e-02 1.802242340000000109e-02 2.571259459999999941e-02 -7.023863869999999454e-02
3.304324609999999751e+01 6.056189520000000021e-02 -1.238777440000000084e-02 -5.562671250000000150e-02 4.157437259999999767e-03 4.331615999999999939e-02 -3.737185240000000241e-02
3.573661010000000005e+01 5.917572930000000037e-02 -1.008713089999999958e-02 -6.403176489999999610e-02 -2.436152850000000009e-02 1.188068050000000084e-02 -2.249018969999999965e-02
3.844533359999999789e+01 6.634995770000000348e-02 -1.031198099999999958e-02 -6.069551830000000092e-02 6.777306460000000199e-03 -1.005470020000000068e-02 -8.622009649999999581e-02
4.115002419999999717e+01 6.144880290000000189e-02 -8.869247990000000623e-03 -5.771721870000000310e-02 -5.098041670000000129e-03 -7.444092970000000531e-02 -5.128659900000000216e-02
4.385658670000000114e+01 6.289518060000000299e-02 -1.184193589999999949e-02 -6.025757030000000042e-02 2.732930630000000166e-02 -1.455530600000000049e-02 -5.797297800000000140e-02
4.655558979999999991e+01 6.146482279999999909e-02 -4.576432200000000138e-03 -6.247250370000000108e-02 -1.389263909999999963e-02 5.297267200000000537e-04 -1.537589930000000070e-02
4.927237569999999778e+01 5.294086860000000311e-02 -5.091667610000000406e-03 -6.301117999999999997e-02 1.248725000000000009e-02 2.145100700000000110e-02 -3.911942470000000227e-02
5.196398980000000023e+01 4.917214980000000207e-02 -3.994447699999999733e-03 -6.312819349999999885e-02 -1.217462790000000024e-02 6.264447030000000124e-03 -7.377166409999999508e-02
5.465618039999999667e+01 5.561742900000000295e-02 1.254368739999999925e-03 -5.754201920000000248e-02 -2.333020290000000028e-03 4.275972420000000163e-02 -2.341240870000000154e-02
5.734824760000000055e+01 6.697493029999999903e-02 2.731700709999999865e-03 -6.228277840000000232e-02 -1.206398189999999954e-02 -8.108286439999999248e-03 -1.925383799999999881e-02
6.006328979999999973e+01 6.764051729999999429e-02 -4.919241489999999755e-04 -5.949091120000000316e-02 1.909175020000000028e-02 8.453982409999999739e-03 -3.820800180000000212e-02
6.276169759999999798e+01 7.031702809999999804e-02 -3.224527699999999949e-04 -6.071740190000000231e-02 -4.032305390000000267e-02 1.408530450000000113e-04 -5.481900929999999894e-02
6.546863670000000468e+01 6.153475729999999949e-02 3.457019390000000154e-03 -5.631181479999999850e-02 -1.035887459999999989e-02 -4.221215670000000308e-02 -5.574293079999999984e-02
6.816634919999999909e+01 5.366512699999999997e-02 -5.197223469999999804e-03 -6.424527180000000337e-02 -8.375930789999999626e-03 5.171723990000000196e-04 -5.606697620000000021e-02
7.086852729999999667e+01 4.909986189999999973e-02 2.153367539999999792e-03 -6.874420770000000402e-02 -9.353653450000000771e-03 -2.962390280000000084e-02 -4.174757939999999834e-02
7.355948820000000410e+01 5.424870159999999747e-02 5.134362970000000415e-03 -6.536737300000000639e-02 -2.174235409999999979e-02 -1.283158009999999915e-03 -3.533228979999999964e-02
7.627196010000000115e+01 6.240901549999999798e-02 1.399615820000000080e-02 -6.911058330000000027e-02 1.145493579999999970e-02 2.855613829999999881e-02 -1.731561120000000079e-02
7.897573509999999430e+01 5.614775789999999767e-02 1.447591229999999930e-02 -7.000285970000000302e-02 -1.695921029999999941e-02 -5.457595669999999906e-03 -5.392438089999999906e-02
8.167478830000000301e+01 5.578302859999999946e-02 1.471117249999999953e-02 -6.954902729999999644e-02 -1.367129960000000068e-02 4.456530320000000323e-02 -5.773904619999999793e-02
8.437448360000000491e+01 5.122004079999999820e-02 1.052553600000000027e-02 -7.444045409999999752e-02 -2.825088400000000041e-02 4.813774330000000247e-03 -8.355805330000000419e-02
8.706700390000000311e+01 6.160928260000000239e-02 1.409135790000000041e-02 -6.188149149999999654e-02 -4.473096230000000138e-03 -2.115970489999999954e-02 -9.843668380000000079e-03
8.976560700000000281e+01 6.301899380000000606e-02 9.159513700000000008e-03 -6.511210289999999623e-02 2.578315260000000123e-02 1.691431449999999947e-02 -7.999557599999999880e-02
9.246653670000000602e+01 6.159801759999999904e-02 8.345475890000000549e-03 -5.650837639999999745e-02 9.125296620000000747e-03 3.720906119999999907e-03 -2.224522500000000041e-02
9.517989289999999869e+01 6.364961919999999329e-02 1.102436770000000087e-02 -6.663003609999999799e-02 3.090146680000000097e-03 -2.622825230000000105e-02 -8.137060919999999919e-02
9.787587259999999389e+01 6.492223260000000440e-02 3.990296370000000203e-03 -6.353938759999999686e-02 -9.319867339999999417e-03 -2.837254549999999875e-02 -7.501768100000000272e-02
1.005705710000000010e+02 6.353233190000000252e-02 1.394545470000000016e-02 -6.928963829999999768e-02 -7.524828409999999995e-03 -1.392156789999999915e-02 -4.473712390000000177e-02
1.032652120000000053e+02 5.811137970000000014e-02 1.000374929999999982e-02 -7.118387469999999662e-02 -1.457772360000000053e-03 1.200192769999999971e-02 -4.149252999999999969e-02
1.059666959999999989e+02 5.740418320000000019e-02 1.764156119999999925e-02 -6.639949759999999590e-02 3.838771070000000091e-03 4.060026340000000289e-02 -1.209352460000000067e-02
1.086634770000000003e+02 5.888238619999999757e-02 4.589237579999999768e-03 -7.353713909999999576e-02 -1.070213910000000074e-02 -1.182095830000000000e-02 -1.387533000000000039e-03
1.113698049999999995e+02 5.688844199999999740e-02 -3.861584029999999817e-03 -6.424687830000000432e-02 1.558648770000000024e-02 -1.698663660000000047e-02 -1.309126419999999923e-02
1.140654930000000036e+02 4.913324019999999737e-02 1.265138340000000012e-03 -6.125605729999999971e-02 2.038400610000000099e-02 -3.538763999999999799e-02 -2.593225990000000078e-02
1.167734150000000000e+02 5.666588410000000103e-02 -3.771899799999999837e-03 -5.754153220000000207e-02 1.456234699999999979e-02 4.045587409999999717e-02 -2.155626100000000017e-02
1.194713519999999960e+02 6.381753910000000085e-02 1.995266500000000050e-03 -6.092720349999999896e-02 1.602929059999999920e-02 4.669853379999999721e-02 -7.573749459999999656e-02
1.221697900000000061e+02 7.371445460000000671e-02 6.559650600000000407e-03 -5.627093899999999899e-02 1.617382629999999932e-02 -1.281401599999999925e-02 -4.446507890000000324e-02
1.248760709999999960e+02 6.971551230000000432e-02 -4.700493370000000289e-03 -5.963182320000000314e-02 1.736562670000000100e-02 3.860760819999999732e-02 -4.142968779999999657e-02
1.275724929999999944e+02 5.983861759999999780e-02 -3.656325330000000182e-03 -5.835376569999999735e-02 2.256100640000000077e-03 2.952235120000000143e-02 -1.723460489999999873e-02
1.302734150000000000e+02 5.507837239999999884e-02 -2.324452519999999946e-03 -6.119026739999999798e-02 2.127178260000000057e-02 -1.719297610000000004e-02 -4.241723089999999835e-02
1.329767119999999920e+02 5.422865059999999737e-02 -2.382484360000000113e-03 -5.918436039999999676e-02 3.131689919999999794e-02 -6.074439410000000150e-02 4.126200949999999897e-04
1.356778050000000064e+02 6.017187370000000313e-02 -4.515170679999999659e-03 -6.268864339999999369e-02 1.871820420000000137e-02 8.799725249999999430e-03 -1.064665270000000018e-02
1.383873049999999978e+02 4.785178810000000060e-02 -9.396140670000000666e-03 -5.583921089999999837e-02 1.115995659999999973e-02 1.031131679999999946e-02 9.973520129999999956e-03
1.410943839999999909e+02 5.177553840000000129e-02 -1.094048700000000048e-02 -6.281664450000000455e-02 2.798591389999999929e-02 1.682650919999999911e-02 -3.647105729999999824e-02
1.438136489999999981e+02 6.330173229999999651e-02 -3.016917850000000109e-03 -5.756351340000000205e-02 1.384177240000000059e-02 1.447347259999999915e-03 -4.176147300000000034e-02
1.465072739999999953e+02 6.260489340000000014e-02 -1.758030480000000173e-02 -4.971726419999999980e-02 5.098137819999999654e-02 -3.749725310000000256e-02 1.148661580000000064e-02
1.492160399999999925e+02 7.120491650000000672e-02 -1.772682969999999844e-02 -3.545452069999999872e-02 7.878311390000000691e-02 -1.685455370000000022e-02 4.502088139999999711e-02
1.519134300000000053e+02 6.185608690000000270e-02 -2.305476060000000160e-02 -1.563987580000000127e-02 6.191733159999999840e-03 -4.677764470000000258e-02 8.727108000000000088e-02
1.546088990000000081e+02 6.557470049999999939e-02 -2.163072229999999860e-02 1.177632099999999932e-02 3.006646550000000029e-02 -6.562864790000000337e-02 2.496341529999999975e-02
1.573029459999999915e+02 7.039417650000000248e-02 -1.516780889999999951e-02 2.912835349999999893e-02 -4.082502329999999902e-02 -2.272824910000000032e-02 1.129972599999999952e-02
1.600015400000000056e+02 6.937817109999999676e-02 -1.236555230000000068e-02 3.508749270000000031e-02 -8.933760250000000527e-03 -1.276738439999999981e-02 3.442859520000000201e-02
1.626901650000000075e+02 6.866158140000000465e-02 -1.625234240000000049e-03 3.887246300000000293e-02 2.667373690000000158e-02 2.934774700000000042e-02 6.688208850000000594e-02
1.653977590000000077e+02 7.297145319999999435e-02 3.982568839999999812e-03 4.706481540000000130e-02 2.693889829999999812e-03 1.461256260000000015e-02 2.052810890000000138e-02
1.681080870000000118e+02 6.305529460000000586e-02 1.458339199999999971e-03 5.129673280000000141e-02 -7.046777140000000036e-03 -3.496924270000000001e-02 3.013108339999999961e-03
1.708120089999999891e+02 5.955226720000000168e-02 4.360851090000000298e-03 5.723907269999999742e-02 -4.843270420000000270e-02 -1.941146279999999896e-03 2.653959410000000102e-03
1.735195089999999993e+02 6.055675330000000189e-02 6.491229440000000246e-03 6.608668099999999435e-02 -6.436457919999999389e-02 -8.054323340000000761e-03 3.538183590000000111e-03
1.762211340000000064e+02 6.401994179999999368e-02 7.807733800000000134e-03 5.887214989999999676e-02 -7.114987070000000635e-02 2.008436070000000143e-02 -1.630703440000000034e-03
1.789188519999999869e+02 6.753101609999999366e-02 7.264300230000000393e-04 6.107418819999999721e-02 9.750976370000000865e-03 -9.418018400000000359e-03 1.017510249999999984e-02
1.816053839999999866e+02 6.364105130000000110e-02 1.009134199999999967e-02 6.117241150000000266e-02 3.586515469999999872e-02 -1.027687310000000021e-02 4.196469690000000086e-02
1.843087739999999997e+02 6.929282130000000151e-02 7.075196310000000238e-03 5.528983030000000215e-02 -2.645204140000000093e-02 -8.970432840000000518e-03 4.505373629999999993e-04
1.870134459999999876e+02 6.583629629999999955e-02 -1.430497750000000123e-04 6.113470680000000074e-02 -5.165222390000000219e-02 -1.680496470000000103e-02 1.673062339999999842e-02
1.897032900000000097e+02 6.819011240000000251e-02 -1.052584619999999980e-03 6.502921459999999598e-02 -1.051795160000000007e-01 -1.106290449999999988e-02 7.106748109999999619e-02
1.923965239999999994e+02 6.580368129999999982e-02 -8.062543619999999397e-03 5.876851570000000274e-02 -4.804078729999999853e-02 8.828312570000000636e-02 5.476155860000000292e-02
1.950891959999999870e+02 6.204350880000000096e-02 -1.243518650000000102e-03 6.384941569999999511e-02 -5.961461490000000141e-02 2.902137780000000125e-02 2.189103220000000044e-02
1.977931800000000067e+02 5.541960869999999761e-02 1.546949709999999919e-03 7.571261819999999809e-02 -5.105383480000000307e-02 1.093623749999999943e-02 -4.687477360000000086e-03
2.004848519999999894e+02 5.065823750000000153e-02 -5.615066569999999611e-03 8.001068290000000471e-02 -9.381935789999999720e-02 4.820555709999999744e-02 1.734117120000000165e-02
2.031878839999999968e+02 4.647864909999999822e-02 -8.222226200000000082e-03 6.913803030000000016e-02 -7.998665800000000214e-02 3.016706829999999881e-02 1.281795779999999989e-02
2.058902119999999911e+02 4.506491409999999892e-02 -4.577901340000000048e-03 6.329909109999999617e-02 -4.565754229999999941e-02 -8.708101059999999753e-04 1.578779560000000137e-02
2.085984459999999956e+02 3.965815789999999758e-02 2.888466970000000151e-03 6.684670090000000009e-02 -3.181025829999999804e-02 3.215938129999999784e-02 3.325343719999999947e-02
2.113098520000000065e+02 4.565833700000000023e-02 7.406921149999999739e-03 6.690884789999999860e-02 4.219279610000000423e-03 3.276341779999999981e-02 2.285302369999999902e-02
2.140255239999999901e+02 5.726444929999999905e-02 7.536514660000000199e-03 6.653868749999999888e-02 -1.215264729999999960e-02 -2.625447439999999914e-03 2.622241889999999895e-02
2.167316490000000044e+02 6.007949340000000304e-02 5.612142760000000084e-03 6.863577060000000674e-02 3.145624870000000069e-04 3.199098460000000116e-02 3.297407430000000306e-02
2.194321180000000027e+02 6.220999960000000301e-02 9.105453010000000291e-03 5.737783240000000201e-02 -1.653282169999999857e-02 2.250067230000000074e-03 5.918772320000000031e-02
2.221379619999999875e+02 6.247846800000000228e-02 6.346085260000000269e-03 6.141413450000000190e-02 -1.048803539999999986e-02 2.347946069999999955e-02 4.249151550000000027e-02
2.248379300000000001e+02 7.055513630000000147e-02 5.499056799999999835e-03 5.217029100000000058e-02 -3.345005739999999672e-02 -7.097768380000000175e-03 4.287571710000000202e-02
2.275416020000000117e+02 5.790395339999999946e-02 1.135819570000000042e-02 5.656586009999999692e-02 -4.153718559999999838e-02 -5.102958560000000338e-02 2.919770119999999872e-02
2.302377119999999877e+02 6.375565969999999472e-02 7.831082039999999467e-03 5.446238719999999672e-02 -4.162999130000000214e-02 7.994783999999999571e-03 4.174508589999999936e-02
2.329353839999999991e+02 6.259912989999999455e-02 5.333733069999999944e-03 6.087920210000000165e-02 -1.374230629999999981e-02 2.234791389999999864e-02 1.957411209999999901e-02
2.356292269999999860e+02 6.251474749999999525e-02 1.171430809999999927e-02 5.843318260000000125e-02 -6.478601859999999664e-03 -2.006233039999999902e-03 2.125469019999999890e-02
2.383343989999999906e+02 6.773088759999999764e-02 7.655432529999999826e-03 5.198908020000000269e-02 -4.315327120000000266e-02 2.762156099999999934e-02 -1.679800169999999884e-02
2.410287899999999865e+02 6.307546940000000046e-02 6.517301080000000198e-03 6.001815630000000013e-02 2.179844649999999884e-02 1.139359470000000062e-02 -2.462204839999999895e-02
2.437348839999999939e+02 5.775254610000000316e-02 2.384864940000000141e-03 5.388069580000000303e-02 -4.647450890000000279e-02 1.631995980000000004e-03 -2.696544000000000024e-02
2.464380400000000009e+02 5.931955879999999820e-02 -4.785939049999999922e-04 6.164030969999999970e-02 2.631787219999999830e-02 7.202291080000000102e-03 1.369340640000000012e-02
2.491382429999999886e+02 6.446376689999999687e-02 -1.643383129999999911e-03 5.425067630000000168e-02 -2.705717560000000035e-02 2.745363740000000136e-02 2.304219260000000061e-02
2.518477589999999964e+02 6.025803839999999828e-02 2.272668140000000132e-03 5.539341679999999768e-02 1.935283959999999949e-03 5.184558320000000331e-02 -1.171522520000000019e-02
2.545451020000000142e+02 5.911208920000000228e-02 -6.195096179999999911e-03 5.846276780000000256e-02 -4.782142939999999703e-02 1.837371939999999856e-02 2.181829599999999918e-03
2.572454149999999800e+02 6.513795860000000382e-02 -8.342487460000000757e-03 5.869148130000000074e-02 -7.661824279999999987e-02 1.212165140000000078e-02 4.254632500000000289e-02
2.599501179999999749e+02 7.141144489999999567e-02 -9.002671570000000609e-03 6.288205600000000561e-02 -7.420542770000000676e-02 2.803992070000000097e-03 3.637422729999999910e-02
2.626483370000000264e+02 7.180306109999999575e-02 -1.395209480000000023e-02 5.950544499999999709e-02 2.420332370000000122e-03 -3.731072729999999893e-02 4.102925970000000089e-02
2.653364770000000021e+02 7.194331399999999432e-02 -1.941023139999999841e-02 6.085912970000000033e-02 8.966506589999999333e-03 -1.086145959999999973e-02 4.920075790000000282e-02
2.680369430000000079e+02 6.226268360000000029e-02 -9.714108710000000577e-03 4.736817830000000090e-02 1.108617249999999978e-02 2.567858790000000085e-02 -6.735706699999999963e-03
