# a=0.05888840221559462, b=-139.16907249654312, c=-0.005150517485853345, xi=7.041949564708843
6.998955070000000278e-01 5.293045789999999834e-02 4.006495569999999999e-03 6.830339439999999485e-02 2.120410970000000117e-02 1.351028389999999954e-02 8.617595640000000334e-02
3.396367929999999813e+00 5.929270059999999787e-02 4.913029119999999701e-03 6.211638359999999831e-02 -5.080955689999999692e-03 2.005611859999999885e-02 1.041761239999999950e-01
6.097196839999999618e+00 6.500199369999999643e-02 1.076877510000000086e-02 5.268831949999999709e-02 -3.317797840000000220e-02 4.509394280000000171e-02 7.413401000000000018e-02
8.788428870000000614e+00 6.611011009999999410e-02 1.346658210000000085e-02 5.013131090000000345e-02 -1.164320509999999982e-02 5.228991350000000010e-02 7.186639050000000195e-02
1.147938360000000024e+01 6.963378189999999690e-02 1.330920849999999919e-02 3.097472210000000101e-02 -2.965086219999999925e-02 3.858297329999999664e-02 5.013481090000000001e-02
1.417827729999999953e+01 6.837617349999999816e-02 1.571517559999999897e-02 1.072014209999999981e-02 9.410233049999999419e-03 2.904632390000000050e-03 3.093754380000000165e-02
1.687861320000000021e+01 7.610090070000000151e-02 1.551550150000000072e-02 2.053156600000000196e-03 -2.068375349999999890e-02 -1.726607039999999982e-02 -1.137038800000000037e-02
1.959061170000000018e+01 6.924312320000000631e-02 1.254203299999999931e-02 3.882114309999999940e-03 1.038884039999999958e-03 1.250444380000000077e-02 -3.844270989999999666e-02
2.228869759999999900e+01 7.280442130000000511e-02 1.591104449999999892e-02 -5.517746260000000284e-03 2.852614740000000010e-02 1.704505539999999833e-02 1.910086130000000076e-02
2.499117569999999944e+01 7.394678459999999565e-02 1.908161430000000075e-02 -1.936914680000000055e-02 1.487866839999999954e-02 2.018195919999999852e-02 1.452958719999999926e-02
2.769153509999999940e+01 8.180322839999999707e-02 1.277270649999999973e-02 -3.536205390000000254e-02 8.545168500000000292e-03 7.544055039999999872e-03 2.003720059999999914e-02
3.039795859999999905e+01 8.241363009999999600e-02 9.237199249999999626e-03 -3.440302320000000053e-02 3.044178670000000086e-02 -2.879846999999999962e-02 -2.457434630000000092e-02
3.309672890000000223e+01 7.877542490000000175e-02 1.308433049999999966e-02 -5.135441250000000180e-02 7.174183239999999684e-03 6.444035859999999900e-03 -6.484257150000000136e-02
3.578942889999999721e+01 7.025963200000000242e-02 5.813900809999999683e-03 -5.244173059999999997e-02 1.882994959999999968e-02 7.080116329999999736e-02 -1.855042209999999830e-02
3.848656479999999647e+01 5.801559950000000077e-02 -9.943834279999999668e-04 -6.451300129999999744e-02 1.007611240000000005e-02 4.801292910000000240e-03 -2.055441319999999975e-02
4.119487420000000100e+01 5.949398820000000032e-02 3.796204029999999952e-03 -5.408040039999999909e-02 1.263150669999999962e-02 -2.221315159999999976e-03 -2.808089500000000155e-02
4.390303360000000055e+01 5.874854389999999843e-02 7.602386170000000228e-03 -5.925730059999999993e-02 1.029630980000000029e-02 9.317385419999999266e-03 -3.175182520000000008e-02
4.659831319999999977e+01 7.081048700000000529e-02 4.594177510000000200e-03 -4.865831419999999685e-02 -1.732965680000000041e-03 -5.682891980000000232e-03 -6.538703790000000016e-02
4.930029290000000231e+01 7.104719419999999674e-02 -2.052579860000000155e-03 -5.496758739999999671e-02 2.361980309999999958e-02 2.034204369999999956e-02 -5.794982199999999806e-02
5.199569759999999974e+01 7.093382970000000620e-02 1.892721389999999946e-03 -5.470296799999999765e-02 1.097927549999999988e-02 1.102731459999999920e-02 -6.732774449999999467e-02
5.469055230000000023e+01 7.026766930000000189e-02 9.668552679999999414e-03 -5.410246390000000155e-02 1.540365829999999943e-02 3.657949750000000222e-02 -3.336556880000000197e-02
5.739096949999999708e+01 6.600932610000000145e-02 1.581159690000000012e-03 -5.345970540000000160e-02 -4.478244190000000256e-03 -2.820299880000000023e-03 -1.092522959999999918e-02
6.009786789999999712e+01 6.248660510000000196e-02 7.586944800000000252e-03 -6.503827049999999499e-02 2.767358719999999869e-02 2.030552869999999871e-02 -1.363854410000000031e-02
6.279089139999999958e+01 5.122130359999999688e-02 8.884278739999999439e-03 -5.942650380000000232e-02 1.515416300000000001e-02 -1.509158510000000071e-02 -4.082645590000000269e-02
6.548922260000000506e+01 5.294409790000000060e-02 1.619700539999999883e-02 -5.855678880000000225e-02 2.132689599999999883e-03 -2.250161109999999909e-02 2.297411699999999876e-02
6.818453200000000436e+01 5.638111330000000060e-02 1.252922040000000077e-02 -6.437677849999999535e-02 -3.120877079999999880e-03 -2.921769140000000150e-03 -4.144037550000000125e-03
7.087878820000000246e+01 6.807327200000000411e-02 8.838439409999999247e-03 -5.630680810000000119e-02 -1.732638489999999837e-02 -3.899417570000000138e-02 5.365797950000000122e-02
7.356868670000000066e+01 5.750819270000000205e-02 -2.213819899999999990e-03 -5.537735869999999699e-02 -6.211904760000000296e-03 -1.168188449999999975e-02 2.192581080000000071e-02
7.626330860000000200e+01 5.646192669999999802e-02 -6.102431900000000048e-03 -5.280810050000000339e-02 -1.374551170000000086e-02 1.081940730000000017e-02 2.242564039999999856e-02
7.897178669999999556e+01 5.687972880000000120e-02 -8.505341569999999921e-03 -6.383363570000000209e-02 2.340411440000000117e-03 1.078405250000000030e-02 -7.089328420000000353e-02
8.167174140000000193e+01 6.348741519999999416e-02 -5.273356009999999837e-03 -6.468790430000000147e-02 2.717127709999999936e-03 2.615213569999999890e-02 -1.867787619999999871e-02
8.437115860000000112e+01 6.733796250000000094e-02 2.792658459999999843e-03 -7.405728659999999408e-02 8.747008679999999578e-03 -4.799154340000000296e-02 -5.458874290000000074e-02
8.706537419999999372e+01 6.902526259999999803e-02 -5.721404739999999892e-03 -6.961891829999999892e-02 -1.079776630000000084e-02 -2.713410000000000127e-02 7.919599899999999262e-03
8.975500080000000480e+01 5.824056880000000325e-02 -2.454208350000000160e-03 -6.704818040000000423e-02 9.216468360000000526e-03 -3.201417680000000210e-02 -1.085765229999999942e-02
9.246076639999999713e+01 5.555693230000000038e-02 7.979189830000000400e-03 -6.035044409999999748e-02 2.038002029999999923e-02 -2.766889419999999863e-02 -1.394572240000000081e-02
9.516824289999999564e+01 4.461486180000000246e-02 6.053068069999999710e-03 -6.548906440000000495e-02 2.770216260000000000e-02 3.081818210000000086e-02 -2.599058740000000089e-02
9.787156480000000158e+01 5.493221489999999818e-02 -3.817674569999999958e-03 -6.492723929999999477e-02 5.352546579999999977e-03 2.846299990000000085e-02 1.863464000000000093e-02
1.005835840000000019e+02 6.136280139999999994e-02 3.626419330000000066e-03 -6.885311239999999944e-02 2.662185629999999983e-02 1.329948480000000058e-02 -1.431195029999999917e-02
1.032865369999999956e+02 5.616253949999999717e-02 -6.275023180000000381e-03 -6.959075010000000117e-02 2.534378459999999875e-02 -5.227663270000000237e-03 -2.292158749999999995e-02
1.059841150000000027e+02 4.961608070000000231e-02 -7.840278810000000237e-03 -6.792973150000000682e-02 2.781077319999999964e-02 1.837450829999999827e-02 -6.026273619999999651e-03
1.087016150000000039e+02 4.348751160000000060e-02 -1.169662599999999990e-02 -7.007627909999999960e-02 3.802661959999999869e-02 -1.511524099999999975e-02 -1.647285420000000125e-02
1.114055989999999952e+02 3.933682000000000151e-02 -3.133367819999999943e-03 -7.107755450000000086e-02 1.522631950000000005e-02 -2.145528010000000152e-02 7.493329190000000070e-03
1.141141149999999982e+02 4.254007619999999879e-02 -1.299291499999999898e-03 -6.800911969999999529e-02 1.511517409999999992e-02 -1.799458350000000123e-02 -4.243282649999999961e-02
1.168170520000000039e+02 4.869776089999999780e-02 6.211809000000000427e-03 -6.519254589999999572e-02 3.520213650000000166e-02 2.821294729999999917e-02 -5.388523890000000011e-02
1.195183339999999959e+02 5.046280809999999922e-02 1.247606980000000049e-03 -6.073328780000000066e-02 3.740414799999999818e-02 -6.580513110000000068e-03 -2.914165770000000030e-02
1.222193180000000012e+02 6.012093749999999903e-02 -1.817769469999999969e-03 -6.165196459999999767e-02 1.733808820000000070e-02 -2.896443820000000127e-02 -3.477222239999999687e-02
1.249145209999999935e+02 6.938034560000000406e-02 -8.295011990000000085e-03 -5.524157980000000273e-02 -3.358555220000000036e-03 1.347544789999999965e-02 -1.308168349999999994e-02
1.276099590000000035e+02 6.996832710000000510e-02 -6.255970050000000254e-03 -5.259677289999999811e-02 -1.618202640000000053e-02 -4.650979740000000043e-03 1.982009950000000048e-02
1.303135839999999916e+02 6.603261470000000577e-02 -1.556816570000000080e-02 -4.847581100000000059e-02 -2.844948179999999896e-02 8.340184039999999632e-02 -4.802583950000000046e-02
1.330026770000000056e+02 6.840715379999999513e-02 -1.468038980000000056e-02 -4.414714439999999768e-02 -4.917508839999999715e-02 7.743105339999999635e-03 -2.613498950000000057e-02
1.356930680000000109e+02 7.761060559999999331e-02 -1.351186620000000005e-02 -3.073245910000000150e-02 -1.798238530000000057e-02 -6.314472110000000221e-03 -2.285620349999999829e-02
1.383841930000000104e+02 7.920162899999999562e-02 -1.302975479999999957e-02 -1.734913269999999869e-02 -1.166954230000000030e-02 3.476621719999999777e-02 -3.043573709999999877e-02
1.410744740000000093e+02 8.057480649999999855e-02 -2.543447710000000094e-03 3.235816180000000014e-03 -2.562345660000000039e-02 1.984009509999999990e-02 -1.972825029999999980e-02
1.437683959999999956e+02 7.685467299999999835e-02 -4.468722730000000178e-03 2.996437689999999904e-02 1.304794180000000067e-02 1.410138759999999929e-02 2.667979250000000052e-02
1.464734589999999912e+02 6.541546680000000225e-02 -9.623694020000000265e-03 4.838191359999999969e-02 -2.253998609999999930e-02 1.894554500000000070e-03 -1.339090899999999945e-02
1.491697090000000117e+02 6.138423209999999824e-02 -9.834628749999999378e-03 5.693827070000000157e-02 -2.425201069999999987e-02 5.380980519999999795e-02 1.139834460000000056e-02
1.518684739999999920e+02 5.691529890000000119e-02 -4.133424840000000239e-03 5.460085309999999914e-02 -5.692329050000000112e-02 1.552287790000000077e-02 6.289797689999999594e-03
1.545715519999999970e+02 6.416309850000000148e-02 -2.326100829999999935e-03 5.338502099999999778e-02 -6.642388470000000489e-02 -2.772163650000000062e-02 -3.063004770000000206e-03
1.572715049999999906e+02 6.180728619999999868e-02 1.678227330000000000e-03 5.668772150000000315e-02 -4.599063750000000061e-02 7.775494969999999575e-03 -4.867541010000000362e-03
1.599759430000000009e+02 6.432110409999999834e-02 3.646247930000000217e-03 6.042143610000000331e-02 -9.962282960000000756e-03 3.633516979999999730e-02 -9.672617810000000774e-03
1.626852089999999862e+02 6.893707849999999859e-02 2.921785589999999905e-03 4.942528759999999938e-02 5.316285849999999660e-04 2.377770519999999888e-02 -2.980646669999999915e-02
1.653923020000000008e+02 7.302090429999999466e-02 1.898642180000000013e-03 4.715360970000000151e-02 -2.821329070000000092e-02 -5.364508209999999805e-02 7.444383770000000122e-03
1.681002090000000067e+02 7.108199880000000415e-02 4.514350720000000032e-03 5.321309130000000109e-02 -3.612744860000000058e-02 -4.755581889999999784e-02 1.842774200000000043e-02
1.707915519999999958e+02 6.624349399999999999e-02 -9.911676400000000910e-04 4.585478080000000151e-02 -1.701867810000000023e-02 -1.055073469999999979e-02 5.055839780000000172e-02
1.734943959999999947e+02 5.990009859999999992e-02 7.641308660000000266e-03 4.389799640000000003e-02 -1.680379090000000061e-02 -3.539512949999999714e-02 3.713490600000000225e-02
1.762049429999999859e+02 5.748867530000000003e-02 9.939896650000000153e-03 5.024287449999999960e-02 -5.775413699999999706e-02 3.974783899999999835e-03 -3.939686299999999725e-02
1.788951299999999947e+02 5.532167970000000101e-02 5.013131819999999857e-03 5.478155970000000291e-02 -1.097488869999999929e-02 9.301933850000000366e-04 -3.053558589999999864e-02
1.815982400000000041e+02 5.924165800000000259e-02 -1.824172339999999932e-03 5.635639359999999876e-02 -8.749595380000000852e-03 -4.727674799999999691e-03 -8.957105479999999528e-04
1.842950209999999913e+02 6.011633780000000260e-02 -6.545747190000000305e-03 5.118824739999999762e-02 2.328126570000000131e-02 -4.431531530000000323e-03 4.815900220000000204e-02
1.870027240000000006e+02 6.259783450000000471e-02 -6.738972739999999836e-03 5.854176509999999695e-02 3.723346810000000007e-02 1.304369300000000030e-02 7.944664270000000375e-03
1.897100990000000138e+02 5.625059570000000286e-02 -1.498771429999999974e-02 5.202619809999999706e-02 2.815934700000000124e-02 2.116147800000000093e-02 3.183484150000000148e-03
1.924308179999999879e+02 6.311611790000000444e-02 -1.413600769999999972e-02 5.330851789999999785e-02 -2.125695619999999966e-02 -1.716915269999999896e-02 -3.948177170000000125e-02
1.951238800000000140e+02 6.293411499999999881e-02 -9.217932439999999839e-03 5.234611969999999892e-02 -1.591810739999999919e-02 9.547077960000000668e-03 -3.378403109999999869e-03
1.978283179999999959e+02 6.206685420000000036e-02 -8.124335400000000026e-03 5.475695249999999736e-02 -3.640300920000000273e-02 3.155426969999999831e-02 3.562232189999999660e-02
2.005337710000000015e+02 5.455596100000000004e-02 -3.091128470000000135e-03 6.088895109999999805e-02 -3.066414849999999845e-02 7.492092820000000042e-02 2.864098439999999968e-02
2.032372870000000091e+02 5.557519109999999735e-02 7.492398780000000293e-04 5.795742749999999860e-02 -5.547060899999999711e-02 2.629185820000000048e-02 6.193142590000000336e-02
2.059405050000000017e+02 4.922441639999999841e-02 7.984936249999999638e-03 6.545060460000000357e-02 -3.390406499999999712e-02 1.234157649999999967e-02 5.791956930000000114e-02
2.086295519999999897e+02 5.269636910000000118e-02 -9.144616819999999702e-04 6.068268699999999904e-02 -4.583333309999999827e-02 -1.940140090000000081e-02 6.468085269999999942e-02
2.113306300000000135e+02 5.372833190000000231e-02 2.175580099999999909e-03 6.014368910000000151e-02 2.656884290000000037e-02 9.620633689999999807e-03 5.368569260000000121e-02
2.140294590000000028e+02 5.280065409999999682e-02 3.261105690000000099e-03 5.728787140000000250e-02 -1.645293399999999892e-02 -1.911314180000000043e-02 2.500033340000000145e-02
2.167255049999999983e+02 5.423922639999999989e-02 5.963078860000000189e-05 5.513385989999999848e-02 9.404014549999999140e-03 4.433131170000000065e-02 1.996788830000000015e-02
2.194289430000000038e+02 6.305141720000000116e-02 -1.142812009999999955e-03 4.330688500000000329e-02 -7.440022620000000253e-02 4.987100730000000072e-03 -1.601216910000000104e-02
2.221201770000000124e+02 6.836305939999999526e-02 -3.077711429999999918e-03 4.667537620000000026e-02 -3.855128609999999845e-02 3.316865670000000016e-02 4.021881169999999908e-03
2.248112710000000050e+02 8.098398939999999768e-02 1.736371110000000002e-03 4.432313909999999885e-02 -1.349963579999999969e-02 1.815776659999999987e-02 1.078448159999999961e-02
2.275092710000000125e+02 7.629920519999999762e-02 -6.104136040000000514e-04 4.095176679999999736e-02 -3.561907820000000113e-02 -2.591126909999999853e-02 5.934427190000000039e-03
2.302228179999999895e+02 7.169625200000000198e-02 -1.158613820000000023e-02 4.074281720000000329e-02 -8.331712820000000685e-02 -9.791368039999999787e-03 -2.587468899999999933e-02
2.329184740000000033e+02 6.466350710000000335e-02 -6.451581480000000320e-03 3.840452429999999945e-02 -4.208248349999999666e-02 1.601032659999999941e-02 -2.066485440000000173e-02
2.356213799999999878e+02 6.924763809999999464e-02 -7.163576510000000189e-03 4.312644429999999696e-02 -8.618175910000000495e-02 -1.202263320000000095e-03 -4.572698319999999629e-03
2.383269899999999950e+02 7.164725249999999435e-02 -7.049939789999999954e-04 5.009347470000000135e-02 -4.387611059999999702e-02 3.260571730000000334e-02 -3.327565090000000197e-02
2.410191460000000063e+02 7.013362450000000525e-02 7.734515030000000280e-04 4.845405500000000282e-02 -2.091885669999999850e-02 1.565057660000000045e-02 -4.152598159999999761e-02
2.437260679999999979e+02 6.223076710000000067e-02 1.542632470000000018e-03 5.387220040000000043e-02 -7.543233850000000129e-02 -6.838421410000000006e-03 -6.208568589999999623e-03
2.464207550000000140e+02 5.665422299999999661e-02 3.159646160000000124e-03 6.664767900000000134e-02 -8.992420539999999851e-02 2.986191950000000039e-02 -1.634854009999999955e-02
2.491204590000000110e+02 5.508731940000000105e-02 -3.904388749999999995e-03 6.120104920000000309e-02 -5.446113129999999997e-02 -2.944427830000000135e-02 -6.170797890000000174e-02
2.518088339999999903e+02 4.841146350000000154e-02 -5.611930700000000239e-04 6.015659990000000318e-02 -3.979367190000000082e-02 -3.783761780000000075e-02 -6.606053600000000303e-02
2.545040209999999945e+02 4.974938140000000064e-02 -6.667836310000000398e-03 5.285618579999999678e-02 -1.399420650000000009e-02 5.488920329999999979e-03 3.297689909999999749e-04
2.571987710000000220e+02 5.845226380000000110e-02 -5.321715999999999990e-04 5.773593130000000129e-02 9.437512119999999852e-03 -2.483398700000000181e-03 1.656936020000000093e-02
2.598991300000000138e+02 5.839119670000000178e-02 5.026461529999999914e-03 5.623067739999999815e-02 1.542112279999999919e-02 1.175238969999999918e-02 3.390192460000000102e-02
2.626068179999999757e+02 5.812373559999999689e-02 4.034682520000000029e-03 6.166065319999999850e-02 -2.170674950000000061e-02 6.082449610000000353e-03 4.833853070000000002e-02
2.653223960000000261e+02 3.883995190000000264e-02 -7.957198250000000264e-03 6.931275420000000687e-02 2.731439260000000091e-02 2.593813799999999947e-02 2.047428410000000018e-02
2.680258210000000076e+02 4.256153690000000211e-02 -7.640039779999999647e-04 7.298067989999999783e-02 4.845940009999999930e-03 1.894239060000000013e-03 6.108254159999999822e-02
