# a=0.06053011369521168, b=-154.20525376930274, c=-4.677965191472117e-05, xi=5.6282945957532995
6.772857789999999767e-01 7.449569009999999769e-02 -5.339736589999999686e-03 4.200808500000000056e-02 1.493914200000000074e-02 -1.987679449999999945e-02 5.670979400000000087e-02
3.376575040000000083e+00 8.271389240000000254e-02 -1.193668789999999952e-02 2.412020029999999843e-02 1.499007119999999985e-02 1.265774230000000057e-03 6.700339880000000248e-02
6.070254270000000396e+00 8.432090320000000527e-02 -9.944671310000000042e-03 1.069381800000000077e-02 2.194156410000000154e-02 2.863994219999999903e-03 5.579393819999999699e-02
8.770204570000000643e+00 8.176027859999999980e-02 -1.845736129999999905e-02 2.052817470000000040e-03 5.246248710000000343e-02 -3.431995460000000189e-04 3.090506260000000158e-02
1.147089680000000023e+01 8.541409669999999732e-02 -1.925347490000000120e-02 -8.656064139999999647e-04 5.176930710000000359e-03 -1.815148189999999870e-02 2.097587929999999989e-02
1.417176079999999949e+01 8.275448870000000345e-02 -2.956849970000000050e-02 -2.776995339999999840e-02 5.837929289999999743e-02 -2.251619700000000081e-03 -4.575327510000000257e-03
1.686380610000000146e+01 7.582852769999999520e-02 -1.876694259999999934e-02 -3.829234220000000272e-02 7.239312339999999860e-03 -6.543785439999999856e-03 2.934835230000000170e-02
1.957681390000000121e+01 7.304458369999999867e-02 -1.801557209999999840e-02 -4.008686890000000280e-02 3.903437979999999780e-02 -8.356561950000000738e-03 -3.951152609999999954e-02
2.227689210000000131e+01 6.917392310000000655e-02 -9.319316620000000356e-03 -3.863193329999999731e-02 -1.270000460000000019e-02 1.317837370000000084e-02 1.056670089999999992e-02
2.498189209999999960e+01 6.582108809999999421e-02 -1.081942649999999978e-02 -3.984310750000000234e-02 3.502049940000000194e-02 1.084678499999999941e-02 -2.358012389999999947e-04
2.768594990000000067e+01 6.274102410000000074e-02 -1.022794009999999920e-02 -4.760769489999999715e-02 -3.170924089999999779e-02 2.288934200000000002e-02 -1.919812010000000041e-02
3.039396239999999949e+01 6.165447539999999865e-02 -3.629109959999999788e-03 -4.642288950000000164e-02 -3.645528790000000102e-02 -2.247993179999999841e-02 -6.773749919999999709e-03
3.308489519999999828e+01 7.073080319999999754e-02 -3.870147830000000150e-03 -5.126390399999999903e-02 7.201973400000000539e-04 -9.189653540000000329e-03 -1.087040589999999952e-02
3.578329519999999775e+01 6.902653409999999490e-02 -2.132077640000000062e-03 -7.186207499999999748e-02 3.642091780000000084e-02 -2.398001250000000167e-02 -3.049578220000000173e-02
3.848566079999999801e+01 6.367359679999999578e-02 -2.724323429999999865e-03 -6.873108669999999920e-02 3.747595289999999801e-02 -1.695857469999999950e-02 -2.124111830000000034e-02
4.119945930000000089e+01 5.685472309999999724e-02 1.064877290000000023e-03 -6.168711839999999752e-02 -2.916608479999999864e-02 -7.987627819999999768e-02 -3.867078659999999973e-02
4.389372180000000156e+01 5.413839869999999971e-02 -5.661831029999999862e-03 -6.246835939999999948e-02 -2.921085229999999949e-02 -5.120192889999999886e-02 1.979554769999999908e-02
4.659855770000000064e+01 5.837978879999999871e-02 6.315950320000000319e-03 -5.930020770000000302e-02 -3.202912690000000312e-02 1.477005660000000004e-04 1.222552399999999977e-02
4.928798900000000316e+01 5.371114949999999943e-02 2.570171439999999977e-03 -5.441174420000000067e-02 -7.275273169999999824e-03 -3.371252019999999849e-02 3.229021599999999659e-02
5.199334520000000026e+01 5.685756289999999852e-02 7.316362909999999482e-04 -6.242051839999999963e-02 1.395849340000000077e-02 2.790963720000000023e-02 6.559658220000000317e-03
5.469482490000000041e+01 5.611569289999999988e-02 4.241588549999999666e-03 -6.174596479999999721e-02 -2.500313649999999846e-02 -1.494857590000000028e-02 -1.516176470000000012e-02
5.739629209999999659e+01 6.038669189999999742e-02 3.718878479999999931e-03 -6.902437090000000663e-02 -2.992460389999999915e-02 5.152594770000000317e-03 -6.550008999999999693e-02
6.009318110000000246e+01 5.838438509999999831e-02 6.729528299999999914e-03 -6.420435630000000116e-02 -1.777172499999999863e-02 4.365671470000000165e-02 -9.806152170000000112e-02
6.279195769999999754e+01 6.729572059999999745e-02 3.067842999999999785e-03 -5.808238649999999947e-02 -2.368359650000000094e-02 -2.614637219999999939e-03 -6.625972580000000223e-02
6.548087019999999825e+01 6.560856180000000648e-02 8.659066439999999962e-03 -5.401978970000000102e-02 -3.591477530000000001e-02 1.402044949999999967e-03 -2.912077620000000019e-02
6.818300929999999482e+01 6.559619449999999630e-02 1.428993840000000043e-02 -5.284801489999999685e-02 -7.693951470000000379e-04 -1.538411720000000017e-02 -2.062746489999999974e-02
7.087263900000000660e+01 7.143324389999999857e-02 1.546739190000000035e-02 -4.436466740000000186e-02 -2.400632340000000142e-03 2.242828599999999867e-02 -1.295034530000000079e-02
7.356434520000000532e+01 6.959549750000000590e-02 1.563894890000000135e-02 -4.720225349999999931e-02 3.690288540000000173e-02 2.930534500000000001e-02 -2.037441300000000094e-02
7.625550769999999545e+01 6.451065820000000117e-02 9.040950350000000191e-03 -5.105872799999999767e-02 5.577074170000000108e-02 3.697881160000000139e-02 8.789324270000000491e-04
7.895838109999999688e+01 6.218616889999999814e-02 1.719272289999999870e-02 -5.527639699999999795e-02 4.086855500000000085e-03 -1.622817609999999827e-02 -2.818634539999999994e-02
8.166713740000000143e+01 6.623255320000000224e-02 2.306575640000000163e-02 -5.537720780000000148e-02 -2.370864459999999854e-02 -7.544694640000000271e-03 -3.862362610000000251e-02
8.436282959999999775e+01 5.784207009999999677e-02 1.368481090000000025e-02 -6.407571160000000154e-02 1.376673070000000026e-02 -3.121325189999999902e-02 1.071083999999999925e-02
8.707722180000000378e+01 6.223991520000000249e-02 1.090415259999999963e-02 -6.469067259999999875e-02 3.176213890000000040e-02 -1.756196830000000125e-02 3.020215330000000122e-03
8.976687180000000410e+01 5.590221530000000216e-02 1.272383109999999928e-02 -6.206430749999999885e-02 6.296798909999999638e-02 2.520270079999999829e-02 -4.633106720000000275e-03
9.247645769999999743e+01 5.362706379999999939e-02 5.747163149999999845e-03 -5.782611800000000274e-02 1.867167369999999868e-02 1.158969429999999988e-02 -1.838242060000000108e-02
9.517592639999999449e+01 5.603868070000000284e-02 6.771810159999999863e-03 -6.696852590000000605e-02 1.684110730000000153e-02 -9.117078909999999647e-03 -3.519416040000000051e-02
9.788525610000000654e+01 5.793891119999999839e-02 4.376905789999999824e-03 -7.030086779999999980e-02 2.069061629999999902e-02 -1.570178620000000106e-03 -6.069201049999999736e-02
1.005854939999999971e+02 4.534358000000000138e-02 1.613094819999999832e-02 -7.123326119999999484e-02 3.028865660000000168e-02 -3.021053259999999935e-02 -5.787640109999999706e-03
1.032997749999999968e+02 4.882748180000000271e-02 1.383840509999999940e-02 -6.438919340000000269e-02 1.993704599999999993e-02 -7.339255769999999783e-03 8.822955040000000221e-03
1.060047119999999978e+02 4.925167929999999666e-02 1.205547319999999978e-02 -6.968251790000000445e-02 -1.536410570000000010e-02 -1.352573710000000082e-02 2.971650519999999990e-02
1.087069939999999946e+02 5.741873849999999668e-02 6.161852239999999689e-03 -5.549866390000000177e-02 -3.174730879999999866e-02 4.928615790000000219e-02 1.846564800000000117e-02
1.114069939999999974e+02 5.170848849999999663e-02 1.388997479999999965e-02 -6.279558420000000418e-02 1.140171350000000056e-02 7.066449750000000640e-02 -4.366855709999999807e-02
1.141167439999999971e+02 5.650344560000000044e-02 5.772007400000000142e-03 -6.944044139999999699e-02 1.222296569999999950e-02 5.433853550000000178e-03 -2.097647249999999922e-02
1.168242280000000051e+02 5.512149539999999792e-02 9.278643510000000177e-03 -6.104933080000000262e-02 8.338987920000000276e-02 4.596744430000000020e-02 -1.325914639999999957e-02
1.195212750000000028e+02 6.645200860000000098e-02 3.408516539999999900e-03 -6.036251120000000331e-02 4.612498229999999894e-02 4.984740359999999953e-02 4.526819990000000016e-02
1.222179160000000024e+02 6.239964569999999905e-02 7.022571630000000106e-03 -6.025794420000000345e-02 7.179235720000000376e-02 6.102123030000000138e-05 5.879688899999999802e-02
1.249227439999999945e+02 5.661406940000000138e-02 4.968809260000000075e-03 -6.494225260000000000e-02 -5.267197529999999989e-03 9.537031760000000066e-03 -4.890441879999999665e-03
1.276290249999999986e+02 5.217273499999999786e-02 2.013079069999999804e-03 -6.887610969999999333e-02 8.849225239999999534e-03 -3.531259500000000218e-02 -1.426582329999999919e-02
1.303199940000000083e+02 4.113823789999999925e-02 -1.222680880000000031e-03 -7.697544829999999894e-02 -1.154855360000000067e-02 6.551996780000000388e-03 5.420145369999999907e-02
1.330149940000000015e+02 4.795090140000000251e-02 -8.720021209999999703e-03 -5.847870260000000153e-02 1.816286539999999866e-02 3.099871150000000145e-02 4.822854270000000165e-02
1.357070720000000108e+02 4.522280790000000189e-02 9.512072619999999579e-04 -5.460765399999999853e-02 -7.150067629999999619e-03 2.394603270000000145e-02 5.676217609999999886e-02
1.384028999999999883e+02 5.440250420000000003e-02 4.450138279999999932e-03 -5.537014970000000286e-02 -9.020022390000000112e-03 4.917523739999999678e-03 1.815483960000000008e-02
1.411198060000000112e+02 5.905013860000000309e-02 -6.818018290000000051e-03 -5.599543740000000047e-02 -2.606970200000000015e-02 -5.272085929999999893e-02 -1.470653639999999936e-02
1.438064779999999985e+02 5.986909630000000065e-02 4.371232850000000142e-03 -5.976215850000000246e-02 1.397854949999999957e-02 -5.293680299999999755e-02 7.977482890000000063e-03
1.465066500000000076e+02 6.932737640000000146e-02 8.933245810000000481e-03 -4.290347109999999992e-02 6.529343299999999621e-03 8.149586150000000598e-03 -5.312247909999999809e-03
1.491992909999999881e+02 7.481488059999999440e-02 1.441480130000000019e-02 -3.959684220000000282e-02 -6.939163100000000396e-03 9.921165969999999612e-03 -6.514368399999999337e-02
1.518906810000000007e+02 7.926660559999999800e-02 1.900915599999999928e-02 -2.391042640000000039e-02 -1.057194200000000084e-02 7.300064220000000194e-03 4.966862510000000404e-03
1.545831190000000106e+02 7.719937159999999687e-02 2.073521550000000102e-02 -4.702362669999999786e-03 -1.344881180000000002e-02 1.216471749999999998e-02 3.626454710000000074e-03
1.572894939999999906e+02 6.540134690000000417e-02 1.748414040000000058e-02 3.346479559999999964e-02 -1.920624719999999841e-02 3.169755209999999823e-02 -1.293154999999999999e-02
1.599790089999999907e+02 6.291439329999999608e-02 1.746602579999999988e-02 4.797429970000000043e-02 -1.071017479999999966e-02 -2.258080130000000157e-02 -9.903972029999999482e-03
1.626846339999999884e+02 6.293274529999999534e-02 5.995023660000000330e-03 5.765084730000000213e-02 1.865404499999999931e-03 -8.150285469999999158e-03 -2.085345270000000042e-02
1.653895249999999919e+02 5.382056319999999755e-02 1.094984629999999973e-02 7.336794729999999987e-02 9.652056029999999884e-03 -1.132481710000000051e-02 9.945921110000000790e-04
1.681005089999999882e+02 5.378305240000000320e-02 7.904466880000000570e-03 6.488631949999999760e-02 1.108588670000000033e-02 -9.113182879999999139e-03 -1.039758829999999981e-02
1.708113690000000133e+02 4.748535239999999991e-02 9.727273439999999799e-03 6.398664810000000147e-02 4.545914470000000235e-02 1.192630840000000018e-02 1.301600709999999918e-02
1.735056030000000078e+02 5.133969649999999690e-02 2.983688549999999936e-03 6.347148390000000029e-02 2.546862969999999851e-02 3.886541720000000200e-02 1.713269010000000037e-02
1.762231500000000040e+02 5.377915390000000129e-02 5.110764710000000044e-03 6.761643539999999397e-02 1.695500570000000110e-02 -5.740433009999999781e-02 4.295307909999999951e-02
1.789093059999999866e+02 6.137189789999999978e-02 7.040019629999999876e-03 6.265681939999999395e-02 -2.800251180000000104e-02 2.774130929999999925e-02 3.672527550000000141e-02
1.816114619999999888e+02 5.748219949999999745e-02 4.429895359999999963e-03 6.071185619999999727e-02 1.413403630000000010e-03 2.921730269999999949e-02 3.202911819999999798e-02
1.843101969999999881e+02 5.776293610000000217e-02 1.018189600000000061e-03 6.265173870000000089e-02 2.339494290000000004e-02 5.605954879999999751e-02 2.525787479999999988e-02
1.870163059999999859e+02 4.820078149999999784e-02 8.619308030000000535e-04 5.860059499999999838e-02 2.103738620000000087e-02 3.577193370000000035e-03 -1.938418280000000094e-03
1.897259469999999908e+02 5.499964119999999762e-02 8.404305429999999952e-03 5.877736709999999837e-02 2.907759609999999856e-02 1.208081670000000010e-02 2.967409639999999890e-02
1.924273530000000108e+02 6.554411240000000693e-02 1.082735260000000080e-03 5.942413910000000216e-02 -4.076990370000000211e-03 3.652478700000000300e-02 1.884322050000000054e-02
1.951301499999999862e+02 6.378589149999999708e-02 -3.299680149999999982e-03 5.265165470000000153e-02 2.217974299999999829e-02 -2.675288080000000172e-03 1.521133310000000009e-02
1.978279939999999897e+02 6.773595999999999784e-02 8.077190510000000281e-03 4.481201519999999938e-02 -1.317295979999999998e-02 2.366145410000000150e-03 1.211273470000000067e-02
2.005311969999999917e+02 6.706487160000000614e-02 -4.923780160000000225e-03 4.713951219999999720e-02 -8.016280440000000604e-03 3.678597809999999829e-02 5.597767389999999676e-02
2.032213840000000005e+02 6.696293109999999771e-02 8.114659559999999258e-03 4.648232020000000325e-02 -1.138068419999999949e-02 7.705905879999999826e-03 3.565865700000000332e-02
2.059406659999999931e+02 6.061393930000000263e-02 1.868533990000000077e-03 4.907415329999999937e-02 2.277725380000000105e-02 -1.771381049999999971e-02 9.115400040000000773e-03
2.086437439999999981e+02 6.261474020000000473e-02 7.765095569999999961e-03 4.774819279999999860e-02 -1.346512589999999954e-02 -3.403648089999999904e-02 8.061191009999999629e-03
2.113421969999999988e+02 6.392708599999999408e-02 4.556685119999999943e-03 5.393824230000000136e-02 -1.671032949999999920e-02 -3.390601490000000329e-02 5.954341910000000154e-02
2.140391189999999995e+02 6.452883049999999510e-02 -3.021118739999999799e-03 5.636767649999999824e-02 -8.005368259999999514e-03 -2.812234450000000024e-02 4.220002169999999969e-02
2.167443690000000061e+02 6.097318759999999921e-02 1.005876579999999930e-02 5.477079010000000109e-02 -7.503659139999999637e-03 -5.380436940000000307e-02 9.419998100000000207e-03
2.194485559999999964e+02 6.424806110000000348e-02 4.202576859999999567e-03 6.049851920000000327e-02 5.583678199999999973e-03 -3.708446860000000345e-02 2.698897839999999868e-02
2.221406029999999987e+02 6.970019219999999682e-02 -2.789487570000000107e-03 5.894946699999999845e-02 -5.060103259999999652e-03 -2.607483409999999946e-02 8.925040639999999581e-03
2.248438690000000122e+02 6.460565440000000381e-02 6.289740359999999690e-03 5.623387500000000261e-02 -1.192545159999999944e-02 4.028588699999999939e-02 4.262345459999999919e-02
2.275300410000000113e+02 6.228059939999999739e-02 1.467084129999999924e-02 5.795102490000000189e-02 -1.346774729999999920e-02 -2.822881080000000029e-02 2.538152850000000016e-02
2.302200249999999926e+02 5.708898560000000288e-02 1.625341939999999999e-02 6.168504980000000248e-02 -3.708662349999999885e-02 -1.658131020000000108e-02 2.007040170000000054e-02
2.329259470000000078e+02 6.705674960000000684e-02 -9.292207910000000078e-04 5.570498950000000310e-02 -1.987321300000000068e-02 -6.550818590000000163e-02 -2.151244930000000000e-02
2.356246030000000076e+02 7.449726900000000485e-02 -5.570826289999999785e-03 5.968198269999999694e-02 -2.264174210000000076e-02 -5.672826229999999859e-02 2.664621270000000052e-03
2.383212440000000072e+02 7.681997249999999999e-02 -3.044198609999999861e-03 4.947694739999999869e-02 -1.688790659999999874e-02 -1.090220509999999948e-02 5.995187530000000396e-03
2.410231499999999869e+02 7.149384550000000005e-02 -6.414451039999999674e-03 4.609443839999999987e-02 -3.252282889999999916e-03 2.561547730000000161e-02 -2.043003020000000100e-02
2.437095720000000085e+02 6.967656710000000309e-02 5.320981760000000234e-03 5.526756409999999953e-02 4.736999770000000051e-04 -2.094166420000000139e-02 -4.417880269999999686e-03
2.464139940000000024e+02 5.296461549999999935e-02 2.490070440000000020e-03 5.663589229999999725e-02 1.293929060000000020e-02 -1.158789309999999975e-04 -2.150524200000000080e-03
2.491126030000000071e+02 5.597126599999999869e-02 4.633885120000000302e-03 5.994229310000000199e-02 -1.804890509999999837e-02 -2.386805389999999832e-02 4.699432989999999949e-02
2.518048369999999920e+02 5.593403260000000266e-02 -9.065123900000000108e-04 6.204350470000000173e-02 -1.338997570000000081e-02 -3.981790949999999829e-02 3.338433140000000160e-02
2.545166969999999935e+02 5.586525540000000095e-02 -5.316836139999999572e-03 5.986600820000000100e-02 2.269544860000000108e-02 -2.384603180000000044e-02 1.431659880000000010e-02
2.572232280000000060e+02 6.231325919999999852e-02 -3.120355889999999917e-03 6.261576539999999524e-02 2.695370539999999981e-02 -3.844764879999999774e-02 1.885673369999999946e-02
2.599311500000000024e+02 5.325977509999999665e-02 -4.835253410000000390e-03 5.738011820000000346e-02 5.758128950000000051e-03 1.491318179999999959e-02 1.471616899999999900e-03
2.626333529999999996e+02 5.548014309999999699e-02 -8.444612920000000439e-03 6.190118730000000041e-02 -1.196006439999999955e-02 2.119978499999999877e-02 3.120192429999999947e-02
2.653368530000000192e+02 6.315076549999999733e-02 -8.516917719999999442e-03 5.315459530000000293e-02 3.462275620000000026e-03 -1.079724309999999937e-02 4.919234170000000295e-02
2.680297570000000178e+02 6.929050080000000167e-02 -1.705681179999999839e-02 4.613167869999999782e-02 1.123877250000000078e-02 6.482244340000000229e-03 5.318586200000000042e-02
