# a=0.06289052306417653, b=-154.52202075152013, c=0.0026215088012034324, xi=12.915367190114358
7.043075189999999930e-01 7.770421889999999665e-02 6.762063270000000237e-03 2.070819219999999947e-02 -4.103041129999999981e-02 7.963445510000000116e-03 6.146481270000000302e-03
3.390055419999999931e+00 8.039920940000000460e-02 5.507167349999999781e-03 1.753163129999999945e-02 -2.361480770000000048e-02 -1.133735509999999995e-03 3.512528720000000076e-02
6.089635419999999577e+00 7.567375839999999909e-02 2.599851670000000170e-03 4.656199619999999879e-03 -4.750160610000000311e-02 -2.312117080000000019e-02 6.896319759999999799e-02
8.786019169999999434e+00 7.239718790000000681e-02 8.116173980000000385e-03 -1.936710399999999957e-02 -6.455752189999999779e-02 1.032828539999999969e-02 5.084090250000000005e-02
1.148207990000000045e+01 7.769156309999999954e-02 1.338481270000000008e-02 -2.431863910000000087e-02 2.787341349999999940e-02 3.422680100000000027e-03 2.112120259999999972e-02
1.417796120000000037e+01 7.375730950000000674e-02 2.573512390000000198e-03 -3.856510810000000206e-02 -2.920076630000000006e-02 -2.586093970000000164e-04 -4.790786170000000191e-03
1.688271429999999995e+01 6.689076400000000533e-02 1.117457900000000046e-02 -5.028665689999999716e-02 7.253242099999999623e-03 3.480272739999999698e-02 -2.946560209999999833e-02
1.957955340000000177e+01 5.490634629999999877e-02 7.576795350000000220e-03 -6.543916630000000401e-02 -1.133976870000000074e-02 1.257810309999999893e-03 -4.506553070000000188e-02
2.227994560000000135e+01 6.026851800000000009e-02 1.224989479999999929e-02 -6.640275369999999733e-02 5.256148000000000417e-03 -3.372665030000000091e-02 -4.863974160000000130e-02
2.497863149999999877e+01 6.025055180000000316e-02 1.311953960000000058e-02 -6.995664699999999681e-02 -2.130846869999999948e-02 -2.369609660000000090e-02 -7.771618180000000597e-02
2.767680500000000166e+01 6.023783580000000026e-02 1.281880680000000057e-02 -6.932190809999999592e-02 -3.082611749999999984e-02 -4.720525550000000126e-02 -7.350784019999999884e-03
3.035763929999999888e+01 5.191704619999999715e-02 1.109682879999999983e-02 -6.528208550000000332e-02 4.237938470000000152e-02 8.486187239999999979e-03 9.245919839999999779e-02
3.306106750000000005e+01 5.280614599999999825e-02 7.663573840000000026e-03 -5.808281640000000079e-02 6.050165290000000112e-02 1.631098749999999875e-02 8.106964699999999469e-02
3.576885810000000276e+01 5.285955400000000304e-02 2.406402969999999787e-03 -6.013573309999999811e-02 3.582251849999999738e-02 2.385705609999999848e-03 3.293340980000000057e-02
3.846422369999999802e+01 6.350852760000000319e-02 8.684949500000000572e-03 -5.985168999999999906e-02 -1.069361169999999937e-02 4.768728450000000313e-02 4.221985479999999791e-02
4.115806750000000136e+01 6.318163179999999879e-02 1.032265450000000029e-02 -4.966217330000000096e-02 1.882422809999999931e-03 1.119562850000000061e-02 1.145530150000000080e-02
4.386224560000000139e+01 6.652605920000000117e-02 2.220370049999999956e-03 -4.904306420000000000e-02 -4.650582410000000250e-02 4.912766419999999717e-02 -1.814208189999999901e-02
4.657054399999999816e+01 7.818688810000000433e-02 1.088324019999999982e-02 -5.739183369999999867e-02 -6.708313899999999996e-02 3.296474049999999906e-02 -5.428341209999999750e-02
4.925609709999999808e+01 6.545522850000000392e-02 4.526679260000000078e-04 -5.404096249999999768e-02 3.721811950000000063e-02 -3.802531779999999972e-03 -8.262353059999999819e-03
5.194824559999999991e+01 6.199382049999999783e-02 4.059263809999999820e-03 -6.000838530000000143e-02 5.286312919999999749e-02 -1.289287559999999916e-02 3.040361759999999844e-02
5.465617060000000293e+01 6.083036230000000294e-02 3.444911660000000118e-03 -5.743517430000000257e-02 6.270327280000000114e-02 2.474055299999999846e-03 2.469376430000000053e-02
5.734366899999999845e+01 5.136196509999999688e-02 6.328799920000000197e-03 -6.436639830000000229e-02 6.172199319999999850e-02 -3.964473350000000118e-02 6.020038979999999679e-02
6.005713779999999957e+01 5.635386860000000248e-02 5.144650219999999732e-03 -5.745866930000000095e-02 1.017258950000000071e-02 5.051113060000000064e-04 2.753147540000000157e-02
6.276045500000000033e+01 5.721800240000000232e-02 -1.213911420000000083e-03 -5.902805700000000183e-02 -1.972411229999999904e-02 2.400899680000000147e-02 -1.463297560000000053e-02
6.547610029999999881e+01 6.535621160000000540e-02 -6.821718220000000041e-03 -6.300713060000000254e-02 -4.895486570000000259e-02 4.736925379999999686e-03 -1.950870849999999934e-02
6.817273930000000348e+01 5.842007020000000023e-02 -5.967109540000000399e-03 -5.903553140000000060e-02 1.076934279999999973e-02 -2.032789509999999994e-02 9.861995849999999342e-03
7.087654089999999485e+01 6.512876939999999448e-02 -3.880668869999999871e-03 -5.597190350000000314e-02 5.460195600000000010e-02 -2.500722409999999937e-02 1.332480680000000008e-02
7.357208780000000559e+01 5.394404600000000244e-02 -6.517042290000000376e-03 -5.953755759999999897e-02 6.031705169999999894e-02 -1.220432179999999915e-02 2.979534359999999951e-02
7.626980810000000588e+01 5.267122130000000124e-02 -4.536594389999999873e-03 -5.985620330000000072e-02 6.248443890000000139e-03 -2.070326230000000059e-02 4.151898749999999999e-02
7.897955650000000105e+01 6.575334680000000098e-02 -4.853885450000000427e-03 -6.036745400000000095e-02 8.690070640000000304e-03 8.622411879999999917e-03 5.358776780000000343e-03
8.167554710000000284e+01 6.671030199999999910e-02 -4.401934480000000392e-03 -5.440697449999999658e-02 1.020570479999999974e-02 -3.547576129999999855e-02 1.763878220000000135e-02
8.437989249999999686e+01 6.397590540000000492e-02 -1.431024210000000040e-02 -5.394483370000000000e-02 1.995338370000000056e-02 9.441980810000000224e-03 -1.750570419999999960e-02
8.707537370000000010e+01 5.454693780000000047e-02 -1.742677030000000168e-02 -5.952589290000000199e-02 4.282035979999999908e-02 1.614731770000000025e-02 -1.035981029999999935e-02
8.977398460000000568e+01 6.060377950000000319e-02 -1.173617719999999962e-02 -5.954262290000000152e-02 8.978328430000000193e-02 -3.289686689999999844e-03 1.402956929999999922e-02
9.247122840000000110e+01 6.300222029999999473e-02 -1.021867710000000026e-02 -5.658245209999999970e-02 9.222889049999999367e-02 8.176905910000000638e-03 3.908173959999999836e-02
9.516804249999999854e+01 6.669747139999999963e-02 -9.487423639999999214e-03 -5.950878720000000316e-02 5.456939890000000321e-02 -1.096193839999999933e-02 2.579500449999999959e-02
9.787636750000000063e+01 5.994942360000000275e-02 -1.292887359999999979e-02 -6.083804689999999793e-02 3.037353720000000173e-02 -2.255564870000000000e-02 -1.656084390000000031e-02
1.005708549999999946e+02 5.643999739999999710e-02 -4.287573440000000229e-03 -5.636002999999999846e-02 6.810577240000000032e-02 -9.819468090000000541e-04 4.627975399999999587e-03
1.032749170000000021e+02 5.592159349999999834e-02 -8.394630020000000067e-03 -5.491029399999999838e-02 4.782665800000000106e-02 2.163081470000000062e-02 -1.119829950000000027e-03
1.059715419999999995e+02 6.322466140000000678e-02 -6.976946230000000311e-03 -5.384664129999999771e-02 1.055929430000000085e-02 2.442392700000000152e-02 2.438201460000000154e-02
1.086778860000000009e+02 7.087191119999999844e-02 -9.303954160000000792e-03 -6.041770510000000344e-02 2.675423429999999880e-02 -6.587037260000000276e-03 -4.089600449999999943e-02
1.113725890000000049e+02 6.403459940000000294e-02 -1.431826890000000106e-03 -5.609312169999999820e-02 -2.634863990000000170e-02 -4.180944400000000116e-02 -6.319866870000000192e-02
1.140692460000000068e+02 6.372466150000000162e-02 -4.999813950000000194e-03 -5.681810179999999960e-02 5.684747460000000308e-02 -6.386153070000000209e-02 -5.023764559999999851e-02
1.167676670000000030e+02 5.327945309999999879e-02 -1.261228999999999996e-02 -6.289392139999999687e-02 5.335505940000000169e-02 -1.675917329999999927e-02 -1.893975750000000124e-02
1.194668549999999954e+02 4.927794419999999981e-02 -1.684726179999999907e-02 -6.305329799999999374e-02 6.876841529999999647e-02 -3.745749330000000023e-03 1.024362619999999967e-02
1.221735110000000049e+02 5.031226710000000213e-02 -5.306461349999999633e-03 -6.910408660000000314e-02 -6.971467850000000362e-03 -3.223723879999999957e-06 -9.999733840000000346e-03
1.248821990000000000e+02 6.334798719999999717e-02 -9.892692380000000021e-03 -6.641553640000000258e-02 3.456334479999999959e-02 -1.170990620000000003e-02 -4.522017410000000320e-02
1.275832300000000004e+02 5.205811979999999672e-02 -1.881936930000000039e-03 -6.848550139999999564e-02 -1.908348149999999910e-02 -6.589643640000000108e-03 -1.714997390000000052e-02
1.302934960000000046e+02 5.722112909999999691e-02 -8.685745409999999153e-03 -6.271885609999999778e-02 1.706919709999999910e-02 -2.892475660000000046e-02 -3.660725680000000148e-02
1.329952769999999873e+02 6.351601290000000177e-02 -4.887632910000000094e-03 -6.972358230000000323e-02 3.204751069999999674e-02 3.108855740000000117e-02 -6.913511190000000417e-02
1.356850420000000099e+02 6.581442649999999506e-02 4.737462510000000140e-03 -6.108410689999999726e-02 3.078282829999999873e-02 2.550068310000000102e-02 -1.808248070000000084e-03
1.383894640000000038e+02 7.381001119999999749e-02 6.270639940000000308e-03 -5.204786869999999954e-02 -3.020374689999999994e-03 1.879306359999999938e-03 1.969902340000000140e-02
1.410963240000000098e+02 8.226613580000000092e-02 4.489989140000000094e-03 -3.906643619999999872e-02 -1.392825580000000077e-02 2.794189069999999941e-02 9.775511820000000809e-03
1.437892919999999890e+02 7.414476590000000644e-02 1.104579039999999991e-02 -3.196304960000000139e-02 -2.352922819999999846e-02 2.134796690000000108e-02 -2.604488879999999895e-02
1.465069489999999917e+02 7.027784920000000601e-02 9.956754720000000544e-03 -2.795142590000000010e-02 9.473842479999999497e-03 1.237806330000000045e-02 -3.815897950000000233e-02
1.492036520000000053e+02 6.627705790000000541e-02 7.189412889999999973e-03 -2.210973189999999866e-02 -2.744594840000000053e-03 4.457034080000000023e-03 -1.654181210000000082e-02
1.519045110000000136e+02 7.838700340000000211e-02 1.305103120000000033e-02 -1.744530719999999938e-02 -1.322990100000000051e-02 2.139827429999999892e-02 -1.623923990000000067e-02
1.546164640000000077e+02 8.267497379999999563e-02 1.607865609999999936e-03 8.620927080000000131e-03 -2.624596989999999908e-02 3.138190610000000241e-02 -5.165403329999999904e-02
1.573027610000000038e+02 7.893971630000000406e-02 -1.900888390000000060e-03 1.185812460000000047e-02 -2.105688780000000010e-02 -2.162417139999999946e-02 -1.418362440000000071e-02
1.599988710000000083e+02 7.783581829999999813e-02 -4.610980920000000210e-04 2.439419409999999885e-02 -1.024834550000000045e-02 -1.434470719999999914e-02 8.750235719999999162e-03
1.627149799999999971e+02 7.429320450000000131e-02 -4.182377709999999908e-03 4.107874610000000065e-02 1.099726850000000075e-02 -2.667179730000000110e-03 -9.677329590000000384e-03
1.654044489999999996e+02 6.476098419999999634e-02 3.769443160000000154e-03 5.357628839999999809e-02 -1.598733119999999966e-02 2.389300239999999839e-02 4.506378879999999726e-02
1.681129019999999912e+02 7.046866020000000508e-02 -8.581277240000000778e-03 5.788447129999999691e-02 -9.774106779999999772e-03 5.351617430000000369e-03 2.417935850000000123e-02
1.708295270000000130e+02 7.037471060000000112e-02 -8.302279540000000527e-03 5.131693899999999892e-02 -1.282747889999999967e-02 -1.768390790000000032e-02 -1.578981739999999953e-02
1.735144329999999968e+02 6.996391720000000314e-02 -7.655240360000000084e-03 5.650712170000000284e-02 -2.533098699999999925e-02 1.887446809999999975e-02 2.879479449999999829e-02
1.761983549999999923e+02 6.885319360000000111e-02 -5.298807600000000201e-03 4.609892200000000051e-02 -2.936772899999999867e-02 4.016178179999999737e-03 1.349052010000000024e-02
1.788987919999999860e+02 6.792442399999999714e-02 -2.438584890000000064e-03 5.152898899999999727e-02 -2.102770010000000120e-02 -4.422142109999999994e-03 2.516896589999999961e-02
1.816019019999999955e+02 5.779220589999999741e-02 -4.849613269999999803e-03 5.841333060000000049e-02 1.875564319999999943e-03 -1.112268909999999944e-02 1.741677570000000133e-02
1.843054329999999936e+02 5.409000659999999711e-02 2.680498679999999793e-03 6.030761030000000161e-02 1.510619619999999975e-02 -6.891641450000000370e-03 1.694361919999999924e-02
1.870091989999999953e+02 5.907712100000000327e-02 3.772600980000000073e-03 6.905870919999999857e-02 2.049024829999999964e-02 -7.336164119999999574e-03 3.457322079999999853e-02
1.897047139999999956e+02 6.060719900000000049e-02 3.846522490000000107e-04 7.531975999999999949e-02 8.496956380000000170e-03 -4.195102099999999806e-02 7.749345840000000651e-02
1.924127919999999961e+02 5.547632789999999703e-02 8.382382780000000207e-05 7.156828599999999485e-02 5.121893669999999683e-03 -2.666569540000000155e-02 8.936327950000000353e-02
1.951254490000000033e+02 4.785924879999999687e-02 -8.884489259999999583e-03 7.128451530000000369e-02 2.201082689999999883e-02 -1.875869969999999914e-02 4.486793819999999877e-02
1.978283240000000092e+02 5.255257640000000202e-02 -1.259443170000000035e-03 6.355234960000000211e-02 1.799902499999999836e-02 -4.218733410000000128e-02 2.378846500000000169e-02
2.005336670000000083e+02 6.872277870000000066e-02 -4.458797569999999912e-03 7.100570959999999432e-02 2.423054459999999903e-03 -5.151258750000000178e-03 2.387628090000000133e-02
2.032233860000000050e+02 7.212718980000000502e-02 2.692420910000000106e-04 6.846220769999999956e-02 -1.031481360000000014e-02 -1.597232700000000144e-02 2.725806960000000043e-02
2.059196520000000135e+02 7.120358870000000062e-02 4.083482739999999903e-03 6.225029020000000246e-02 -1.904597049999999861e-02 1.936563629999999911e-02 -6.650288669999999784e-03
2.086077459999999917e+02 7.486939989999999434e-02 2.807293570000000092e-03 6.633295770000000036e-02 6.262116699999999668e-03 -9.283484549999999804e-04 4.899224779999999946e-02
2.113109640000000127e+02 7.554565180000000213e-02 -4.795570879999999821e-03 5.728792440000000236e-02 2.643692450000000027e-02 2.357913609999999840e-02 2.323808399999999913e-02
2.139983389999999872e+02 7.449864659999999583e-02 -1.809747780000000097e-02 5.745622999999999703e-02 7.856413560000000823e-03 2.975971820000000018e-02 4.368951399999999874e-02
2.166991519999999980e+02 7.119346020000000275e-02 -2.978349569999999818e-03 4.855841839999999743e-02 7.432390649999999661e-03 2.761670949999999944e-02 2.764384580000000050e-02
2.194078710000000001e+02 7.009227040000000353e-02 -3.210264350000000227e-04 5.806634089999999915e-02 1.582391660000000144e-02 -3.831207660000000154e-02 1.341266779999999992e-02
2.221038079999999866e+02 6.773316410000000676e-02 -2.305809179999999958e-04 5.767917089999999997e-02 -2.242650549999999909e-02 4.615370399999999852e-03 2.426312779999999919e-02
2.248094800000000077e+02 6.064946720000000124e-02 -8.053928130000000477e-03 6.702120820000000145e-02 -1.205806509999999936e-02 2.060703740000000179e-03 -3.311318389999999903e-03
2.275052770000000066e+02 4.495121889999999926e-02 -5.026772970000000125e-03 7.618629550000000084e-02 -5.180966690000000235e-03 3.475690349999999845e-02 3.393914650000000310e-02
2.302112919999999860e+02 5.402107240000000171e-02 -6.654350790000000161e-03 6.814001990000000120e-02 1.860029239999999931e-02 -3.881730380000000119e-02 2.977364620000000003e-02
2.329250739999999951e+02 5.379992599999999792e-02 -1.235836969999999950e-03 7.576328499999999966e-02 4.687624960000000285e-02 4.383287629999999685e-03 4.402433199999999935e-02
2.356238079999999968e+02 5.385295880000000313e-02 7.074964609999999507e-04 7.408475620000000428e-02 1.078990640000000029e-02 2.898750309999999913e-02 5.092022639999999739e-02
2.383362769999999955e+02 4.627573589999999654e-02 1.614661540000000102e-03 6.725736579999999631e-02 2.329926709999999984e-02 1.760703279999999843e-02 4.629064170000000283e-02
2.410348710000000096e+02 5.832632070000000335e-02 -9.437032899999999802e-04 6.556393080000000317e-02 -9.441415030000000624e-03 -3.063349610000000098e-02 3.924609259999999739e-02
2.437364800000000002e+02 5.678698890000000166e-02 -9.039978540000000173e-03 6.466588650000000549e-02 -2.034180999999999837e-02 2.043080740000000062e-02 5.222612680000000146e-02
2.464282919999999990e+02 6.204157650000000079e-02 -9.883732850000000181e-03 7.044396749999999596e-02 3.243377430000000212e-04 -2.629483510000000038e-02 8.375819900000000540e-02
2.491322769999999878e+02 6.214091320000000168e-02 -2.347322119999999948e-04 6.217712990000000273e-02 -1.872111220000000076e-02 4.670398450000000021e-03 8.577375190000000038e-02
2.518231209999999862e+02 6.670077630000000035e-02 7.555644979999999802e-04 6.627022459999999671e-02 -5.150317360000000039e-03 -8.042392670000000562e-03 7.273043319999999978e-02
2.545319959999999924e+02 6.315032839999999703e-02 6.043510549999999738e-03 6.437161249999999446e-02 1.975635309999999867e-02 1.655600930000000054e-02 8.392917570000000063e-03
2.572240739999999732e+02 6.036823859999999875e-02 5.408708519999999575e-03 5.869388350000000198e-02 -6.343958430000000252e-03 2.590108730000000026e-02 1.343916660000000086e-03
2.599250579999999786e+02 6.021991210000000178e-02 7.788339220000000014e-03 5.993832849999999879e-02 1.357550209999999931e-02 -2.354814959999999846e-02 2.395637730000000146e-02
2.626218860000000177e+02 6.028423260000000117e-02 4.891190600000000326e-03 5.664585650000000111e-02 7.852158459999999604e-03 -2.157314420000000163e-02 -5.117991060000000314e-02
2.653344640000000254e+02 6.300419229999999760e-02 6.854797539999999724e-03 4.600550820000000318e-02 1.356774810000000060e-02 -2.024090920000000057e-02 -4.658140260000000199e-02
2.680286209999999869e+02 6.995554519999999665e-02 5.928703540000000022e-03 3.360492460000000237e-02 6.150514539999999732e-03 -1.680829599999999991e-03 -3.234819120000000103e-02
