# a=0.06583113095784, b=-128.4662114022654, c=-0.00043825845076546, xi=11.679779277014712
6.974930609999999698e-01 6.080373769999999900e-02 -1.440521550000000046e-02 3.621065390000000050e-02 1.751266530000000071e-02 2.650109100000000092e-02 3.349840700000000218e-04
3.390378820000000015e+00 6.397703990000000451e-02 -2.016980050000000135e-02 1.966251509999999980e-02 1.999501970000000170e-02 -3.182862509999999975e-03 2.825215420000000074e-02
6.081955690000000025e+00 6.890456949999999858e-02 -1.351985649999999997e-02 1.982163370000000063e-02 2.190725649999999969e-02 3.634562300000000051e-02 5.528888569999999836e-02
8.773997089999999943e+00 6.732191960000000197e-02 -1.513970840000000012e-02 9.332841660000000322e-04 8.248195490000000477e-03 4.044658109999999668e-02 2.986118769999999978e-02
1.146905959999999958e+01 6.292673429999999513e-02 -9.865314680000000780e-03 -2.327735360000000170e-02 -1.639472729999999837e-02 -1.565070279999999968e-03 8.169512920000000095e-03
1.417629870000000025e+01 5.921444780000000019e-02 -7.571372070000000412e-03 -4.686884429999999685e-02 -4.852874110000000157e-02 -6.160174840000000318e-02 1.340126170000000005e-02
1.687005339999999975e+01 5.774257389999999657e-02 -2.411623500000000062e-03 -5.826273480000000032e-02 -4.270299820000000163e-02 -1.599702979999999969e-02 2.117942440000000065e-02
1.956902829999999938e+01 4.946162429999999971e-02 3.748565860000000177e-03 -7.010060170000000090e-02 -3.255140730000000149e-02 -3.888799249999999944e-03 2.346671449999999937e-02
2.227027370000000062e+01 4.710810969999999764e-02 1.924155280000000058e-03 -7.392296980000000184e-02 -3.295537739999999938e-02 -3.685535310000000175e-02 2.113757310000000111e-02
2.497626430000000042e+01 5.249839070000000135e-02 1.562281389999999959e-04 -7.555070060000000642e-02 3.574289819999999784e-03 -6.399157009999999896e-03 1.277677219999999968e-02
2.768061739999999915e+01 6.438440630000000220e-02 -2.374294949999999991e-03 -6.699809340000000002e-02 -5.271637610000000189e-03 3.041242959999999884e-02 6.626946939999999592e-03
3.039344090000000165e+01 6.867576079999999916e-02 8.526785250000000135e-04 -5.937174189999999685e-02 -5.503946340000000388e-03 -5.019814429999999716e-02 4.512492540000000163e-02
3.309449399999999741e+01 6.391060590000000041e-02 1.709317450000000065e-03 -5.533771380000000045e-02 -8.735915920000000140e-03 -5.039966929999999817e-02 6.080402609999999673e-03
3.579772049999999695e+01 7.094972330000000327e-02 1.425998919999999946e-03 -5.237896320000000328e-02 -1.461126469999999948e-02 -2.627030370000000073e-02 -2.684035549999999951e-02
3.849377679999999913e+01 7.519784309999999472e-02 4.274020610000000067e-03 -5.928317529999999752e-02 -1.599101229999999943e-02 2.472020899999999993e-03 -2.192589920000000137e-02
4.118853769999999770e+01 7.379641550000000383e-02 7.531095940000000384e-03 -5.906755999999999812e-02 -7.646600590000000169e-03 4.683546179999999864e-02 1.217860590000000021e-02
4.388365799999999695e+01 6.060083790000000276e-02 7.192610690000000168e-03 -6.439716130000000538e-02 3.175855909999999831e-03 1.743803920000000160e-02 9.682863360000000183e-03
4.658121119999999848e+01 6.270138129999999754e-02 1.024949460000000069e-02 -6.241853740000000150e-02 2.049564820000000093e-02 -2.599185589999999935e-02 1.733059409999999911e-02
4.928229710000000097e+01 7.162168979999999907e-02 9.873881669999999208e-03 -6.133449330000000088e-02 1.222424889999999993e-02 -1.280699700000000052e-02 -7.615267509999999913e-03
5.198337829999999826e+01 7.498621710000000218e-02 9.227963089999999258e-03 -6.414208439999999345e-02 -1.149246280000000044e-02 9.432934570000000782e-03 2.016099669999999941e-02
5.468227370000000320e+01 7.132950320000000510e-02 7.944394380000000672e-03 -7.279384799999999434e-02 -2.550169739999999866e-02 4.245480940000000147e-02 1.840532110000000013e-02
5.737729869999999721e+01 7.148338719999999813e-02 8.402931029999999649e-03 -7.256644230000000584e-02 -2.599719779999999821e-03 1.109290270000000064e-02 -2.132683640000000019e-02
6.007751269999999977e+01 6.818526140000000235e-02 8.032763429999999205e-03 -6.617951800000000662e-02 9.439170519999999856e-03 3.686222509999999980e-03 -2.077467629999999940e-02
6.276930180000000092e+01 6.884137310000000565e-02 5.789095620000000303e-03 -5.586327139999999747e-02 6.186755960000000013e-03 9.930103149999999421e-03 -3.317715739999999719e-02
6.547224710000000414e+01 7.249786490000000028e-02 2.985370939999999924e-03 -6.482681120000000075e-02 1.432198990000000012e-02 1.568392880000000003e-02 -4.203802539999999810e-02
6.816561430000000144e+01 6.756014379999999986e-02 2.295015279999999824e-03 -7.026980630000000116e-02 -2.713846409999999890e-03 1.293190049999999938e-02 -1.283135820000000024e-02
7.086230799999999874e+01 6.191110889999999756e-02 4.647059539999999836e-03 -7.061265810000000309e-02 -3.047719769999999995e-02 -4.906681979999999530e-04 -2.816522830000000102e-02
7.355609400000000164e+01 6.687582549999999959e-02 6.251794589999999999e-03 -6.807264820000000216e-02 -1.287865960000000084e-03 4.860923120000000021e-03 -3.396441389999999699e-02
7.624963150000000667e+01 7.596462029999999366e-02 1.255851919999999983e-02 -6.646221800000000346e-02 2.345154420000000045e-02 1.487869650000000002e-02 -2.590454360000000143e-03
7.895532830000000502e+01 7.308795240000000304e-02 9.749365779999999773e-03 -6.330515080000000128e-02 3.247644830000000205e-02 1.562413550000000054e-02 5.144944030000000307e-02
8.164975019999999972e+01 7.391211470000000339e-02 6.353254810000000252e-03 -6.455255129999999675e-02 1.922859509999999897e-02 7.773037279999999750e-03 1.867530040000000072e-02
8.435529239999999618e+01 7.430623440000000413e-02 9.734737679999999269e-03 -6.545830049999999678e-02 2.251389040000000008e-02 -4.054288330000000058e-03 -6.080601310000000211e-03
8.705862679999999898e+01 7.083444599999999536e-02 1.109422870000000005e-02 -6.364919959999999766e-02 4.724460280000000387e-03 -8.644429770000000568e-02 1.341723260000000049e-02
8.977312369999999930e+01 6.449718560000000656e-02 1.140844249999999928e-02 -6.452377119999999633e-02 3.983727749999999707e-02 -9.316061119999999307e-02 3.127288079999999970e-02
9.247172679999999900e+01 6.434090659999999740e-02 4.351065109999999875e-03 -6.415307909999999614e-02 2.618919520000000112e-02 -3.177049779999999851e-02 1.323335059999999896e-03
9.516995330000000308e+01 6.321728590000000314e-02 9.787334350000000734e-04 -7.290493730000000006e-02 1.349566930000000060e-02 1.398689399999999972e-03 -5.456238189999999648e-03
9.787357830000000547e+01 6.299685150000000622e-02 -6.289676079999999801e-04 -6.649386429999999681e-02 9.599946030000000574e-03 -2.759447799999999867e-02 -1.616863349999999970e-03
1.005721709999999973e+02 6.438371169999999866e-02 -1.579257859999999960e-03 -6.813842559999999660e-02 2.382675379999999940e-02 7.770963950000000196e-03 -3.537161500000000208e-02
1.032651390000000049e+02 5.621367969999999797e-02 -3.404093420000000019e-04 -6.553520720000000077e-02 2.724024900000000110e-02 2.020927319999999902e-02 -3.848264409999999774e-02
1.059658270000000044e+02 6.240603759999999861e-02 -3.916848730000000237e-03 -6.567081600000000685e-02 1.826938980000000073e-02 -5.269438890000000333e-03 -5.974235310000000111e-03
1.086735460000000018e+02 5.788536489999999979e-02 -1.142902259999999982e-02 -5.612402410000000286e-02 5.834871339999999663e-03 -1.588211990000000171e-02 2.512070419999999984e-02
1.113800770000000000e+02 6.633676639999999680e-02 -8.195281060000000201e-03 -5.623129789999999767e-02 4.288555290000000027e-03 1.168739329999999958e-02 2.616440829999999978e-03
1.140860299999999938e+02 7.551397810000000377e-02 -6.326674190000000121e-03 -5.038085109999999867e-02 -2.833165299999999831e-02 3.681869850000000013e-03 -2.887347969999999944e-02
1.167864670000000018e+02 7.717432729999999796e-02 -6.456213950000000250e-03 -4.578484950000000220e-02 -4.306912219999999708e-02 7.688489889999999653e-03 -3.296160850000000309e-02
1.194880140000000068e+02 7.638074910000000606e-02 -2.657012749999999868e-03 -3.832544880000000181e-02 -5.121761200000000264e-02 -1.936073129999999962e-02 -5.213161239999999919e-02
1.221824050000000028e+02 8.325036249999999416e-02 -1.008278249999999994e-02 -4.194355140000000093e-02 -3.017433610000000085e-02 -2.364820659999999908e-02 -5.522988689999999701e-02
1.248787959999999941e+02 7.888438700000000026e-02 -6.806668860000000126e-03 -2.686891619999999883e-02 -3.623682970000000059e-02 -4.400786610000000099e-02 -5.402599420000000173e-03
1.275753579999999943e+02 8.019064800000000326e-02 -1.075577290000000012e-02 -3.852623869999999891e-03 -2.710410879999999856e-02 -3.234546049999999923e-02 -1.001710190000000035e-02
1.302757960000000139e+02 8.413760389999999645e-02 -1.289060709999999971e-02 1.286572029999999943e-02 -4.763111070000000148e-03 -3.170164229999999916e-02 -3.930521129999999669e-02
1.329709520000000111e+02 7.921345909999999435e-02 -1.009350889999999917e-02 2.147550919999999947e-02 -1.063184229999999952e-02 -1.847962120000000083e-02 -4.720754669999999847e-02
1.356675769999999943e+02 8.338981289999999880e-02 -7.892853229999999970e-03 3.384789459999999750e-02 -2.946735040000000166e-02 2.004511379999999836e-03 -1.403914139999999991e-02
1.383678419999999960e+02 7.153897600000000412e-02 1.242412550000000001e-03 5.017420019999999786e-02 -2.827615929999999916e-02 -5.038137580000000282e-02 -6.914390230000000241e-03
1.410570299999999975e+02 6.927956450000000155e-02 -7.174139150000000001e-04 5.952135669999999990e-02 -9.292127299999999521e-03 -1.538937200000000012e-02 -4.096472859999999994e-02
1.437557020000000136e+02 6.245327039999999663e-02 2.276108849999999850e-03 5.417852270000000220e-02 -1.539323249999999949e-02 1.388656519999999922e-03 -2.392849470000000048e-02
1.464607799999999997e+02 5.635450790000000321e-02 1.425680739999999995e-02 6.102396219999999677e-02 -7.873156030000000305e-02 -1.466942570000000050e-02 2.037798030000000093e-02
1.491616390000000081e+02 6.006417549999999717e-02 1.140060600000000063e-02 6.284293550000000228e-02 -5.659766980000000003e-02 -4.030658349999999973e-02 1.447494050000000011e-02
1.518679989999999975e+02 6.687837659999999740e-02 1.284767520000000031e-02 5.826251219999999814e-02 -2.918213849999999956e-02 -2.744729549999999976e-02 2.397445200000000026e-02
1.545686080000000118e+02 6.672454660000000370e-02 1.807426490000000122e-02 5.787743690000000246e-02 -8.115781080000000411e-03 3.760157160000000137e-02 5.162246539999999773e-02
1.572651710000000094e+02 5.862432850000000306e-02 1.512082290000000065e-02 5.605382250000000288e-02 -1.432796669999999994e-02 -5.393533760000000093e-02 1.846163129999999972e-03
1.599664669999999944e+02 5.740843629999999725e-02 1.208225159999999979e-02 6.134718200000000010e-02 -4.876879559999999780e-02 -3.836736510000000183e-02 -3.444975310000000096e-02
1.626625610000000108e+02 6.032625829999999773e-02 1.192470540000000086e-02 6.497833379999999603e-02 -3.557123389999999885e-02 -1.833728260000000096e-02 -2.012121710000000160e-02
1.653581079999999872e+02 5.690324709999999842e-02 5.819416679999999883e-03 6.038122590000000178e-02 -2.062367699999999998e-02 1.668472890000000097e-02 2.320782240000000135e-02
1.680545140000000117e+02 6.554935470000000652e-02 2.752409129999999846e-03 5.802384960000000341e-02 -1.711433730000000084e-02 -1.120029600000000021e-02 -2.486554079999999875e-02
1.707512639999999919e+02 7.122089249999999372e-02 4.028107250000000257e-03 6.253621439999999809e-02 1.663463210000000123e-02 -2.315529670000000123e-02 -4.859648319999999855e-02
1.734580300000000079e+02 6.826509729999999387e-02 1.350242230000000035e-04 6.240215629999999736e-02 -2.605190519999999940e-02 -4.475945779999999756e-03 -5.688122620000000268e-02
1.761537639999999953e+02 6.550418889999999605e-02 2.009314060000000086e-03 6.333898849999999858e-02 -2.476333370000000089e-03 -8.031426310000000512e-02 -5.327237630000000029e-02
1.788584519999999998e+02 6.457408509999999768e-02 -6.582461240000000297e-03 6.031442509999999924e-02 -1.581905789999999909e-02 -7.437654270000000623e-02 -2.257449989999999948e-02
1.815554050000000075e+02 6.615035040000000199e-02 -4.806980859999999793e-03 6.440610750000000384e-02 4.168966100000000286e-02 -4.622565960000000335e-02 -4.307895309999999756e-02
1.842552330000000040e+02 6.745050810000000063e-02 -4.568515540000000000e-03 5.909240150000000247e-02 6.240529870000000034e-02 -2.111323990000000053e-02 -4.620866970000000323e-02
1.869603889999999922e+02 6.574771719999999986e-02 -4.500786930000000297e-03 6.458444900000000211e-02 -1.273290680000000070e-02 2.410299089999999936e-02 -1.205739190000000051e-02
1.896523889999999994e+02 6.544453610000000587e-02 -3.312605360000000013e-03 6.594218999999999775e-02 -6.856530669999999494e-02 6.414327340000000599e-02 5.679459300000000085e-03
1.923437490000000025e+02 5.655365789999999837e-02 -7.506868070000000028e-04 7.268577190000000132e-02 -6.332831449999999640e-02 6.139704289999999703e-02 7.422746400000000688e-02
1.950420609999999897e+02 5.620638020000000290e-02 -9.433441569999999549e-04 7.293708409999999365e-02 -3.864310590000000212e-02 3.625359119999999741e-02 5.269768080000000049e-02
1.977397960000000126e+02 5.757902740000000325e-02 1.121586510000000068e-03 6.827833349999999635e-02 2.019495480000000134e-02 2.242504370000000108e-02 4.523522540000000230e-02
2.004333420000000103e+02 5.834407070000000028e-02 1.350155160000000030e-03 6.044573889999999700e-02 6.899601839999999764e-02 -1.881674399999999983e-02 -2.834324049999999845e-02
2.031337959999999896e+02 5.670971069999999892e-02 2.061988529999999892e-03 5.797481260000000164e-02 3.945777579999999729e-02 -2.254552940000000092e-03 2.802913409999999855e-02
2.058264519999999891e+02 5.833408419999999706e-02 -2.812494310000000081e-03 6.100893350000000104e-02 1.774718490000000079e-02 3.714752960000000269e-04 5.203776780000000241e-02
2.085246390000000076e+02 6.142891579999999740e-02 -3.032866700000000186e-03 5.809115699999999743e-02 6.103027869999999577e-03 4.541519780000000117e-02 4.299145530000000187e-02
2.112249050000000068e+02 6.163090849999999787e-02 -6.038025250000000335e-04 6.267289619999999450e-02 -1.707100129999999938e-02 2.640940220000000116e-02 1.046716519999999970e-02
2.139190609999999992e+02 6.284266759999999896e-02 3.763431880000000194e-03 6.286390540000000304e-02 5.658066819999999983e-03 -1.113200020000000047e-02 2.656235789999999986e-02
2.166183110000000056e+02 6.698140319999999759e-02 -4.155497380000000400e-03 6.760795999999999473e-02 -1.830453079999999969e-02 -4.086028030000000283e-02 7.639387379999999783e-02
2.193175459999999930e+02 7.011437970000000686e-02 -2.968201269999999961e-03 7.230565429999999405e-02 -5.543056770000000244e-02 -3.925921720000000170e-02 5.378257029999999883e-02
2.220155770000000075e+02 5.585848659999999993e-02 -1.884337490000000028e-03 7.885115560000000023e-02 -7.888335320000000594e-02 -7.917984710000000592e-02 3.957475979999999782e-02
2.247199520000000064e+02 5.300976389999999955e-02 -5.274417869999999987e-03 8.523481730000000145e-02 -6.116486589999999696e-02 -1.692079999999999973e-02 6.335350250000000571e-02
2.274276389999999992e+02 5.199033520000000130e-02 -5.481076349999999993e-03 8.056367450000000152e-02 -3.625193589999999889e-03 -4.361614940000000350e-03 1.029929710000000026e-02
2.301354049999999916e+02 5.115337959999999989e-02 -7.286982770000000401e-03 7.637459010000000048e-02 -5.614195829999999929e-03 2.891000700000000145e-02 8.536172550000000261e-03
2.328321239999999932e+02 5.059319500000000053e-02 -2.687696500000000006e-03 6.985851310000000536e-02 6.498030929999999879e-03 5.431044170000000337e-02 1.042367360000000069e-02
2.355351860000000102e+02 5.503937159999999773e-02 -6.137582790000000246e-03 7.032582460000000313e-02 7.613354499999999865e-03 4.656133929999999727e-02 2.423754750000000138e-02
2.382417330000000106e+02 6.223575270000000076e-02 -9.820991899999999275e-03 6.640059619999999496e-02 -3.451469630000000149e-02 -3.663104690000000205e-03 4.424829739999999734e-02
2.409373889999999960e+02 6.431118550000000655e-02 -9.511873339999999191e-03 6.784835079999999852e-02 -6.777184660000000298e-03 2.763893870000000072e-02 3.881380140000000034e-02
2.436430609999999888e+02 6.603716260000000449e-02 -1.255205560000000053e-02 6.139229649999999872e-02 -1.850384360000000006e-02 -1.977822120000000128e-02 3.477529210000000065e-02
2.463487169999999935e+02 6.152121709999999744e-02 -1.443664069999999952e-02 6.350702839999999849e-02 -2.353503020000000112e-02 -3.950231600000000259e-02 6.497233830000000154e-02
2.490521080000000040e+02 5.471545989999999915e-02 -1.169938520000000058e-02 6.207282420000000134e-02 -4.092648509999999989e-02 -1.851650729999999856e-02 -5.577775670000000019e-03
2.517516080000000045e+02 5.232510480000000103e-02 -1.474154740000000081e-02 6.781204030000000105e-02 -2.737989559999999892e-02 1.555815489999999926e-02 -3.187460970000000060e-02
2.544535769999999957e+02 5.152284149999999951e-02 -1.502216599999999999e-02 6.856384029999999796e-02 -1.810307829999999868e-02 8.989864740000000701e-03 -4.344672859999999803e-02
2.571622019999999793e+02 4.491438930000000301e-02 -1.251371209999999935e-02 6.691620030000000607e-02 -1.372369470000000050e-02 1.021542620000000061e-02 -2.096084570000000119e-02
2.598642489999999725e+02 4.872842320000000255e-02 -1.518821870000000053e-02 6.156918200000000008e-02 2.293083790000000066e-02 -2.183621380000000042e-02 -2.398826069999999977e-02
2.625713890000000106e+02 5.479149440000000149e-02 -1.154756359999999961e-02 6.416979189999999500e-02 1.624214259999999868e-02 -1.917061089999999926e-02 -3.163695689999999894e-02
2.652682169999999928e+02 5.674425460000000199e-02 -1.562068800000000063e-02 6.522564070000000380e-02 4.269587719999999760e-03 1.461173529999999950e-02 -2.278616489999999925e-02
2.679726790000000278e+02 5.625164900000000079e-02 -1.473449089999999927e-02 5.243861009999999795e-02 2.758003729999999876e-02 5.058272419999999825e-02 3.567226140000000038e-03
