# a=0.05801575811613012, b=-136.67601537914823, c=0.002001133518741554, xi=15.190683687147573
6.634588529999999595e-01 5.405176109999999812e-02 2.975501110000000182e-03 5.084492969999999945e-02 3.031283369999999977e-02 -5.570148169999999781e-03 2.209119470000000043e-02
3.372151389999999971e+00 6.570416769999999629e-02 9.611534640000000615e-03 4.182462430000000175e-02 1.898966360000000145e-02 2.197162449999999836e-02 4.211417189999999700e-02
6.069618260000000376e+00 6.897357040000000328e-02 1.092006509999999923e-02 3.412990939999999834e-02 -1.769887020000000073e-03 -1.720327500000000051e-02 -3.315642929999999822e-02
8.765530139999999193e+00 7.215561219999999665e-02 2.037877950000000112e-03 1.702665780000000087e-02 -1.442164569999999923e-02 5.156902179999999598e-04 3.086142929999999979e-02
1.146612250000000088e+01 7.516875309999999921e-02 1.657101520000000107e-03 3.542933690000000125e-03 2.112067680000000169e-02 1.813419419999999851e-02 -2.072010689999999843e-03
1.415956150000000058e+01 7.464796760000000364e-02 -3.473282439999999822e-03 -1.139587149999999986e-02 -5.289360239999999803e-03 3.490058459999999946e-02 3.071427070000000079e-02
1.686574119999999866e+01 7.245488290000000331e-02 -3.539540370000000130e-03 -3.259456270000000294e-02 8.146107350000000857e-03 4.027473780000000170e-02 -2.131390359999999970e-02
1.956597089999999994e+01 7.946636240000000406e-02 -4.101536099999999845e-03 -4.802737540000000249e-02 1.266342479999999979e-02 4.319299979999999956e-03 -4.032613139999999957e-02
2.227007090000000034e+01 8.142424930000000116e-02 3.545106880000000078e-03 -5.239399639999999664e-02 4.445855670000000218e-03 2.930453690000000069e-02 2.280525319999999849e-03
2.496686000000000050e+01 7.485371250000000254e-02 -4.142084090000000378e-03 -5.420771080000000297e-02 -1.566154410000000080e-02 -1.481967439999999983e-02 -8.035217899999999580e-02
2.766830840000000080e+01 6.700117260000000574e-02 2.715986540000000105e-03 -5.394870410000000144e-02 -2.046194839999999904e-02 -1.002494060000000062e-02 -1.924970319999999915e-02
3.036610530000000097e+01 5.440472570000000341e-02 -1.157375170000000085e-02 -5.450682329999999992e-02 -4.915783269999999747e-03 -1.439753530000000004e-02 -2.924793720000000083e-02
3.305913499999999772e+01 6.126683420000000185e-02 -7.502387759999999683e-03 -5.513928010000000018e-02 -5.700335200000000019e-03 -2.182693360000000082e-02 5.128231490000000233e-03
3.576864439999999945e+01 5.885894519999999852e-02 -7.014889199999999915e-03 -6.559777510000000533e-02 -1.399084729999999950e-02 -2.063290679999999974e-02 -6.099375650000000287e-02
3.846149590000000273e+01 5.213349800000000034e-02 -1.259968180000000000e-02 -5.963249119999999848e-02 2.126080099999999931e-02 3.597743349999999937e-03 -6.445161799999999871e-03
4.118541619999999881e+01 5.263537979999999977e-02 -4.975676000000000057e-03 -5.696542570000000250e-02 2.889742920000000145e-02 2.103221710000000022e-02 -5.035856570000000337e-02
4.388276780000000343e+01 5.936675570000000263e-02 -1.279045669999999933e-02 -5.212584800000000240e-02 -2.144109539999999869e-02 -8.147709490000000368e-04 -5.791575349999999664e-03
4.658237720000000337e+01 6.193090359999999656e-02 -3.602973590000000011e-03 -5.569810199999999933e-02 2.469498829999999812e-03 3.291451199999999994e-02 -1.731038479999999838e-02
4.927128969999999697e+01 6.064604719999999727e-02 8.308966710000000727e-03 -5.891774150000000237e-02 -2.144407380000000127e-02 -1.630216929999999884e-02 -5.068438469999999620e-03
5.197868809999999939e+01 5.682963979999999804e-02 1.524168909999999996e-05 -5.147446700000000291e-02 3.151743920000000046e-03 -2.401262109999999922e-02 -2.506058200000000138e-02
5.467499120000000090e+01 6.684016299999999411e-02 6.675324530000000325e-03 -3.627406140000000168e-02 -1.151152520000000082e-02 1.049708719999999963e-02 1.146853010000000068e-02
5.739099749999999744e+01 6.271413019999999561e-02 7.626749559999999872e-03 -3.809654030000000219e-02 1.275906320000000024e-02 2.412020730000000168e-02 -1.293170400000000046e-02
6.009554119999999955e+01 5.811022920000000203e-02 1.243383730000000020e-02 -3.434381959999999873e-02 -2.366178400000000168e-02 3.417148899999999934e-02 -1.095479170000000085e-02
6.279431470000000104e+01 5.683652520000000152e-02 -2.619612270000000118e-03 -4.851465110000000025e-02 -5.890453520000000012e-03 -7.277494100000000271e-03 -5.692331359999999729e-02
6.549918340000000683e+01 5.958697059999999712e-02 3.038749830000000030e-03 -6.892269230000000468e-02 1.487261330000000034e-02 -5.876588320000000537e-04 6.571196100000000102e-03
6.820441309999999646e+01 5.612611829999999968e-02 -1.615662539999999925e-03 -7.415444990000000236e-02 1.867681319999999964e-02 -3.271989039999999987e-02 -3.299654789999999921e-02
7.089805839999999648e+01 5.860436039999999958e-02 3.414802470000000058e-03 -6.118262740000000172e-02 -2.345048279999999933e-03 6.590692900000000298e-02 5.985310630000000021e-02
7.360626150000000223e+01 6.285679809999999978e-02 -1.049067529999999932e-03 -5.379742540000000128e-02 -1.790517020000000070e-02 2.288254550000000040e-02 -2.479144960000000120e-02
7.630280220000000213e+01 5.836186680000000210e-02 -1.251064079999999979e-03 -4.311537630000000093e-02 -2.280666589999999841e-02 1.369189949999999876e-04 -1.208429800000000026e-02
7.899793809999999894e+01 6.675182690000000529e-02 -1.118325000000000092e-03 -4.765929549999999709e-02 -1.844291660000000124e-02 -4.477873179999999897e-02 -3.204716600000000193e-02
8.168933029999999462e+01 6.657818499999999806e-02 -8.029860879999999729e-03 -5.762781389999999809e-02 -1.275960410000000038e-02 -2.970358550000000084e-02 -7.850364369999999689e-03
8.439389439999999354e+01 5.803317119999999718e-02 -1.352329050000000005e-02 -5.781424699999999917e-02 -1.666151459999999987e-02 1.336611329999999945e-02 -1.276567519999999983e-02
8.710235219999999856e+01 4.415462170000000047e-02 -7.458667000000000422e-03 -5.770207480000000277e-02 7.610807960000000316e-03 -1.854486719999999880e-02 2.793590049999999936e-02
8.980592249999999410e+01 4.250262509999999661e-02 -3.629018829999999959e-04 -6.417824069999999992e-02 -2.277204219999999849e-02 -1.213097420000000017e-02 -1.986199610000000115e-02
9.250947560000000180e+01 5.187323779999999940e-02 -3.925557589999999902e-03 -6.468073850000000125e-02 -5.434056119999999997e-03 2.374280499999999877e-02 -5.047774709999999776e-02
9.520439279999999371e+01 4.946874059999999823e-02 -3.521812540000000043e-03 -6.260983570000000498e-02 -8.947986300000000323e-03 1.636758359999999912e-02 -5.442933399999999762e-03
9.790831000000000017e+01 4.681517169999999811e-02 -2.804249160000000206e-03 -5.208711199999999791e-02 -1.340916149999999991e-03 -2.119107430000000125e-02 -3.261644229999999950e-02
1.006077549999999974e+02 4.328882700000000194e-02 -2.410169460000000097e-03 -5.779206449999999690e-02 -3.352255409999999741e-02 1.255161490000000074e-02 -1.333655889999999997e-02
1.033185370000000063e+02 4.960342580000000334e-02 4.743724870000000371e-03 -5.553724089999999974e-02 -3.092853660000000060e-02 1.900656900000000094e-02 -1.700531149999999839e-02
1.060129579999999976e+02 4.831477490000000291e-02 7.631586490000000092e-04 -5.759169539999999671e-02 -5.289915910000000249e-02 2.711247530000000100e-02 -9.097011239999999374e-03
1.086999270000000024e+02 5.892389049999999934e-02 -2.431822689999999995e-03 -5.224495309999999809e-02 -5.041153069999999847e-02 -2.787003509999999920e-02 1.954693680000000114e-02
1.113993959999999959e+02 6.634309110000000120e-02 1.462924480000000029e-03 -4.771078449999999888e-02 -4.035441459999999925e-02 -1.009680670000000051e-02 -1.577730550000000162e-02
1.140999740000000031e+02 6.696398829999999913e-02 6.487475450000000296e-03 -2.552230319999999886e-02 -2.627966979999999883e-02 -2.864656620000000098e-02 1.221735399999999971e-03
1.168047710000000023e+02 6.272404930000000101e-02 4.448482689999999976e-03 -3.167652759999999706e-02 -2.918595939999999930e-02 -2.166018249999999892e-03 -3.181682059999999673e-02
1.195013650000000069e+02 6.124581230000000071e-02 -2.647482320000000069e-03 -3.694317929999999667e-02 -3.354266090000000006e-02 1.702115489999999828e-02 -9.332382639999999355e-03
1.221948179999999979e+02 7.328694060000000288e-02 1.256379009999999919e-03 -4.938374999999999709e-02 -2.890467849999999936e-02 3.110399579999999914e-02 -5.769359410000000216e-02
1.248898959999999931e+02 7.623634769999999838e-02 1.809630869999999999e-04 -4.001764120000000230e-02 -4.711395119999999687e-02 2.245632219999999998e-02 1.641950120000000048e-03
1.275843799999999959e+02 7.305707710000000632e-02 2.530224879999999925e-04 -3.251304690000000192e-02 1.212038839999999944e-02 3.984043410000000229e-02 -3.836493729999999880e-02
1.302765990000000045e+02 7.444101070000000431e-02 1.718728040000000110e-02 -1.868820339999999885e-02 -1.944981869999999960e-02 -1.522196410000000062e-02 -3.676694250000000157e-05
1.329834270000000060e+02 7.168579469999999954e-02 1.948291450000000022e-02 -1.609426099999999860e-02 -4.704303590000000201e-03 7.186833410000000207e-03 2.944650899999999918e-03
1.356790369999999939e+02 7.552494960000000201e-02 1.183865890000000004e-02 -9.263725559999999928e-03 -3.611264039999999981e-02 3.906888950000000221e-02 -6.536712739999999723e-03
1.383717709999999954e+02 7.573846360000000000e-02 1.008150189999999953e-02 -7.252997630000000099e-05 -1.379999049999999956e-02 -2.669739549999999937e-03 -5.024904139999999617e-03
1.410742710000000102e+02 7.165474189999999910e-02 9.733287519999999846e-03 1.714153449999999967e-02 6.884754229999999822e-03 -1.861831099999999850e-02 -2.675508210000000081e-02
1.437882400000000018e+02 7.122104869999999754e-02 6.767516050000000130e-03 3.376647549999999692e-02 8.230668630000000097e-03 -5.202537940000000194e-02 -1.890599479999999916e-02
1.465015830000000108e+02 6.441269680000000220e-02 7.200366490000000355e-03 4.223536280000000226e-02 -4.649317359999999982e-02 -3.145714270000000284e-02 -1.984488530000000014e-02
1.492063019999999938e+02 6.064416119999999771e-02 7.033235569999999985e-03 4.708085029999999754e-02 -3.221416280000000132e-02 8.975166979999999253e-03 -3.373277329999999768e-02
1.519099270000000104e+02 6.168945580000000095e-02 9.544104410000000399e-03 5.649844109999999781e-02 -5.775628680000000070e-02 1.389240220000000081e-02 -1.065786129999999991e-02
1.546172400000000096e+02 6.353306790000000370e-02 7.150899829999999777e-03 5.783473470000000116e-02 3.144325559999999829e-03 1.613081419999999946e-02 -4.624652760000000362e-03
1.573188800000000072e+02 5.389457990000000309e-02 1.537595000000000107e-03 5.309842609999999852e-02 1.354362930000000027e-02 1.811439520000000108e-02 8.395771399999999926e-03
1.600214430000000050e+02 5.345394409999999763e-02 6.442741210000000121e-03 5.034050510000000200e-02 -3.040484859999999928e-02 4.728451709999999947e-02 6.278747519999999804e-02
1.627166300000000092e+02 5.957987129999999659e-02 -3.620915780000000077e-03 4.884667040000000016e-02 -4.504413410000000090e-02 -1.573964400000000055e-02 4.552802479999999707e-02
1.654200830000000053e+02 7.224341539999999673e-02 -5.058329529999999914e-03 3.953599099999999950e-02 -5.627948189999999740e-02 2.086227300000000062e-02 3.144392099999999968e-02
1.681149430000000109e+02 8.086867379999999883e-02 -8.259548789999999682e-03 4.360744200000000320e-02 -5.604232800000000236e-02 -1.068016989999999965e-02 3.380155860000000172e-03
1.708168180000000120e+02 7.597826019999999458e-02 2.651830039999999826e-03 5.014327479999999837e-02 -3.596433219999999997e-03 -6.466320629999999792e-02 -1.387328579999999936e-02
1.735178329999999960e+02 7.442455950000000098e-02 -1.964533750000000117e-03 5.796596119999999908e-02 -2.589445959999999922e-02 4.943393960000000420e-03 -4.610315410000000169e-02
1.762095679999999902e+02 6.142511590000000049e-02 -2.435565350000000115e-03 6.504659949999999635e-02 -1.189529890000000020e-02 2.271768379999999921e-02 -2.192846640000000076e-03
1.788953649999999982e+02 4.027903730000000071e-02 -1.783831200000000113e-04 6.786383649999999657e-02 1.622729320000000077e-03 4.007195849999999754e-02 3.769942090000000159e-03
1.815987399999999923e+02 2.936353569999999857e-02 6.097143410000000277e-03 7.276723490000000516e-02 3.715318310000000068e-02 4.010916600000000165e-02 -2.165163820000000090e-03
1.843071150000000102e+02 2.389795689999999959e-02 5.885092039999999594e-03 7.089489179999999835e-02 2.132544269999999895e-02 2.533342460000000129e-02 -3.420458259999999834e-02
1.870234900000000096e+02 1.713281259999999834e-02 4.300322890000000432e-03 6.582493279999999947e-02 -4.992139799999999877e-02 3.645770520000000264e-02 -1.962110909999999903e-02
1.897177550000000110e+02 1.282614210000000091e-03 4.900320090000000184e-03 7.230814060000000099e-02 -5.744900250000000189e-05 -3.913829219999999734e-03 7.421910190000000421e-03
1.924169899999999984e+02 4.451092359999999672e-03 1.525894430000000095e-03 7.029482289999999800e-02 -1.679529880000000044e-02 1.599324710000000040e-03 3.086974929999999895e-02
1.951160209999999893e+02 2.881819210000000075e-02 1.661760379999999973e-03 6.303193740000000156e-02 6.396625540000000498e-02 -3.710023049999999767e-02 7.792107900000000247e-03
1.978123960000000068e+02 4.859985470000000030e-02 6.942254129999999614e-03 5.843222490000000297e-02 3.128816400000000025e-02 2.700494039999999998e-02 4.796292669999999668e-03
2.005242240000000038e+02 4.644713639999999838e-02 6.628132180000000269e-03 6.681755590000000578e-02 7.227600419999999359e-02 1.883796819999999927e-02 1.457278839999999985e-02
2.032311300000000074e+02 4.234804219999999814e-02 5.479100869999999762e-03 7.374403329999999757e-02 -7.624236569999999838e-03 5.902632750000000317e-02 1.280798650000000011e-02
2.059425679999999943e+02 3.734332869999999749e-02 8.734069880000000508e-03 7.673750579999999433e-02 5.145625049999999825e-03 1.846608500000000014e-02 2.680282089999999964e-02
2.086404740000000118e+02 3.149454630000000227e-02 1.050706040000000049e-02 7.108070980000000261e-02 -1.284650279999999950e-02 -3.820762359999999979e-03 -1.282897189999999965e-02
2.113396299999999997e+02 3.447677400000000170e-02 3.065370080000000101e-03 6.724819649999999593e-02 -9.745638589999999421e-03 -3.972453549999999806e-02 3.101207199999999990e-03
2.140358180000000061e+02 4.093909720000000335e-02 8.511594020000000718e-03 5.945518849999999883e-02 2.838571319999999912e-02 -1.609976239999999850e-02 1.322194600000000005e-02
2.167305829999999958e+02 5.361467050000000290e-02 3.015870209999999951e-04 4.411944930000000209e-02 1.262793090000000062e-02 -7.401898120000000025e-03 3.180875629999999760e-02
2.194366149999999891e+02 5.956223719999999971e-02 -1.763573959999999901e-03 4.465397399999999906e-02 -3.657470189999999927e-02 6.702365459999999608e-02 1.851750060000000031e-02
2.221324899999999900e+02 6.240646899999999914e-02 -6.687568189999999746e-03 4.038828199999999757e-02 -5.890226569999999773e-02 2.805156090000000130e-02 1.451683190000000075e-02
2.248381770000000017e+02 7.627850290000000311e-02 -4.441228959999999823e-03 4.256599149999999721e-02 -3.804625209999999702e-02 4.960960620000000321e-02 1.563487519999999867e-02
2.275404900000000055e+02 7.523839459999999424e-02 -9.987328900000000051e-03 3.612763680000000144e-02 -2.842325659999999851e-02 2.713690939999999913e-02 -2.538152980000000017e-02
2.302407709999999952e+02 7.857414190000000520e-02 -7.604842359999999975e-03 3.271813820000000345e-02 -8.779248950000000107e-02 -1.923431080000000126e-02 -1.465357469999999974e-02
2.329505210000000091e+02 7.666141090000000435e-02 -9.449518949999999307e-03 3.788824019999999931e-02 -5.499469779999999891e-02 3.551370780000000227e-02 -4.034892930000000266e-02
2.356551300000000140e+02 6.794827320000000614e-02 -1.148194370000000034e-02 4.422764459999999759e-02 -6.048876470000000283e-02 7.974023950000000416e-02 -1.612447629999999923e-02
2.383488179999999943e+02 5.904395049999999756e-02 2.232468599999999810e-03 5.044174850000000127e-02 -1.394357029999999942e-02 -2.808190600000000023e-02 1.984371529999999842e-02
2.410481929999999977e+02 5.973341139999999855e-02 -6.415435399999999634e-04 4.587175300000000122e-02 -3.785563959999999756e-02 2.147823739999999912e-02 8.879446259999999869e-03
2.437441619999999887e+02 5.756156379999999989e-02 7.270980310000000300e-03 5.319759479999999763e-02 1.432148150000000023e-02 -2.256789249999999799e-03 2.040608800000000018e-03
2.464435679999999991e+02 5.475778060000000003e-02 1.848803229999999853e-02 5.171186430000000028e-02 -2.115602769999999980e-02 -2.518729949999999954e-02 -4.714239650000000281e-02
2.491360990000000015e+02 5.337217379999999872e-02 1.779328629999999897e-02 5.873982199999999709e-02 -1.619794520000000099e-02 -2.324072309999999919e-02 -3.398526699999999956e-02
2.518294740000000047e+02 5.230959720000000202e-02 1.599619089999999855e-02 6.251357370000000524e-02 -2.462685230000000169e-02 -2.416002019999999968e-04 -5.231557869999999694e-02
2.545337079999999901e+02 5.150989019999999835e-02 -5.877345259999999794e-04 6.408650339999999446e-02 -3.699710280000000073e-02 1.354205399999999955e-02 -5.942542230000000258e-02
2.572250369999999862e+02 5.814368379999999836e-02 -3.393063970000000009e-03 5.707105989999999851e-02 -5.347625770000000341e-03 3.361817829999999736e-05 -8.828444830000000548e-03
2.599224899999999820e+02 5.717849159999999903e-02 -1.323881699999999995e-02 6.199259160000000074e-02 -5.954593510000000256e-02 -6.827979520000000170e-03 1.256401860000000079e-02
2.626243799999999737e+02 5.857180649999999683e-02 -1.243071949999999953e-02 6.812406710000000476e-02 1.661922600000000083e-02 3.693689930000000187e-03 7.341692399999999452e-02
2.653117710000000216e+02 4.683281019999999822e-02 -7.564566980000000419e-03 6.726543949999999605e-02 -2.960584289999999841e-02 -2.633100509999999894e-03 3.712190430000000124e-02
2.680096790000000055e+02 4.764461670000000315e-02 -4.935795920000000427e-03 5.653356040000000193e-02 8.133229849999999705e-03 2.109640369999999862e-02 2.181356539999999844e-02
