# a=0.06468630932276485, b=-139.4277173552554, c=0.0019949597032775336, xi=19.442537249031318
6.688367499999999799e-01 7.553413559999999638e-02 5.196597139999999723e-04 3.127577639999999659e-02 -1.156779779999999973e-02 -6.640639910000000097e-03 -1.801068650000000118e-02
3.362492669999999961e+00 7.775628760000000139e-02 -1.801524209999999905e-03 2.887453179999999869e-02 -2.410671179999999969e-02 -4.678585839999999975e-03 -3.993634739999999891e-03
6.067501889999999953e+00 7.502890789999999699e-02 1.098837949999999968e-03 2.429408400000000051e-02 1.529571480000000046e-02 1.051579859999999915e-02 -4.739523379999999869e-02
8.773345790000000477e+00 7.815609219999999913e-02 7.346461040000000151e-03 1.108186049999999954e-03 -9.734526800000000563e-03 7.779776090000000040e-03 -5.126855859999999987e-02
1.147480189999999922e+01 7.720714650000000401e-02 4.689778910000000182e-03 -1.464973949999999990e-02 1.609271940000000026e-02 -4.038311160000000039e-02 -2.669686970000000048e-02
1.417777689999999957e+01 7.286271710000000179e-02 2.983895360000000160e-03 -3.931839160000000222e-02 4.191669320000000060e-02 -5.530206809999999723e-02 -5.298382070000000332e-02
1.687823159999999945e+01 6.141613170000000121e-02 6.144281449999999638e-03 -4.736911340000000276e-02 4.155795760000000061e-02 -4.736842089999999950e-02 -4.805014810000000219e-02
1.958529719999999941e+01 4.786460520000000024e-02 -5.805408720000000342e-03 -5.606319629999999971e-02 3.292866249999999717e-02 -8.873939250000000695e-03 -2.253186769999999950e-02
2.228460809999999981e+01 4.173332760000000169e-02 -1.434730470000000063e-02 -7.198390459999999547e-02 3.605961410000000072e-03 -6.730189269999999925e-03 -4.496899830000000015e-02
2.499087529999999902e+01 5.095867519999999762e-02 -8.523619890000000421e-03 -7.446496580000000476e-02 1.337132019999999998e-02 1.942146159999999858e-02 -8.068315219999999677e-02
2.768506749999999883e+01 6.015352229999999800e-02 -1.082581929999999922e-02 -7.291737199999999419e-02 5.313613989999999704e-02 2.789134249999999926e-02 -1.740422720000000048e-02
3.037879249999999942e+01 5.633010459999999997e-02 -9.766711189999999210e-03 -6.092509329999999668e-02 6.669581180000000442e-02 4.484723520000000185e-02 -2.489368150000000057e-02
3.307812220000000281e+01 6.334847620000000346e-02 -1.265231370000000077e-02 -5.719656800000000318e-02 6.608472070000000198e-02 -2.520201760000000124e-02 -1.723586510000000085e-02
3.577469719999999853e+01 5.958115919999999732e-02 -7.078614930000000187e-03 -4.987205799999999689e-02 1.560980179999999981e-02 1.976389619999999875e-02 2.052906650000000180e-03
3.845977529999999689e+01 6.569498209999999339e-02 -1.028763419999999956e-02 -4.288891620000000182e-02 2.868635240000000017e-02 4.653149129999999828e-02 -1.929011770000000139e-02
4.117483630000000261e+01 6.930392170000000684e-02 -3.038894369999999923e-04 -5.101982409999999968e-02 -1.650308129999999984e-02 8.351340279999999380e-03 -2.616786529999999902e-02
4.387322060000000334e+01 6.721787860000000281e-02 -5.914581010000000312e-03 -5.229043640000000104e-02 8.982564349999999642e-03 -7.831434769999999490e-03 2.514143019999999853e-02
4.656631910000000119e+01 7.235976219999999681e-02 -5.654690539999999987e-03 -3.736518219999999946e-02 6.792280829999999825e-02 -3.286009830000000131e-02 5.154133760000000064e-02
4.927740029999999649e+01 6.881442860000000494e-02 1.454387969999999938e-03 -3.172767950000000142e-02 3.488779990000000220e-02 -8.636956149999999721e-03 2.830589990000000056e-02
5.197271130000000028e+01 7.022077349999999996e-02 -4.643562399999999653e-03 -3.326046380000000080e-02 1.772778239999999936e-03 -2.151502019999999848e-02 4.229604010000000136e-02
5.467422849999999812e+01 7.147500599999999371e-02 -1.299406579999999979e-03 -3.807292030000000022e-02 -3.639678620000000309e-02 5.322993960000000323e-03 5.513176410000000111e-02
5.737119090000000199e+01 5.884131079999999764e-02 5.483338509999999624e-03 -5.381415030000000210e-02 -2.978749899999999853e-02 6.382490289999999920e-03 3.577369469999999718e-02
6.008433469999999943e+01 5.931875849999999895e-02 1.059461670000000008e-02 -5.523346109999999892e-02 2.499378970000000130e-02 1.576541470000000084e-02 6.309567089999999941e-03
6.276661909999999978e+01 6.206025679999999795e-02 7.679487219999999587e-03 -4.912818730000000078e-02 6.975646209999999958e-02 2.454400229999999933e-02 8.010021890000000588e-02
6.546510030000000313e+01 6.295067159999999384e-02 3.995710589999999784e-03 -3.629922559999999854e-02 9.185628980000000443e-02 -5.901089550000000045e-02 1.241064149999999977e-02
6.817443000000000097e+01 5.631014599999999842e-02 -3.421675940000000037e-03 -4.448586809999999919e-02 1.151342460000000061e-02 -1.223427489999999972e-02 -7.669414310000000068e-02
7.086148470000000543e+01 6.275217330000000537e-02 -9.016921250000000526e-03 -5.331531619999999722e-02 2.134372689999999850e-02 -2.677952940000000084e-03 -5.023733989999999705e-02
7.356610969999999838e+01 5.618094369999999949e-02 -6.127798210000000301e-03 -5.483985389999999904e-02 2.723897750000000076e-02 2.015412680000000165e-02 -3.588779000000000274e-02
7.627392059999999674e+01 4.543693120000000252e-02 -4.733768880000000130e-03 -6.215632279999999676e-02 -1.724303669999999872e-02 -2.687361690000000108e-02 2.798578460000000073e-02
7.897567220000000532e+01 3.992735089999999848e-02 -6.065127259999999847e-03 -6.990949200000000363e-02 -5.441849900000000212e-03 3.070338200000000128e-02 4.660964859999999765e-02
8.168067530000000431e+01 4.733810900000000321e-02 -2.804088689999999998e-03 -7.398994979999999611e-02 -1.855902779999999905e-03 5.859355899999999992e-03 1.461925770000000108e-04
8.437181440000000521e+01 5.565133230000000181e-02 -9.548657309999999520e-04 -6.440196880000000068e-02 2.016860460000000077e-02 -1.944839489999999893e-02 -1.281110369999999971e-02
8.708209879999999714e+01 5.612187040000000265e-02 -6.406899239999999662e-03 -5.947023070000000133e-02 -2.314516620000000094e-02 8.807121229999999301e-03 -4.484589690000000128e-02
8.978396130000000142e+01 5.423335540000000232e-02 -1.066631590000000074e-02 -6.408545620000000165e-02 -1.433497090000000057e-02 2.622251969999999863e-02 -2.270664349999999831e-02
9.248620499999999822e+01 4.819637539999999803e-02 -1.111256379999999919e-02 -6.572360659999999799e-02 -1.927791870000000035e-04 1.333207269999999930e-02 1.889108889999999846e-02
9.519498780000000693e+01 4.824014930000000007e-02 -7.688731229999999812e-03 -6.483589480000000183e-02 -2.329164259999999889e-02 -3.048623370000000127e-03 2.853849610000000134e-02
9.789618939999999725e+01 5.423303029999999858e-02 -9.921903600000000351e-03 -6.272732370000000390e-02 4.091431510000000105e-02 2.281295960000000091e-03 4.077363400000000304e-02
1.005979140000000029e+02 5.822533769999999748e-02 -1.111048450000000007e-02 -6.457338429999999463e-02 1.952508270000000157e-02 -6.815085410000000336e-03 2.696716279999999966e-02
1.033003520000000037e+02 6.518926819999999733e-02 -6.867185320000000065e-03 -5.394914530000000097e-02 2.621847269999999855e-02 -6.622181720000000146e-03 1.504766880000000043e-02
1.059984139999999968e+02 7.489797410000000044e-02 -3.407855850000000072e-03 -5.288829870000000266e-02 -1.349836859999999951e-02 -1.792528620000000128e-02 1.975513359999999871e-02
1.086904300000000063e+02 7.176161459999999548e-02 -6.070044170000000322e-03 -5.566186360000000000e-02 3.498612539999999826e-02 -1.399235239999999970e-02 5.160731989999999686e-02
1.113837110000000052e+02 6.350043730000000386e-02 -6.544431479999999676e-03 -5.603935830000000146e-02 3.174799789999999816e-02 -3.528224549999999654e-02 -2.373150389999999828e-03
1.140836489999999941e+02 6.691754090000000266e-02 -1.721414259999999932e-03 -6.667153689999999466e-02 3.866230810000000073e-02 -6.769812889999999965e-03 2.042017039999999978e-02
1.167822429999999940e+02 6.530577989999999944e-02 -2.528755059999999912e-03 -5.781230849999999949e-02 7.078756939999999998e-02 -8.937983420000000095e-03 2.300117819999999980e-02
1.194854459999999960e+02 6.692927569999999882e-02 9.212537220000000665e-03 -4.939586430000000167e-02 1.438000000000000042e-02 2.841197360000000116e-02 6.864324180000000442e-02
1.221906330000000054e+02 6.534135100000000584e-02 1.166687890000000019e-02 -3.543595449999999841e-02 4.626761919999999861e-02 -2.318457059999999917e-02 3.817743629999999916e-02
1.248949140000000000e+02 6.891809629999999520e-02 1.278540140000000019e-02 -4.274824390000000335e-02 -1.567702080000000012e-02 -5.346196889999999674e-02 1.424911499999999970e-02
1.275757270000000005e+02 7.198026929999999657e-02 1.954533840000000078e-02 -3.675027809999999867e-02 2.587793310000000013e-02 -1.521625220000000049e-02 8.137809569999999992e-02
1.302729300000000023e+02 7.702563380000000681e-02 1.959705880000000081e-02 -2.771409780000000031e-02 1.521240989999999953e-02 -2.323424149999999896e-02 5.595180269999999734e-02
1.329791020000000117e+02 7.404967839999999912e-02 2.195009159999999904e-02 -1.485287329999999961e-02 2.799685810000000080e-02 -5.758468139999999708e-02 3.728937169999999718e-02
1.356814459999999940e+02 7.279654909999999646e-02 1.868091410000000119e-02 -1.000344350000000049e-02 3.298662050000000096e-02 -2.689528000000000058e-02 6.957386680000000184e-03
1.383728830000000016e+02 7.448168400000000633e-02 2.289855580000000126e-02 -8.684351780000000229e-04 4.430440669999999997e-02 -4.471496769999999676e-02 2.143592689999999912e-02
1.410722890000000120e+02 7.648547490000000282e-02 1.856228390000000047e-02 5.222225690000000323e-03 -4.417963280000000020e-02 2.500820650000000131e-02 2.496733840000000051e-02
1.437710710000000063e+02 7.576164709999999580e-02 1.356849939999999963e-02 2.376407900000000045e-02 -8.172479230000000150e-02 3.904951930000000182e-02 1.342402900000000052e-02
1.464649139999999932e+02 7.921642480000000430e-02 7.337410600000000144e-03 2.934559390000000129e-02 -9.600810430000000437e-03 1.350557160000000027e-02 -1.390731800000000011e-02
1.491615549999999928e+02 7.809949439999999687e-02 7.417084959999999637e-04 3.182343220000000139e-02 -3.224258389999999988e-03 1.459928469999999950e-02 1.974399970000000060e-02
1.518615240000000028e+02 7.685189450000000366e-02 -6.437671449999999781e-03 4.715628649999999839e-02 1.681259590000000123e-02 -1.995948570000000144e-02 -1.107348189999999948e-02
1.545734459999999899e+02 7.089597159999999620e-02 -1.081525430000000038e-02 4.317265280000000260e-02 -5.639429659999999588e-03 -3.680247600000000063e-02 -9.394739279999999790e-03
1.572813360000000102e+02 7.016665950000000596e-02 -1.204037439999999966e-02 4.047842150000000028e-02 1.634557270000000159e-02 -2.134204149999999883e-02 -1.165138829999999917e-02
1.599799930000000074e+02 7.222414439999999547e-02 -1.269422039999999925e-02 4.904581549999999929e-02 3.051438899999999940e-02 -3.068618420000000097e-02 5.046332159999999956e-02
1.626775710000000004e+02 7.427398699999999965e-02 -9.422401440000000364e-03 4.316028680000000284e-02 -8.045255019999999991e-04 3.206139200000000106e-02 1.100745820000000041e-02
1.653817889999999977e+02 6.644603379999999837e-02 -7.139594600000000180e-03 4.906084749999999745e-02 2.248629079999999933e-03 1.780475470000000143e-02 2.013585000000000028e-02
1.680801490000000058e+02 6.059996869999999952e-02 4.623018239999999914e-04 5.519063629999999832e-02 -2.070733730000000068e-03 -3.882517299999999928e-03 1.295680389999999925e-02
1.707752110000000130e+02 4.899271480000000345e-02 2.921842879999999969e-03 5.693135569999999840e-02 -2.114087729999999943e-02 -8.476551339999999213e-03 2.526733800000000030e-02
1.734949770000000058e+02 4.742328879999999774e-02 1.127275179999999996e-03 5.338409000000000210e-02 1.351193209999999910e-03 -8.325585539999999507e-03 9.523712449999999219e-03
1.761838520000000017e+02 5.492972499999999869e-02 5.332601999999999655e-03 6.099391660000000326e-02 -2.420059029999999892e-03 7.642047560000000267e-03 2.272550539999999841e-02
1.788864140000000020e+02 4.427988289999999771e-02 5.842030189999999684e-04 6.493832089999999890e-02 -3.155391309999999727e-02 1.820948220000000173e-02 5.200592350000000225e-02
1.815962110000000109e+02 3.717204820000000187e-02 2.107690330000000153e-03 6.933637750000000433e-02 -4.493873649999999796e-03 -3.614712779999999792e-02 4.204326340000000273e-02
1.843044610000000034e+02 2.120086350000000008e-02 -3.870187079999999873e-03 8.133111010000000640e-02 1.763710830000000084e-03 -4.512710080000000012e-02 9.183172099999999463e-03
1.870065549999999917e+02 1.265251270000000011e-02 3.454304389999999798e-03 9.467780929999999873e-02 5.926642430000000211e-03 -1.088044929999999917e-02 -2.109464999999999951e-02
1.897114770000000021e+02 1.450398389999999968e-02 5.227114270000000375e-03 7.821369820000000084e-02 -1.448289190000000065e-03 -1.188859079999999950e-02 -1.605135280000000164e-02
1.924072429999999940e+02 2.404597450000000095e-02 1.304746919999999998e-02 8.175285109999999578e-02 -1.575760749999999960e-02 -5.938452539999999891e-02 3.252275129999999959e-02
1.950924459999999954e+02 2.715028569999999863e-02 8.900446330000000641e-03 8.448565980000000142e-02 9.420555820000000788e-03 -5.311067230000000167e-02 8.077838669999999610e-02
1.977939609999999959e+02 2.249934249999999830e-02 8.171755719999999890e-03 7.512355839999999840e-02 -5.271143780000000188e-03 -1.775726789999999833e-02 3.797134879999999879e-02
2.004937429999999949e+02 1.699414600000000164e-02 1.368581869999999957e-02 7.006403249999999805e-02 -1.113202869999999935e-02 2.446561510000000092e-02 2.435170919999999836e-02
2.031955710000000010e+02 3.487754619999999806e-02 1.552941669999999968e-02 6.397549339999999973e-02 -2.642094470000000070e-02 -1.923415480000000130e-04 -3.657864229999999856e-02
2.058998829999999884e+02 4.906201470000000342e-02 7.761591200000000045e-03 6.597810669999999711e-02 -1.006948419999999927e-02 1.314057050000000046e-02 -1.008907409999999956e-02
2.085951489999999922e+02 6.700574430000000303e-02 5.304320490000000166e-03 6.269652670000000483e-02 1.039209510000000053e-03 -4.269954400000000420e-03 -5.508616649999999865e-02
2.113093829999999969e+02 6.395535099999999362e-02 -6.902140480000000002e-03 6.224681650000000316e-02 5.861211340000000228e-03 2.226211210000000103e-03 6.110675210000000336e-03
2.140149140000000045e+02 6.474724719999999656e-02 4.519210200000000136e-03 6.634350910000000323e-02 -8.951679770000000105e-03 -1.647847230000000149e-02 -5.044189810000000371e-03
2.167205859999999973e+02 6.177338229999999875e-02 -1.071621810000000048e-03 7.017012509999999426e-02 -1.173435450000000040e-02 3.244924460000000316e-02 2.198647509999999972e-02
2.194262579999999900e+02 6.305729039999999341e-02 4.924265790000000032e-03 6.268301380000000644e-02 2.485612540000000162e-02 -2.040354860000000159e-02 -1.531459790000000085e-02
2.221372580000000028e+02 6.302416789999999713e-02 1.578524599999999931e-02 5.308551439999999871e-02 1.344061740000000033e-02 2.547397330000000099e-02 8.027757309999999577e-03
2.248249610000000018e+02 7.275814390000000242e-02 1.152852679999999928e-02 5.046514480000000025e-02 8.546192150000000466e-04 1.317275220000000031e-02 -4.153483549999999885e-03
2.275251179999999920e+02 6.211350849999999757e-02 9.820137819999999809e-03 4.095291739999999681e-02 8.777767480000000372e-03 -1.242047079999999970e-02 7.151056830000000406e-03
2.302221639999999923e+02 5.299284340000000315e-02 2.026247260000000119e-02 3.443232090000000051e-02 -1.311039049999999928e-02 1.863993049999999874e-02 1.241674869999999896e-03
2.329236799999999903e+02 5.558758230000000050e-02 2.360825709999999841e-02 3.685995420000000300e-02 -3.518302360000000184e-02 -2.732522329999999972e-02 -2.552931359999999900e-02
2.356104139999999916e+02 6.869093019999999994e-02 1.848764970000000077e-02 4.416717140000000347e-02 -2.869685840000000057e-02 2.263490559999999877e-03 -7.276073989999999603e-02
2.382968360000000132e+02 6.658301340000000179e-02 1.019108089999999980e-02 4.911171830000000266e-02 -2.082615230000000109e-02 1.476185059999999931e-02 -2.251260990000000101e-02
2.409899770000000103e+02 6.434936580000000239e-02 1.638668490000000019e-02 4.611198329999999929e-02 -1.534212279999999998e-02 1.202488999999999988e-02 1.268608590000000090e-03
2.436965240000000108e+02 6.469933199999999829e-02 -1.445758340000000055e-03 4.965022010000000319e-02 2.037833190000000114e-02 -4.098422539999999580e-03 1.517671129999999952e-02
2.464027429999999868e+02 6.438799679999999970e-02 -1.078221619999999992e-03 5.197450249999999855e-02 1.078074459999999943e-02 -2.935406870000000206e-03 6.339493609999999335e-02
2.491009929999999883e+02 6.632935580000000331e-02 -1.005692759999999956e-02 4.790833960000000225e-02 -3.645123589999999924e-03 -5.567112269999999717e-03 3.446858819999999712e-02
2.518007110000000068e+02 6.894451249999999920e-02 -1.446872249999999957e-02 4.470724150000000147e-02 -4.139922570000000024e-02 -4.349308310000000143e-03 3.028889590000000132e-02
2.545035860000000127e+02 6.852906429999999771e-02 -3.440669300000000035e-03 5.608631020000000300e-02 -1.676747569999999937e-02 3.716499339999999874e-02 4.748859729999999751e-02
2.571947890000000143e+02 5.989567800000000081e-02 1.417950959999999920e-03 5.465625300000000186e-02 -8.728531420000000150e-04 -2.028918119999999908e-02 2.233026499999999845e-02
2.598973050000000171e+02 6.740990560000000020e-02 1.066247499999999938e-02 6.582288560000000566e-02 6.795347759999999758e-03 1.411883220000000050e-02 4.416588760000000197e-02
2.626019929999999931e+02 7.529947739999999501e-02 1.177596390000000028e-02 6.197198859999999976e-02 -2.529973849999999844e-02 -9.512424429999999376e-03 -1.849040890000000145e-02
2.652996489999999881e+02 7.660412799999999356e-02 1.256216010000000063e-02 4.650532839999999696e-02 3.450881119999999998e-04 -3.821080079999999990e-02 3.196749849999999671e-02
2.679839170000000195e+02 7.532632659999999314e-02 7.008485910000000329e-04 4.210157440000000112e-02 7.346193689999999839e-03 -2.377757609999999952e-02 1.568070759999999966e-02
