# a=0.05544362946003972, b=-141.9061562053127, c=0.004616922970130565, xi=6.650497356180291
7.127158850000000490e-01 5.037670200000000237e-02 -1.981066189999999838e-02 5.710518049999999818e-02 2.301503659999999847e-03 3.743423590000000134e-02 1.706347449999999835e-02
3.411422550000000165e+00 6.374997659999999400e-02 -6.398102349999999598e-03 6.109391640000000345e-02 -3.516028000000000144e-04 2.898326200000000182e-03 3.069669530000000007e-02
6.105221779999999931e+00 6.565300550000000013e-02 -7.823951180000000144e-03 5.247545070000000228e-02 4.339910379999999991e-03 -1.875008170000000028e-03 5.074539210000000161e-02
8.797226139999999361e+00 7.304387680000000438e-02 -5.469540370000000422e-03 4.463342339999999686e-02 -1.150923629999999961e-02 -4.597954680000000335e-03 8.057864979999999899e-02
1.149993579999999938e+01 7.329138289999999334e-02 -4.773416449999999880e-03 3.805272910000000175e-02 4.896943050000000103e-02 5.115825009999999673e-02 1.327266780000000042e-03
1.418632179999999998e+01 7.913589349999999856e-02 -6.734207090000000374e-03 3.261345739999999688e-02 -1.356507350000000015e-02 -1.466773390000000038e-02 6.278965279999999816e-02
1.688572800000000029e+01 8.044483299999999337e-02 -7.292523230000000356e-03 3.273498219999999848e-02 2.333621840000000072e-02 -5.366718849999999735e-02 8.183141380000000242e-02
1.958438269999999903e+01 7.031235399999999358e-02 -4.625207190000000211e-03 2.550638239999999946e-02 1.501668729999999959e-02 -1.159853729999999958e-02 2.783818269999999845e-02
2.228964829999999964e+01 7.438572640000000458e-02 -2.660724419999999785e-03 6.558182650000000079e-03 1.914619260000000045e-02 1.533200460000000084e-02 2.491785750000000133e-02
2.498487959999999930e+01 7.171268540000000358e-02 -1.745513589999999997e-03 -1.464888490000000078e-02 9.347556979999999474e-03 2.691957739999999849e-02 3.302109599999999891e-03
2.768232959999999920e+01 6.925037130000000207e-02 7.728113580000000281e-03 -4.617343119999999662e-02 7.950189039999999490e-04 -2.783645869999999949e-03 -2.875150939999999988e-02
3.038590299999999900e+01 7.049927940000000337e-02 2.682132409999999929e-03 -5.998294419999999905e-02 -6.352985089999999870e-03 1.996893779999999938e-02 -5.305955710000000158e-02
3.307563580000000059e+01 7.298570599999999742e-02 2.925585709999999843e-03 -5.975986669999999723e-02 -2.512989150000000116e-02 1.830443589999999898e-02 -5.139505899999999988e-02
3.577039359999999846e+01 7.350456380000000567e-02 5.456295919999999688e-03 -4.844320299999999718e-02 -8.070333310000000343e-03 5.197128379999999687e-02 -5.551317969999999651e-03
3.846183740000000029e+01 5.522342429999999719e-02 1.659494289999999955e-02 -6.050299680000000013e-02 2.954174920000000176e-03 1.629522040000000102e-02 -1.146075910000000052e-02
4.115987799999999908e+01 6.291974279999999753e-02 8.657320640000000511e-03 -5.673620759999999791e-02 3.757225050000000122e-02 -1.845913630000000152e-02 -3.223637520000000034e-02
4.384581399999999718e+01 6.230397309999999994e-02 1.325911240000000055e-03 -6.177183929999999906e-02 -1.772634630000000100e-02 3.609020920000000077e-02 -5.131383070000000018e-02
4.655967330000000004e+01 6.375565599999999389e-02 -3.240642739999999820e-03 -5.188894470000000175e-02 3.123060319999999834e-02 3.809489059999999865e-03 -3.788382180000000182e-02
4.924929519999999883e+01 5.991198820000000203e-02 -5.162217410000000291e-03 -6.416407050000000334e-02 1.719414479999999829e-02 4.052110809999999626e-03 -3.690148669999999964e-02
5.194176709999999986e+01 5.683178249999999709e-02 -2.384603070000000050e-03 -6.391459519999999339e-02 -6.589960780000000094e-03 -1.681251430000000116e-02 3.636904559999999675e-02
5.465281079999999747e+01 4.875479559999999768e-02 -6.013018119999999703e-03 -5.178509490000000187e-02 -2.262680410000000170e-02 4.729788950000000068e-03 -6.674120159999999760e-03
5.736574679999999660e+01 5.786641389999999663e-02 2.737888859999999987e-03 -5.597575920000000260e-02 -4.582739060000000364e-03 -8.217536540000000339e-04 -7.695436079999999623e-03
6.006330460000000215e+01 5.239504379999999906e-02 3.115604410000000213e-03 -5.400065400000000210e-02 -1.140980540000000043e-02 -3.828118490000000096e-02 2.911117209999999986e-03
6.276243430000000245e+01 5.275021409999999800e-02 -3.143931890000000004e-04 -5.658768189999999892e-02 -1.574711209999999847e-02 1.501981159999999900e-03 1.058611850000000000e-02
6.546701400000000604e+01 6.037272300000000314e-02 2.030519130000000075e-03 -5.746136539999999876e-02 -7.006489680000000178e-03 -4.964085649999999683e-02 4.110935140000000071e-02
6.816774680000000330e+01 6.337798690000000235e-02 -1.070677209999999942e-02 -5.929792529999999839e-02 1.543562760000000058e-03 6.400922130000000210e-03 1.444523349999999977e-02
7.087286400000000697e+01 6.266945259999999462e-02 -1.054818050000000049e-02 -5.944431549999999731e-02 -2.257279590000000127e-02 -2.705166850000000067e-02 1.732208839999999951e-03
7.358093580000000600e+01 5.512198609999999915e-02 -1.278907900000000007e-02 -6.083696119999999763e-02 4.705104889999999797e-03 8.680722869999999217e-03 2.171351820000000030e-02
7.627584830000000693e+01 5.249467110000000103e-02 -1.602785110000000054e-02 -5.235535739999999660e-02 1.492810540000000068e-02 1.161153539999999935e-02 -4.667419090000000416e-03
7.897977330000000507e+01 5.853744140000000096e-02 -1.149453729999999965e-02 -5.034463399999999922e-02 1.674857910000000089e-02 1.056357349999999945e-02 2.289039589999999902e-02
8.168344050000000323e+01 6.087324079999999887e-02 -7.779069629999999652e-03 -5.427257010000000048e-02 4.293520680000000207e-03 1.090264430000000007e-02 -1.982876739999999902e-02
8.438718430000000126e+01 7.083867069999999488e-02 -1.327236189999999975e-03 -4.610772550000000192e-02 1.880480340000000028e-02 -7.299745439999999821e-03 4.206982809999999968e-03
8.709525299999999959e+01 6.611641529999999489e-02 1.795968750000000039e-03 -5.064388389999999879e-02 3.955187360000000235e-02 -3.728377829999999886e-03 -2.529232270000000143e-02
8.980372800000000666e+01 6.510310190000000163e-02 4.675220960000000398e-03 -4.146562489999999768e-02 2.477877120000000072e-02 2.915789400000000017e-02 4.644365279999999874e-02
9.250368120000000260e+01 5.885080349999999988e-02 1.085007129999999986e-02 -4.317968230000000102e-02 -7.379534200000000162e-03 -1.107527049999999964e-02 5.068599820000000214e-03
9.519986240000000066e+01 5.797569959999999967e-02 1.386739650000000032e-02 -3.619181259999999789e-02 -6.629639540000000116e-03 1.412118780000000060e-02 8.336505260000000306e-02
9.790912020000000382e+01 6.328530129999999920e-02 1.437707019999999968e-02 -3.544018740000000334e-02 1.410010010000000043e-02 -2.161697719999999909e-03 -2.839469600000000052e-02
1.005941640000000064e+02 7.618017509999999715e-02 4.783009720000000117e-03 -4.810066100000000289e-02 -2.255643870000000051e-02 -1.341617449999999963e-03 -2.829875139999999886e-02
1.032772109999999941e+02 7.360383400000000687e-02 5.554997019999999806e-03 -4.783916650000000215e-02 -2.755427109999999957e-02 -7.259824849999999864e-03 -3.639593719999999893e-02
1.059702419999999989e+02 6.386192000000000257e-02 3.855856200000000022e-03 -4.790713690000000108e-02 -2.525985860000000069e-02 1.676900060000000026e-02 -1.901402879999999906e-02
1.086739450000000033e+02 6.802619499999999764e-02 -1.196400800000000080e-03 -4.084894959999999658e-02 9.312379089999999610e-03 -3.115257030000000062e-03 -4.854664429999999697e-02
1.113663509999999945e+02 7.170674350000000308e-02 -7.941223210000000754e-03 -3.895404189999999989e-02 1.301840909999999948e-02 -1.820735290000000117e-02 -5.335152759999999689e-03
1.140679609999999968e+02 7.076793550000000377e-02 -7.310095970000000422e-03 -4.469618429999999698e-02 2.108774799999999991e-02 -3.482712329999999856e-02 -1.562468560000000034e-02
1.167746640000000014e+02 5.566386329999999799e-02 -1.607209869999999888e-02 -5.867266000000000148e-02 2.239029799999999945e-02 -1.003576249999999989e-02 -2.299311030000000117e-02
1.194687109999999990e+02 5.704563499999999732e-02 -1.444443439999999919e-02 -6.890171239999999531e-02 8.022255129999999318e-03 2.698785979999999973e-02 -2.243001899999999896e-02
1.221783980000000014e+02 6.161431540000000123e-02 -5.195680989999999777e-03 -6.195955580000000323e-02 4.875798839999999877e-03 -2.953680389999999850e-02 -4.434966919999999702e-02
1.248828979999999973e+02 6.044878540000000328e-02 -4.075794169999999959e-03 -6.097988940000000080e-02 1.635929569999999833e-02 -7.704475889999999605e-03 -4.894827919999999999e-02
1.275815699999999993e+02 6.212457410000000319e-02 2.496338420000000237e-04 -5.967016070000000227e-02 5.408288659999999776e-03 3.646785469999999901e-03 -4.880793900000000157e-02
1.302704760000000022e+02 6.356164849999999811e-02 -7.598141189999999988e-04 -5.206330890000000072e-02 -1.137969680000000018e-02 7.156602249999999624e-03 -3.657441790000000303e-02
1.329757260000000088e+02 5.827033510000000083e-02 -4.314051749999999776e-03 -3.843101050000000130e-02 1.765931979999999998e-02 -3.479319279999999737e-02 1.000045660000000065e-02
1.356783509999999922e+02 6.625311239999999435e-02 -7.038462310000000166e-03 -3.781167979999999762e-02 1.646959599999999954e-02 2.938128850000000167e-02 -1.410749069999999925e-02
1.383871330000000057e+02 6.758895360000000130e-02 -1.630357169999999828e-02 -1.965077369999999879e-02 -1.743345739999999956e-03 3.470343900000000259e-02 -2.258657169999999867e-02
1.410915699999999902e+02 8.072716459999999816e-02 -7.106399369999999611e-03 2.312971750000000076e-03 3.008401239999999865e-03 1.580733659999999929e-03 4.871298270000000256e-03
1.437955080000000123e+02 7.662779390000000468e-02 -1.203236980000000093e-03 1.508938989999999980e-02 -1.565651829999999828e-02 -4.159888519999999784e-02 7.630250750000000352e-03
1.464949139999999943e+02 6.094096610000000053e-02 4.037019929999999951e-03 3.717382190000000086e-02 -4.494969430000000238e-02 1.895729399999999953e-02 -2.526379730000000157e-03
1.492007260000000031e+02 6.402248100000000608e-02 3.596054589999999815e-03 4.527862319999999968e-02 -4.641138649999999866e-02 2.356776329999999905e-02 4.998832340000000304e-03
1.519069140000000004e+02 6.083893430000000130e-02 9.435620590000000710e-03 5.128362060000000305e-02 -4.450294230000000073e-02 3.361534640000000268e-02 7.325689429999999829e-03
1.546166330000000073e+02 4.958094240000000125e-02 4.838112480000000132e-03 6.976688200000000228e-02 -3.637176379999999994e-03 -2.231899260000000038e-02 4.812546060000000292e-02
1.573136169999999936e+02 4.797364419999999852e-02 2.297587150000000075e-03 6.832819760000000131e-02 1.648863490000000015e-02 -6.663628450000000369e-03 4.149251999999999801e-02
1.600179760000000044e+02 5.236302179999999945e-02 -5.406331420000000387e-03 6.826180380000000658e-02 -1.940112100000000034e-02 -3.471719150000000115e-02 3.709699820000000176e-02
1.627208829999999864e+02 5.223701570000000016e-02 1.862646269999999925e-03 6.204297350000000100e-02 -1.416567550000000057e-02 3.754113550000000299e-02 2.279887850000000132e-02
1.654172259999999994e+02 6.241195239999999811e-02 3.519005579999999814e-03 6.233289739999999662e-02 7.220063460000000419e-03 4.893148120000000330e-03 3.618670709999999985e-02
1.681097420000000113e+02 6.603803319999999866e-02 9.629168119999999970e-03 5.149251590000000073e-02 1.416407480000000073e-02 -9.139490590000000358e-03 6.616684529999999897e-02
1.708159449999999993e+02 7.153692050000000358e-02 7.575170400000000130e-03 4.401737990000000045e-02 -3.711014309999999955e-03 3.388970119999999784e-03 2.183800400000000114e-02
1.735058359999999880e+02 6.718150550000000221e-02 1.712368680000000021e-03 5.079929729999999727e-02 2.110165430000000147e-02 -6.052420029999999729e-02 6.815906039999999888e-02
1.762212419999999895e+02 6.477851680000000500e-02 -2.552086619999999976e-03 5.201659549999999854e-02 -5.906386300000000117e-02 -4.556695539999999767e-02 4.686989839999999852e-02
1.789202109999999948e+02 6.585111870000000256e-02 -8.931185100000000807e-03 5.253231259999999875e-02 -6.515572000000000030e-02 -3.478574920000000129e-03 4.268845529999999722e-02
1.816162109999999927e+02 6.249114149999999979e-02 -6.662725690000000263e-03 5.815084570000000203e-02 -4.766270189999999990e-02 -6.125284279999999686e-03 2.537800260000000127e-02
1.843103979999999922e+02 6.157625779999999910e-02 8.240327840000000528e-04 5.884690000000000060e-02 -1.301480160000000053e-02 -1.459127500000000077e-02 1.392587850000000065e-02
1.870113670000000070e+02 6.372402609999999745e-02 5.577174889999999760e-03 6.516230909999999599e-02 -1.233669989999999946e-02 -1.298796940000000039e-02 -3.410408939999999903e-03
1.897181480000000136e+02 7.001542589999999733e-02 6.540449230000000211e-03 5.799540190000000012e-02 -2.767717150000000015e-02 3.361737489999999835e-03 5.204118310000000261e-03
1.924130859999999927e+02 5.523144559999999814e-02 2.502041569999999878e-03 5.215698860000000242e-02 4.906470999999999749e-02 -3.576049590000000139e-02 2.026476210000000000e-02
1.951118199999999945e+02 6.039656339999999873e-02 1.904023359999999993e-03 4.477236159999999771e-02 1.020448870000000008e-02 2.077257869999999881e-02 2.147393870000000038e-02
1.978239759999999876e+02 5.798214580000000257e-02 5.852281810000000209e-03 4.652649400000000157e-02 3.405335970000000073e-02 -2.320033349999999894e-03 1.865265110000000059e-02
2.005254920000000141e+02 5.865488559999999796e-02 1.927355589999999981e-03 4.312763900000000233e-02 -4.051389589999999929e-02 1.729579059999999946e-02 4.468184409999999968e-02
2.032325390000000027e+02 5.466955500000000162e-02 9.225951729999999282e-03 4.857984309999999889e-02 -3.454842179999999957e-02 1.317415079999999933e-02 1.666092409999999843e-02
2.059324450000000013e+02 5.063101879999999666e-02 5.002792699999999634e-03 6.095928070000000004e-02 -7.074985120000000516e-02 7.168594930000000108e-03 -2.304970019999999856e-03
2.086358510000000024e+02 3.833394910000000044e-02 1.188692690000000066e-02 7.424847049999999671e-02 -4.755920019999999859e-02 5.033522599999999680e-03 2.106864689999999912e-04
2.113296330000000012e+02 3.878392569999999928e-02 1.018171380000000049e-02 7.614239089999999544e-02 -6.763256609999999946e-02 2.723891520000000163e-02 1.318315299999999954e-02
2.140258049999999912e+02 3.671290039999999810e-02 4.358962180000000228e-03 8.327095689999999828e-02 -2.930050799999999941e-02 2.146067109999999847e-02 1.880972579999999963e-02
2.167262259999999969e+02 3.895007019999999903e-02 3.919905199999999638e-03 7.866406230000000388e-02 -5.460951070000000240e-02 4.919953710000000285e-02 -1.776621410000000026e-03
2.194226009999999860e+02 4.558498450000000174e-02 -3.735813279999999903e-03 6.689242739999999576e-02 -2.619066899999999976e-02 1.056335710000000025e-03 -1.273756560000000038e-02
2.221141330000000096e+02 5.097872870000000334e-02 -4.964924669999999825e-03 6.131083429999999862e-02 -4.172753359999999828e-02 3.726356489999999716e-02 -1.640145520000000148e-02
2.248101949999999931e+02 4.720857400000000315e-02 -7.123780499999999649e-04 6.320544629999999553e-02 1.222482289999999965e-02 1.471184250000000075e-02 1.969610119999999978e-02
2.275171949999999867e+02 4.554166090000000278e-02 6.267203459999999733e-03 6.409514239999999918e-02 -7.880887569999999939e-03 -9.102246039999999441e-03 5.981806800000000375e-03
2.302277730000000133e+02 4.389619859999999846e-02 1.206110179999999969e-02 6.011890379999999812e-02 1.534390069999999953e-02 -3.203647280000000014e-02 2.072736459999999920e-02
2.329554449999999974e+02 5.118394410000000339e-02 9.243182809999999977e-04 6.114589029999999842e-02 -3.133940909999999996e-02 -5.116841979999999998e-03 1.347490129999999930e-03
2.356614610000000027e+02 5.325450229999999924e-02 1.572586709999999931e-03 6.091907039999999718e-02 1.887580850000000103e-04 -1.273908399999999948e-02 -1.324257870000000064e-04
2.383557889999999873e+02 4.483967390000000164e-02 2.811608680000000048e-03 5.120710519999999849e-02 4.223700400000000160e-02 1.886570870000000080e-02 -1.486279350000000062e-02
2.410640699999999867e+02 5.424465049999999816e-02 5.922931529999999820e-03 6.212468039999999997e-02 3.751486820000000250e-02 3.697732239999999837e-02 -1.167348820000000016e-02
2.437607260000000053e+02 4.952694309999999822e-02 2.002515419999999907e-03 7.035603340000000372e-02 5.599159620000000032e-02 4.035213900000000214e-02 2.044228749999999969e-02
2.464548670000000072e+02 5.298424090000000003e-02 5.533277189999999748e-03 6.676030600000000537e-02 2.325498289999999857e-02 9.049921819999999159e-03 7.278399580000000091e-02
2.491707890000000134e+02 5.014386209999999872e-02 4.299025260000000417e-03 5.785711689999999824e-02 5.147711110000000034e-02 -1.321025969999999918e-02 3.461038429999999805e-02
2.518720230000000129e+02 5.995779939999999752e-02 -1.271523139999999972e-03 4.770936099999999874e-02 -5.706017160000000088e-03 1.863021529999999912e-03 1.227380970000000078e-02
2.545721479999999985e+02 6.728487789999999802e-02 -3.155104250000000023e-03 4.195563979999999971e-02 1.576811830000000164e-02 -1.062591010000000016e-02 -5.603570890000000165e-02
2.572659300000000258e+02 5.925670439999999872e-02 -8.922433789999999892e-03 4.485773430000000034e-02 -1.891104260000000051e-02 -2.608024150000000165e-05 -4.204611169999999953e-02
2.599588509999999815e+02 5.042853619999999870e-02 -9.742572680000000443e-03 5.406612689999999721e-02 -3.091689619999999847e-02 1.315962539999999958e-02 -2.352705600000000105e-02
2.626680860000000166e+02 5.353095919999999869e-02 -1.584420489999999876e-02 6.767098829999999843e-02 1.985654670000000163e-02 -4.638624690000000216e-04 1.186645999999999968e-03
2.653621170000000120e+02 4.711377669999999851e-02 -1.789687430000000065e-02 6.575751280000000087e-02 -3.051455140000000101e-03 -2.029628890000000074e-02 1.406260739999999967e-02
2.680610219999999799e+02 3.777699560000000178e-02 -9.155143180000000283e-03 6.029385870000000119e-02 -1.367754900000000065e-02 -1.006608730000000014e-02 2.138617359999999898e-02
