# a=0.05947622473780337, b=-131.91593822119586, c=0.004828227503309755, xi=5.789372132460352
6.802322859999999638e-01 7.346776230000000296e-02 -3.742241029999999818e-05 3.761393569999999659e-02 1.363815009999999953e-02 -2.839018709999999862e-02 1.282313969999999970e-02
3.369285860000000188e+00 7.772142009999999379e-02 5.475818979999999905e-03 2.109909990000000124e-02 -1.961722859999999978e-03 -1.446148950000000072e-02 9.696035449999999487e-03
6.065005069999999776e+00 8.325890699999999311e-02 8.222770469999999762e-03 -1.225416569999999983e-02 8.471207209999999724e-03 7.253287060000000383e-03 9.527627950000000859e-03
8.760784920000000753e+00 8.143902570000000063e-02 8.174373659999999500e-03 -3.430668819999999758e-02 -2.129072779999999915e-02 -1.584277469999999938e-02 4.244717890000000021e-02
1.145311009999999996e+01 6.552735390000000160e-02 6.738087460000000140e-03 -4.889013510000000257e-02 -2.223431880000000058e-03 8.741980529999999723e-04 1.922263440000000073e-02
1.414859599999999951e+01 5.615370609999999901e-02 5.970707910000000278e-03 -6.852087710000000220e-02 1.625904870000000058e-02 -3.025260130000000103e-02 1.878774929999999996e-02
1.684864759999999961e+01 5.173149400000000286e-02 -2.170944650000000177e-03 -7.144920949999999937e-02 9.389557070000000005e-02 -1.190376829999999914e-02 2.514260139999999893e-02
1.955295230000000117e+01 4.554160270000000288e-02 -3.488032199999999920e-03 -7.155374949999999956e-02 8.480034170000000371e-02 -1.045282150000000077e-02 1.891246510000000117e-02
2.225296790000000158e+01 5.038357780000000258e-02 -6.906479159999999885e-04 -6.853401289999999646e-02 3.640642320000000293e-02 2.160374530000000112e-02 -8.787639439999999844e-03
2.495767730000000029e+01 4.604518719999999704e-02 5.833848209999999959e-05 -6.258325489999999602e-02 4.513345369999999940e-02 1.367905519999999993e-02 -5.455247249999999742e-02
2.766110700000000122e+01 5.081021940000000209e-02 5.220698380000000395e-03 -5.565129480000000073e-02 5.423563339999999677e-03 -1.964462789999999945e-02 -2.897638320000000059e-02
3.035328349999999986e+01 5.970414820000000122e-02 2.564396689999999882e-03 -5.437007659999999742e-02 1.429899710000000039e-02 -1.935831010000000144e-02 -2.388753539999999981e-02
3.306215850000000245e+01 5.540089460000000021e-02 2.719240559999999869e-03 -7.244252249999999504e-02 -2.161671979999999979e-02 -2.711988190000000007e-02 -4.694131480000000183e-04
3.576242729999999881e+01 5.685499539999999685e-02 2.317735390000000197e-03 -7.293755080000000057e-02 2.546290379999999881e-02 1.118649799999999958e-02 -1.335281060000000075e-02
3.845595540000000057e+01 4.113951610000000231e-02 -2.033109500000000128e-03 -7.343019539999999512e-02 -2.836329519999999937e-02 -1.296723399999999936e-02 -8.282042479999999693e-03
4.118004289999999656e+01 4.999073099999999659e-02 -1.675321279999999980e-03 -6.838453780000000592e-02 -1.121934209999999980e-02 2.097442089999999870e-02 -2.487342359999999974e-02
4.387631789999999654e+01 5.174447380000000291e-02 1.959527060000000164e-03 -7.314273470000000332e-02 -1.966833490000000073e-02 7.506913149999999701e-02 1.311233979999999917e-02
4.657548510000000164e+01 5.285965699999999740e-02 -1.033124160000000076e-03 -6.934261669999999822e-02 7.541003709999999360e-02 -3.318696419999999942e-03 -3.751194729999999915e-03
4.930365230000000309e+01 3.326690890000000289e-02 9.505201079999999478e-04 -7.656788690000000674e-02 -6.002297759999999927e-02 -8.683933149999999851e-03 -4.600046249999999864e-02
5.201131629999999717e+01 3.940829970000000321e-02 -5.023210049999999975e-03 -7.759687340000000211e-02 2.918512720000000088e-02 -1.815987139999999944e-02 -4.328437200000000151e-02
5.470597099999999813e+01 3.072037830000000011e-02 -4.087054659999999652e-03 -8.518093329999999741e-02 1.301231419999999972e-02 1.884998660000000020e-02 -4.834111320000000073e-02
5.741406479999999846e+01 4.732117809999999980e-02 -1.113883929999999987e-02 -7.157540989999999770e-02 2.446685690000000024e-02 2.065246700000000074e-02 -1.100878150000000021e-02
6.012549289999999758e+01 5.944438889999999892e-02 -1.227571250000000086e-02 -6.847680829999999719e-02 -2.523226510000000158e-02 -8.782835149999999522e-03 -1.064409090000000002e-02
6.282088980000000333e+01 5.527404279999999920e-02 -1.637489430000000148e-02 -5.655135089999999837e-02 1.447754329999999950e-02 -8.673677390000000473e-03 3.793841690000000072e-02
6.552182569999999373e+01 5.174950119999999903e-02 -9.587182160000000744e-03 -5.265641470000000102e-02 3.867022159999999875e-02 -2.076224980000000025e-02 4.218918859999999660e-02
6.822887099999999805e+01 4.351075420000000138e-02 -7.781804350000000141e-03 -5.398486949999999757e-02 1.594260880000000075e-02 -2.790498719999999895e-05 3.793293250000000227e-02
7.092169599999999718e+01 4.860521599999999970e-02 -6.159118719999999610e-03 -4.441982199999999770e-02 1.038706520000000008e-02 -2.370507830000000149e-02 2.904311229999999994e-02
7.363089449999999658e+01 5.829968800000000229e-02 -8.321221800000000446e-03 -3.825430080000000177e-02 1.254556880000000027e-02 1.989171069999999888e-02 -5.174650449999999846e-02
7.633147569999999860e+01 6.331735300000000677e-02 2.011083810000000114e-03 -4.129038000000000153e-02 -4.512872009999999851e-02 2.180251869999999884e-02 8.309024760000000356e-03
7.902481790000000217e+01 6.761434600000000572e-02 4.760656490000000039e-03 -4.282608949999999748e-02 3.291797829999999758e-02 -2.867296360000000030e-02 -7.366452750000000368e-03
8.172252260000000490e+01 6.644208879999999318e-02 2.712768070000000104e-03 -4.878256300000000101e-02 -2.213449230000000094e-03 -2.136760600000000079e-02 -8.617039139999999389e-03
8.441476790000000108e+01 5.789202160000000291e-02 -1.115760439999999905e-03 -4.984490689999999946e-02 5.946261120000000122e-02 2.249414729999999960e-02 2.801378439999999831e-02
8.712527099999999791e+01 5.893504449999999867e-02 8.104462499999999514e-03 -6.083169050000000050e-02 2.151821550000000000e-02 5.153473940000000142e-02 -1.092110290000000011e-02
8.982518199999999808e+01 7.127187919999999899e-02 8.580502979999999821e-03 -5.143745699999999893e-02 4.635949009999999759e-02 5.547955410000000170e-02 3.603140070000000056e-02
9.252615849999999398e+01 6.807355380000000566e-02 1.247448710000000072e-02 -4.981212449999999903e-02 3.721806479999999889e-02 1.510381690000000068e-02 2.130229679999999862e-02
9.522514449999999897e+01 7.277624550000000303e-02 9.858866339999999492e-03 -4.654019410000000134e-02 5.087373150000000337e-04 -1.964136619999999958e-02 4.262174600000000202e-02
9.792319600000000435e+01 6.468887539999999825e-02 4.505716489999999665e-03 -4.957230890000000056e-02 -1.801239190000000073e-02 -1.343622759999999958e-02 3.179041390000000161e-02
1.006069130000000058e+02 7.106981780000000415e-02 7.363036209999999915e-03 -5.771674539999999826e-02 -2.160963200000000015e-02 -2.638429659999999913e-02 2.450740220000000025e-02
1.033027730000000020e+02 7.195024260000000560e-02 2.163168530000000086e-03 -5.425436329999999696e-02 -8.121128280000000643e-03 5.700242989999999843e-03 1.031320980000000054e-02
1.060059289999999947e+02 6.766191100000000513e-02 3.549097609999999812e-04 -6.843981570000000347e-02 -2.559939989999999999e-02 1.259150669999999951e-02 -1.202593899999999938e-03
1.087032880000000006e+02 5.067144929999999742e-02 6.765352839999999764e-03 -6.433498669999999919e-02 -3.683456210000000258e-02 -1.146866640000000076e-02 -1.416148960000000040e-02
1.114051939999999945e+02 5.320381219999999883e-02 -2.083249610000000019e-04 -6.622059610000000096e-02 -7.440415799999999975e-03 2.635696439999999849e-02 -6.668057550000000555e-02
1.141044760000000053e+02 5.105123150000000221e-02 2.518142839999999803e-03 -7.384591949999999572e-02 -4.126197469999999708e-03 6.815612809999999772e-03 -3.684191920000000342e-02
1.168067570000000046e+02 4.743364130000000262e-02 -4.691561040000000182e-03 -6.034517629999999744e-02 4.455364469999999882e-02 -1.910474499999999937e-02 -1.467334600000000031e-02
1.195175689999999946e+02 5.622797100000000159e-02 1.448096600000000050e-03 -6.274257519999999755e-02 -1.269008790000000081e-02 -2.658829910000000060e-02 2.182117349999999900e-02
1.222215379999999953e+02 5.852572069999999876e-02 2.652146189999999865e-03 -6.179489519999999819e-02 9.364097749999999998e-02 -7.472627360000000385e-02 -6.627161159999999697e-03
1.249255849999999981e+02 5.922173199999999915e-02 5.629474970000000224e-03 -4.383701069999999811e-02 6.419045969999999379e-02 -3.203742190000000156e-02 2.461147760000000073e-02
1.276356629999999939e+02 5.821441919999999909e-02 1.173308449999999926e-02 -2.515913859999999863e-02 4.400154459999999768e-02 -3.326007360000000218e-02 -1.550026340000000037e-02
1.303321160000000134e+02 6.615639550000000646e-02 1.242901329999999971e-02 -1.219967700000000078e-02 -1.993078380000000080e-02 1.605414310000000122e-02 -2.942429950000000072e-02
1.330284760000000119e+02 7.293130659999999543e-02 1.397814120000000042e-02 1.536466440000000024e-02 -2.479208230000000054e-02 3.904289410000000293e-02 1.069028030000000046e-02
1.357120069999999998e+02 6.442867369999999427e-02 1.039708100000000073e-02 3.939782440000000330e-02 5.430638379999999654e-02 1.337353009999999939e-02 2.419979489999999830e-02
1.384085849999999880e+02 6.045480589999999849e-02 1.382293580000000001e-02 4.986318520000000004e-02 2.715178970000000150e-02 -2.192362510000000000e-02 -4.308480530000000433e-03
1.411080540000000099e+02 5.800671019999999872e-02 8.832598880000000485e-03 6.452887159999999567e-02 -3.837325160000000165e-03 -2.798856920000000054e-02 -2.084099110000000102e-02
1.438101629999999886e+02 5.859228090000000166e-02 -1.068389120000000055e-03 5.422387879999999993e-02 -3.152778369999999913e-02 -4.680826169999999925e-02 -3.217415459999999755e-02
1.465093039999999860e+02 6.586627859999999446e-02 -3.260498210000000157e-03 6.230195289999999886e-02 3.153608790000000245e-02 8.838946429999999452e-03 5.245009469999999813e-02
1.492121480000000133e+02 7.008788409999999747e-02 -2.663059199999999807e-03 6.180518520000000127e-02 2.200603900000000154e-02 4.787610149999999704e-02 4.310873739999999954e-02
1.519147260000000017e+02 6.023104729999999990e-02 3.927789109999999667e-03 5.746098000000000178e-02 1.577086839999999879e-02 1.494240150000000072e-02 1.184376099999999953e-02
1.546090069999999912e+02 5.356664170000000058e-02 2.816827229999999994e-03 6.036039850000000234e-02 -3.057683549999999813e-03 -2.097307299999999833e-02 -3.056908469999999878e-02
1.573097879999999975e+02 5.584264979999999795e-02 6.893131230000000423e-04 6.655738090000000440e-02 -8.979189800000000540e-03 -4.254098629999999992e-02 -1.738180690000000125e-02
1.600033659999999998e+02 5.031997450000000316e-02 -2.652065769999999850e-03 7.419772430000000363e-02 -1.095896129999999980e-03 -2.920212440000000131e-02 -5.245586909999999832e-03
1.626951160000000129e+02 4.786752030000000074e-02 7.622710260000000251e-03 7.580243389999999359e-02 -4.564955390000000057e-03 2.618093830000000136e-02 4.610479370000000049e-02
1.654013190000000009e+02 4.938421889999999870e-02 1.191850080000000055e-02 6.876901909999999507e-02 7.366656450000000009e-03 4.410415170000000183e-03 3.569486079999999867e-02
1.681123819999999967e+02 4.162175390000000252e-02 3.320116719999999851e-03 6.548444639999999317e-02 -5.151490520000000413e-03 -1.320349720000000074e-02 3.562204029999999771e-02
1.708189600000000041e+02 3.782476939999999954e-02 9.112464659999999772e-03 5.341609120000000155e-02 -9.796901979999999774e-03 3.350658270000000244e-02 -2.739593909999999896e-02
1.735261160000000018e+02 4.218621379999999699e-02 8.531742499999999882e-03 6.550696450000000060e-02 3.407334809999999943e-03 2.279904430000000148e-02 -7.554359130000000422e-03
1.762300229999999885e+02 3.908183340000000172e-02 1.059584649999999921e-03 7.327969700000000475e-02 2.229174150000000007e-02 4.463734050000000252e-03 1.174552929999999988e-02
1.789317880000000116e+02 4.417753209999999986e-02 -2.018591760000000134e-03 7.179350199999999516e-02 1.230070150000000043e-02 -3.783459759999999866e-02 5.900598919999999747e-02
1.816475230000000067e+02 4.199394649999999701e-02 -2.690697449999999860e-04 7.215625500000000248e-02 3.882525280000000134e-02 -1.849383339999999959e-02 2.704584230000000103e-02
1.843461010000000044e+02 2.921240270000000083e-02 -2.808007229999999899e-03 7.242683719999999659e-02 -5.004175209999999624e-03 -2.947662750000000021e-04 -4.365642559999999978e-02
1.870354130000000055e+02 2.564436850000000045e-02 -2.762160339999999992e-03 7.603216860000000521e-02 -1.993202620000000119e-02 6.519808119999999721e-03 -3.173080889999999737e-02
1.897398190000000113e+02 3.399631659999999972e-02 -2.032124739999999815e-03 7.229922149999999659e-02 2.274065689999999959e-02 -3.762513910000000149e-03 -2.029720819999999981e-02
1.924448820000000069e+02 2.993301439999999924e-02 -4.459765489999999860e-03 7.209328769999999442e-02 3.938768060000000237e-02 -2.693036739999999860e-02 4.552732770000000179e-02
1.951391629999999964e+02 2.856940789999999966e-02 -1.403879780000000070e-02 7.354490269999999774e-02 4.573482069999999788e-02 2.162622800000000081e-02 -1.626853090000000140e-02
1.978410379999999975e+02 2.495085400000000148e-02 -1.297766759999999936e-02 6.737629859999999526e-02 3.264547660000000073e-02 -4.543795159999999833e-02 1.189282499999999923e-02
2.005501160000000027e+02 3.114232639999999983e-02 -3.167424790000000073e-02 5.571006979999999775e-02 4.079362639999999790e-02 -6.615074759999999866e-03 -5.184252670000000229e-02
2.032405850000000100e+02 3.456026019999999810e-02 -3.563089299999999682e-02 6.087204840000000339e-02 6.357073300000000080e-03 -2.113980609999999843e-02 3.765854999999999897e-02
2.059572880000000055e+02 4.371064499999999936e-02 -2.816831070000000090e-02 5.939389159999999834e-02 5.041554909999999834e-02 6.562182800000000010e-03 1.543521999999999950e-02
2.086560230000000047e+02 5.689138769999999706e-02 -1.830004669999999931e-02 5.074196739999999733e-02 2.099622279999999869e-02 -2.691220179999999958e-03 1.803929370000000032e-02
2.113555540000000121e+02 4.940713349999999865e-02 -1.782061149999999983e-02 4.675089100000000275e-02 4.240871910000000057e-03 3.284921059999999782e-02 3.247093680000000260e-02
2.140525849999999934e+02 5.195212600000000125e-02 -1.745457090000000072e-02 5.703658980000000239e-02 1.234675699999999987e-02 1.085879950000000031e-02 2.185227569999999980e-02
2.167484760000000108e+02 4.868935499999999666e-02 -1.668424110000000030e-02 5.930014880000000072e-02 1.321935540000000048e-02 1.196170249999999914e-02 1.241784469999999974e-02
2.194438979999999901e+02 4.413883100000000337e-02 -1.161793810000000086e-02 6.196816510000000000e-02 1.770983589999999830e-02 -1.341711940000000006e-02 3.771116029999999758e-02
2.221345849999999871e+02 4.828101010000000054e-02 -1.081142560000000058e-02 5.979431050000000303e-02 1.212330759999999917e-02 1.579583500000000026e-03 4.362018389999999801e-02
2.248439290000000028e+02 4.923096639999999941e-02 -3.726218920000000118e-03 6.283131749999999738e-02 1.378161349999999959e-02 -3.207587559999999782e-02 7.274976259999999667e-03
2.275570229999999867e+02 4.918800699999999887e-02 4.211679589999999668e-03 6.080279329999999788e-02 6.511830120000000090e-03 -2.048972040000000133e-02 5.833332650000000105e-03
2.302568039999999883e+02 4.207590259999999943e-02 -3.050573049999999800e-03 5.658566389999999946e-02 1.294982249999999946e-03 -4.596554890000000004e-03 2.749655999999999975e-02
2.329588819999999885e+02 4.349245899999999720e-02 -5.999447270000000422e-03 5.924665610000000304e-02 -1.928815340000000073e-02 3.980318679999999935e-03 -3.314566659999999831e-02
2.356630690000000072e+02 4.186012630000000151e-02 -1.142312239999999923e-02 6.835809660000000121e-02 -2.992476950000000011e-02 -3.355651989999999807e-02 -5.014337590000000032e-03
2.383494289999999864e+02 4.212170070000000044e-02 -2.704557939999999942e-03 6.473372230000000449e-02 -2.620175979999999835e-02 2.042940310000000009e-02 -1.799895909999999974e-02
2.410452730000000088e+02 5.003089909999999807e-02 -3.074139469999999895e-03 6.028832430000000131e-02 -4.437710100000000213e-02 -4.529076180000000257e-02 7.219921049999999951e-02
2.437484440000000063e+02 5.721648299999999854e-02 -5.125334849999999692e-03 5.754700719999999992e-02 -1.123147459999999931e-02 -3.746295609999999998e-02 4.372135790000000050e-02
2.464473350000000096e+02 5.270513830000000260e-02 3.710561040000000081e-03 6.182289550000000244e-02 -9.377677109999999622e-03 -1.690523340000000055e-02 5.553276969999999813e-02
2.491424440000000118e+02 6.212902440000000331e-02 1.656194429999999955e-03 6.007461669999999976e-02 -5.661223830000000103e-03 -1.281559149999999918e-02 -3.364588730000000073e-03
2.518515690000000120e+02 6.008613709999999913e-02 2.494900009999999942e-03 5.591606579999999771e-02 1.806613129999999970e-02 3.316597880000000248e-02 3.365719560000000193e-02
2.545622879999999952e+02 6.119383140000000249e-02 -6.046257389999999936e-04 5.777853039999999996e-02 1.416279340000000005e-02 1.635050310000000021e-02 1.218285239999999936e-02
2.572661479999999870e+02 6.446126589999999490e-02 -5.499219829999999788e-03 4.666393950000000124e-02 1.834334670000000106e-03 3.475083639999999863e-02 -1.168430529999999953e-02
2.599651789999999778e+02 6.744490340000000583e-02 -8.200155930000000174e-04 4.795886010000000033e-02 7.772514959999999966e-03 1.247848300000000028e-02 2.844406520000000022e-02
2.626664440000000127e+02 6.568129429999999824e-02 -1.757412300000000052e-02 5.650735479999999950e-02 -2.892736909999999925e-02 -4.871017169999999896e-02 1.582065670000000132e-02
2.653663819999999873e+02 6.848139870000000129e-02 -1.030246840000000053e-02 4.958416990000000246e-02 1.010172699999999958e-02 -2.898220040000000150e-02 3.063666010000000092e-02
2.680655550000000176e+02 7.222374989999999495e-02 -2.631628190000000114e-03 4.552737569999999734e-02 -3.731007220000000148e-03 8.503294459999999680e-03 2.445911419999999975e-02
