# a=0.06421036674658152, b=-147.11125265789977, c=-0.0012725478183283423, xi=11.139673460368634
6.840452569999999621e-01 7.256018399999999979e-02 8.280239849999999208e-03 5.953931550000000211e-02 -1.925528859999999952e-03 -1.815332269999999845e-02 4.024673729999999998e-03
3.387173869999999809e+00 7.704808050000000463e-02 1.064337649999999927e-02 4.771163169999999981e-02 6.898102740000000219e-03 3.453209460000000036e-02 -3.736462429999999873e-03
6.075072160000000387e+00 7.641024100000000374e-02 7.655941739999999954e-03 3.572526360000000123e-02 4.422098580000000112e-02 2.289050399999999902e-02 3.086677750000000123e-02
8.774579969999999562e+00 7.927050619999999326e-02 2.007283450000000094e-02 1.086781449999999968e-02 -1.034970810000000047e-02 2.782983860000000018e-02 3.943881159999999830e-02
1.146576480000000053e+01 8.613620029999999317e-02 2.552725670000000058e-02 -1.960115830000000101e-02 1.592408949999999865e-02 7.811195629999999595e-04 4.554023439999999728e-02
1.414694450000000003e+01 7.584356629999999821e-02 2.429479899999999887e-02 -3.371248240000000035e-02 2.986152939999999964e-02 -1.917046970000000142e-02 2.327282430000000152e-02
1.685017260000000050e+01 8.028892049999999947e-02 2.093640329999999980e-02 -3.142359520000000128e-02 6.272720939999999572e-03 2.639797360000000013e-03 7.202862029999999860e-03
1.955110230000000016e+01 7.372984759999999527e-02 1.186975369999999919e-02 -4.279913119999999987e-02 5.676312440000000174e-03 1.400420970000000077e-02 6.972543020000000237e-03
2.225189920000000043e+01 6.937410099999999358e-02 1.162097500000000040e-02 -4.930536890000000033e-02 -5.668804409999999606e-03 1.440200259999999989e-02 9.691874050000000296e-03
2.495969140000000053e+01 6.139905910000000022e-02 8.783006499999999189e-03 -5.986532519999999968e-02 1.535010199999999915e-02 5.421120799999999684e-02 -4.428582100000000299e-02
2.766906790000000171e+01 5.755859960000000303e-02 6.939829399999999926e-03 -6.845121229999999446e-02 4.510870589999999708e-02 3.808936930000000193e-02 -1.649878130000000109e-02
3.036721479999999929e+01 5.413413140000000040e-02 3.380017510000000048e-03 -5.983998950000000289e-02 8.435721679999999556e-02 2.128423949999999967e-02 1.876208780000000048e-02
3.307583199999999835e+01 5.181832749999999710e-02 2.853888539999999748e-04 -6.152559459999999703e-02 3.248195009999999688e-02 1.842108779999999946e-02 4.024628129999999887e-02
3.578010230000000291e+01 6.033520700000000181e-02 -4.456305630000000008e-04 -6.915743139999999678e-02 5.383234740000000101e-02 -2.661457380000000102e-03 5.864632899999999704e-03
3.848091949999999883e+01 5.753639850000000222e-02 -1.498044200000000006e-02 -7.414972820000000076e-02 6.594137980000000510e-02 4.549378789999999895e-02 -4.231598050000000277e-02
4.119408359999999902e+01 5.849458870000000255e-02 -8.849854379999999229e-03 -6.780089429999999751e-02 3.044137959999999865e-02 2.841051439999999970e-02 -3.170011229999999958e-02
4.388277730000000076e+01 5.568627510000000169e-02 -1.328404199999999938e-02 -6.655586010000000274e-02 1.983836549999999990e-02 1.744388339999999871e-02 8.618506939999999450e-03
4.659124760000000265e+01 5.684769020000000200e-02 -4.854978010000000205e-03 -6.196522129999999795e-02 7.790839380000000140e-03 -2.716167660000000025e-02 -1.098505049999999941e-02
4.928178669999999784e+01 6.500813989999999765e-02 2.569175309999999993e-05 -6.778950520000000257e-02 -2.153147360000000083e-03 3.186382250000000058e-03 1.022899480000000021e-02
5.198795080000000013e+01 5.842658819999999725e-02 2.854893299999999943e-03 -6.538320440000000566e-02 2.369470220000000071e-02 -4.184901049999999872e-02 3.600262199999999801e-02
5.469717889999999727e+01 5.799140879999999804e-02 -2.193221329999999955e-03 -6.674711749999999444e-02 3.111213120000000040e-02 -2.839279720000000007e-02 3.276734649999999902e-03
5.740443510000000060e+01 5.624331400000000258e-02 -1.413934350000000057e-03 -7.014813579999999715e-02 1.444724349999999997e-02 -2.318437630000000013e-02 2.663600810000000055e-02
6.010472889999999779e+01 5.398348929999999962e-02 -2.174176270000000109e-03 -7.456218050000000541e-02 7.289679289999999312e-02 -1.975743409999999867e-02 1.150900629999999925e-02
6.281193820000000017e+01 5.390155759999999685e-02 -7.853365509999999869e-03 -7.796440490000000612e-02 5.359303900000000030e-03 -5.788347959999999744e-03 -5.239880699999999863e-02
6.550656010000000151e+01 5.266462529999999670e-02 7.261056099999999491e-04 -7.286951749999999450e-02 6.098084809999999856e-02 -1.385130669999999967e-02 -5.581889159999999656e-02
6.820625699999999370e+01 5.594583940000000255e-02 -2.351825179999999810e-03 -7.801114580000000076e-02 -2.241728310000000099e-02 5.125517539999999844e-02 -1.044068249999999948e-02
7.090013360000000375e+01 6.471629019999999843e-02 7.408964470000000378e-03 -6.389846700000000046e-02 7.341777539999999602e-02 -2.374032599999999910e-02 4.844816600000000258e-03
7.359161480000000211e+01 6.387585749999999396e-02 2.786749439999999800e-03 -6.373454430000000115e-02 9.137695869999999665e-02 1.085057799999999961e-02 3.863193320000000031e-03
7.630000080000000651e+01 6.259726549999999889e-02 5.811477609999999953e-03 -5.402083679999999943e-02 1.327004930000000027e-01 -2.268467669999999978e-02 -2.341358879999999934e-03
7.899731950000000325e+01 6.239582820000000307e-02 3.395309479999999817e-03 -5.955094939999999726e-02 1.045374919999999958e-01 -2.900144220000000148e-02 1.162493830000000013e-02
8.170271169999999472e+01 6.821361089999999905e-02 6.720880260000000085e-03 -6.780836510000000372e-02 8.257121430000000095e-02 -1.620530649999999892e-02 1.303612279999999922e-02
8.440250389999999925e+01 6.408202920000000136e-02 3.225851489999999842e-03 -7.083351429999999727e-02 4.338210990000000017e-02 -1.191278509999999999e-02 6.922151849999999508e-05
8.710258199999999817e+01 6.001627439999999980e-02 6.983864680000000102e-03 -6.285555149999999536e-02 2.521182209999999965e-02 -1.247456230000000034e-02 -1.935004619999999842e-02
8.979597730000000411e+01 5.500561600000000023e-02 1.642015159999999849e-02 -7.330129489999999415e-02 4.828839850000000294e-02 1.885404410000000169e-02 -3.231003589999999898e-02
9.249992729999999597e+01 5.606554269999999840e-02 1.898868210000000112e-02 -6.815594279999999394e-02 3.865031540000000293e-02 -1.169496920000000044e-02 -1.347604500000000073e-02
9.518531009999999526e+01 5.194871400000000000e-02 1.146141690000000019e-02 -7.040738270000000687e-02 5.297628819999999905e-02 -6.329070309999999637e-03 2.954075280000000026e-02
9.788892110000000457e+01 6.247359460000000142e-02 9.444928409999999233e-03 -6.978349450000000120e-02 5.376907880000000167e-02 1.661302380000000134e-02 1.066286940000000030e-02
1.005804349999999943e+02 6.632208739999999325e-02 3.631519039999999993e-03 -7.113772200000000046e-02 8.049320599999999770e-02 5.478359979999999907e-03 5.612735940000000354e-03
1.032756380000000007e+02 6.672244920000000579e-02 1.086689140000000019e-02 -6.133925860000000174e-02 5.696031740000000176e-02 1.409532399999999935e-02 1.509389260000000045e-02
1.059798100000000005e+02 7.331433160000000449e-02 -7.646306680000000168e-04 -5.658337120000000303e-02 7.143629830000000625e-02 2.882650139999999930e-02 -4.164605960000000023e-02
1.086787479999999988e+02 7.484757270000000351e-02 -9.646269549999999388e-03 -5.372925070000000164e-02 3.487116999999999994e-02 -3.198562149999999854e-02 -5.180702749999999829e-02
1.113784979999999933e+02 7.247182509999999800e-02 -8.907338219999999876e-03 -5.317533580000000093e-02 6.901626630000000373e-02 -6.117807020000000200e-03 -3.999859659999999845e-02
1.140795439999999985e+02 6.103486589999999878e-02 -8.220610819999999916e-03 -6.669696510000000522e-02 5.605301020000000300e-02 -3.007235080000000144e-02 -3.482010209999999995e-02
1.167807629999999932e+02 6.002054610000000234e-02 2.526201269999999843e-03 -6.495756799999999331e-02 5.880385250000000341e-02 -5.592746390000000178e-02 1.608269349999999964e-03
1.194864510000000024e+02 6.127859349999999899e-02 1.834027119999999964e-03 -6.094291219999999759e-02 1.092854889999999961e-02 -8.496523210000000645e-03 -2.398169069999999889e-02
1.221931380000000047e+02 6.345748269999999802e-02 8.892193030000000373e-03 -6.224202709999999972e-02 3.781562809999999830e-02 -1.891280139999999832e-02 -3.321058229999999944e-02
1.248956850000000003e+02 5.951111969999999668e-02 8.345114290000000407e-03 -7.254761769999999721e-02 2.469573389999999910e-02 -1.879819690000000083e-03 -2.210037680000000171e-02
1.275988260000000025e+02 5.523558430000000130e-02 5.342829389999999637e-03 -7.153561830000000621e-02 3.471766219999999903e-02 -9.252428740000000554e-03 1.262328830000000041e-02
1.303009979999999928e+02 5.353967240000000183e-02 5.765044979999999972e-03 -6.535348979999999752e-02 9.914451319999999929e-03 4.087208900000000034e-02 -1.541291619999999966e-02
1.330022010000000137e+02 6.183419140000000203e-02 2.781537790000000038e-03 -5.565826439999999736e-02 2.133731460000000066e-02 2.833052109999999874e-02 -5.088644300000000342e-02
1.356962010000000021e+02 6.555240569999999656e-02 1.487091389999999937e-02 -5.317274310000000281e-02 -1.037080170000000091e-03 4.024182049999999733e-02 -4.782635830000000338e-02
1.383968879999999899e+02 6.761890930000000188e-02 2.167191389999999912e-03 -3.723312320000000258e-02 3.073673970000000144e-02 4.244958819999999911e-02 -4.226257499999999667e-02
1.410968729999999880e+02 7.826026399999999605e-02 4.114753550000000044e-03 -2.748883209999999910e-02 4.523051089999999969e-02 5.090350099999999683e-02 -8.772649009999999511e-03
1.437899040000000070e+02 7.374108660000000537e-02 1.930512849999999970e-03 -1.401652509999999976e-02 1.142680400000000047e-02 1.714295009999999841e-02 3.720863509999999819e-02
1.464889980000000094e+02 7.015749870000000110e-02 6.613387239999999993e-03 -7.483300160000000249e-03 -1.094467969999999950e-02 -3.508097210000000327e-02 9.332947390000000468e-03
1.491950909999999908e+02 6.255343730000000046e-02 1.716702830000000138e-02 -6.686483490000000003e-04 -5.945837019999999744e-03 -2.537110719999999958e-02 -2.772737130000000119e-02
1.518953410000000019e+02 7.126122229999999613e-02 1.600182240000000075e-02 2.270157930000000004e-02 1.476138310000000111e-04 -3.471519879999999947e-02 2.006033390000000124e-02
1.545944660000000113e+02 7.523522779999999854e-02 8.130485990000000177e-03 3.962968239999999781e-02 -6.696542009999999732e-03 -1.069064160000000006e-02 -4.522757149999999914e-03
1.572884190000000046e+02 7.375178679999999654e-02 8.223885079999999903e-03 5.421399290000000065e-02 -4.424673440000000124e-02 2.084828379999999898e-02 2.828851580000000046e-02
1.599918099999999868e+02 6.424948219999999932e-02 3.452332270000000019e-03 4.958966769999999941e-02 -1.065393530000000033e-02 -3.982063360000000218e-02 1.523657030000000016e-02
1.626899659999999983e+02 5.937303719999999924e-02 4.157510169999999866e-03 5.365978589999999965e-02 -2.791945460000000087e-02 1.315078079999999934e-02 3.029259600000000149e-02
1.653881849999999929e+02 5.406329769999999868e-02 5.580738580000000303e-03 6.220340840000000010e-02 1.504333339999999915e-02 1.322805009999999948e-02 2.750876400000000152e-02
1.681020289999999875e+02 6.263535739999999408e-02 6.628168989999999768e-03 5.650571129999999720e-02 -7.069756279999999705e-03 -1.329186150000000004e-02 1.627876199999999871e-02
1.707914820000000020e+02 7.201684460000000454e-02 5.495215670000000267e-03 6.134596009999999933e-02 6.513820919999999820e-03 1.982109619999999905e-02 5.309911500000000228e-02
1.734988730000000032e+02 6.745823659999999888e-02 5.458454800000000010e-03 5.646811110000000272e-02 3.866206320000000092e-03 8.124315019999999929e-03 1.096030389999999924e-02
1.762113260000000139e+02 6.874183200000000271e-02 -2.605009990000000091e-03 6.477546039999999838e-02 -1.967126420000000001e-02 1.544721230000000063e-02 2.245579459999999875e-02
1.788966849999999909e+02 7.078250610000000331e-02 -7.387701009999999950e-03 5.941736859999999926e-02 -5.245824699999999952e-02 2.640089489999999928e-02 7.193915369999999421e-02
1.815968100000000049e+02 6.825652779999999420e-02 -1.301595030000000106e-03 7.003474939999999871e-02 1.299931250000000045e-02 -1.597669049999999929e-03 7.334065060000000136e-02
1.842874040000000093e+02 6.312761420000000123e-02 -3.310401589999999953e-03 6.672113640000000567e-02 3.396529699999999846e-02 2.922803070000000013e-03 6.387626439999999350e-02
1.869882010000000037e+02 6.688407590000000624e-02 -1.412190520000000107e-03 6.497671700000000328e-02 1.252679400000000082e-02 -3.766934079999999935e-02 9.715306989999999976e-02
1.896962159999999926e+02 6.873943979999999621e-02 -1.101056320000000019e-02 6.179652430000000252e-02 3.965187640000000097e-02 8.112820180000000769e-03 5.101652830000000249e-02
1.923980449999999962e+02 5.905568719999999827e-02 -6.204763450000000229e-03 6.317815609999999360e-02 1.633591499999999946e-02 5.506244579999999833e-03 3.791889310000000346e-02
1.950955910000000131e+02 6.155781650000000105e-02 -5.462894819999999582e-03 5.624771619999999889e-02 -4.156206580000000247e-03 1.497493939999999975e-02 1.439286510000000081e-02
1.978024039999999957e+02 6.960162860000000673e-02 -1.187849000000000023e-02 5.633673890000000239e-02 -2.985168629999999934e-03 -1.351410909999999944e-02 2.293326550000000102e-02
2.004865440000000092e+02 7.243287580000000447e-02 -6.016992849999999726e-04 5.749387029999999954e-02 9.680178419999999409e-03 4.214619220000000166e-02 5.696204359999999800e-02
2.031827010000000087e+02 6.967536700000000194e-02 1.054552229999999998e-03 5.367445540000000126e-02 1.180196700000000001e-02 4.177391879999999696e-02 7.790667630000000510e-02
2.058757950000000108e+02 6.936578660000000673e-02 7.629387569999999952e-03 5.952762939999999697e-02 -3.382443640000000213e-03 4.963208279999999778e-02 7.686294729999999797e-02
2.085749350000000106e+02 6.591931439999999809e-02 7.812738510000000192e-03 5.935849339999999669e-02 9.095361660000000556e-03 3.177009909999999743e-02 4.749322289999999974e-02
2.112694349999999872e+02 6.257274279999999744e-02 1.980871459999999917e-02 5.896088800000000296e-02 -1.150965949999999995e-02 8.358812729999999871e-03 4.315280690000000002e-02
2.139737010000000055e+02 6.234704829999999920e-02 4.926561559999999805e-03 6.055975219999999715e-02 -6.874061570000000211e-03 1.099933510000000031e-02 6.324769199999999425e-02
2.166743099999999913e+02 6.071995429999999666e-02 5.337222259999999802e-03 6.421171339999999506e-02 1.823832410000000154e-02 5.567868069999999669e-02 5.306931830000000128e-02
2.193644659999999931e+02 5.743628790000000067e-02 -3.661032719999999987e-03 6.877631530000000160e-02 3.458148779999999783e-02 7.110242460000000021e-03 9.031005229999999884e-02
2.220668880000000058e+02 5.921001559999999886e-02 4.164335090000000419e-03 6.787360809999999633e-02 1.696974719999999907e-03 5.061786790000000202e-02 3.165670389999999945e-02
2.247732479999999953e+02 5.503523829999999728e-02 9.085723570000000734e-03 7.193225520000000317e-02 1.412649369999999932e-02 -2.398395190000000149e-02 7.204380120000000200e-03
2.274690449999999942e+02 5.570331080000000268e-02 8.900717069999999551e-03 7.463878479999999649e-02 3.250318969999999898e-03 -1.509739560000000064e-02 8.315327960000000462e-02
2.301782159999999919e+02 6.376327910000000043e-02 6.943495360000000345e-03 7.185780120000000160e-02 2.829221880000000119e-02 1.102506320000000081e-02 8.872621840000000093e-02
2.328743409999999869e+02 5.613002980000000169e-02 -7.242859969999999956e-04 7.462898660000000239e-02 -1.157613350000000034e-02 9.914470640000000792e-03 9.649419089999999866e-02
2.355921850000000006e+02 5.379949059999999950e-02 2.566534450000000026e-03 6.832368440000000098e-02 3.222869269999999869e-02 -1.413739259999999970e-02 1.546351179999999994e-03
2.382946540000000084e+02 6.416341509999999582e-02 2.048463690000000212e-03 6.437965290000000063e-02 -9.452730109999999894e-03 2.029767110000000110e-02 3.890599559999999985e-02
2.410164350000000013e+02 6.410108539999999355e-02 -3.699333799999999801e-03 6.266773650000000140e-02 5.683629419999999995e-03 1.709384859999999937e-02 -1.364618180000000056e-02
2.437000290000000007e+02 6.790129289999999318e-02 -3.110544820000000002e-03 7.236115070000000149e-02 -1.786131529999999967e-02 2.018197760000000132e-02 6.253638949999999752e-02
2.463986850000000004e+02 6.404990979999999889e-02 9.264236509999999175e-03 7.620178919999999467e-02 -2.284746580000000110e-02 4.063392229999999994e-02 5.336043599999999720e-02
2.490952790000000050e+02 5.943403030000000281e-02 5.955918559999999647e-03 6.870682810000000584e-02 9.498892849999999305e-03 6.140159709999999660e-02 3.461660589999999982e-02
2.518043409999999938e+02 5.516206569999999865e-02 1.609908709999999937e-02 7.232831939999999349e-02 7.863492450000000508e-03 5.472275670000000328e-03 7.780319639999999995e-03
2.545122010000000046e+02 6.023514440000000275e-02 1.351767379999999942e-02 6.285896670000000463e-02 -1.810219249999999933e-03 1.221625970000000082e-03 4.239553979999999972e-02
2.572024819999999750e+02 5.776353120000000257e-02 1.333621790000000078e-02 6.488011970000000239e-02 2.924737549999999880e-02 -8.262784599999999785e-03 9.213137350000000225e-02
2.599072320000000218e+02 6.293257110000000099e-02 1.018738540000000033e-02 6.768723209999999435e-02 -9.154508690000000282e-03 1.967209669999999896e-02 5.164856579999999725e-02
2.626098880000000122e+02 6.231826769999999904e-02 9.518677589999999938e-03 6.385861580000000426e-02 3.079731919999999928e-02 -9.444895849999999232e-03 3.569446169999999918e-02
2.653103259999999750e+02 7.612514959999999720e-02 1.710360710000000117e-02 6.126288659999999664e-02 -3.321207460000000222e-02 -2.120009510000000000e-02 5.074866769999999971e-02
2.680173009999999749e+02 7.277095869999999911e-02 1.127999510000000059e-02 6.003003810000000218e-02 -3.579268370000000116e-02 -4.661777449999999698e-03 3.237655589999999944e-02
