# a=0.06013421251954735, b=-131.23044266307545, c=-0.0028713467042591648, xi=14.563173010453719
6.538057870000000271e-01 7.789501599999999748e-02 -6.169978380000000007e-04 -3.654714309999999855e-02 -5.195806129999999690e-02 -3.380766639999999851e-02 -4.638017750000000133e-02
3.355130949999999945e+00 7.787804149999999481e-02 4.210094870000000156e-03 -5.309481180000000244e-02 7.836321590000000503e-03 -5.368611140000000004e-02 1.620378499999999963e-03
6.057068300000000072e+00 7.426850969999999885e-02 -1.431417580000000000e-03 -5.414637800000000195e-02 2.716789489999999960e-02 -9.738475119999999430e-03 -1.193097540000000005e-02
8.765270329999999888e+00 7.559496570000000248e-02 -6.242690929999999494e-04 -4.288286699999999813e-02 5.153414399999999701e-02 -1.469274469999999957e-02 -3.206800550000000333e-02
1.147123060000000017e+01 7.953850469999999839e-02 -7.117802870000000323e-03 -3.539028079999999993e-02 -2.984702239999999923e-02 -3.634851350000000043e-03 -1.447383390000000006e-02
1.416433690000000034e+01 8.525607509999999500e-02 -1.628130910000000035e-04 -3.598276589999999803e-02 3.148382470000000207e-03 5.173783340000000230e-02 1.566521770000000105e-02
1.685821969999999936e+01 8.011537840000000632e-02 -5.601680549999999911e-03 -3.205822369999999921e-02 4.165708950000000105e-02 3.586337889999999945e-02 3.838326410000000161e-02
1.956118689999999916e+01 7.025481309999999369e-02 -7.746702959999999909e-04 -3.691015179999999896e-02 2.623817239999999898e-02 9.512965749999999568e-03 5.129425380000000173e-02
2.227131969999999939e+01 5.967187420000000242e-02 -2.712673000000000081e-03 -4.081761469999999753e-02 -1.940583220000000053e-02 7.365614749999999968e-03 3.310610010000000075e-02
2.497631660000000053e+01 5.826289390000000123e-02 9.059309200000000050e-04 -5.058746070000000317e-02 -8.286330539999999314e-03 1.304703079999999966e-02 2.975139270000000044e-02
2.768315249999999850e+01 5.620042590000000338e-02 1.605179289999999906e-03 -5.954359000000000041e-02 -6.806462749999999708e-03 -2.617515230000000068e-02 2.614179750000000108e-02
3.037852750000000057e+01 5.762419419999999931e-02 5.618806510000000191e-03 -6.053348129999999716e-02 2.957179999999999791e-03 -2.865981260000000086e-02 2.913966879999999992e-03
3.308846810000000005e+01 6.299840549999999317e-02 -2.600987659999999882e-03 -6.345286649999999640e-02 6.118999900000000186e-02 -5.010501380000000060e-02 -6.169286189999999975e-02
3.578926500000000033e+01 5.612952090000000033e-02 -3.580782289999999944e-03 -6.514615149999999910e-02 3.618078059999999679e-02 9.255395379999999811e-03 -1.639405520000000033e-02
3.849143219999999843e+01 6.693044650000000428e-02 4.065247210000000051e-04 -5.872795640000000317e-02 6.688711549999999673e-02 -3.789306919999999718e-02 -3.001829339999999985e-02
4.119479940000000084e+01 6.762142070000000393e-02 -6.135747990000000370e-05 -6.198654049999999943e-02 -1.088179620000000007e-02 -7.736360690000000130e-03 -3.770046039999999654e-02
4.389089779999999763e+01 7.172674749999999322e-02 -3.896341230000000162e-03 -4.888142770000000054e-02 6.407404070000000118e-02 1.848556039999999998e-02 -1.529708630000000021e-02
4.658682129999999688e+01 6.601108329999999524e-02 -3.592875320000000171e-03 -4.948981570000000191e-02 2.988721919999999879e-02 -1.942361069999999981e-02 3.664271289999999795e-04
4.928643850000000270e+01 5.999263099999999765e-02 -8.357889889999999336e-03 -4.208780129999999814e-02 4.366813060000000052e-02 1.819112349999999975e-02 2.343763479999999913e-02
5.199578220000000073e+01 5.479929630000000135e-02 2.776263440000000145e-03 -6.130434080000000258e-02 -6.224237049999999799e-02 -3.482690689999999936e-03 -9.423522749999999754e-03
5.468306809999999984e+01 5.407694980000000290e-02 -6.415622040000000005e-03 -6.350959570000000443e-02 2.307568150000000040e-02 1.706863180000000105e-02 1.744704479999999863e-02
5.737666970000000077e+01 6.528498829999999920e-02 -5.753996639999999982e-03 -5.337326349999999692e-02 7.318529029999999713e-03 -2.325589050000000102e-02 2.316432369999999949e-02
6.008503850000000313e+01 6.341384369999999993e-02 -8.501406910000000247e-03 -6.629043340000000117e-02 7.069567340000000068e-03 5.365246090000000238e-03 -1.252991080000000071e-03
6.278500410000000187e+01 6.078006279999999956e-02 1.704431379999999958e-03 -6.889083890000000099e-02 4.247443940000000112e-02 -1.727083349999999906e-02 2.499163780000000085e-02
6.548905100000000346e+01 4.992468280000000175e-02 -7.895334489999999289e-03 -6.167758520000000272e-02 3.364977190000000007e-02 -1.485475120000000031e-02 -4.636656690000000129e-03
6.820481189999999572e+01 4.860182150000000312e-02 3.669242420000000133e-03 -5.375191590000000241e-02 1.175721530000000022e-02 1.804349660000000022e-02 1.634769029999999859e-02
7.090387280000000203e+01 5.040427480000000265e-02 -4.067059839999999718e-03 -5.935474859999999991e-02 1.649866889999999919e-02 1.328432199999999945e-02 3.603863370000000288e-02
7.360672750000000519e+01 5.258437910000000187e-02 4.508317349999999869e-03 -6.066460500000000339e-02 1.640164510000000075e-02 -1.318988089999999919e-02 -2.655942819999999871e-02
7.630699939999999515e+01 5.492523729999999882e-02 -3.899946090000000129e-03 -6.471076589999999462e-02 2.047045249999999983e-02 -2.186863819999999847e-02 3.013591289999999895e-02
7.900449469999999508e+01 5.326533499999999699e-02 -1.427203619999999930e-02 -6.101763469999999662e-02 -9.600136270000000221e-03 -2.067235640000000124e-02 5.968481700000000112e-02
8.169739780000000451e+01 5.723332930000000346e-02 -1.072585749999999984e-02 -6.617516610000000188e-02 2.464343160000000144e-02 4.254260070000000227e-02 2.191131430000000171e-02
8.439680559999999332e+01 5.468878440000000257e-02 -1.061543210000000063e-02 -5.110872419999999694e-02 -4.760852559999999983e-02 1.735863539999999913e-02 1.465006530000000085e-02
8.709596809999999323e+01 6.101856370000000029e-02 -4.771994249999999757e-03 -5.504714229999999736e-02 -4.205109769999999803e-02 -2.517608220000000160e-02 -1.714695160000000032e-03
8.979001350000000059e+01 6.371406620000000243e-02 -1.066426699999999984e-02 -6.028675769999999878e-02 -3.429719030000000224e-02 -3.711309119999999656e-02 -3.557251649999999821e-02
9.248798689999999567e+01 5.512843440000000234e-02 -9.819087359999999209e-03 -6.603450560000000136e-02 -5.746543290000000366e-03 8.458014459999999707e-03 -1.969777459999999883e-02
9.520144779999999685e+01 5.111746169999999839e-02 -6.390187010000000258e-03 -6.311194890000000612e-02 2.349040959999999789e-03 6.367213780000000045e-02 -1.785711489999999846e-02
9.790307439999999417e+01 4.428136500000000308e-02 -6.795804429999999924e-03 -7.226214899999999774e-02 3.361258300000000143e-02 2.775659780000000118e-02 1.146006320000000027e-04
1.006135239999999982e+02 5.019155229999999746e-02 -2.367799449999999795e-03 -7.365124269999999418e-02 6.916392559999999523e-02 -7.066929169999999760e-03 -2.338405530000000135e-02
1.033156649999999956e+02 5.233864059999999985e-02 -5.402618260000000353e-03 -6.528048370000000267e-02 6.467594120000000335e-02 6.855074860000000096e-03 -3.853933679999999723e-02
1.060271489999999943e+02 5.940219780000000060e-02 8.520599070000000816e-03 -6.637513570000000418e-02 4.258454030000000112e-02 -6.810125119999999727e-03 -1.361124539999999938e-02
1.087243840000000006e+02 5.714757949999999670e-02 4.166445849999999597e-03 -5.520422400000000313e-02 3.851186150000000114e-02 -1.279155470000000079e-02 3.384393539999999700e-02
1.114162429999999944e+02 5.995877530000000288e-02 3.285454210000000180e-03 -6.531774710000000372e-02 4.806222720000000170e-02 -9.375357149999999362e-03 6.387562759999999840e-02
1.141160399999999981e+02 6.950953209999999327e-02 -1.547865959999999898e-03 -5.946669610000000078e-02 9.078655519999999368e-02 -1.877253820000000101e-02 5.628748699999999716e-02
1.168265870000000035e+02 7.831822180000000411e-02 4.159698929999999974e-05 -4.027557670000000284e-02 4.660895240000000050e-02 -6.744735059999999727e-03 9.363639070000000578e-03
1.195204930000000019e+02 7.279797440000000674e-02 -5.647935849999999834e-03 -2.877061629999999939e-02 3.845617400000000269e-02 1.446544670000000053e-02 -2.775305670000000058e-02
1.222130870000000016e+02 7.509652320000000103e-02 -7.355532520000000220e-03 -3.068930179999999897e-02 2.496900579999999925e-02 -1.728783830000000035e-02 -6.349432570000000664e-02
1.249017280000000056e+02 8.120557039999999616e-02 -3.674753790000000100e-03 -2.169629409999999925e-02 4.226272080000000042e-02 6.275941990000000192e-02 1.057248780000000048e-02
1.276039930000000027e+02 8.259343319999999655e-02 -7.310149579999999578e-03 -2.141618240000000076e-02 1.429961109999999987e-02 2.447346980000000144e-02 3.546615869999999917e-03
1.303049310000000105e+02 7.405117390000000299e-02 -7.189340249999999662e-03 -2.201411439999999969e-02 -2.092476990000000092e-02 3.404677469999999734e-02 -7.726823980000000272e-03
1.330056649999999934e+02 7.204431769999999902e-02 -8.811686430000000014e-03 -2.869446690000000059e-04 -2.919244489999999956e-02 -1.470195920000000106e-03 -2.291329060000000042e-02
1.356884459999999990e+02 7.245386560000000031e-02 -9.658964650000000790e-03 1.613492780000000057e-02 -1.836405509999999852e-02 6.022022549999999676e-03 1.863771570000000155e-02
1.383918060000000025e+02 7.350776550000000242e-02 -1.181235450000000034e-02 3.351505190000000217e-02 -2.821182659999999995e-02 4.268378479999999919e-02 -2.406538150000000001e-02
1.410786029999999869e+02 8.049818960000000578e-02 -6.281726910000000330e-03 4.152208680000000346e-02 -9.261131300000000066e-02 3.082804750000000052e-02 -2.426703770000000066e-02
1.437742590000000007e+02 7.853558870000000580e-02 -2.936246720000000154e-03 4.059703709999999688e-02 -2.465788019999999928e-02 -3.161438260000000184e-03 6.830965070000000194e-03
1.464682589999999891e+02 7.497278960000000603e-02 2.196816720000000032e-03 3.495304779999999778e-02 -1.390537770000000069e-02 -4.883328890000000061e-02 -2.726281399999999980e-02
1.491811959999999999e+02 6.970815549999999361e-02 4.364520040000000045e-03 4.251705800000000340e-02 -1.011299660000000017e-02 -3.665859739999999950e-02 5.044760830000000196e-02
1.518811029999999960e+02 7.391633529999999674e-02 -1.068948500000000031e-02 4.398189389999999921e-02 -1.102174260000000038e-02 -1.916542380000000115e-02 1.519704960000000044e-03
1.545757120000000100e+02 7.328433119999999690e-02 -2.925781000000000128e-03 6.143900239999999791e-02 -2.735457499999999903e-02 5.923973570000000237e-03 8.876257919999999690e-02
1.572874620000000050e+02 6.472330639999999968e-02 -8.730322349999999898e-03 5.771380000000000260e-02 -2.498840500000000173e-02 7.056599069999999925e-03 2.538411180000000114e-02
1.599853060000000085e+02 6.424160530000000424e-02 -1.112612810000000035e-02 6.305937890000000434e-02 3.306327559999999895e-03 -2.753811299999999948e-02 1.983393240000000043e-02
1.626847119999999904e+02 5.979429700000000319e-02 -9.521885639999999942e-03 4.968758239999999937e-02 5.826777570000000323e-03 -1.729261740000000158e-02 -2.245047949999999862e-02
1.653787739999999928e+02 6.023235240000000129e-02 -9.196128549999999999e-03 4.996670570000000255e-02 2.129941189999999887e-02 -5.131545080000000231e-02 6.122534460000000206e-02
1.680908059999999864e+02 5.628028649999999855e-02 -4.363710399999999948e-03 4.751505030000000018e-02 1.784359099999999893e-02 -7.114733709999999933e-02 -5.015055680000000266e-02
1.707880089999999882e+02 3.719147069999999972e-02 -4.244008980000000056e-03 5.445940939999999869e-02 -2.420761650000000098e-02 -1.074932739999999963e-02 5.311714460000000262e-03
1.735018369999999948e+02 3.206013950000000112e-02 -1.261595400000000040e-02 6.364005979999999563e-02 4.358040789999999970e-03 -2.390416669999999993e-02 -4.077616740000000045e-02
1.761893680000000018e+02 4.834178470000000116e-02 -8.337762740000000811e-03 7.073365430000000398e-02 7.085520209999999694e-03 2.841560840000000032e-02 1.715877009999999944e-03
1.788882120000000100e+02 5.495045560000000329e-02 -1.044701410000000059e-02 6.515141939999999354e-02 4.037542300000000056e-02 3.109131799999999973e-02 -9.498581180000000013e-03
1.816036029999999926e+02 6.368272099999999769e-02 -1.269250029999999946e-02 5.472624229999999840e-02 2.479842980000000058e-02 3.079143759999999896e-02 -2.549915520000000171e-02
1.843065709999999910e+02 7.049306860000000008e-02 -1.673965109999999909e-02 4.910436869999999787e-02 -4.837020719999999760e-03 3.554206959999999665e-02 1.470430720000000073e-02
1.870061809999999980e+02 7.414210509999999421e-02 -1.710133590000000037e-02 4.083751420000000104e-02 -1.151295700000000075e-02 -1.467095310000000007e-02 8.560183299999999523e-03
1.897222739999999988e+02 7.414820229999999346e-02 -1.611689659999999968e-02 5.125128209999999657e-02 6.255964029999999806e-04 1.309159669999999942e-02 -3.185871419999999898e-03
1.924152119999999968e+02 7.283221400000000623e-02 -1.108634820000000028e-02 4.748792699999999922e-02 -1.486529340000000005e-02 5.927213300000000289e-03 -2.273408849999999926e-02
1.951131179999999858e+02 7.661985289999999338e-02 -7.594548720000000169e-03 5.131700420000000207e-02 -3.001824089999999973e-02 6.116918259999999663e-03 4.563860179999999767e-02
1.978099149999999895e+02 5.751201460000000126e-02 -6.377584430000000394e-03 4.589370789999999700e-02 -3.063818360000000046e-02 -1.315056180000000012e-02 2.602415489999999887e-02
2.005158839999999998e+02 4.643443929999999803e-02 -5.528209780000000427e-03 5.522306540000000014e-02 -5.191941589999999641e-03 2.858928089999999977e-02 2.511876269999999828e-02
2.032093059999999980e+02 4.100389029999999824e-02 -1.686134290000000082e-03 5.848886670000000287e-02 -4.995328500000000005e-02 4.171509389999999984e-02 -3.149188829999999967e-02
2.059142899999999941e+02 3.537214450000000093e-02 6.716428780000000334e-04 6.207030959999999820e-02 -2.598580959999999968e-02 -6.592908589999999999e-03 -7.729000960000000087e-02
2.086056340000000091e+02 3.152358310000000219e-02 3.364532200000000008e-04 7.327446840000000072e-02 -3.788024830000000232e-02 -2.471336349999999835e-02 -3.692269950000000300e-02
2.113019930000000102e+02 3.665003919999999804e-02 -2.824227629999999985e-03 7.992174639999999330e-02 -6.821698879999999691e-04 1.402839389999999999e-02 1.368644620000000062e-02
2.140065240000000131e+02 4.026911949999999879e-02 -1.352240059999999973e-02 6.826772559999999546e-02 -4.114827570000000045e-03 -4.706493920000000275e-02 6.488353550000000493e-04
2.167147429999999986e+02 4.606365829999999745e-02 -2.138989159999999876e-02 6.056418189999999979e-02 -5.120363040000000011e-03 -1.600271600000000103e-03 -4.496400419999999759e-02
2.194240869999999859e+02 4.892564819999999787e-02 -9.903292989999999685e-03 6.114362770000000141e-02 2.084263500000000172e-02 8.573869189999999696e-03 -3.509222310000000011e-02
2.221160089999999911e+02 5.405387550000000096e-02 1.633446590000000014e-03 5.750253629999999699e-02 1.368494760000000046e-02 3.524747710000000062e-02 6.387998639999999811e-03
2.248247739999999908e+02 5.455169409999999913e-02 1.300584779999999947e-02 5.270918730000000163e-02 1.643865419999999966e-02 1.388412160000000034e-02 -4.434567040000000210e-03
2.275255400000000066e+02 5.433624060000000200e-02 1.475514739999999984e-02 4.553668899999999825e-02 -3.335245190000000332e-02 1.869880900000000026e-02 -2.296335589999999940e-02
2.302098839999999882e+02 6.196008520000000075e-02 9.262628130000000529e-03 4.732405759999999684e-02 -3.047142549999999964e-02 -2.552184539999999974e-02 1.569989609999999924e-02
2.329138370000000009e+02 5.953707760000000182e-02 5.483348889999999781e-03 5.260651780000000222e-02 -2.718689130000000176e-03 -4.233717349999999852e-02 6.357462769999999708e-02
2.356135400000000004e+02 5.362232110000000190e-02 -1.540562949999999985e-03 5.825681290000000317e-02 2.317492930000000177e-03 -5.201129499999999906e-02 3.937958460000000327e-02
2.383176180000000102e+02 4.803760730000000007e-02 -6.017463330000000221e-03 5.596666050000000114e-02 -3.737651580000000105e-03 -1.422559240000000058e-02 6.769007589999999353e-02
2.410224780000000067e+02 5.521977680000000194e-02 -1.833494750000000048e-02 5.711415360000000191e-02 -7.800872200000000430e-03 -8.181623460000000611e-03 -2.610304680000000133e-04
2.437409930000000031e+02 6.397355770000000275e-02 -1.437842850000000013e-02 5.553183860000000110e-02 1.653669610000000137e-02 3.197265299999999671e-02 -3.805066900000000051e-03
2.464248839999999916e+02 7.385524070000000496e-02 -7.795258010000000182e-03 4.763948739999999960e-02 -2.710699020000000015e-02 1.352719850000000043e-02 2.992430150000000011e-02
2.491285560000000032e+02 7.270869820000000483e-02 -8.488954829999999230e-03 5.435453140000000294e-02 -1.233888289999999967e-03 1.634984269999999879e-02 6.716417239999999955e-02
2.518218840000000114e+02 7.300846210000000447e-02 2.976007550000000102e-03 5.803558550000000038e-02 2.552065970000000090e-03 3.541598669999999893e-02 2.529833570000000059e-02
2.545228679999999883e+02 7.006110720000000014e-02 7.856931040000000865e-03 6.005226999999999787e-02 -5.797331020000000106e-03 -4.155466590000000265e-03 3.510734339999999759e-02
2.572147120000000200e+02 7.220323080000000393e-02 2.722103369999999845e-03 5.151484390000000274e-02 -1.618316980000000099e-02 2.055979700000000118e-03 4.804237959999999724e-02
2.599149310000000241e+02 7.010181190000000506e-02 -6.536122370000000369e-03 4.339802880000000196e-02 -1.429662609999999938e-02 3.896672529999999773e-02 5.068327090000000062e-02
2.626000710000000140e+02 7.870655549999999723e-02 -1.435686449999999973e-03 3.082675439999999975e-02 -2.104896560000000041e-02 4.959818480000000203e-03 4.487840519999999889e-02
2.652957900000000109e+02 7.729660770000000569e-02 -2.012820079999999914e-03 9.590805129999999470e-03 -8.097512049999999739e-02 1.951711139999999858e-02 6.617738780000000098e-03
2.679918900000000122e+02 8.214555810000000180e-02 1.498304229999999947e-03 -1.141654630000000017e-02 -1.749087729999999896e-02 -1.329022049999999990e-02 -2.440359389999999934e-02
