# a=0.0681544213508654, b=-148.35749851556506, c=0.001253380804007205, xi=10.685012939270685
6.737547270000000532e-01 7.812464610000000031e-02 3.954664299999999764e-03 4.207680090000000261e-02 -1.278386809999999991e-02 -1.223096819999999925e-02 4.009866370000000207e-02
3.372394200000000009e+00 7.021658479999999536e-02 5.676430340000000047e-03 3.827923920000000230e-02 -8.562517779999999357e-02 -2.519250290000000017e-02 2.493279799999999907e-02
6.063785130000000301e+00 8.241736249999999375e-02 7.021475289999999821e-03 2.337897699999999870e-02 -2.677072479999999949e-02 -5.252910429999999714e-02 7.052721970000000104e-03
8.758925290000000530e+00 8.515722259999999877e-02 5.487439030000000086e-03 2.286163199999999979e-03 -4.711089589999999799e-02 -1.977324899999999969e-02 5.055506039999999816e-04
1.146696969999999993e+01 7.906967439999999792e-02 3.065040030000000092e-03 -9.139972819999999873e-03 -6.588599950000000103e-05 -3.892425179999999853e-03 -4.104405319999999968e-02
1.415557440000000078e+01 7.818669050000000287e-02 4.038603319999999573e-03 -3.776151209999999842e-02 -1.535567499999999919e-02 5.629602509999999740e-03 -2.990263480000000199e-03
1.686557120000000154e+01 7.965791120000000058e-02 8.273372500000000795e-03 -5.028778739999999886e-02 -4.212349209999999809e-03 7.363786569999999389e-05 -4.779223960000000132e-02
1.955262430000000151e+01 6.699325420000000475e-02 1.430535429999999983e-02 -6.012825599999999798e-02 -2.557584070000000140e-02 -4.731923429999999875e-02 -5.342646270000000336e-02
2.224657589999999985e+01 6.747272869999999811e-02 1.392430159999999938e-02 -6.373074149999999327e-02 1.320631880000000015e-02 -6.629875139999999445e-02 -3.479952640000000263e-02
2.494456969999999885e+01 6.308439999999999881e-02 6.778029599999999856e-03 -6.359670019999999480e-02 5.612357190000000218e-02 -7.324069040000000252e-02 2.723695469999999966e-02
2.765514149999999916e+01 6.482074039999999315e-02 4.962170919999999916e-03 -5.138147319999999962e-02 2.341336980000000012e-02 -5.665896489999999730e-02 1.543159610000000058e-03
3.036870869999999911e+01 6.920670739999999765e-02 3.709405179999999969e-03 -5.941412160000000137e-02 -1.058411299999999916e-02 2.368527669999999970e-03 -6.115572589999999920e-02
3.306763689999999656e+01 7.636880040000000591e-02 4.041621859999999994e-05 -6.079082060000000343e-02 1.521602009999999984e-02 1.707939019999999905e-02 -8.251268999999999965e-02
3.577031190000000294e+01 6.462443630000000439e-02 -3.813484839999999911e-03 -5.504529479999999836e-02 8.578231279999999279e-03 1.976498280000000066e-02 -2.925447670000000042e-02
3.847258999999999673e+01 6.384520439999999408e-02 4.149057529999999883e-03 -5.337413290000000282e-02 1.199632039999999969e-02 -2.271418129999999789e-03 1.457535310000000056e-02
4.117568690000000231e+01 5.166758920000000255e-02 4.238833019999999931e-03 -6.048811750000000070e-02 -3.738926779999999974e-03 -3.196091099999999897e-03 -1.513014120000000066e-02
4.386991340000000150e+01 5.722661169999999908e-02 5.173011909999999762e-03 -6.808418609999999926e-02 5.181984080000000270e-02 -1.139456190000000084e-02 -4.825981200000000089e-03
4.656384940000000228e+01 6.263558199999999521e-02 -4.833700760000000235e-03 -6.627345839999999877e-02 7.139871270000000547e-02 4.728205750000000207e-02 7.128219950000000416e-03
4.927807430000000011e+01 5.767897219999999769e-02 -6.586335240000000361e-03 -5.941738690000000073e-02 7.996856280000000719e-03 -8.378072559999999794e-03 -4.614299980000000079e-02
5.197375720000000143e+01 6.554329100000000352e-02 -1.194153490000000005e-02 -6.621499459999999337e-02 1.253684929999999975e-02 -2.367143199999999920e-02 -5.682991879999999690e-02
5.467833060000000245e+01 5.732644919999999727e-02 -1.025985490000000042e-02 -7.576669480000000623e-02 2.072469680000000106e-02 -9.164215189999999969e-03 -2.942699769999999881e-02
5.737651340000000033e+01 5.732749840000000291e-02 -1.402889400000000009e-02 -7.098116679999999512e-02 6.416866579999999654e-02 8.163064269999999178e-03 -4.622771519999999829e-02
6.008430560000000042e+01 4.979867439999999951e-02 -7.944807979999999464e-03 -7.179305830000000388e-02 4.658181089999999941e-02 4.953688030000000242e-03 -5.622809089999999954e-02
6.279600560000000087e+01 5.397280299999999975e-02 -1.057900060000000050e-03 -6.953737370000000195e-02 3.164709649999999930e-02 -6.116459959999999939e-03 3.143154740000000252e-02
6.549899779999999794e+01 5.368687850000000011e-02 -7.055001570000000305e-03 -6.423047719999999683e-02 6.977943859999999332e-02 2.747859110000000146e-02 -2.222665160000000112e-02
6.820993529999999794e+01 5.139576480000000031e-02 -4.303350679999999942e-03 -7.155284480000000114e-02 2.557607870000000103e-02 1.765568630000000083e-02 -4.594345319999999788e-02
7.091296810000000050e+01 5.111601340000000021e-02 -6.360299639999999859e-03 -7.313488490000000231e-02 3.398072249999999767e-02 1.906393439999999953e-02 -5.513209780000000171e-02
7.361482900000000029e+01 5.443579490000000076e-02 -4.529807809999999643e-03 -7.541099069999999960e-02 -3.734324680000000035e-02 3.180902149999999956e-02 -2.942952830000000047e-02
7.631313679999999522e+01 6.460213239999999801e-02 -1.156945380000000065e-02 -7.533887820000000068e-02 -2.412386630000000129e-02 4.710457409999999588e-03 -1.763479319999999850e-02
7.900868370000000596e+01 6.810005239999999960e-02 -5.437820080000000007e-03 -6.585740190000000105e-02 -5.338136069999999817e-02 2.676438399999999870e-02 -5.677874950000000309e-02
8.170048219999999617e+01 6.269775380000000564e-02 -1.048073339999999948e-04 -5.842722489999999796e-02 -2.185397270000000169e-02 1.943342519999999990e-02 -5.127188690000000076e-02
8.439273529999999823e+01 6.843493139999999586e-02 5.521643199999999758e-03 -6.090285119999999663e-02 1.724918380000000154e-02 2.703762750000000131e-02 -6.602202029999999777e-02
8.708310720000000060e+01 6.228218929999999876e-02 -8.666207229999999505e-04 -6.418835570000000490e-02 3.009742610000000138e-02 -2.202522659999999952e-02 1.432934070000000011e-02
8.978440720000000397e+01 5.479323600000000211e-02 -6.805081529999999768e-03 -6.781152199999999908e-02 -2.342881509999999914e-03 -1.652498950000000008e-02 1.422586150000000041e-03
9.249339000000000510e+01 4.855742049999999671e-02 -8.269814639999999509e-03 -6.724242549999999430e-02 -2.213663700000000067e-02 2.951803030000000119e-02 -2.900260350000000154e-02
9.518798060000000305e+01 5.129800570000000309e-02 5.601106030000000324e-04 -8.008145120000000061e-02 -1.097696760000000001e-02 -7.791813310000000360e-03 -4.297031309999999743e-02
9.788707440000000304e+01 5.228534600000000337e-02 -2.192981300000000199e-03 -6.708249110000000237e-02 -1.665762780000000151e-02 -4.995011550000000126e-03 -1.885291279999999972e-02
1.005796019999999942e+02 5.863594340000000127e-02 -3.991676870000000418e-03 -6.750760990000000128e-02 1.711419510000000005e-02 -7.349312100000000023e-04 -1.431581500000000083e-02
1.032731179999999966e+02 6.924944069999999785e-02 -8.522831079999999490e-03 -6.705776019999999671e-02 2.247508159999999852e-03 -1.521238129999999932e-02 -1.228917780000000036e-02
1.059624459999999999e+02 6.098833280000000301e-02 -5.716974100000000135e-04 -6.883800830000000315e-02 3.659942140000000104e-03 -3.960015809999999775e-02 3.953608609999999940e-02
1.086627589999999941e+02 5.971487379999999845e-02 -1.848658760000000093e-04 -5.958857730000000075e-02 1.068988780000000062e-02 -2.562479659999999937e-02 2.199535860000000065e-02
1.113630710000000050e+02 6.149896779999999841e-02 1.462317440000000064e-03 -6.650863020000000181e-02 3.505242430000000010e-03 -2.373160729999999885e-02 3.396846729999999925e-03
1.140647900000000021e+02 6.452826159999999756e-02 2.624059050000000001e-03 -5.322395929999999831e-02 7.746213560000000421e-03 2.554450679999999835e-02 1.886137040000000070e-02
1.167673680000000047e+02 6.811891359999999729e-02 -4.491312679999999793e-03 -4.622600469999999656e-02 5.408285200000000070e-02 2.265646790000000119e-02 2.392825490000000110e-03
1.194701179999999994e+02 6.113259630000000139e-02 6.791188089999999726e-03 -6.125978020000000246e-02 9.485418420000000725e-03 8.767883339999999262e-03 2.601395209999999864e-03
1.221618210000000033e+02 5.463651829999999904e-02 3.464394469999999837e-03 -6.384464419999999474e-02 2.931551110000000029e-02 2.843517930000000020e-03 1.481359850000000047e-02
1.248734460000000013e+02 5.909308440000000245e-02 2.878491829999999885e-04 -6.450030610000000164e-02 -3.469600120000000155e-03 -5.811008029999999852e-02 -3.595049019999999734e-02
1.275693839999999994e+02 6.469631520000000691e-02 7.479164990000000332e-03 -6.153669209999999834e-02 6.819127340000000204e-02 7.056076520000000192e-03 -4.020340320000000134e-02
1.302889930000000049e+02 6.845214630000000244e-02 7.617482230000000021e-03 -6.618431219999999782e-02 4.684450080000000100e-02 -5.752785269999999979e-02 -2.222191930000000024e-02
1.329850089999999909e+02 5.938024449999999843e-02 1.019155820000000080e-02 -6.500242959999999459e-02 5.791153999999999746e-02 -2.480557250000000116e-02 7.237836539999999673e-03
1.356776490000000024e+02 6.086249269999999961e-02 5.236013240000000207e-03 -6.792948840000000155e-02 5.530824720000000055e-02 -1.341336029999999971e-02 2.484913110000000133e-02
1.383848209999999881e+02 6.437667040000000229e-02 1.420006140000000007e-02 -6.004469479999999942e-02 6.389398479999999769e-02 1.379116520000000026e-02 1.458672069999999987e-02
1.410843370000000050e+02 5.873356099999999663e-02 1.512292240000000058e-02 -4.288961820000000008e-02 -5.377073769999999968e-03 7.200839469999999805e-05 -3.230657039999999900e-03
1.437820560000000114e+02 6.582090940000000223e-02 2.116985860000000080e-02 -2.732064249999999889e-02 1.297290339999999931e-03 -2.522901729999999995e-02 -1.953108439999999904e-02
1.464903370000000109e+02 7.999951260000000286e-02 1.891099430000000095e-02 -1.356943609999999942e-03 -8.576582180000000277e-03 -3.796337949999999822e-02 -1.269503639999999996e-02
1.491849929999999915e+02 8.486871120000000213e-02 1.188426350000000055e-02 1.769447320000000143e-02 -9.565177240000000136e-03 1.546029829999999959e-02 -1.973924729999999850e-02
1.518843990000000019e+02 7.941497810000000546e-02 9.206229269999999590e-03 3.382654400000000006e-02 -6.611282819999999769e-03 2.232120430000000127e-02 2.781576859999999873e-02
1.545892589999999984e+02 7.855921439999999367e-02 1.257044709999999982e-02 3.278345390000000220e-02 9.441708349999999514e-03 2.655341309999999927e-02 4.085523049999999906e-02
1.572811810000000037e+02 6.605937789999999366e-02 1.266092440000000062e-02 3.526907299999999801e-02 -9.012322709999999459e-03 -9.853737399999999702e-03 3.964946119999999963e-02
1.599800559999999905e+02 6.298865570000000691e-02 9.330607189999999551e-03 4.138346610000000203e-02 2.338502599999999973e-02 5.273557560000000088e-02 -4.700536630000000035e-03
1.626808059999999898e+02 6.227510029999999697e-02 8.420683740000000500e-03 5.539751949999999897e-02 6.278301769999999546e-04 -2.567134269999999784e-03 1.207362690000000037e-02
1.653827269999999885e+02 6.195582639999999697e-02 5.425782889999999567e-03 5.870931669999999991e-02 -7.139294420000000512e-04 -2.335904290000000161e-02 1.185004689999999937e-02
1.680890709999999899e+02 5.620849779999999990e-02 3.654662820000000121e-03 6.918861630000000540e-02 1.037179570000000030e-02 -4.384309650000000084e-04 1.861705859999999990e-02
1.707892429999999990e+02 4.539951510000000273e-02 2.755623339999999956e-04 7.227506920000000001e-02 8.077239999999999420e-03 1.269115460000000070e-02 4.472719099999999948e-02
1.735043839999999875e+02 5.040583710000000328e-02 -2.327795799999999964e-03 7.575869629999999744e-02 9.596583159999999904e-03 8.996645220000000151e-03 4.614286360000000031e-02
1.761875400000000127e+02 5.988566819999999874e-02 -1.811998269999999999e-03 6.680107479999999875e-02 3.363477460000000030e-03 3.066619989999999759e-04 8.082880990000000654e-02
1.788915090000000134e+02 5.816199290000000077e-02 8.220743520000000065e-04 6.643121459999999645e-02 3.521389519999999773e-02 1.557677950000000040e-02 5.104286909999999899e-02
1.816013059999999939e+02 6.394392529999999575e-02 -7.496651780000000362e-03 5.983243659999999686e-02 1.676663819999999958e-02 -1.614956229999999979e-02 4.835664840000000048e-02
1.843036810000000116e+02 6.558460809999999697e-02 1.955679799999999937e-03 6.490521350000000300e-02 -2.174797129999999842e-02 -2.611168029999999876e-02 1.229411120000000086e-03
1.869949459999999988e+02 5.360928479999999691e-02 -7.408230759999999589e-03 6.970814390000000527e-02 -2.844222420000000126e-02 -1.622358559999999977e-02 3.049112480000000167e-02
1.896933840000000089e+02 5.400959090000000129e-02 1.477298460000000049e-03 6.926154969999999411e-02 -2.882382569999999977e-02 -1.105342559999999974e-02 1.456456230000000018e-02
1.923921809999999937e+02 6.420235870000000344e-02 -1.173689099999999930e-02 6.527040879999999878e-02 -3.484762649999999934e-02 -3.342793549999999864e-02 3.319257619999999714e-02
1.950746019999999987e+02 7.273124570000000233e-02 -7.640048529999999595e-03 6.910023049999999833e-02 -5.682800140000000139e-02 -1.312508729999999936e-02 4.722451169999999920e-02
1.977659460000000138e+02 6.443955549999999532e-02 -2.698345449999999934e-03 6.857406200000000507e-02 -1.488960419999999993e-02 3.020965090000000096e-03 8.210975980000000118e-02
2.004647270000000105e+02 6.774086810000000403e-02 -2.026387269999999888e-04 7.614849669999999848e-02 -1.978143660000000054e-02 4.198171770000000066e-03 5.891094069999999738e-02
2.031752740000000017e+02 6.391627469999999756e-02 2.841585460000000101e-03 7.529835059999999414e-02 5.331179899999999999e-04 -1.268502600000000029e-02 3.286271679999999695e-02
2.058644620000000032e+02 6.270926879999999537e-02 1.007264899999999993e-03 7.110860280000000366e-02 -2.773829839999999991e-02 -2.466601469999999893e-02 4.384160220000000302e-02
2.085726019999999892e+02 6.266798880000000460e-02 6.865701150000000363e-03 6.929066370000000474e-02 4.623455030000000153e-03 -1.338938620000000058e-02 5.695237660000000007e-02
2.112640710000000013e+02 6.804626110000000505e-02 -8.467620639999999532e-03 6.770163749999999481e-02 -4.233628399999999833e-03 -2.656212820000000002e-02 9.009679149999999526e-02
2.139592590000000030e+02 6.885641550000000388e-02 -2.117243940000000137e-03 7.067708759999999368e-02 -2.158622990000000005e-02 -2.106676219999999849e-02 3.922981180000000012e-02
2.166546020000000112e+02 6.209037109999999970e-02 -7.149858349999999724e-03 6.989288899999999971e-02 -2.080398329999999865e-02 -5.650602610000000220e-02 6.878754169999999613e-02
2.193505240000000072e+02 5.666008010000000289e-02 1.412117270000000065e-03 7.472822360000000441e-02 -1.183049480000000070e-02 -3.581915370000000182e-02 3.485165879999999744e-02
2.220558519999999874e+02 5.565614829999999957e-02 -6.708817899999999605e-03 7.743276550000000036e-02 5.630908649999999578e-03 -3.301989319999999988e-03 6.499990860000000314e-02
2.247520710000000008e+02 6.466231470000000092e-02 -2.270052949999999941e-03 7.291275869999999659e-02 -1.216475560000000039e-02 8.385485559999999311e-03 6.712306029999999535e-02
2.274467429999999979e+02 6.532107920000000678e-02 6.860303170000000075e-03 6.929000000000000437e-02 2.821937760000000055e-03 2.559813069999999913e-02 5.037736030000000004e-02
2.301637739999999894e+02 6.102201599999999837e-02 1.395175509999999931e-02 6.293510260000000078e-02 1.938392879999999846e-02 -9.423908260000000633e-03 3.651706920000000189e-02
2.328645400000000052e+02 6.476547350000000369e-02 1.342543709999999973e-02 5.708373290000000322e-02 9.994109929999999906e-03 -1.525359890000000003e-02 4.782428899999999899e-02
2.355720399999999870e+02 6.080121819999999982e-02 9.330749180000000309e-03 6.283769270000000295e-02 -2.548251379999999858e-03 1.115335949999999958e-02 5.546866240000000031e-02
2.382737590000000125e+02 6.044769719999999735e-02 4.603573679999999578e-03 6.806753849999999662e-02 6.972922270000000110e-03 -3.298741420000000230e-02 6.722361659999999406e-02
2.409733209999999985e+02 5.626253500000000241e-02 9.096195810000000728e-03 7.037863190000000213e-02 1.475539959999999998e-02 2.358791190000000121e-02 6.809307840000000667e-02
2.436837590000000091e+02 5.351611900000000088e-02 8.149877800000000089e-03 6.371350770000000496e-02 3.868884260000000214e-02 2.383076589999999842e-02 8.222446899999999448e-02
2.464002590000000055e+02 5.924358279999999977e-02 4.932495969999999876e-03 5.709664319999999821e-02 2.029052120000000153e-02 -3.444289090000000192e-02 5.744737350000000270e-02
2.490982740000000035e+02 5.543898669999999806e-02 1.616035299999999883e-02 6.067208579999999740e-02 -6.222381269999999708e-03 -1.696073099999999972e-02 6.679224139999999366e-02
2.517976490000000069e+02 6.595778369999999446e-02 1.251563460000000051e-02 5.236625689999999805e-02 5.216072490000000193e-03 -2.592015920000000084e-02 4.946103140000000092e-02
2.544887740000000065e+02 6.279496939999999749e-02 9.473822800000000072e-03 5.446997860000000330e-02 -1.013962109999999930e-02 -3.133732389999999927e-03 1.928343030000000125e-02
2.571980560000000082e+02 6.967379240000000362e-02 6.477074979999999753e-03 5.895915479999999653e-02 7.887909550000000644e-03 -4.786105379999999916e-03 1.097903870000000066e-02
2.599002590000000055e+02 7.415830860000000024e-02 7.255525330000000064e-03 6.131281969999999998e-02 4.078236629999999925e-03 -1.008407260000000055e-02 3.615414229999999729e-02
2.625966179999999781e+02 6.995918469999999612e-02 6.086915079999999714e-03 4.646794120000000139e-02 -1.477808589999999971e-02 5.522879550000000040e-03 -6.278519750000000239e-03
2.652915399999999977e+02 6.121650590000000253e-02 3.186141730000000092e-03 5.102356110000000333e-02 -2.725478500000000012e-02 8.515531910000000496e-03 -2.009931140000000005e-02
2.679916620000000194e+02 7.035418290000000630e-02 5.490117269999999876e-03 4.486914780000000186e-02 -3.302651859999999884e-02 -3.587290800000000196e-02 2.271082739999999867e-03
