# a=0.06543821034227465, b=-156.05079277144407, c=0.002549184007067166, xi=11.673725950803801
6.816183429999999532e+01 6.177568900000000168e-02 -2.888315260000000068e-03 -6.898981479999999333e-02 1.816437090000000074e-02 4.504599780000000109e-03 -2.066976519999999887e-02
7.086442340000000684e+01 6.488440680000000238e-02 5.402436220000000032e-03 -7.054686670000000215e-02 -3.583680039999999952e-03 -2.634175819999999904e-02 -3.334832129999999728e-02
7.356186399999999992e+01 6.985924629999999691e-02 -3.594669659999999954e-03 -6.294028940000000183e-02 -4.099220290000000350e-03 -2.941287900000000202e-03 -5.026935870000000250e-02
7.625764060000000200e+01 7.283521319999999855e-02 -3.041998760000000183e-03 -5.830258769999999841e-02 -2.954853860000000026e-02 -5.026288459999999529e-04 -2.331011020000000114e-02
7.895860310000000482e+01 7.611451619999999585e-02 -2.503875850000000097e-03 -6.536689060000000495e-02 4.654989779999999661e-02 -4.064751020000000048e-03 -2.630469460000000106e-02
8.164352030000000582e+01 6.136108400000000324e-02 -5.190557200000000225e-03 -6.474554279999999995e-02 2.926331459999999968e-02 -1.268040999999999960e-02 3.966135439999999950e-03
8.435185309999999959e+01 5.631076170000000325e-02 -6.987367870000000397e-03 -6.381990989999999919e-02 3.445781779999999850e-02 -1.665000800000000086e-02 -5.197798129999999656e-02
8.705782030000000304e+01 5.147150410000000259e-02 -5.059640869999999790e-03 -6.394640470000000076e-02 -2.844231939999999903e-02 1.487732920000000084e-02 -1.821718250000000164e-02
8.975008429999999748e+01 5.761055080000000023e-02 -2.318338049999999883e-03 -6.534924500000000025e-02 5.909677769999999858e-02 1.016275770000000037e-02 -8.502467940000000028e-04
9.245161559999999668e+01 5.522171420000000081e-02 -6.732435800000000428e-03 -6.514134920000000384e-02 2.476094850000000111e-02 -3.941770509999999866e-02 9.853697550000000208e-03
9.514619840000000295e+01 6.111774960000000007e-02 -1.573894179999999962e-02 -6.091246899999999687e-02 6.968998360000000503e-02 -3.182658260000000017e-02 -2.138945340000000112e-02
9.785237960000000612e+01 6.586120939999999535e-02 -1.385624379999999926e-02 -5.932986850000000062e-02 4.432209819999999995e-02 6.188581640000000335e-03 -8.401250550000000095e-02
1.005576410000000038e+02 7.779287510000000572e-02 -7.791205090000000340e-03 -6.445733620000000663e-02 2.994534299999999927e-02 1.681284599999999935e-02 -1.119127999999999963e-02
1.032618120000000062e+02 7.221393900000000476e-02 3.062785929999999913e-03 -6.600647269999999900e-02 5.995027809999999707e-02 1.263007439999999995e-02 -9.601988029999999549e-03
1.059674530000000061e+02 7.166526149999999373e-02 -7.598076659999999580e-03 -6.230082110000000062e-02 1.920740820000000140e-02 2.915765179999999998e-02 1.066539119999999983e-03
1.086680309999999992e+02 6.308091409999999621e-02 -7.678966750000000216e-03 -6.050622509999999815e-02 6.915611720000000573e-02 2.782722420000000117e-03 2.607224920000000140e-02
1.113626090000000062e+02 6.656445019999999990e-02 -8.281215749999999362e-03 -5.683240650000000171e-02 7.707789580000000418e-02 -9.214904459999999353e-03 -5.018072579999999575e-03
1.140721560000000068e+02 5.064435280000000039e-02 1.117828420000000021e-03 -6.356360919999999581e-02 7.349390960000000417e-02 -4.072183220000000214e-02 -4.769524420000000042e-02
1.167754999999999939e+02 5.132513989999999693e-02 -3.448952700000000159e-03 -6.641693379999999425e-02 3.765492069999999691e-02 -2.513687599999999897e-02 -6.792904950000000497e-02
1.194834220000000045e+02 5.309509130000000104e-02 -1.234517940000000010e-03 -6.604439500000000574e-02 2.653150510000000170e-02 9.029786099999999316e-03 -6.075288340000000245e-03
1.221870159999999998e+02 6.247559519999999755e-02 -3.420048350000000088e-03 -6.766436589999999529e-02 4.087177129999999825e-02 2.085657470000000166e-02 -5.715791989999999961e-02
1.248886719999999997e+02 6.473001089999999569e-02 -1.179979579999999905e-03 -6.750285870000000132e-02 4.774559999999999915e-02 2.877506100000000108e-02 9.018658230000000308e-04
1.275925780000000032e+02 5.930689289999999808e-02 -4.544161090000000194e-03 -5.972542680000000187e-02 7.499348449999999888e-02 4.099756339999999916e-02 2.719263469999999919e-02
1.303142190000000085e+02 6.411267260000000356e-02 7.681097310000000074e-03 -5.925252240000000031e-02 1.477369340000000020e-03 1.292234360000000040e-02 -2.965097159999999926e-02
1.330061870000000113e+02 6.683959250000000296e-02 3.601055049999999941e-03 -5.210518990000000128e-02 1.081703059999999939e-02 -2.403345410000000057e-02 -4.789335890000000207e-02
1.357026559999999904e+02 6.926534010000000297e-02 1.470443620000000005e-03 -5.119199609999999789e-02 3.017924329999999850e-02 -2.176101159999999958e-03 1.782249619999999937e-02
1.383984220000000107e+02 5.696712179999999931e-02 1.267241730000000016e-03 -5.474335830000000291e-02 -2.166073530000000094e-02 6.739050189999999576e-04 1.407934930000000022e-02
1.410923119999999926e+02 6.432305839999999386e-02 5.209817480000000084e-03 -4.734177479999999993e-02 2.806001109999999802e-03 6.124142320000000410e-03 1.894647879999999951e-02
1.437896719999999959e+02 7.354491900000000026e-02 6.430048829999999993e-03 -4.416845910000000153e-02 -6.607578170000000424e-03 1.106424230000000071e-02 -9.885285920000000393e-03
1.464845620000000110e+02 7.442266640000000377e-02 8.350923979999999233e-03 -4.240250859999999955e-02 -9.333909229999999557e-03 -1.822985480000000047e-02 -2.100592349999999987e-03
1.491801560000000109e+02 6.925045059999999919e-02 3.821073879999999871e-03 -2.821583589999999975e-02 1.060486320000000003e-02 -1.381818349999999946e-04 -3.135960609999999954e-02
1.518778120000000058e+02 7.211759310000000200e-02 4.000962650000000273e-03 -1.638088149999999965e-02 -3.313503389999999937e-03 -3.610633769999999770e-02 1.663159770000000037e-02
1.545789530000000127e+02 7.626848769999999833e-02 1.721968130000000067e-03 -1.502893070000000005e-02 -1.434779499999999999e-02 -4.892432420000000087e-02 1.554818479999999946e-03
1.572825939999999889e+02 7.668680429999999437e-02 5.188917799999999761e-03 -2.110085859999999858e-03 1.903813650000000038e-02 -1.558803519999999929e-02 1.114243049999999978e-02
1.599850470000000087e+02 7.302807969999999815e-02 3.555085349999999832e-03 2.383178539999999956e-02 -1.258073319999999939e-02 -3.111961270000000029e-02 -1.256970270000000054e-03
1.627017659999999921e+02 7.551307000000000158e-02 -3.531096430000000078e-03 4.262822360000000088e-02 3.356234899999999913e-03 -2.792694760000000165e-02 1.204058449999999975e-02
1.653928750000000036e+02 7.195349569999999473e-02 -1.093405209999999926e-02 4.527573249999999883e-02 4.265541280000000046e-03 8.828961169999999942e-03 2.585505930000000022e-02
1.680865310000000079e+02 7.064808309999999480e-02 -8.421141919999999836e-03 5.697805830000000210e-02 -2.778349440000000073e-02 2.544553150000000014e-02 6.062169650000000243e-02
1.707779060000000015e+02 6.764594779999999474e-02 -8.750642600000000521e-03 6.693553100000000644e-02 1.656486700000000005e-03 6.089211969999999696e-02 7.152662840000000022e-02
1.734721869999999910e+02 6.595445889999999867e-02 -1.006103820000000051e-02 6.790437800000000135e-02 -9.195764089999999141e-03 -2.953579439999999903e-02 3.396746099999999741e-02
1.761783590000000004e+02 5.955571109999999863e-02 -5.734892800000000387e-03 6.739933409999999958e-02 -2.257489160000000078e-02 -3.758250529999999923e-02 4.787832040000000039e-02
1.788819530000000100e+02 6.516164859999999670e-02 -6.134825760000000433e-03 7.356949679999999492e-02 1.740156500000000078e-02 -2.487911389999999945e-02 7.630840859999999878e-03
1.815800619999999981e+02 6.519331859999999423e-02 -4.170162849999999792e-04 6.555363290000000565e-02 2.460653460000000042e-03 1.187011570000000077e-03 5.472427979999999748e-02
1.842790469999999914e+02 6.108515209999999807e-02 -9.906679120000000220e-04 6.370167320000000299e-02 -1.556732769999999953e-02 -1.697341430000000014e-03 5.851700580000000068e-02
1.869817970000000003e+02 5.637372799999999795e-02 4.284727579999999744e-03 6.196267400000000231e-02 5.618210069999999938e-03 -1.394344710000000077e-02 2.149425979999999847e-02
1.896864689999999882e+02 6.381824599999999514e-02 2.952910720000000155e-03 6.010234539999999986e-02 -1.705307220000000165e-02 -1.412719330000000023e-02 6.023489729999999959e-02
1.924087810000000047e+02 6.332366400000000173e-02 -7.867450090000000298e-03 6.277874440000000278e-02 8.709693989999999636e-03 1.041694989999999987e-02 3.256459579999999854e-02
1.951129530000000045e+02 7.076182920000000098e-02 3.074171349999999902e-04 7.037342850000000150e-02 8.576590920000000048e-03 2.628271189999999841e-02 5.002654670000000053e-02
1.978162030000000016e+02 6.798342290000000676e-02 9.226378979999999910e-03 6.602176379999999400e-02 1.143219260000000008e-02 3.004913010000000162e-02 7.156415289999999707e-02
2.005198910000000012e+02 6.153467700000000290e-02 1.520391150000000025e-02 6.330923809999999818e-02 2.337646889999999908e-02 6.233423169999999930e-02 5.180793270000000339e-02
