# a=0.06445919120819155, b=-130.47850799673367, c=-0.0008491913766031512, xi=6.4144505153095315
6.658318519999999463e-01 7.743611100000000191e-02 6.340374590000000428e-03 1.729859099999999858e-02 -1.237307030000000087e-03 -4.755621699999999785e-02 1.904256929999999931e-02
3.365132179999999806e+00 7.534829849999999385e-02 5.993618370000000292e-03 3.041809309999999981e-03 -4.866153420000000202e-02 -5.032357230000000098e-02 3.460674930000000316e-02
6.070307960000000058e+00 6.868913490000000399e-02 6.053790130000000214e-03 -2.038476129999999831e-02 -4.864721290000000031e-02 3.499318270000000182e-03 5.493222190000000144e-02
8.777240139999999968e+00 7.439700629999999870e-02 7.360017729999999633e-03 -3.276517439999999948e-02 -2.946825969999999906e-02 3.769773619999999825e-02 3.276715670000000108e-02
1.148766009999999937e+01 7.646513259999999923e-02 5.124572360000000278e-03 -5.170594399999999674e-02 -5.704461810000000313e-03 4.996528850000000327e-02 9.639888410000000416e-04
1.419240549999999956e+01 7.217766740000000625e-02 1.084050620000000069e-02 -5.557347370000000064e-02 2.692195019999999925e-02 8.562028269999999441e-02 -1.177830470000000053e-02
1.689275860000000051e+01 6.170232359999999749e-02 2.317043390000000144e-03 -6.733144420000000685e-02 3.235875070000000190e-03 1.059125759999999944e-01 -1.771611199999999914e-02
1.959166799999999853e+01 4.966948999999999670e-02 9.471260070000000380e-04 -7.069742710000000152e-02 -4.853424559999999777e-03 5.412094609999999750e-02 -9.940900529999999961e-04
2.228266329999999940e+01 5.720627560000000195e-02 -5.008838339999999558e-04 -6.477407070000000544e-02 -3.471106689999999689e-02 -2.119644700000000020e-02 1.178442669999999956e-02
2.498218509999999881e+01 5.963848229999999667e-02 3.002133579999999996e-03 -7.117475410000000113e-02 -2.761217649999999843e-02 -2.487666610000000000e-02 -8.423187159999999743e-03
2.767610230000000016e+01 5.707812190000000063e-02 -1.761750999999999985e-03 -7.224593780000000687e-02 -5.476483580000000156e-03 3.495291560000000214e-02 7.627928130000000313e-03
3.036910699999999963e+01 6.359834420000000377e-02 8.657430569999999704e-04 -7.225776890000000507e-02 -2.082145659999999968e-02 2.085961449999999828e-02 -2.574477160000000070e-02
3.306484449999999953e+01 7.071924779999999577e-02 -3.693514880000000125e-03 -6.342498180000000207e-02 1.250417780000000027e-02 -2.193659499999999971e-02 -2.596309399999999906e-04
3.575917259999999942e+01 7.156865179999999382e-02 -1.332003210000000035e-03 -5.906699180000000299e-02 3.531087349999999930e-02 -7.298468260000000318e-02 5.355468420000000090e-02
3.846360080000000181e+01 6.263162429999999392e-02 -3.969662629999999755e-03 -6.535594840000000239e-02 -1.181736010000000031e-02 -3.765636189999999744e-02 4.647060199999999974e-02
4.117839299999999980e+01 5.745955860000000193e-02 -7.256362070000000296e-03 -6.522775670000000026e-02 -5.044349380000000271e-02 -3.956720789999999821e-02 4.187684569999999828e-02
4.388367110000000082e+01 6.278388000000000024e-02 -7.039648229999999861e-03 -6.749797000000000435e-02 -3.969037880000000212e-02 -3.695466699999999660e-02 4.425521040000000156e-02
4.658306950000000057e+01 6.699914369999999952e-02 -3.199935899999999979e-03 -6.970163760000000486e-02 -2.819546789999999997e-02 -2.340175010000000028e-02 6.065598779999999655e-03
4.928332730000000339e+01 6.294427160000000410e-02 -3.481875699999999966e-03 -6.176050140000000077e-02 -8.027027399999999216e-03 -1.826370960000000057e-02 6.121216070000000224e-03
5.197607260000000196e+01 6.030968550000000150e-02 -7.612272649999999793e-03 -6.015900419999999776e-02 -1.842325670000000137e-02 2.583781539999999849e-03 1.574648299999999862e-02
5.467685699999999827e+01 5.965583459999999894e-02 -9.021685220000000630e-03 -6.103019600000000183e-02 -1.262528670000000013e-02 -4.942055069999999606e-03 4.820893030000000107e-02
5.737629760000000090e+01 6.469637009999999744e-02 -7.050059509999999710e-03 -6.445842470000000268e-02 -2.520087249999999890e-02 3.322333529999999674e-02 1.652642290000000055e-02
6.007156950000000251e+01 6.067973670000000042e-02 -1.069749419999999930e-02 -6.584800890000000462e-02 3.220057630000000212e-03 -9.563570989999999484e-04 1.767072039999999927e-02
6.276566789999999685e+01 5.584612869999999729e-02 -1.552559430000000074e-02 -6.746021039999999802e-02 -1.525600340000000076e-02 -1.890557229999999950e-02 1.134933890000000035e-02
6.546717259999999783e+01 6.063611790000000140e-02 -8.462848170000000433e-03 -6.864175790000000277e-02 -1.996834460000000006e-02 -1.772383290000000000e-02 2.844467570000000153e-02
6.816525079999999548e+01 6.922786290000000620e-02 -6.184715950000000025e-03 -7.230341299999999694e-02 -9.263985670000000547e-03 -4.515352169999999749e-02 3.807808809999999738e-02
7.085130549999999516e+01 6.467264279999999921e-02 -5.756281499999999982e-03 -6.822469100000000397e-02 -1.534628060000000098e-03 -4.162421930000000103e-02 2.835413070000000063e-02
7.355629609999999730e+01 5.800365880000000335e-02 -9.738225180000000675e-03 -6.797657320000000114e-02 -8.369659530000000264e-03 1.416076460000000037e-02 6.101448000000000288e-02
7.625916329999999732e+01 5.891394340000000174e-02 -9.461735140000000072e-03 -6.194540639999999987e-02 -1.715989890000000143e-02 9.016386249999999583e-04 3.525851299999999827e-02
7.896176010000000645e+01 6.418105720000000236e-02 -6.154641379999999974e-03 -5.049284779999999723e-02 -2.260127259999999971e-02 -5.023749029999999977e-02 -3.201975489999999910e-03
8.166624760000000549e+01 7.161780019999999802e-02 -6.950088069999999819e-03 -5.318161429999999912e-02 -4.070125830000000111e-02 -8.003166270000000582e-03 -7.836694789999999397e-03
8.436470699999999567e+01 7.288681040000000166e-02 -3.762400559999999877e-03 -5.377099340000000144e-02 -3.096972909999999926e-02 3.404699010000000053e-02 -1.833747130000000156e-02
8.706294139999999970e+01 6.980956639999999491e-02 -9.575943119999999475e-03 -6.374923470000000425e-02 -3.079270149999999845e-02 4.061559370000000085e-02 6.835952729999999859e-03
8.976751799999999548e+01 6.799410229999999777e-02 -7.160054990000000279e-03 -6.275042479999999590e-02 3.669122830000000075e-03 4.834092510000000120e-02 -3.658950490000000000e-03
9.246123670000000061e+01 7.053999689999999878e-02 -7.097274130000000118e-03 -6.566232599999999309e-02 -1.628147979999999915e-03 2.426302550000000030e-02 -2.051031370000000117e-02
9.515475229999999840e+01 6.933886479999999686e-02 -5.562662159999999696e-03 -7.320583810000000358e-02 -4.780788260000000053e-03 2.598545339999999790e-03 -3.316710769999999669e-02
9.785716010000000153e+01 5.553498560000000306e-02 -6.483915380000000034e-03 -6.804107360000000160e-02 -1.536829670000000071e-02 -1.970960290000000129e-02 9.610847789999999932e-04
1.005515340000000037e+02 5.205428670000000063e-02 -6.429922230000000190e-03 -7.100654280000000262e-02 1.462891780000000023e-02 -1.355547650000000007e-02 3.561563150000000150e-02
1.032498930000000001e+02 4.394049440000000195e-02 -9.674227719999999378e-03 -7.033275160000000692e-02 3.399753440000000126e-03 2.166506840000000100e-02 3.039165170000000110e-02
1.059556429999999949e+02 5.103440740000000225e-02 -2.126120589999999817e-03 -7.021002210000000521e-02 -3.201775829999999740e-02 -8.680925719999999651e-03 2.015170980000000056e-02
1.086540339999999958e+02 5.653701779999999871e-02 2.612720599999999923e-05 -6.981091659999999477e-02 -1.873588559999999834e-02 2.045116940000000008e-02 -6.360046010000000236e-03
1.113645649999999989e+02 5.795930760000000265e-02 1.179120429999999962e-04 -6.864460969999999773e-02 1.343870490000000041e-03 5.403797199999999532e-04 -7.358067890000000166e-03
1.140666269999999969e+02 6.598953200000000352e-02 2.228787240000000211e-03 -6.324756019999999701e-02 -1.412417179999999987e-02 1.549482640000000074e-03 -1.256918670000000023e-03
1.167644549999999981e+02 6.852316880000000610e-02 3.462393130000000156e-03 -6.195198889999999764e-02 -1.978788240000000156e-02 -1.401922440000000041e-02 2.693159729999999863e-02
1.194592209999999994e+02 6.654214040000000496e-02 5.877126760000000311e-03 -6.497564769999999990e-02 2.589504789999999904e-02 -4.662537249999999800e-02 1.874657509999999930e-02
1.221557679999999948e+02 7.005666659999999768e-02 7.203771599999999643e-03 -5.587713930000000329e-02 4.456263290000000293e-02 2.398707270000000058e-02 2.771645959999999992e-02
1.248610180000000014e+02 7.082916749999999817e-02 6.773980080000000306e-03 -4.359273360000000264e-02 3.234321689999999916e-02 3.739649779999999757e-02 1.782435469999999952e-02
1.275680179999999950e+02 7.896444780000000385e-02 8.373210379999999203e-03 -2.762004350000000011e-02 2.490213980000000049e-02 -7.056301780000000419e-03 -2.703714499999999854e-02
1.302700959999999952e+02 8.100237209999999743e-02 6.569968049999999615e-03 -4.378811009999999775e-03 4.376610160000000277e-02 -2.775235679999999913e-02 -4.685672589999999998e-02
1.329875959999999964e+02 7.984987200000000229e-02 5.220679750000000244e-03 2.333756160000000079e-02 -2.269451639999999978e-02 -1.678491589999999908e-02 1.803790029999999961e-02
1.356875489999999900e+02 7.916755120000000534e-02 6.646908299999999652e-03 4.098470430000000081e-02 -4.320798680000000058e-02 -1.790306020000000109e-02 3.543903479999999800e-02
1.383822209999999870e+02 7.473616719999999491e-02 8.358074499999999796e-04 5.267125680000000337e-02 -1.307740829999999924e-02 5.569832969999999848e-03 1.792011760000000037e-02
1.410815489999999954e+02 6.452196420000000376e-02 -1.108187880000000014e-03 6.042068989999999779e-02 3.384523939999999759e-02 -2.434992559999999903e-02 1.722095720000000121e-02
1.437756119999999953e+02 5.606264219999999854e-02 -4.854750089999999873e-04 6.565270589999999684e-02 2.657435840000000118e-02 -1.155767450000000016e-02 -2.127645159999999851e-03
1.464789869999999894e+02 5.318506900000000148e-02 -9.191137349999999734e-03 6.690338640000000059e-02 1.923699179999999870e-02 -1.167049830000000017e-02 -5.264435960000000102e-03
1.491752840000000049e+02 5.522009430000000135e-02 -1.648331360000000051e-02 7.489887589999999484e-02 2.662867749999999964e-02 -5.856917789999999818e-02 4.877446169999999880e-03
1.518813460000000077e+02 5.714436559999999665e-02 -1.567198369999999938e-02 7.011333949999999648e-02 6.822761240000000012e-03 -3.232229439999999981e-02 4.091919310000000087e-02
1.545818460000000130e+02 6.536023929999999760e-02 -1.624494939999999998e-02 6.538999510000000071e-02 1.299013429999999920e-02 4.493587640000000320e-03 1.117662339999999895e-03
1.572758300000000133e+02 6.519156460000000153e-02 -7.940699889999999761e-03 6.356474669999999383e-02 3.742722490000000013e-02 1.959630060000000160e-02 -5.490102050000000150e-02
1.599731270000000052e+02 6.561759429999999838e-02 -1.175901090000000017e-02 5.930371319999999669e-02 3.546747790000000233e-02 -1.993322490000000100e-02 -3.515927220000000103e-02
1.626691590000000076e+02 6.508859409999999401e-02 -2.519577409999999938e-03 6.918695889999999793e-02 3.684174719999999681e-02 -4.974955450000000112e-02 9.307283459999999425e-03
1.653619710000000111e+02 5.789749210000000312e-02 1.736615570000000055e-03 6.330055110000000484e-02 3.807694889999999749e-02 -3.107735420000000068e-02 -1.204642120000000080e-02
1.680548300000000097e+02 6.485059140000000444e-02 2.184969179999999862e-03 5.821311740000000012e-02 4.064543250000000191e-02 -3.718963430000000320e-02 -3.892115940000000218e-02
1.707573150000000055e+02 7.014089380000000651e-02 6.350721069999999864e-04 5.351098929999999892e-02 1.637611099999999875e-02 -2.936705129999999872e-02 -2.200454439999999928e-02
1.734537990000000036e+02 7.054855670000000079e-02 1.632869469999999974e-03 5.172516409999999842e-02 -2.452294489999999952e-02 2.540217640000000041e-02 -2.557591810000000090e-02
1.761611430000000098e+02 7.154550730000000525e-02 5.941565999999999688e-03 5.346688039999999975e-02 -6.852241800000000160e-02 1.602458199999999902e-02 3.921118590000000070e-02
1.788482520000000022e+02 6.827284270000000266e-02 5.903043620000000304e-03 6.509035820000000361e-02 -2.209589340000000027e-02 1.726552430000000138e-02 -3.107272559999999829e-03
1.815450339999999869e+02 7.380008159999999762e-02 4.140583550000000168e-03 6.281246279999999627e-02 1.264779299999999919e-02 -3.696156339999999863e-03 1.781310560000000072e-03
1.842421429999999987e+02 6.772826769999999719e-02 3.736653960000000003e-03 6.052968420000000294e-02 3.474206690000000014e-02 -3.843837240000000030e-04 -4.909739290000000346e-03
1.869276590000000056e+02 7.456716939999999405e-02 2.838363750000000036e-03 5.724773109999999748e-02 7.224792589999999570e-02 -5.267943229999999706e-03 -1.483980529999999985e-02
1.896269709999999975e+02 6.940390790000000587e-02 -2.836674979999999954e-03 5.851777589999999918e-02 2.965021249999999844e-02 -2.961548729999999990e-02 1.289532489999999912e-03
1.923305019999999956e+02 6.929234049999999367e-02 -1.175576229999999956e-03 5.957227880000000309e-02 -8.224521199999999463e-03 -5.750094249999999907e-02 5.582186670000000191e-03
1.950314710000000105e+02 6.361977119999999430e-02 -2.952285259999999851e-04 5.687293460000000106e-02 -4.193563869999999971e-03 -2.665012710000000049e-02 -3.166979480000000138e-03
1.977355180000000132e+02 6.720128710000000671e-02 -5.396931699999999582e-03 6.575143249999999828e-02 -3.375811859999999776e-02 2.181877150000000043e-02 -9.415506960000000203e-02
2.004417840000000126e+02 7.078503079999999559e-02 -2.347504240000000166e-03 6.381628799999999879e-02 -8.254932519999999552e-02 1.144188789999999942e-02 -4.233350050000000281e-02
2.031414550000000077e+02 6.981742609999999627e-02 4.112457780000000271e-03 7.171223590000000425e-02 -8.718908960000000541e-02 5.908589260000000204e-02 2.557397100000000090e-02
2.058333619999999939e+02 6.101033129999999804e-02 5.796333879999999820e-03 7.170381200000000566e-02 -3.756145159999999678e-02 4.064638369999999667e-02 1.767049050000000024e-02
2.085405800000000056e+02 5.348743140000000035e-02 7.727919490000000405e-03 7.822861970000000165e-02 -2.766744280000000070e-02 -8.287900620000000079e-04 -4.092422489999999850e-03
2.112427050000000008e+02 6.383028479999999782e-02 2.796156470000000019e-03 7.782959150000000326e-02 1.394044070000000080e-02 -4.733578680000000150e-02 -3.554151519999999842e-02
2.139436589999999967e+02 6.694192329999999747e-02 6.177277049999999915e-04 7.364544209999999980e-02 1.903801470000000134e-02 -1.337158760000000009e-02 -8.416895809999999645e-02
2.166377050000000111e+02 7.193357170000000411e-02 -4.172424019999999801e-04 6.259572300000000589e-02 4.704494950000000231e-02 1.365646979999999948e-02 -7.243848790000000093e-02
2.193369399999999985e+02 7.223265959999999875e-02 1.404428760000000099e-03 5.721732260000000209e-02 3.915241269999999996e-02 6.301496800000000453e-02 -6.960906620000000336e-03
2.220313620000000014e+02 6.893062599999999485e-02 6.127601609999999612e-04 5.734312510000000307e-02 4.323924800000000096e-02 4.657680949999999653e-02 3.830438499999999765e-04
2.247263149999999996e+02 6.192107270000000302e-02 2.197598230000000208e-03 5.548751360000000327e-02 5.034873799999999705e-02 3.443519250000000309e-02 -2.693537270000000150e-02
2.274286270000000059e+02 5.957784859999999683e-02 1.179446700000000032e-03 6.158827050000000025e-02 6.953110509999999890e-03 1.459871700000000064e-02 -6.414361670000000293e-02
2.301243149999999957e+02 6.509022570000000396e-02 -1.939965359999999955e-03 5.845190670000000033e-02 2.588230920000000185e-03 3.164606559999999860e-03 -1.797371119999999906e-02
2.328287990000000036e+02 6.909856910000000685e-02 7.008431269999999651e-03 5.892836590000000152e-02 -4.165538089999999694e-02 -2.461404420000000079e-02 4.308163229999999871e-02
2.355252989999999897e+02 6.554311749999999770e-02 5.234816280000000391e-03 6.203669509999999720e-02 2.779053390000000082e-02 -2.348251180000000132e-02 7.863135790000000402e-02
2.382272049999999979e+02 6.584066930000000151e-02 1.217099240000000041e-02 6.045390040000000326e-02 7.456714629999999788e-02 -2.008184979999999911e-02 3.126735419999999988e-02
2.409302370000000053e+02 7.696193749999999389e-02 1.163855719999999996e-02 5.965322499999999722e-02 5.232710770000000011e-02 -4.006322019999999581e-03 -4.744746519999999690e-02
2.436288930000000050e+02 7.863025270000000011e-02 1.655859780000000156e-02 6.066888420000000198e-02 3.721201729999999708e-02 6.704060080000000255e-02 -2.192527210000000046e-02
2.463348770000000059e+02 8.144464939999999931e-02 9.197992389999999630e-03 5.587252580000000302e-02 -3.871764359999999711e-02 3.996162250000000193e-02 -3.427307059999999683e-02
2.490282520000000090e+02 6.698603910000000550e-02 1.281343199999999960e-02 5.518270289999999828e-02 -1.993002710000000080e-02 2.187097309999999975e-02 -3.628959799999999930e-02
2.517346269999999890e+02 6.578118700000000485e-02 1.158729319999999945e-02 5.824935550000000239e-02 -3.222575099999999693e-02 9.754161900000000648e-03 2.515342920000000065e-02
2.544360020000000020e+02 6.545288019999999374e-02 9.647139319999999477e-03 5.886489959999999938e-02 -2.946632600000000102e-02 7.617460270000000165e-03 3.832571929999999821e-02
2.571380340000000047e+02 6.412979789999999347e-02 1.294150640000000033e-02 6.164547959999999716e-02 -6.242159909999999562e-04 -2.041433600000000168e-02 3.956647740000000107e-02
2.598325340000000097e+02 6.240323259999999705e-02 7.638103109999999814e-03 5.675536099999999723e-02 3.347805699999999857e-02 8.799405990000000108e-03 -5.719325739999999575e-03
2.625297049999999786e+02 7.195372880000000526e-02 1.119643780000000033e-02 5.602760949999999879e-02 1.480154520000000022e-02 1.509121870000000067e-02 3.548675059999999853e-02
2.652192679999999996e+02 7.498331649999999404e-02 1.033579299999999937e-02 4.407578389999999846e-02 9.446039760000000257e-03 1.297627860000000015e-02 3.436794289999999669e-02
2.679247330000000034e+02 7.904246160000000243e-02 6.823538280000000268e-03 3.558494749999999845e-02 1.905781670000000066e-02 6.923392080000000115e-03 8.006648119999999411e-03
