# a=0.05945055952168137, b=-154.23016749947936, c=-0.0006204559358613905, xi=8.950601702745782
6.978551950000000392e-01 7.351071909999999654e-02 7.069426759999999747e-03 2.889340190000000072e-02 4.673955750000000076e-02 -2.286398519999999907e-02 6.827970079999999553e-02
3.396810209999999941e+00 6.748731180000000496e-02 4.732555069999999989e-03 2.000523360000000007e-03 2.373297430000000097e-02 2.823127250000000144e-02 2.764530109999999846e-02
6.091378340000000335e+00 7.262744390000000494e-02 8.608197570000000048e-03 -4.125633709999999843e-03 3.653059830000000147e-02 3.062873730000000017e-02 1.293906159999999930e-02
8.779422240000000599e+00 7.229126530000000439e-02 7.878260390000000821e-03 -8.313055979999999304e-03 1.604959970000000014e-02 -2.066224220000000174e-03 9.643986709999999990e-03
1.148282350000000029e+01 7.263063840000000271e-02 1.287393800000000013e-03 -2.363787139999999967e-02 -1.336253490000000044e-02 1.334102050000000005e-03 -2.784835570000000066e-02
1.417367969999999922e+01 6.960445349999999642e-02 5.559867419999999644e-03 -3.987526319999999680e-02 -4.450211970000000211e-02 -3.354966870000000018e-02 4.694518459999999851e-03
1.688708289999999934e+01 6.374793780000000132e-02 2.150237959999999789e-03 -5.652903549999999805e-02 8.302185899999999993e-03 -8.097850820000000380e-03 -2.842588669999999984e-02
1.957558600000000126e+01 5.825701140000000278e-02 5.067410409999999719e-03 -5.842675650000000304e-02 3.044089989999999857e-02 -1.624627590000000043e-03 3.666932400000000314e-02
2.226723439999999954e+01 6.091147329999999777e-02 2.905914439999999978e-04 -6.473208229999999341e-02 6.359550040000000459e-02 3.507120169999999870e-02 3.212731049999999894e-02
2.496708440000000095e+01 5.693206270000000097e-02 6.707111909999999809e-03 -5.645771830000000102e-02 5.052593789999999807e-02 8.174893399999999533e-02 1.643089710000000120e-02
2.767161409999999933e+01 6.240212869999999662e-02 5.965105749999999665e-03 -5.612786229999999765e-02 3.108956829999999852e-02 2.236749700000000007e-02 -1.490663750000000010e-02
3.037503290000000078e+01 6.082397049999999777e-02 1.146343789999999981e-02 -6.248725659999999904e-02 6.567082509999999825e-03 1.879790370000000016e-02 -7.745846889999999374e-02
3.307457660000000033e+01 5.508287430000000096e-02 1.170372310000000055e-02 -6.353730800000000067e-02 -8.595424480000000630e-03 -1.427349169999999993e-02 -1.071112830000000016e-01
3.576202510000000245e+01 5.847119409999999851e-02 1.249521739999999957e-02 -5.665698210000000290e-02 -8.014338120000000579e-03 -5.905899529999999661e-03 -4.405213000000000184e-02
3.845820160000000243e+01 5.410499120000000078e-02 1.000322279999999939e-02 -5.501418260000000282e-02 4.331235139999999734e-02 -9.186872150000000709e-03 -4.955838629999999995e-02
4.115379850000000062e+01 6.256925650000000338e-02 7.678868339999999661e-03 -5.405215649999999677e-02 2.297445810000000102e-02 6.463497589999999716e-03 -1.625023369999999828e-02
4.384627509999999972e+01 7.063569929999999331e-02 7.629966910000000012e-03 -5.967775709999999928e-02 5.690471080000000098e-02 -7.995405159999999928e-03 1.623745009999999966e-03
4.653972970000000231e+01 5.981084700000000032e-02 -6.715332979999999626e-03 -4.892457499999999793e-02 5.044575569999999731e-02 5.543021050000000206e-04 6.893612300000000193e-02
4.924200629999999990e+01 6.801597630000000283e-02 3.061082130000000040e-03 -5.826178359999999862e-02 3.396191810000000026e-03 1.418382450000000086e-02 -1.440506130000000079e-02
5.195550320000000255e+01 6.489620200000000005e-02 3.102997329999999899e-04 -6.087155419999999706e-02 -5.389190769999999825e-02 2.370343369999999839e-02 -6.671233510000000588e-02
5.464909380000000283e+01 5.700960680000000114e-02 5.259382929999999699e-03 -6.653826899999999711e-02 -4.974464879999999922e-02 1.462506449999999986e-02 -8.554613749999999406e-02
5.735998599999999925e+01 5.538483720000000193e-02 5.527571559999999717e-03 -5.776051310000000077e-02 -4.313086099999999951e-02 9.532475470000000397e-04 -7.818518639999999520e-02
6.006261260000000135e+01 5.828798129999999966e-02 2.377527449999999876e-03 -6.630149250000000327e-02 -6.900390989999999683e-03 -2.555384150000000049e-02 -6.563171669999999513e-02
6.275729539999999673e+01 5.797134410000000238e-02 3.028270970000000034e-03 -5.989962210000000092e-02 7.037181920000000479e-02 -2.652862179999999903e-02 -2.518515079999999930e-03
6.546070159999999305e+01 5.817792630000000187e-02 2.446581230000000138e-03 -5.306375499999999718e-02 9.412907630000000303e-02 -1.833312980000000036e-02 1.927162030000000026e-02
6.816990160000000287e+01 6.627441920000000375e-02 3.711972540000000025e-03 -5.321623009999999765e-02 2.066486470000000047e-02 -2.133063500000000046e-04 -1.324522789999999992e-02
7.087533759999999461e+01 6.869793409999999656e-02 -1.153218959999999975e-03 -5.315222580000000113e-02 7.404635169999999877e-03 -3.660054419999999881e-03 -2.908908740000000145e-02
7.357776409999999601e+01 7.453204200000000668e-02 -1.691175710000000039e-03 -5.714954910000000221e-02 -2.096268349999999905e-02 4.505317749999999608e-03 -3.062382649999999956e-02
7.627899069999999426e+01 7.305071289999999495e-02 -8.882024989999999162e-03 -5.509047639999999774e-02 2.487061700000000111e-02 -1.175064550000000027e-02 -3.145751150000000024e-02
7.896679849999999590e+01 7.239092669999999674e-02 -1.186773470000000025e-02 -5.564912539999999908e-02 4.501773779999999892e-02 -2.360532129999999909e-02 3.300098819999999766e-02
8.167037349999999662e+01 6.335809389999999541e-02 -1.646550180000000072e-02 -5.943903450000000144e-02 5.615982199999999813e-02 3.563954059999999840e-02 3.704521229999999804e-02
8.437657969999999352e+01 6.426107949999999847e-02 -8.929262250000000178e-03 -5.814042030000000222e-02 4.007102690000000078e-02 1.129403600000000035e-02 6.913413030000000077e-03
8.707175320000000340e+01 6.663838229999999307e-02 -6.209715979999999753e-03 -5.600175029999999998e-02 -1.158516910000000066e-02 2.255646450000000150e-02 7.791081089999999688e-03
8.978845470000000262e+01 6.631274369999999585e-02 -9.845280830000000677e-03 -6.298016989999999371e-02 -2.554011529999999919e-02 3.399452280000000298e-02 -6.423463379999999612e-02
9.248768130000000554e+01 6.424631679999999456e-02 -6.674569860000000021e-03 -6.056342049999999949e-02 -1.373339059999999917e-02 -3.586662100000000044e-03 -3.779680369999999928e-02
9.519159380000000681e+01 6.738076649999999446e-02 -6.451508830000000048e-03 -6.011372940000000303e-02 1.540682280000000084e-02 -2.539214160000000109e-02 -3.569438250000000340e-02
9.787521409999999378e+01 6.518347659999999821e-02 1.314501210000000066e-03 -5.722299589999999686e-02 2.875275230000000001e-02 1.538114399999999937e-02 -9.172765669999999316e-03
1.005767280000000028e+02 6.905041620000000602e-02 -4.413460890000000039e-03 -6.574740119999999965e-02 -1.534428369999999917e-02 -2.291740230000000012e-04 -4.416793100000000055e-02
1.032769310000000047e+02 6.335639949999999354e-02 2.579779869999999919e-03 -6.008505850000000342e-02 -1.663765710000000148e-02 -2.991630149999999905e-02 -6.811921360000000591e-02
1.059657909999999958e+02 6.462298639999999872e-02 -2.680158179999999907e-03 -6.078637220000000091e-02 -4.134291469999999691e-02 -2.336971310000000163e-02 -4.756742230000000210e-02
1.086556190000000015e+02 6.612276690000000456e-02 -4.055751070000000388e-03 -4.070863250000000128e-02 6.502548750000000655e-02 -4.059719419999999884e-03 1.384720870000000041e-02
1.113571500000000043e+02 6.624191109999999494e-02 -8.848079519999999670e-03 -5.773338389999999737e-02 5.441699349999999831e-03 3.624855780000000097e-03 2.332435009999999850e-02
1.140561340000000001e+02 5.994181409999999738e-02 -3.426656589999999957e-04 -5.455132480000000200e-02 -5.637729539999999755e-03 2.087707319999999866e-02 5.623374200000000322e-02
1.167636810000000054e+02 5.991939350000000108e-02 -1.534229769999999977e-03 -5.411279869999999909e-02 -5.901718749999999847e-02 1.008977349999999953e-02 -1.107503659999999925e-02
1.194742279999999965e+02 6.284277539999999496e-02 2.460840760000000162e-03 -6.329265650000000243e-02 -3.594659239999999784e-02 -7.741316800000000095e-03 -3.729421599999999809e-02
1.221684000000000054e+02 4.819879280000000099e-02 -6.341519700000000127e-03 -6.087336639999999660e-02 -1.685725329999999966e-02 -3.326114389999999810e-02 2.386831840000000135e-02
1.248714779999999962e+02 3.709126749999999695e-02 -3.749464909999999929e-03 -7.335904790000000175e-02 2.503126589999999860e-02 -2.012376520000000099e-02 2.668313549999999992e-02
1.275653219999999948e+02 4.708287629999999974e-02 -1.423663179999999986e-02 -7.629342879999999327e-02 3.994984439999999665e-02 -4.860952200000000049e-03 -7.014908599999999592e-03
1.302746659999999963e+02 5.493899330000000247e-02 -9.340120990000000747e-03 -7.151658549999999337e-02 1.308757290000000031e-02 1.532117529999999991e-02 1.494537110000000030e-02
1.329751809999999921e+02 5.821559099999999709e-02 -6.242352930000000244e-03 -6.917664430000000642e-02 2.281847339999999984e-03 -2.291353629999999877e-02 3.882560949999999678e-02
1.356814469999999915e+02 6.729209240000000314e-02 -8.036926870000000653e-03 -6.527522360000000134e-02 2.595522839999999873e-02 1.452950169999999916e-02 -3.018074199999999999e-02
1.383844939999999895e+02 6.461739980000000272e-02 -4.831848579999999983e-03 -5.926631859999999946e-02 3.825949740000000182e-02 -1.569492860000000142e-02 -4.472745060000000300e-02
1.410873379999999884e+02 6.466074539999999704e-02 9.827877449999999990e-04 -4.700160390000000105e-02 7.112401270000000275e-02 -5.051313550000000041e-02 -4.210159189999999885e-02
1.437933219999999892e+02 7.303720959999999984e-02 -5.947110739999999889e-03 -4.917389650000000140e-02 7.434599450000000005e-03 -2.124347249999999909e-02 3.143598789999999931e-03
1.464995879999999886e+02 8.168902720000000006e-02 -1.626869579999999876e-04 -4.641640229999999950e-02 3.021714619999999948e-02 -2.737083480000000214e-03 1.983923639999999895e-03
1.492034160000000043e+02 8.364306289999999533e-02 3.705267800000000208e-03 -2.776046969999999836e-02 2.356987820000000164e-02 2.306216889999999908e-02 -1.084348979999999983e-02
1.519042129999999986e+02 7.517512910000000159e-02 -5.506181469999999606e-03 -1.208908459999999928e-02 -3.326269469999999936e-04 -4.019183949999999630e-03 4.479205519999999649e-03
1.546020719999999926e+02 7.132830969999999493e-02 1.360915060000000062e-03 1.211025809999999921e-03 8.902425619999999526e-03 -5.327921580000000157e-02 1.190433760000000028e-02
1.573076969999999903e+02 6.815684669999999556e-02 5.009616619999999847e-03 1.492335759999999928e-02 -2.043044009999999897e-02 1.198667529999999926e-02 -1.939857539999999964e-02
1.600143060000000048e+02 6.338965920000000365e-02 3.791992750000000145e-03 3.535952619999999796e-02 2.591028240000000011e-04 7.346358110000000309e-03 -2.213100059999999897e-02
1.627140410000000088e+02 6.492268319999999759e-02 5.220094459999999673e-03 3.948179439999999901e-02 -2.143195689999999928e-03 -5.626014270000000150e-02 -1.538406900000000065e-03
1.654264000000000010e+02 6.617682060000000532e-02 -8.572766330000000309e-03 5.520509440000000156e-02 7.227026079999999790e-03 -5.275296899999999678e-02 2.117783139999999953e-02
1.681241970000000094e+02 5.933551670000000028e-02 2.556738139999999965e-05 5.497616279999999883e-02 1.709666110000000044e-02 -2.859008990000000069e-02 4.900198129999999708e-02
1.708078690000000108e+02 6.289029050000000121e-02 -1.200636220000000053e-02 5.699805530000000287e-02 -1.237738969999999973e-02 6.565644499999999384e-02 8.399248400000000614e-02
1.735051190000000076e+02 6.868672239999999707e-02 -9.782767189999999613e-03 4.906059530000000252e-02 -5.793392129999999987e-03 -1.445949910000000026e-02 1.663079870000000113e-02
1.762005090000000109e+02 7.112983520000000504e-02 -1.514115520000000083e-02 5.107951010000000291e-02 -2.634473979999999924e-02 -2.090869310000000036e-02 9.778810880000000580e-03
1.788980720000000133e+02 6.653109949999999606e-02 -9.113348920000000075e-03 5.321125460000000057e-02 -1.071920240000000073e-02 -6.245167969999999846e-03 -1.684793379999999924e-02
1.815896810000000130e+02 6.215803639999999824e-02 -6.104067650000000352e-03 5.254174539999999921e-02 -3.343990150000000078e-02 -1.926317370000000043e-02 -1.370059789999999956e-03
1.842943689999999890e+02 5.186182570000000269e-02 -1.228194410000000084e-02 6.266934450000000156e-02 -6.327908709999999909e-03 1.091966729999999976e-02 -6.534960799999999653e-03
1.869978839999999991e+02 4.659599159999999740e-02 -4.023258200000000111e-03 6.843081680000000222e-02 4.211781070000000099e-03 -9.487648989999999949e-03 -1.039538809999999980e-02
1.897053999999999974e+02 5.510860139999999852e-02 1.925612059999999917e-03 7.267504589999999876e-02 -4.445541439999999879e-03 2.643185149999999900e-02 2.293424570000000134e-02
1.924082129999999893e+02 6.907375550000000031e-02 1.952053870000000028e-03 6.941179999999999573e-02 2.603093310000000049e-02 3.761966280000000190e-02 -5.319030459999999662e-03
1.951080090000000098e+02 7.350159950000000053e-02 7.596020020000000122e-03 7.194574160000000163e-02 6.772642290000000301e-03 -1.502333049999999941e-02 9.518477710000000647e-02
1.978104470000000106e+02 7.460517349999999659e-02 -5.823054669999999525e-04 6.497300770000000170e-02 1.123375780000000074e-02 -8.470154880000000525e-03 4.290829460000000067e-02
2.004995560000000125e+02 6.445314280000000173e-02 -1.872946780000000035e-03 5.043214349999999846e-02 -8.237654579999999921e-03 4.322322280000000239e-02 6.822047920000000321e-02
2.032047440000000051e+02 6.881227249999999351e-02 -2.254524979999999925e-03 4.803366490000000183e-02 2.786049670000000002e-03 2.155326020000000037e-02 6.802502689999999352e-02
2.059077749999999867e+02 7.324010039999999389e-02 -6.517207290000000264e-03 5.163777110000000031e-02 -9.295882510000000667e-03 5.080324039999999618e-03 6.185772130000000146e-02
2.086110720000000072e+02 7.267680980000000568e-02 -9.074244750000000012e-03 5.027655119999999839e-02 8.032354699999999167e-03 1.593708350000000093e-02 5.114133700000000199e-02
2.113048379999999895e+02 7.148751520000000415e-02 -4.759257660000000209e-03 4.898286250000000175e-02 -2.585480620000000021e-02 3.456884550000000056e-02 4.501196279999999939e-02
2.140097910000000070e+02 6.697098980000000534e-02 5.192607640000000170e-03 5.546187770000000211e-02 -2.722728040000000141e-02 -2.772578120000000063e-02 2.755069350000000084e-02
2.166993840000000091e+02 6.197781680000000182e-02 4.559915839999999568e-03 5.426051429999999981e-02 -2.767473980000000056e-02 -2.832147570000000114e-02 1.624028979999999830e-02
2.193972440000000006e+02 5.832697459999999778e-02 -2.812131590000000077e-03 6.083265150000000121e-02 -2.744092880000000012e-02 -8.736025550000000098e-03 4.949906970000000211e-02
2.220923530000000028e+02 5.414424820000000166e-02 -6.139123330000000218e-03 6.390474940000000215e-02 1.850430239999999865e-02 1.924192959999999897e-02 3.779929709999999693e-02
2.248007910000000038e+02 4.809256969999999715e-02 -1.060572549999999961e-02 6.606656760000000073e-02 9.155198649999999596e-04 1.756060149999999834e-02 4.202433269999999998e-02
2.275129000000000019e+02 5.413729090000000271e-02 -1.328738049999999941e-02 6.192805719999999736e-02 1.127194920000000079e-02 3.051033329999999853e-03 -4.078681619999999924e-03
2.302260559999999998e+02 4.721989759999999786e-02 -2.975564490000000197e-03 6.668418809999999974e-02 1.763901999999999831e-02 1.486007190000000061e-02 3.195257969999999986e-03
2.329273689999999988e+02 5.708461640000000309e-02 -1.576031780000000009e-03 6.672861839999999489e-02 -1.354585200000000059e-02 2.457699379999999864e-02 1.693073759999999886e-02
2.356267280000000142e+02 5.647765150000000345e-02 -2.384456159999999870e-03 6.034643499999999688e-02 -1.535921570000000095e-03 -3.362592939999999725e-02 -4.877112289999999996e-03
2.383270880000000034e+02 5.660140999999999784e-02 -2.931916179999999837e-03 6.478495870000000600e-02 5.883854500000000164e-04 -8.702679410000000587e-03 2.241712759999999957e-02
2.410217590000000030e+02 5.507074490000000294e-02 -4.370255729999999658e-03 7.006339999999999790e-02 -1.257597490000000005e-02 2.223221549999999935e-02 2.198868350000000166e-02
2.437230720000000019e+02 5.221404780000000329e-02 3.128943490000000126e-03 6.343829199999999335e-02 -5.056494939999999633e-03 4.380220790000000086e-02 6.042631450000000154e-02
2.464388380000000041e+02 5.981093679999999885e-02 -1.148135300000000100e-03 5.665288970000000035e-02 2.163934229999999945e-02 4.132533129999999694e-02 -4.793310249999999800e-02
2.491305089999999893e+02 5.197169489999999697e-02 -7.151400720000000190e-03 6.733707060000000688e-02 -5.904944129999999992e-03 3.846465350000000116e-02 2.916787549999999909e-02
2.518250559999999894e+02 5.600194289999999714e-02 -3.255917110000000093e-03 6.210468520000000242e-02 6.180600599999999840e-03 3.950432429999999745e-02 1.731833240000000065e-02
2.545290559999999971e+02 5.787104879999999812e-02 5.638311280000000199e-04 6.465721000000000662e-02 -1.753420340000000008e-02 2.789930040000000028e-02 4.015817640000000216e-02
2.572247130000000084e+02 5.703402850000000024e-02 7.889362750000000063e-03 6.245546540000000008e-02 5.887844490000000361e-03 1.548198890000000022e-02 3.058343649999999830e-02
2.599288379999999847e+02 5.603085060000000117e-02 8.023255079999999650e-03 6.229245259999999923e-02 2.236986759999999835e-03 3.349558180000000024e-02 6.965320510000000236e-03
2.626260250000000269e+02 6.304794689999999868e-02 1.248455140000000012e-02 5.121574780000000271e-02 1.019914149999999985e-02 2.695634020000000144e-02 6.515133589999999586e-02
2.653291659999999865e+02 7.117970140000000334e-02 5.102179870000000082e-03 5.336911669999999663e-02 2.268165280000000120e-03 5.140864359999999626e-03 9.864426769999999622e-02
2.680298750000000041e+02 7.903562660000000573e-02 9.379402139999999666e-03 4.029343180000000135e-02 1.723071509999999848e-02 -6.281440269999999902e-03 1.011300740000000004e-01
