# a=0.06324479971287536, b=-154.20387477176203, c=0.0002254498351288652, xi=9.804431709850101
6.806142939999999530e-01 6.723868959999999839e-02 -6.178794240000000382e-03 4.939052349999999841e-02 2.533302050000000097e-02 5.247835079999999854e-03 3.644296999999999814e-02
3.390360049999999958e+00 7.207397969999999876e-02 -7.117587019999999792e-03 3.671763780000000116e-02 -2.645748200000000092e-02 -7.063199299999999708e-03 7.763467759999999329e-02
6.079436450000000214e+00 6.995170430000000050e-02 -2.284278839999999942e-03 1.750713549999999979e-02 6.642701360000000284e-03 -2.266910230000000054e-02 9.370098179999999943e-02
8.782871460000000852e+00 7.903477000000000419e-02 -4.175333279999999571e-03 -1.004807970000000036e-02 -1.072868359999999905e-03 -4.230409260000000254e-02 6.017927879999999952e-02
1.147814209999999946e+01 7.803180429999999335e-02 1.829966780000000064e-03 -2.945079039999999940e-02 9.265133559999999546e-03 -1.407072220000000085e-03 1.192701910000000011e-02
1.417347649999999959e+01 7.757701170000000368e-02 7.756436860000000266e-03 -3.362603830000000099e-02 -1.171238420000000023e-02 2.860201539999999987e-02 8.600998309999999952e-03
1.687546400000000091e+01 6.778477319999999529e-02 1.025455819999999962e-02 -4.508343249999999941e-02 1.630774700000000091e-02 3.474065490000000089e-02 -1.186268549999999929e-02
1.958059360000000027e+01 6.183644540000000217e-02 7.609531150000000375e-03 -4.444539270000000264e-02 -2.062414330000000157e-02 1.744985580000000050e-02 -1.368925990000000037e-02
2.228627649999999960e+01 7.057429950000000674e-02 4.022672029999999586e-03 -5.086949100000000279e-02 -1.232303470000000074e-02 -3.358755020000000341e-02 -6.970406310000000494e-02
2.498106239999999900e+01 7.103418599999999916e-02 6.203947939999999951e-04 -5.111490679999999842e-02 -1.564907030000000157e-02 -3.650808189999999852e-03 -3.715532020000000130e-02
2.767197649999999953e+01 5.916307540000000087e-02 1.228797549999999976e-03 -5.794193190000000021e-02 2.813061749999999986e-04 1.697365589999999883e-02 -2.108978660000000033e-03
3.038158740000000080e+01 5.446936559999999983e-02 3.301600989999999968e-03 -5.253257630000000150e-02 -3.439868930000000019e-02 7.087616039999999895e-02 1.123049029999999976e-02
3.307024990000000031e+01 5.637307849999999981e-02 4.096351359999999891e-04 -4.703995049999999678e-02 1.317453250000000069e-02 3.719845950000000290e-02 4.985367379999999793e-02
3.576561710000000005e+01 6.226111379999999668e-02 4.950867559999999785e-03 -5.951650829999999975e-02 1.832669539999999889e-02 1.681583869999999856e-02 4.401587879999999814e-02
3.847834830000000039e+01 5.775499690000000103e-02 -1.704560900000000019e-03 -6.001802729999999864e-02 -1.028550610000000039e-04 -1.962211009999999950e-02 -2.249596809999999947e-02
4.118967020000000190e+01 5.503576810000000014e-02 2.654339229999999866e-03 -6.296004759999999922e-02 -5.859824830000000262e-02 2.993906379999999867e-02 -3.778742959999999845e-02
4.389719519999999875e+01 5.575137170000000336e-02 -3.513786379999999862e-03 -7.004090529999999759e-02 -5.144445770000000140e-02 1.094050329999999953e-02 -2.542976829999999897e-02
4.658192650000000157e+01 5.318048460000000116e-02 -1.930325220000000085e-03 -6.240863919999999759e-02 -6.086450610000000358e-03 4.418712170000000175e-03 2.939399070000000072e-02
4.928124520000000075e+01 5.879589999999999816e-02 1.765925470000000077e-03 -5.664381529999999720e-02 -2.056194630000000162e-02 4.115738289999999744e-02 1.528373449999999995e-02
5.197496399999999994e+01 5.405025890000000194e-02 -2.398116240000000121e-04 -5.436760919999999997e-02 1.053386750000000031e-02 -4.650018780000000213e-02 -5.292040999999999933e-03
5.466707650000000029e+01 6.647375919999999605e-02 -2.458356839999999979e-04 -6.062615030000000071e-02 1.297864540000000060e-02 -2.966132629999999881e-02 -1.458946520000000031e-02
5.737399680000000046e+01 6.864737560000000460e-02 -6.759107339999999655e-05 -5.144046979999999936e-02 8.677150660000000626e-03 -5.470612659999999662e-03 2.173930110000000041e-02
6.008010769999999923e+01 6.111285739999999800e-02 4.978573229999999974e-04 -5.315356610000000065e-02 -8.469445080000000473e-03 -2.369593349999999862e-02 -2.208165419999999837e-02
6.277520609999999834e+01 6.169552259999999677e-02 2.104538479999999798e-03 -5.676682229999999857e-02 -3.681590120000000164e-03 -6.484198010000000005e-03 -9.036855689999999733e-03
6.547246859999999913e+01 4.839618169999999886e-02 -2.797520490000000165e-03 -6.042337560000000246e-02 -3.089202149999999841e-02 -3.182741879999999995e-02 -3.433097260000000017e-04
6.818113429999999653e+01 5.190286060000000312e-02 6.178140149999999768e-03 -5.873948789999999809e-02 -6.760681229999999931e-02 -1.360185459999999937e-02 -2.291398030000000099e-02
7.086764209999999764e+01 5.410379810000000289e-02 4.766626179999999650e-03 -6.736424940000000638e-02 -1.067064920000000000e-02 -2.401778499999999983e-02 2.403689679999999971e-03
7.356349210000000483e+01 6.165062699999999951e-02 -1.883981799999999906e-03 -7.165683289999999483e-02 1.346216090000000067e-02 1.647234109999999932e-02 2.381571229999999983e-02
7.626523579999999924e+01 5.287262169999999706e-02 2.265368499999999925e-04 -8.133009509999999942e-02 3.372714799999999846e-02 1.195772900000000027e-02 2.364346839999999922e-02
7.897015299999999627e+01 5.930943109999999713e-02 3.009004209999999939e-04 -7.497877109999999401e-02 8.086539800000000500e-02 -2.278274509999999968e-03 4.833278879999999833e-02
8.167413899999999671e+01 5.947433299999999728e-02 7.917355889999999966e-03 -6.834109670000000636e-02 7.674564979999999592e-02 -2.718162080000000036e-02 2.897765100000000010e-02
8.437077800000000138e+01 5.148651220000000084e-02 4.029582650000000307e-03 -5.974142389999999997e-02 5.028703489999999943e-02 4.047499150000000135e-04 3.084109440000000132e-02
8.707050460000000669e+01 4.936297469999999937e-02 8.201682780000000422e-03 -6.430989289999999858e-02 1.676607160000000152e-02 2.778902390000000111e-02 6.890577789999999606e-03
8.976533109999999738e+01 5.552922090000000227e-02 4.046598910000000042e-03 -5.919940089999999738e-02 4.243061759999999794e-02 4.253653119999999815e-02 -1.243111610000000034e-02
9.247176240000000291e+01 5.865830069999999896e-02 2.117523860000000095e-03 -6.026513859999999695e-02 7.032795479999999488e-02 1.593828699999999890e-02 -1.850642610000000077e-02
9.517155610000000365e+01 6.158024690000000329e-02 4.285308419999999882e-04 -6.294804319999999787e-02 5.501270490000000069e-02 -7.175595889999999803e-03 2.614495539999999937e-02
9.787019680000000221e+01 5.656126730000000241e-02 -9.253506959999999518e-03 -6.108089869999999699e-02 6.197957429999999962e-02 3.461308269999999968e-03 8.700098349999999328e-03
1.005779059999999987e+02 5.660961650000000123e-02 1.280511989999999966e-03 -6.055380739999999956e-02 4.142431440000000215e-03 -4.222079059999999870e-03 -7.060389400000000037e-02
1.032779060000000015e+02 5.998444389999999654e-02 -7.388934659999999745e-03 -6.641222469999999434e-02 -3.100646630000000042e-02 -2.884956309999999954e-02 -1.513205150000000027e-02
1.059792029999999983e+02 5.956742339999999969e-02 -9.846370800000000395e-03 -7.072922939999999603e-02 1.454211319999999981e-02 4.570039159999999927e-03 -5.796577639999999851e-03
1.086813750000000027e+02 4.791024919999999770e-02 -1.333331630000000011e-02 -6.852354439999999713e-02 5.394060209999999855e-02 7.970591750000000433e-03 -9.368427029999999364e-03
1.113957189999999997e+02 4.170203919999999898e-02 -5.271635670000000135e-03 -6.587553159999999519e-02 5.443338389999999999e-02 -7.886079639999999877e-03 -2.789576139999999996e-02
1.140992660000000001e+02 4.247822250000000271e-02 8.944368709999999615e-04 -6.160261589999999760e-02 1.792678779999999986e-02 -1.275292559999999936e-02 -2.061877679999999866e-02
1.168020939999999968e+02 5.918647579999999908e-02 -1.176452360000000003e-03 -5.958811590000000213e-02 2.990175999999999945e-02 -5.591667609999999983e-02 -3.121717460000000138e-02
1.194980160000000069e+02 6.030623940000000294e-02 -2.932770009999999868e-03 -5.570683559999999729e-02 4.376897510000000296e-02 1.950964230000000075e-03 -9.598654369999999256e-03
1.221954839999999933e+02 6.098896250000000047e-02 3.755348730000000051e-03 -5.709862109999999658e-02 6.252557740000000419e-02 3.399718389999999840e-02 2.709190939999999923e-02
1.249052970000000045e+02 6.860557030000000167e-02 7.741370810000000255e-03 -5.113738660000000102e-02 2.449916930000000173e-02 -2.798409820000000159e-02 6.379612679999999668e-03
1.276081089999999989e+02 6.833371320000000693e-02 5.913019309999999890e-03 -4.731341339999999701e-02 -2.640387849999999842e-02 -5.276128300000000257e-03 -5.457609409999999994e-02
1.303118910000000028e+02 7.740058419999999717e-02 5.424560820000000338e-03 -5.311260839999999706e-02 -3.900448720000000008e-02 -1.231596000000000080e-02 -6.493268450000000414e-02
1.330098439999999869e+02 7.599669700000000194e-02 3.881218020000000001e-03 -4.865282020000000207e-02 -1.155676649999999930e-02 -3.167802639999999989e-03 -2.712271299999999968e-02
1.357064839999999890e+02 6.746284549999999325e-02 6.588689279999999752e-03 -5.608397090000000196e-02 9.236729180000000095e-03 5.764787969999999977e-03 -1.160603410000000078e-02
1.384124060000000043e+02 6.561486900000000622e-02 8.632437180000000765e-03 -6.355705859999999374e-02 -1.863712539999999931e-02 2.176031579999999910e-02 3.765762999999999749e-02
1.411180620000000090e+02 6.531639790000000334e-02 3.294208050000000092e-03 -6.498057449999999902e-02 1.790968550000000131e-02 9.713683960000000367e-03 3.762617470000000075e-02
1.438147659999999917e+02 7.040389480000000533e-02 7.801230160000000372e-03 -5.581877460000000263e-02 -2.086771449999999875e-02 -1.973359430000000067e-02 -2.148253379999999838e-02
1.464999689999999930e+02 7.787992850000000078e-02 5.815168649999999904e-03 -4.544359929999999825e-02 -1.653305810000000112e-02 -5.016810509999999890e-02 -6.132217200000000118e-02
1.492024999999999864e+02 7.388153090000000589e-02 7.237423909999999606e-03 -2.987229569999999904e-02 -1.507451999999999924e-02 -1.436297559999999938e-03 -4.895120199999999921e-02
1.518951559999999859e+02 7.976935100000000223e-02 4.174095509999999759e-03 -8.718432010000000745e-03 -1.970525769999999927e-02 -5.343081209999999987e-04 -2.787622080000000044e-02
1.545947339999999883e+02 7.625356919999999594e-02 1.157060539999999957e-02 8.246113739999999873e-03 5.924713669999999779e-03 -3.370972190000000313e-02 -4.489545720000000240e-02
1.572905159999999967e+02 6.429752610000000201e-02 1.579933520000000036e-02 2.503128140000000085e-02 -2.120450590000000010e-02 -1.151477820000000075e-02 2.843217129999999794e-03
1.599917969999999912e+02 6.726529639999999366e-02 1.492181170000000077e-02 2.503416860000000008e-02 -4.499980409999999875e-03 7.259875829999999988e-03 -3.695259979999999944e-02
1.626858279999999866e+02 6.862427290000000513e-02 1.621765999999999833e-02 4.228720689999999893e-02 -3.484882339999999940e-02 -1.230369090000000068e-02 6.400865470000000057e-02
1.653895310000000052e+02 7.044971540000000143e-02 2.008147000000000057e-02 4.386484849999999769e-02 -3.272311039999999810e-02 -3.164993950000000167e-02 -1.978553629999999994e-02
1.680963590000000067e+02 6.501506949999999452e-02 1.703704669999999907e-02 5.166816240000000199e-02 -1.369949399999999956e-02 -3.756525189999999903e-02 9.658450169999999169e-03
1.707910939999999869e+02 6.145991430000000144e-02 1.440186570000000048e-02 6.437825299999999640e-02 -1.949680549999999873e-02 -4.272752700000000126e-03 -1.217249620000000060e-02
1.735009689999999978e+02 5.029854470000000299e-02 8.798397609999999633e-03 7.011684749999999577e-02 -6.030606449999999924e-03 -6.074232029999999949e-02 -1.917500489999999927e-03
1.762112189999999998e+02 5.723299460000000338e-02 1.062145649999999934e-02 6.900134959999999762e-02 2.235290350000000009e-02 4.950428199999999668e-02 -5.864161030000000427e-03
1.789224529999999902e+02 5.288171459999999741e-02 3.051178119999999831e-03 7.178579259999999518e-02 5.044071730000000003e-02 7.882263690000000309e-03 2.355118910000000149e-02
1.816264999999999930e+02 5.029414320000000216e-02 -4.316006040000000001e-04 6.310796330000000010e-02 6.165345810000000260e-04 -8.550544950000000741e-03 7.155274970000000123e-02
1.843411409999999933e+02 5.001693260000000113e-02 3.226871269999999868e-03 5.857848339999999904e-02 4.890306300000000182e-03 -3.220186430000000072e-02 2.268925249999999977e-02
1.870422030000000007e+02 5.854224510000000103e-02 -4.646177320000000055e-03 5.956968049999999959e-02 1.697057529999999870e-02 -1.365670830000000058e-02 3.209418910000000347e-02
1.897355939999999919e+02 6.761042329999999989e-02 3.848408619999999902e-03 5.393441239999999942e-02 -2.147814929999999900e-02 1.656892940000000147e-02 1.457023110000000080e-02
1.924357029999999895e+02 6.584171839999999887e-02 5.249275519999999952e-03 6.123810200000000259e-02 -1.213348139999999992e-02 8.777829079999999694e-04 4.046725689999999820e-02
1.951309060000000102e+02 6.739849270000000669e-02 6.745666190000000530e-04 6.178950870000000234e-02 -1.125667430000000004e-02 -2.262955220000000076e-03 -1.409307110000000002e-02
1.978302189999999996e+02 5.796918139999999997e-02 7.334205580000000176e-03 6.762768969999999324e-02 1.388488589999999946e-02 1.034100909999999957e-02 1.367061609999999962e-02
2.005213589999999897e+02 5.759121319999999794e-02 2.014210929999999972e-03 6.452404650000000130e-02 1.716104569999999871e-02 9.888854100000000341e-03 -1.117724429999999991e-02
2.032382660000000101e+02 5.418887239999999744e-02 -2.518190679999999951e-05 7.267674749999999961e-02 3.283282750000000166e-02 2.267243249999999904e-02 9.715593430000000683e-03
2.059415160000000071e+02 5.549375060000000248e-02 -2.508411309999999950e-03 7.095129199999999914e-02 2.495834450000000010e-02 2.920237750000000132e-02 -1.504638529999999946e-02
2.086467969999999923e+02 6.204476710000000200e-02 2.470087919999999944e-03 7.332733650000000658e-02 1.908078670000000129e-02 3.037667659999999936e-02 -1.241750980000000002e-03
2.113316719999999975e+02 5.971645949999999925e-02 -2.114084760000000014e-03 7.841436720000000138e-02 -8.787838489999999850e-03 3.256926500000000002e-02 5.420041069999999989e-02
2.140332809999999881e+02 5.038392979999999771e-02 2.607247310000000099e-03 7.066883529999999636e-02 -2.429613140000000046e-02 -2.488729409999999951e-03 3.030495210000000092e-02
2.167219059999999899e+02 5.084858250000000301e-02 1.034979639999999979e-02 7.048279130000000003e-02 2.034865400000000074e-02 -3.946458639999999955e-03 6.574686909999999385e-02
2.194239839999999901e+02 4.565906699999999763e-02 1.188509389999999923e-02 6.113094000000000167e-02 2.848207170000000010e-02 1.654054740000000107e-02 8.052112349999999627e-03
2.221249840000000120e+02 5.810345769999999965e-02 2.419124270000000149e-03 5.770918760000000314e-02 3.732404660000000068e-02 1.765464480000000086e-02 2.872622970000000137e-02
2.248160159999999905e+02 5.504149109999999928e-02 -1.493857209999999939e-03 5.328432599999999991e-02 -2.151158419999999946e-02 4.096358260000000293e-03 -5.194768510000000346e-03
2.275207499999999925e+02 5.817781419999999704e-02 1.903618909999999929e-04 4.504000169999999859e-02 -7.804377010000000323e-03 -9.906386680000000416e-03 5.142857950000000351e-04
2.302125310000000127e+02 6.999073679999999464e-02 4.423369810000000145e-03 4.151755210000000057e-02 1.315123959999999967e-02 -2.695705400000000113e-02 1.035131329999999968e-02
2.329183910000000139e+02 7.226960329999999877e-02 5.762755690000000326e-03 4.798004439999999787e-02 -1.393818500000000050e-02 2.047807639999999971e-02 3.234801350000000159e-04
2.356193749999999909e+02 6.298236729999999450e-02 3.898516250000000176e-03 5.614962700000000057e-02 -3.812414840000000193e-03 -1.256658450000000061e-03 1.168000330000000010e-02
2.383203120000000013e+02 5.578400220000000187e-02 6.852349819999999959e-03 6.482015550000000403e-02 2.402399260000000203e-03 4.143124969999999879e-02 9.342310930000000124e-03
2.410241719999999930e+02 5.947315269999999682e-02 2.525723090000000191e-03 6.489359279999999675e-02 9.267110760000000710e-03 3.732613669999999828e-02 7.915274460000000512e-02
2.437183909999999969e+02 6.646606589999999593e-02 6.622867999999999637e-03 6.073205400000000059e-02 -9.849166879999999430e-03 4.407703179999999943e-02 4.087154879999999740e-02
2.464336089999999899e+02 5.684451170000000275e-02 5.882634040000000140e-03 5.890806760000000253e-02 3.256280969999999879e-03 1.494979960000000080e-02 5.413941709999999657e-02
2.491279999999999859e+02 5.770401900000000223e-02 2.482738630000000044e-03 5.593783919999999882e-02 -1.069849949999999994e-02 -1.848578480000000060e-03 7.631116189999999355e-02
2.518363439999999969e+02 5.526191200000000331e-02 -1.354018360000000098e-03 5.447328810000000299e-02 1.900779179999999985e-02 3.614544769999999962e-02 7.035581579999999891e-02
2.545349689999999896e+02 6.082788890000000170e-02 -9.409275470000000655e-03 5.454300589999999671e-02 7.491086640000000144e-04 2.907340040000000111e-02 -7.270477870000000009e-03
2.572370619999999803e+02 6.532779599999999354e-02 -9.141225260000000047e-03 4.900877339999999693e-02 2.793215060000000128e-03 3.512197079999999916e-02 -2.093740499999999921e-03
2.599346560000000181e+02 7.265013650000000378e-02 -1.073762089999999968e-02 5.513836469999999768e-02 -3.058490340000000023e-03 3.138359710000000052e-02 2.631872840000000144e-02
2.626386089999999740e+02 6.850967330000000410e-02 -8.167045810000000614e-03 4.450617800000000041e-02 -3.151302820000000116e-02 1.213807729999999939e-02 5.967962490000000043e-03
2.653243749999999750e+02 7.117384710000000669e-02 -1.216895030000000009e-02 4.790671559999999662e-02 -3.682126639999999673e-02 3.424503670000000194e-02 1.085931619999999957e-03
2.680345950000000244e+02 6.549750810000000423e-02 -9.735277699999999451e-03 5.295401329999999823e-02 -1.630883030000000039e-02 -1.217852219999999985e-02 -1.103610049999999981e-02
