# a=0.06589111288826618, b=-155.16501486655687, c=-0.0001601432611027642, xi=7.20792654718565
6.714971509999999588e-01 6.586669489999999461e-02 2.029590649999999871e-02 3.950528080000000053e-02 4.658842190000000300e-02 -3.518208059999999859e-02 9.886363739999999220e-03
3.368241929999999940e+00 7.081220789999999321e-02 2.748052620000000085e-02 2.695565880000000067e-02 3.243736080000000216e-02 -2.505222929999999931e-02 1.703929360000000157e-02
6.069900370000000045e+00 6.888646119999999873e-02 2.737877840000000132e-02 7.989381159999999621e-03 -8.467822280000000465e-03 2.471795630000000132e-04 2.556045830000000171e-02
8.763698800000000233e+00 7.293231390000000369e-02 1.773923330000000062e-02 -1.200309159999999979e-02 1.778129839999999934e-02 4.909898139999999828e-02 -4.150759260000000221e-03
1.147331179999999939e+01 7.785233160000000485e-02 9.454638740000000097e-03 -2.658058190000000057e-02 -4.509645879999999579e-03 6.258143870000000553e-02 -3.175032280000000123e-02
1.417879609999999957e+01 7.267496480000000536e-02 1.594537899999999911e-02 -3.148352139999999882e-02 2.830902260000000073e-02 3.125456940000000128e-02 -1.317848089999999923e-02
1.687963990000000081e+01 6.165271309999999921e-02 1.829812980000000006e-02 -4.380119290000000082e-02 1.143894999999999981e-02 1.097494830000000053e-02 -3.925406640000000252e-02
1.957760860000000136e+01 6.136554290000000023e-02 1.666241599999999934e-02 -4.254879799999999879e-02 2.895897340000000084e-02 1.765397670000000072e-02 4.078147039999999689e-03
2.228447740000000010e+01 6.734781569999999384e-02 1.738772380000000103e-02 -5.596475089999999875e-02 7.880601649999999236e-03 -1.059014559999999980e-02 -1.364904020000000091e-04
2.498377580000000009e+01 6.568534680000000237e-02 9.044004350000000789e-03 -5.406252439999999909e-02 -1.047885710000000074e-02 -2.509512259999999856e-02 -9.742879950000000403e-04
2.767946650000000020e+01 7.550862469999999882e-02 7.477046680000000098e-03 -5.399481190000000180e-02 3.393731230000000126e-02 -1.511148089999999992e-02 -2.971672389999999858e-02
3.039028360000000006e+01 7.353663829999999846e-02 -2.088552940000000177e-03 -5.672984860000000046e-02 3.940293870000000087e-02 -3.132886790000000143e-02 -3.813918389999999825e-02
3.308189149999999756e+01 6.608205740000000494e-02 6.719358839999999607e-04 -5.880594320000000208e-02 7.850577359999999505e-02 1.979670689999999886e-02 -2.236429029999999901e-02
3.577853520000000032e+01 6.464654899999999760e-02 -1.295779600000000092e-04 -5.936978340000000076e-02 1.503549849999999931e-02 5.619338899999999637e-03 -7.366652070000000163e-02
3.847173360000000031e+01 6.108776979999999690e-02 1.498521899999999928e-03 -6.420599059999999858e-02 6.766506719999999808e-02 2.847887589999999886e-02 -9.275681900000000424e-02
4.116885709999999676e+01 6.143282950000000103e-02 4.433152389999999734e-04 -6.580931919999999380e-02 2.733334629999999849e-02 -8.652875659999999941e-03 -3.116754669999999977e-02
4.387847899999999868e+01 6.781196359999999701e-02 5.512394510000000018e-03 -6.212338679999999946e-02 6.421936599999999822e-03 -2.369159259999999850e-02 2.446026039999999856e-03
4.657291959999999875e+01 7.020382869999999831e-02 3.101415420000000001e-04 -5.666966889999999757e-02 -1.554170409999999954e-02 -1.172445519999999915e-02 3.640763300000000174e-02
4.926613989999999887e+01 6.720301380000000269e-02 -5.949765919999999882e-03 -5.098361850000000112e-02 2.457598269999999863e-02 -1.262939279999999997e-02 3.082159370000000023e-02
5.196150550000000123e+01 5.930427800000000194e-02 -4.711505759999999945e-03 -4.367068450000000102e-02 4.126259029999999883e-02 -1.573600480000000162e-02 -2.939340999999999829e-02
5.466598830000000220e+01 6.375298050000000050e-02 -3.400812280000000201e-03 -5.696764330000000237e-02 6.557365330000000658e-02 -4.150987400000000216e-02 -5.672871310000000139e-02
5.736956020000000223e+01 7.401753219999999966e-02 -1.058992379999999962e-02 -5.795701290000000033e-02 4.395326370000000177e-02 1.329337010000000057e-03 -1.251378579999999976e-02
6.006655239999999907e+01 7.726444640000000585e-02 -1.627625609999999896e-03 -6.152798389999999951e-02 4.984159469999999842e-02 9.718624940000000073e-03 6.330288659999999852e-03
6.276797270000000140e+01 6.657808739999999947e-02 -1.905008190000000027e-03 -6.636276789999999426e-02 -8.949742050000000781e-03 -7.594061770000000433e-03 -7.084117140000000326e-03
6.546294620000000464e+01 6.289952299999999885e-02 7.037820600000000391e-03 -6.009649110000000322e-02 -2.075393920000000170e-02 1.429114670000000004e-02 -2.231978760000000173e-02
6.815971650000000182e+01 5.810360419999999887e-02 -1.286669050000000068e-03 -6.421527300000000327e-02 -1.557551149999999995e-02 3.838137120000000013e-02 -1.129654559999999919e-02
7.085379299999999603e+01 5.701073830000000231e-02 -5.462283679999999954e-03 -7.824125819999999676e-02 -1.406622169999999922e-02 7.273124599999999940e-03 -3.506053440000000271e-02
7.354410710000000506e+01 6.143040920000000099e-02 -5.148889559999999740e-03 -7.001098960000000371e-02 4.263265809999999822e-02 6.734988849999999552e-04 -2.828510630000000137e-02
7.625886020000000087e+01 5.864404210000000173e-02 -6.774578879999999803e-03 -6.744931060000000644e-02 5.181704930000000098e-02 2.321200949999999846e-02 -7.331081329999999951e-02
7.896655239999999765e+01 5.596728189999999881e-02 -3.644668739999999858e-03 -6.993674960000000052e-02 1.979170660000000026e-02 -4.870527910000000196e-03 -6.722959650000000231e-02
8.167004149999999640e+01 6.430909799999999510e-02 -1.218617940000000024e-02 -6.434539899999999757e-02 6.582338840000000191e-02 1.761109259999999897e-03 -3.019327399999999911e-02
8.437188209999999344e+01 6.496180120000000224e-02 5.980291809999999575e-04 -6.487343210000000304e-02 2.477886149999999899e-02 -5.394120959999999798e-02 -5.563749429999999968e-02
8.707492740000000708e+01 6.937715410000000471e-02 1.436757519999999969e-03 -6.435529869999999375e-02 3.560548350000000088e-03 -2.389421909999999913e-02 -2.668533890000000103e-02
8.977411490000000072e+01 6.102440960000000275e-02 -2.579985150000000185e-03 -6.948095320000000075e-02 1.350303049999999980e-03 1.564810089999999973e-02 -2.052127730000000150e-02
9.247449149999999918e+01 6.071178750000000290e-02 -5.378631380000000253e-03 -6.299078210000000344e-02 2.180138129999999869e-02 2.220699879999999890e-02 3.836363699999999904e-02
9.517402579999999546e+01 5.078258360000000027e-02 4.379114140000000231e-03 -6.927923029999999427e-02 1.006169529999999951e-02 3.329801749999999894e-02 3.445424080000000083e-02
9.788060240000000078e+01 5.125469889999999945e-02 -1.742092439999999966e-03 -6.808338469999999920e-02 1.175114250000000062e-02 2.218910140000000114e-02 -1.133964760000000065e-02
1.005769149999999996e+02 5.316782169999999946e-02 9.313121859999999922e-05 -6.955720940000000019e-02 3.861350919999999992e-02 -1.687206800000000048e-02 2.566283150000000027e-02
1.032930709999999976e+02 5.663555420000000035e-02 6.963511810000000369e-04 -6.857481170000000181e-02 2.629661469999999834e-02 3.081697629999999993e-02 -2.869820609999999828e-02
1.059959460000000036e+02 5.650751949999999885e-02 4.241482329999999960e-03 -6.857265980000000483e-02 1.276101649999999976e-02 2.760176589999999847e-02 3.074010250000000152e-02
1.087065400000000039e+02 5.223123109999999736e-02 8.400146560000000193e-03 -7.004607710000000653e-02 4.206657519999999761e-02 1.461128679999999964e-02 3.149529289999999926e-02
1.114081340000000040e+02 5.923116739999999963e-02 3.773092280000000208e-03 -6.567694400000000099e-02 3.790502350000000270e-02 5.374013059999999814e-02 5.106630820000000043e-02
1.141101019999999977e+02 6.152687729999999772e-02 -1.012085760000000023e-03 -6.703419160000000099e-02 1.634649820000000120e-05 1.640690699999999835e-02 2.921258740000000007e-02
1.168108840000000015e+02 6.470877710000000338e-02 7.016350680000000076e-03 -6.583927400000000318e-02 2.901768380000000098e-03 2.988110399999999861e-02 -1.977565510000000096e-02
1.195159620000000018e+02 6.224415810000000215e-02 3.519116110000000078e-03 -7.012181400000000453e-02 -2.477575149999999837e-02 1.757092429999999872e-02 -3.787234350000000249e-02
1.222044769999999971e+02 5.625994819999999980e-02 1.610931629999999906e-02 -7.319550669999999593e-02 1.503367299999999913e-02 -2.494768359999999935e-02 -2.602332190000000017e-02
1.249079930000000047e+02 6.482457739999999968e-02 8.318260739999999709e-03 -5.889135339999999885e-02 6.614864019999999734e-02 1.454050909999999967e-03 -1.404202369999999964e-02
1.276033209999999940e+02 6.596000999999999947e-02 1.734543990000000013e-03 -5.736178339999999792e-02 5.634462120000000018e-02 -4.075623650000000098e-02 3.509168389999999665e-02
1.303093059999999923e+02 6.535622950000000153e-02 -5.489954459999999911e-03 -5.566776209999999697e-02 1.094425710000000024e-02 4.391636720000000049e-02 1.998520739999999976e-02
1.330048209999999926e+02 5.435933789999999877e-02 1.951959579999999978e-04 -6.401775149999999748e-02 6.360597580000000584e-02 1.573109480000000129e-02 1.371666960000000011e-02
1.357105709999999874e+02 5.807874610000000187e-02 -3.874724510000000094e-03 -6.158458289999999696e-02 5.707774759999999920e-02 5.556079020000000146e-03 -3.589224929999999987e-03
1.384098520000000008e+02 6.461878719999999965e-02 -2.494710540000000254e-04 -6.255993860000000351e-02 7.981474090000000021e-02 6.366755850000000057e-03 1.671927799999999974e-03
1.411035709999999881e+02 5.883416429999999836e-02 2.732556320000000157e-03 -5.453212290000000045e-02 9.694750420000000646e-02 -1.237256080000000060e-03 -3.976918289999999828e-02
1.438169929999999965e+02 6.067635009999999829e-02 6.995304029999999812e-04 -5.759688880000000261e-02 2.120129150000000032e-02 -1.958417000000000144e-02 -1.537818129999999998e-02
1.465083679999999902e+02 5.720263789999999876e-02 1.509055530000000082e-03 -5.481149619999999695e-02 1.353834689999999959e-02 -2.140048099999999898e-02 -2.441071679999999924e-02
1.492087740000000053e+02 7.064604830000000002e-02 8.904817610000000799e-03 -4.192935090000000226e-02 -5.057228530000000034e-03 -1.193821609999999936e-02 -3.597320960000000012e-02
1.519051650000000109e+02 7.338669329999999991e-02 6.026436760000000031e-03 -3.254349050000000104e-02 -1.739525119999999966e-02 -1.164355750000000030e-02 -2.274204599999999840e-02
1.545816340000000082e+02 7.389091500000000146e-02 4.717280469999999767e-03 -6.664811009999999612e-03 -2.507132910000000117e-02 -1.579578319999999994e-02 -1.775971850000000046e-02
1.572816650000000038e+02 7.583661519999999878e-02 -6.115515430000000204e-03 1.761643070000000130e-02 -2.883135660000000003e-02 9.169797539999999941e-03 -2.649453729999999910e-02
1.599768369999999891e+02 7.269957479999999972e-02 -3.295814519999999866e-03 4.175170479999999740e-02 -1.709171400000000091e-02 -4.476029699999999750e-02 9.992447130000000136e-03
1.626655240000000049e+02 7.421775830000000573e-02 8.261066540000000513e-04 4.949294469999999946e-02 2.430314210000000114e-02 -2.306347259999999913e-02 3.303544869999999745e-02
1.653701959999999929e+02 6.073246289999999908e-02 -4.685517039999999994e-03 6.015313640000000128e-02 3.093079859999999914e-03 -2.247658550000000005e-02 6.534380859999999736e-02
1.680753210000000024e+02 5.784404149999999856e-02 -8.790581730000000121e-03 6.811327829999999639e-02 1.675526260000000101e-02 -4.242621590000000137e-02 5.350293619999999667e-02
1.707862430000000131e+02 6.324030429999999425e-02 -5.669422490000000127e-03 6.451551449999999577e-02 3.962150710000000159e-02 2.004176250000000090e-02 4.463892480000000024e-02
1.734909769999999867e+02 6.352594509999999473e-02 -6.441027890000000124e-03 6.613104479999999674e-02 -1.868905369999999955e-03 -2.755513349999999875e-02 9.351833760000000106e-02
1.761996650000000102e+02 6.292662790000000395e-02 6.342008950000000214e-03 6.306851169999999618e-02 9.234646940000000581e-03 7.355479849999999910e-03 6.274055130000000258e-02
1.789104930000000024e+02 6.747313209999999950e-02 7.520033280000000368e-03 6.834268490000000584e-02 2.447565319999999919e-02 4.107271910000000192e-02 6.123136120000000071e-02
1.816090399999999931e+02 5.725901829999999887e-02 1.866152260000000090e-02 6.721411900000000272e-02 1.759053569999999983e-02 3.754543969999999862e-04 6.203138290000000110e-02
1.843147739999999999e+02 4.927682500000000326e-02 1.433419359999999962e-02 7.120739939999999601e-02 2.115582900000000099e-02 2.418936490000000213e-03 8.025033939999999533e-02
1.870181340000000034e+02 5.062642180000000158e-02 -6.297448539999999555e-04 7.493857850000000542e-02 1.606594839999999844e-02 -1.935580179999999914e-02 8.453507759999999427e-02
1.897165239999999926e+02 5.248980839999999731e-02 -7.147361680000000397e-03 7.793088200000000687e-02 2.408293710000000004e-02 2.263868600000000161e-02 8.322969650000000552e-02
1.924217429999999922e+02 4.827881099999999787e-02 5.530767580000000086e-03 6.988238519999999399e-02 5.517109259999999904e-03 2.445908960000000090e-02 4.237591589999999825e-02
1.951208839999999896e+02 5.701622829999999920e-02 -1.647724780000000069e-03 6.128920339999999883e-02 -2.402670129999999894e-03 1.676687259999999971e-02 1.092658720000000069e-02
1.978206490000000031e+02 5.935041840000000041e-02 -7.399932940000000271e-03 6.323640129999999471e-02 -8.036987199999999845e-03 2.358493500000000132e-02 4.944717199999999757e-02
2.005144620000000089e+02 4.943412049999999780e-02 3.438282610000000135e-03 6.722246229999999378e-02 -5.817842200000000220e-03 2.675933980000000031e-02 2.871325740000000085e-02
2.032261019999999974e+02 5.324118070000000147e-02 -1.175174190000000075e-03 7.127619859999999308e-02 1.334858379999999921e-02 1.167330960000000084e-02 8.065511699999999840e-02
2.059332899999999995e+02 5.559693379999999796e-02 -6.822946770000000265e-03 6.819126239999999395e-02 2.319285600000000128e-02 -9.425775140000000260e-03 1.280102650000000120e-01
2.086376490000000103e+02 4.804836509999999700e-02 -8.823849130000000276e-03 6.789563889999999935e-02 -7.548364119999999636e-03 9.364329220000000217e-03 7.590176290000000270e-02
2.113435560000000066e+02 4.261766200000000060e-02 -6.450019329999999960e-03 6.005661660000000124e-02 4.325509289999999985e-04 1.232758060000000051e-02 4.803295049999999761e-02
2.140531960000000140e+02 5.187582980000000205e-02 -3.570733860000000013e-03 6.072834790000000010e-02 2.557002289999999942e-02 -1.791792319999999973e-03 3.761302650000000053e-02
2.167544310000000110e+02 5.848243069999999738e-02 4.806447890000000063e-04 5.920647490000000013e-02 -1.776160280000000161e-02 -3.583502250000000322e-05 7.772508079999999875e-02
2.194660869999999875e+02 6.007436630000000111e-02 2.950466740000000192e-03 5.755360679999999701e-02 9.398165849999999197e-03 -6.284876029999999884e-03 1.314917179999999970e-02
2.221556649999999991e+02 6.608199550000000422e-02 4.446752430000000013e-03 6.488538419999999307e-02 -9.670324969999999701e-03 1.317582360000000077e-02 6.485467000000000315e-02
2.248407269999999869e+02 7.369898469999999757e-02 1.018342879999999985e-02 5.705197480000000210e-02 1.150336629999999978e-02 5.114923610000000204e-02 1.710525930000000167e-02
2.275331339999999898e+02 6.977904290000000453e-02 1.379889680000000000e-02 5.391434269999999945e-02 -7.919807980000000483e-03 2.281778979999999832e-02 4.548142399999999946e-02
2.302342270000000042e+02 7.889294040000000008e-02 1.725327349999999926e-02 5.353899079999999838e-02 5.681365889999999766e-03 2.213478500000000057e-02 2.296186180000000035e-02
2.329335089999999866e+02 7.361296389999999468e-02 1.126025909999999949e-02 5.299257140000000060e-02 3.080721590000000051e-02 -4.740177079999999959e-02 2.787723300000000126e-02
2.356321810000000028e+02 7.536201160000000066e-02 1.449910129999999915e-02 5.851330059999999833e-02 9.261480719999999611e-03 -3.743670419999999693e-02 4.841653220000000091e-02
2.383389459999999929e+02 6.832833759999999701e-02 7.467672590000000096e-03 6.066718050000000084e-02 1.744056670000000003e-02 -1.121649700000000062e-02 1.683158649999999881e-02
2.410268370000000004e+02 6.310945569999999727e-02 7.804953360000000187e-03 6.492704370000000613e-02 7.117671859999999927e-03 2.330066990000000116e-02 1.054931330000000028e-01
2.437373839999999916e+02 6.511766830000000061e-02 5.944296669999999880e-03 6.394652389999999631e-02 1.906578369999999828e-02 -7.525157670000000125e-03 4.850985070000000260e-02
2.464257269999999949e+02 6.090812520000000313e-02 8.873595530000000231e-03 6.907854780000000083e-02 8.696316870000000152e-04 3.792480549999999867e-02 5.350485080000000337e-02
2.491266180000000077e+02 6.007432929999999977e-02 4.803222339999999729e-03 5.839673129999999740e-02 3.213475710000000124e-03 -5.208392580000000341e-03 3.966488669999999883e-02
2.518377429999999890e+02 5.802013400000000098e-02 1.366711919999999934e-02 5.976789279999999982e-02 2.175500010000000137e-02 1.642816760000000154e-02 1.377451780000000028e-02
2.545291339999999991e+02 6.311622669999999991e-02 1.270146710000000061e-02 5.967653349999999662e-02 3.117592909999999939e-02 2.098358919999999961e-02 5.538578759999999990e-02
2.572205710000000067e+02 7.275420570000000475e-02 1.092348110000000011e-02 5.893462499999999743e-02 3.938681299999999968e-02 7.631943759999999972e-03 6.519092029999999649e-02
2.599292899999999804e+02 6.598179049999999823e-02 1.245224280000000079e-02 5.332343640000000023e-02 4.669195369999999679e-02 2.086837379999999936e-02 5.619375630000000149e-02
2.626187120000000164e+02 6.961869269999999832e-02 8.992964989999999506e-03 4.230273779999999678e-02 1.984928349999999855e-03 2.494813159999999946e-02 1.537807109999999970e-02
2.653205560000000105e+02 7.663056579999999451e-02 1.654611699999999908e-02 4.947169419999999929e-02 6.900454020000000577e-02 1.370023520000000078e-02 3.723779549999999688e-02
2.680126159999999800e+02 8.168752429999999454e-02 1.451276249999999997e-02 5.050870080000000040e-02 4.684143989999999674e-02 3.859444730000000101e-02 3.299506919999999760e-02
