# a=0.0657021515573987, b=-129.60863829443792, c=-0.00346307921378032, xi=7.262186059598671
6.634524000000000532e-01 6.379230830000000296e-02 -1.900378780000000012e-03 2.991333300000000028e-02 6.695514340000000009e-03 2.051437819999999898e-02 1.593105449999999979e-02
3.358059400000000139e+00 6.692131249999999643e-02 -6.786609660000000269e-04 1.031739589999999991e-02 4.110880160000000144e-03 5.204529320000000209e-02 2.532630779999999956e-02
6.065899700000000117e+00 7.084927539999999468e-02 2.428640010000000099e-03 -6.912735249999999582e-03 -9.215892360000000130e-03 3.053706409999999878e-03 1.596281849999999988e-02
8.773946889999999499e+00 6.796302340000000275e-02 -2.191759370000000045e-05 -2.631015540000000014e-02 -3.397186380000000172e-02 -4.303264159999999755e-02 4.002958840000000323e-02
1.148238410000000087e+01 6.914857729999999980e-02 -2.324860619999999899e-03 -3.583269840000000150e-02 -3.942171659999999661e-02 -1.784958730000000063e-02 2.737852769999999866e-02
1.418649030000000089e+01 6.773042710000000410e-02 -8.995239610000000524e-03 -4.467454450000000327e-02 -3.836550719999999928e-03 -5.336296370000000178e-02 -6.185625170000000339e-03
1.688968410000000020e+01 7.426837969999999789e-02 2.654240300000000087e-03 -4.058026680000000053e-02 -2.686270550000000121e-03 -6.158542520000000187e-02 -6.998858840000000275e-03
1.959371060000000142e+01 7.370226990000000589e-02 1.734335270000000049e-03 -4.690811040000000126e-02 -7.001336849999999570e-03 -5.909930619999999996e-02 -2.471599219999999833e-02
2.228602160000000154e+01 6.293788570000000138e-02 1.154652250000000021e-03 -5.535298599999999986e-02 -2.914602579999999929e-02 -3.440228559999999880e-02 9.898355629999999392e-03
2.498451530000000176e+01 5.448834329999999865e-02 -6.833573320000000360e-03 -5.801481609999999817e-02 -2.409711720000000043e-02 1.383812589999999960e-02 2.803396340000000042e-02
2.768705440000000095e+01 5.713637860000000263e-02 1.473333380000000064e-03 -6.425182020000000382e-02 -5.270881669999999755e-03 -3.141972080000000195e-02 4.849253199999999792e-02
3.037907470000000032e+01 6.003332740000000278e-02 -1.342229840000000018e-03 -6.607136519999999569e-02 -3.661117620000000098e-04 -3.132107020000000214e-02 7.483129230000000465e-02
3.308370910000000009e+01 5.982789260000000164e-02 1.016093580000000099e-03 -6.943533070000000584e-02 -1.079024209999999984e-02 2.629226150000000053e-02 2.800405900000000128e-02
3.578954499999999683e+01 6.298940499999999831e-02 1.162666529999999967e-03 -7.314940229999999932e-02 -1.753271110000000077e-02 1.048044729999999918e-02 -7.630421889999999992e-03
3.848677940000000319e+01 6.778997019999999374e-02 -7.971831229999999701e-04 -6.689187080000000285e-02 -1.925076209999999899e-02 -2.788672329999999921e-02 -9.717739589999999789e-03
4.118737939999999753e+01 7.063658150000000358e-02 -3.884086719999999861e-03 -7.341466739999999436e-02 1.686552930000000117e-02 -1.719823309999999998e-04 1.176355800000000035e-02
4.388125279999999862e+01 6.205501420000000129e-02 -9.417187509999999304e-03 -7.015320510000000453e-02 2.291054260000000009e-02 -4.029272369999999798e-03 -3.351692199999999761e-02
4.659309660000000264e+01 6.187336179999999852e-02 -1.168161189999999960e-02 -6.570945590000000502e-02 2.048331189999999871e-02 2.249627749999999829e-02 -2.286513199999999982e-02
4.928808719999999965e+01 6.495903449999999857e-02 -7.703656439999999675e-03 -6.782047550000000480e-02 2.233321409999999840e-02 6.085370119999999883e-02 -4.122823359999999715e-03
5.198499970000000303e+01 7.367411229999999700e-02 -1.931860160000000099e-03 -6.616156410000000043e-02 1.158042320000000035e-02 2.269739759999999870e-02 -3.021367359999999926e-03
5.467387630000000343e+01 6.729842020000000036e-02 -2.498215949999999918e-03 -7.069587880000000046e-02 -1.406062010000000070e-02 1.715197679999999961e-02 -2.136813209999999935e-02
5.736971059999999767e+01 6.504627729999999664e-02 -2.725060660000000034e-03 -7.279710389999999309e-02 -1.037279600000000010e-02 4.018668329999999789e-02 4.151375890000000247e-04
6.006857159999999851e+01 6.373407379999999900e-02 -2.123931849999999982e-03 -7.502290659999999445e-02 -1.244042279999999986e-02 4.816200009999999782e-02 -1.006368070000000087e-02
6.276851059999999904e+01 6.953219389999999722e-02 2.508423459999999973e-03 -6.862518639999999615e-02 -1.687466309999999942e-02 6.430356369999999655e-02 -2.541916290000000023e-02
6.546938099999999849e+01 6.437639890000000642e-02 -2.984348150000000217e-03 -6.605766949999999915e-02 2.482694499999999957e-02 2.443845110000000126e-02 -1.826498179999999985e-02
6.817358559999999557e+01 5.883529810000000249e-02 -7.372813120000000151e-03 -6.644877359999999678e-02 1.103122070000000024e-02 -5.664012349999999855e-03 -1.307065079999999990e-02
7.087064809999999682e+01 6.624696509999999927e-02 -8.804357540000000079e-03 -7.035044410000000636e-02 1.506218610000000088e-04 -1.090235300000000004e-02 -3.018684030000000004e-02
7.356508100000000638e+01 6.927149409999999730e-02 -2.797550079999999890e-03 -6.713961559999999384e-02 -6.277215610000000216e-03 4.097723660000000129e-03 -2.747489859999999867e-02
7.626716530000000205e+01 7.031323949999999934e-02 -6.994288119999999935e-03 -7.432542770000000187e-02 7.088944750000000274e-03 8.382706849999999391e-03 -1.630163039999999938e-02
7.895898099999999431e+01 6.843119459999999488e-02 -6.799347340000000232e-03 -7.671568780000000143e-02 2.340750429999999965e-02 2.265362380000000148e-02 -1.660068199999999855e-02
8.165447000000000344e+01 6.042501840000000235e-02 -4.315498850000000150e-03 -7.674644340000000287e-02 3.110576370000000049e-02 -9.597192319999999638e-03 7.070632789999999751e-03
8.435920280000000560e+01 5.716912090000000196e-02 -1.031142839999999936e-02 -6.830363509999999583e-02 2.711844180000000035e-02 -3.234646179999999677e-02 -1.100649650000000077e-02
8.705547310000000039e+01 5.572337769999999996e-02 -7.748480070000000018e-03 -7.155383549999999593e-02 -2.300417670000000012e-02 -4.044954729999999943e-02 -1.512080889999999934e-02
8.975611530000000471e+01 6.367765100000000178e-02 -1.053442190000000028e-02 -6.470798619999999779e-02 -1.235877019999999946e-03 -2.129886099999999879e-02 1.650388100000000063e-03
9.245077310000000637e+01 6.070863480000000117e-02 -1.080184820000000025e-02 -6.976012319999999600e-02 -1.028229079999999976e-02 -2.953975959999999984e-02 -2.757013239999999907e-03
9.515255279999999516e+01 6.227842410000000023e-02 -7.344282330000000136e-03 -6.183643729999999811e-02 -1.490301800000000051e-02 -4.989396870000000102e-03 2.318297520000000070e-02
9.785329659999999308e+01 6.167307400000000134e-02 -3.323150610000000140e-03 -6.620523030000000086e-02 -1.864665690000000004e-03 6.866111920000000490e-04 1.018209269999999916e-02
1.005624719999999996e+02 6.757953310000000546e-02 -1.901677349999999957e-03 -7.020200599999999735e-02 -9.376756649999999985e-03 -8.704880559999999840e-04 2.657087040000000091e-03
1.032766430000000071e+02 6.435825389999999535e-02 5.360320659999999980e-03 -6.785830719999999538e-02 -1.187976399999999925e-02 5.064494640000000159e-03 -2.450787919999999898e-02
1.059707999999999970e+02 6.085386389999999923e-02 -1.940067070000000063e-04 -7.080472050000000128e-02 1.664098370000000049e-02 3.612389650000000143e-03 -4.780552200000000307e-02
1.086744719999999944e+02 5.520267129999999883e-02 -5.180160870000000270e-04 -7.145488029999999546e-02 -1.131431459999999967e-04 2.881564220000000162e-02 -4.187917619999999980e-02
1.113757530000000031e+02 6.244025839999999689e-02 -2.621680449999999867e-03 -6.296095440000000487e-02 3.923551360000000245e-03 6.088041389999999942e-03 -2.186462289999999836e-02
1.140674560000000071e+02 6.010771389999999825e-02 1.807341459999999966e-03 -6.301166249999999580e-02 1.439379040000000019e-02 1.384353410000000069e-02 -2.459297200000000114e-02
1.167707999999999942e+02 6.230748559999999686e-02 4.397633280000000150e-04 -5.900306470000000331e-02 -1.396286279999999977e-02 1.341767460000000030e-02 -2.317363459999999958e-02
1.194702060000000046e+02 6.925416049999999490e-02 -4.687694150000000330e-03 -6.491284049999999917e-02 -3.394728560000000173e-02 -1.808115789999999862e-02 -4.106325510000000123e-02
1.221679400000000015e+02 7.149213479999999565e-02 -3.606157870000000019e-04 -5.883833320000000228e-02 -2.272844190000000014e-02 -2.973870220000000147e-02 -9.302711119999999834e-02
1.248674720000000065e+02 7.709613799999999462e-02 -2.675680089999999799e-03 -4.454186000000000256e-02 -3.582515459999999902e-02 -3.241545769999999715e-02 -6.344620630000000205e-02
1.275684399999999954e+02 7.847880429999999630e-02 1.772074530000000052e-03 -1.849428129999999837e-02 -2.750681240000000041e-02 1.753186509999999851e-02 -1.151318580000000071e-02
1.302703620000000058e+02 8.370037689999999808e-02 2.472982099999999905e-03 5.189399509999999618e-03 -3.140577829999999931e-02 5.962533719999999621e-03 -1.629836050000000106e-02
1.329648620000000108e+02 8.257048340000000541e-02 7.029092909999999639e-03 2.432670920000000112e-02 -8.515738139999999567e-03 -2.553394320000000085e-03 -4.040636100000000175e-02
1.356686899999999980e+02 7.734373059999999356e-02 8.301074259999999261e-03 3.882163839999999699e-02 -1.056779289999999934e-02 -1.798668750000000094e-02 -4.093868700000000138e-02
1.383800970000000063e+02 7.043088590000000371e-02 9.212765790000000676e-03 5.576776509999999826e-02 -7.086089129999999757e-03 -5.385123659999999784e-02 -5.290242450000000318e-02
1.410831119999999999e+02 6.651547380000000231e-02 7.204105100000000178e-03 5.606213959999999802e-02 -4.978196919999999630e-03 -2.393636580000000139e-02 -3.190606829999999977e-02
1.437873930000000087e+02 5.988386939999999770e-02 -8.880442359999999756e-04 5.252392930000000099e-02 -4.630397849999999711e-03 -4.744946139999999674e-02 1.989770509999999886e-04
1.464906750000000102e+02 5.394154939999999676e-02 -4.532792780000000250e-03 5.779112890000000224e-02 -6.206325879999999989e-02 -1.252288720000000084e-02 4.023075930000000189e-02
1.491929719999999975e+02 5.115634880000000106e-02 -4.570372189999999737e-03 5.432833010000000240e-02 -4.781503379999999664e-02 2.529463410000000120e-02 2.508818529999999949e-02
1.518921589999999924e+02 5.773398899999999945e-02 -1.068251670000000021e-02 5.823438379999999748e-02 -2.008783899999999970e-02 6.298852189999999858e-03 -5.015670779999999856e-02
1.545874719999999911e+02 6.197422710000000112e-02 -8.449091150000000855e-03 5.733091039999999722e-02 1.083253099999999941e-02 8.572757170000000482e-03 -3.096206519999999962e-02
1.572827530000000138e+02 6.975036440000000060e-02 -1.254968539999999980e-02 6.059350069999999699e-02 -7.766907380000000194e-03 8.246063569999999981e-03 2.170794040000000036e-02
1.599773470000000088e+02 6.914388339999999467e-02 -5.096860419999999989e-03 6.212688660000000029e-02 -1.429717819999999986e-02 5.577185309999999757e-02 2.657221120000000103e-02
1.626779720000000111e+02 6.844969500000000484e-02 -8.380791659999999380e-03 5.603648819999999808e-02 -4.116166830000000249e-02 -1.162558240000000076e-02 -1.312275379999999943e-02
1.653709090000000117e+02 7.422187780000000235e-02 -4.691097089999999616e-03 5.864124400000000209e-02 -2.037665719999999861e-02 9.920764769999999844e-03 -8.901261230000000538e-03
1.680672219999999868e+02 6.879516019999999676e-02 -2.287098610000000160e-03 6.168587529999999819e-02 -5.392339809999999699e-03 2.243665850000000142e-02 9.930988490000000612e-03
1.707659869999999955e+02 6.192632210000000026e-02 4.357434559999999804e-03 6.921280890000000574e-02 3.933918070000000161e-04 -1.195665509999999966e-02 -4.930039930000000396e-03
1.734487530000000106e+02 6.127279630000000143e-02 4.810311710000000039e-03 6.839175109999999502e-02 6.170423149999999801e-02 -5.681744310000000353e-03 -4.838956479999999977e-02
1.761446119999999951e+02 6.017983600000000044e-02 4.984471950000000408e-03 6.365601429999999394e-02 4.823625170000000323e-02 -4.776594470000000182e-03 -6.726777750000000056e-02
1.788390339999999981e+02 6.213012860000000082e-02 5.190388110000000201e-03 6.421008220000000433e-02 4.987171079999999776e-04 -1.250620330000000013e-03 -3.456660300000000130e-02
1.815336279999999931e+02 6.323241490000000575e-02 5.059630689999999702e-03 6.801306040000000552e-02 -4.292721160000000091e-02 -4.624819599999999836e-02 -2.951114120000000035e-02
1.842387530000000027e+02 6.290457839999999412e-02 2.717624740000000160e-03 7.366415980000000363e-02 -5.262709899999999663e-02 -5.325696440000000226e-02 -2.880269909999999892e-02
1.869425500000000113e+02 6.183571849999999759e-02 2.014154269999999993e-03 6.752328189999999564e-02 -2.501893440000000149e-02 -7.240447910000000382e-03 7.652589950000000113e-03
1.896423470000000009e+02 6.221988059999999932e-02 1.995117680000000129e-03 6.597180280000000674e-02 -1.129961969999999927e-02 -6.305355900000000208e-03 1.954811769999999834e-03
1.923477059999999881e+02 7.140038919999999734e-02 3.886894840000000090e-05 6.150458510000000184e-02 -3.568177049999999868e-03 3.440709270000000264e-02 2.494415600000000031e-03
1.950428469999999948e+02 7.555622409999999955e-02 1.243836330000000099e-03 5.666973690000000341e-02 4.208620760000000155e-02 4.641541290000000125e-02 3.126197879999999957e-02
1.977360810000000129e+02 7.247713879999999331e-02 1.053097220000000049e-02 5.089521310000000298e-02 7.272504829999999754e-02 4.357972909999999894e-02 5.700454709999999703e-02
2.004336120000000108e+02 6.837316609999999351e-02 8.831097499999999295e-03 5.260656500000000096e-02 8.111026300000000189e-02 5.966283089999999817e-03 4.512870950000000270e-02
2.031333620000000053e+02 5.513390969999999724e-02 1.408826850000000032e-03 6.028143810000000102e-02 4.347695819999999878e-02 1.799615549999999953e-02 1.791303379999999862e-02
2.058366589999999974e+02 5.539136420000000116e-02 2.295372879999999904e-03 6.043484500000000093e-02 -2.037659329999999894e-02 2.340164629999999871e-02 2.626423120000000166e-02
2.085323309999999992e+02 4.946675440000000007e-02 2.916961090000000107e-03 6.666217359999999925e-02 -2.982248150000000111e-02 3.425966619999999685e-02 -2.927800820000000127e-03
2.112350649999999916e+02 5.330140340000000254e-02 6.898133059999999629e-03 6.897730700000000159e-02 -4.009330760000000271e-02 2.743950339999999891e-02 2.893278369999999818e-03
2.139414559999999881e+02 6.083013959999999942e-02 3.870476250000000167e-03 6.874215309999999468e-02 3.987966770000000299e-03 1.747805599999999876e-02 5.300844469999999725e-02
2.166364560000000097e+02 6.748418259999999780e-02 9.843146590000000778e-03 6.131903519999999663e-02 2.161471330000000121e-02 6.861072610000000342e-03 2.098462599999999928e-02
2.193415500000000122e+02 7.598382759999999791e-02 6.408263620000000105e-03 6.169705620000000279e-02 -1.515843719999999950e-02 -2.565255619999999917e-02 1.807751869999999969e-02
2.220355500000000006e+02 7.741457910000000553e-02 5.975658699999999816e-03 6.512327410000000316e-02 -5.004906299999999780e-02 -5.299206079999999736e-02 -2.790795510000000125e-03
2.247290340000000128e+02 7.867631029999999637e-02 2.997291789999999897e-03 6.742987409999999515e-02 -4.837169969999999958e-02 -1.493445610000000007e-02 -2.308757390000000173e-02
2.274248000000000047e+02 7.865104589999999396e-02 5.941489940000000032e-03 6.225726119999999697e-02 -9.744937940000000104e-03 -2.408939779999999878e-02 5.295295149999999784e-02
2.301227220000000102e+02 7.325776289999999524e-02 7.511726570000000144e-03 6.332928660000000654e-02 5.507225800000000414e-03 2.625253660000000100e-02 4.062499809999999684e-02
2.328252219999999966e+02 6.096814329999999948e-02 2.889657969999999930e-03 5.959784130000000263e-02 -1.930787470000000158e-02 3.663451849999999760e-02 1.000860829999999924e-02
2.355313470000000109e+02 5.818412600000000268e-02 6.414087560000000104e-03 7.009760530000000434e-02 -4.448510919999999758e-02 5.635420730000000045e-02 4.223717830000000249e-03
2.382456280000000106e+02 5.452696120000000146e-02 1.289126100000000065e-03 7.209485940000000259e-02 -9.914460240000000368e-02 4.224414469999999977e-02 3.187883660000000174e-02
2.409427369999999939e+02 5.234787960000000101e-02 -7.067098059999999500e-04 7.476013850000000349e-02 -4.199441560000000129e-02 -1.853591149999999840e-02 5.861144640000000294e-02
2.436441120000000069e+02 5.047639100000000240e-02 -3.347110090000000003e-03 7.099155940000000109e-02 2.047767769999999862e-02 -3.988434359999999679e-02 4.288031769999999659e-02
2.463423310000000015e+02 4.555332010000000265e-02 5.427102330000000037e-03 6.839549790000000462e-02 6.719459799999999428e-02 -3.550056210000000073e-02 1.152135380000000008e-02
2.490457680000000096e+02 5.935603080000000087e-02 4.832834129999999742e-03 6.732742999999999367e-02 4.477917339999999691e-02 -1.661859900000000126e-02 3.622453080000000158e-02
2.517410649999999919e+02 5.945536309999999852e-02 3.152014470000000148e-03 6.878107420000000027e-02 3.822813340000000282e-02 1.533467020000000083e-02 -1.634922319999999873e-02
2.544390649999999994e+02 6.005490289999999842e-02 3.885259060000000042e-03 6.370192880000000168e-02 4.686209709999999973e-02 1.809869429999999904e-02 -4.384321120000000266e-02
2.571368469999999888e+02 7.172287900000000327e-02 -5.294391459999999968e-04 6.105942989999999654e-02 4.398859110000000183e-02 5.531320089999999801e-03 -4.796116660000000059e-02
2.598386590000000069e+02 7.024907880000000326e-02 3.095833890000000005e-03 5.622232759999999663e-02 5.022577789999999737e-02 -1.814613539999999914e-02 -3.470563419999999916e-03
2.625422219999999811e+02 6.081141260000000326e-02 -1.476882479999999925e-03 4.877976810000000246e-02 -1.202887940000000070e-03 -1.446791830000000029e-02 -1.876457070000000019e-02
2.652361750000000029e+02 6.205648200000000309e-02 -3.202177290000000204e-03 5.212997309999999745e-02 -1.614429239999999946e-02 1.422714010000000057e-02 -2.689574689999999976e-02
2.679332370000000196e+02 6.598514010000000596e-02 4.759622320000000159e-04 4.141641599999999757e-02 -4.533308829999999935e-03 1.219930699999999951e-02 1.362656600000000055e-03
