# a=0.06108948605857621, b=-146.12715688963547, c=0.002880939752945222, xi=6.703257843555242
6.899003019999999653e-01 6.179656929999999965e-02 -1.285253989999999950e-02 5.910828249999999784e-02 -3.850532130000000174e-03 1.759028290000000036e-02 -6.728718909999999685e-03
3.389326469999999869e+00 6.786881760000000596e-02 -1.390290790000000068e-02 6.305491940000000628e-02 8.914643119999999393e-03 2.007627069999999916e-02 2.233349700000000077e-02
6.099316929999999637e+00 7.029190000000000438e-02 -1.457379410000000063e-02 5.618487870000000300e-02 1.514761979999999959e-02 1.107063550000000028e-02 -8.864929020000000479e-03
8.807667869999999510e+00 7.454647440000000680e-02 -4.364399399999999846e-03 4.367279460000000196e-02 9.154005700000000237e-04 1.489654080000000092e-03 4.777367879999999678e-02
1.150223800000000018e+01 8.193939209999999418e-02 -3.425684850000000094e-03 3.289276580000000116e-02 1.924651289999999848e-02 5.666230359999999827e-03 1.642329589999999909e-02
1.418955210000000022e+01 8.166244870000000100e-02 -2.369921279999999842e-03 2.219489360000000133e-02 -1.609463410000000136e-02 -1.552070740000000004e-02 3.939338440000000191e-02
1.689676929999999899e+01 7.296485169999999965e-02 5.240597310000000113e-03 -7.109478960000000305e-03 -1.583645620000000143e-02 -2.507489330000000141e-02 6.282603270000000108e-03
1.959324900000000014e+01 7.107198389999999644e-02 -9.073030870000000150e-03 -2.186158239999999933e-02 -1.489872180000000046e-02 -3.683532989999999813e-02 2.015477350000000056e-02
2.228794900000000112e+01 6.768727970000000538e-02 -1.987830730000000011e-03 -3.402951139999999680e-02 -9.879939989999999422e-03 9.921776020000000126e-03 1.318904729999999985e-03
2.498858489999999932e+01 6.154245230000000150e-02 -1.092601020000000082e-02 -3.503266590000000263e-02 -2.014373449999999968e-02 8.080276549999999489e-03 -1.328460950000000078e-02
2.769601460000000159e+01 6.063852229999999732e-02 -6.234830949999999906e-03 -4.041428059999999794e-02 2.701154730000000087e-02 -1.122082060000000048e-02 -3.021543000000000145e-02
3.038219580000000164e+01 6.606962610000000069e-02 -1.460702189999999942e-02 -5.262702240000000087e-02 1.343011390000000034e-02 -3.621453130000000086e-03 5.009166009999999752e-02
3.308918330000000196e+01 6.277447549999999599e-02 -1.051276410000000043e-02 -5.287090629999999930e-02 5.586864409999999642e-03 2.371648549999999869e-02 3.886606539999999665e-02
3.579153329999999755e+01 6.202829149999999903e-02 -6.604883730000000314e-03 -5.583666479999999793e-02 -4.824329809999999830e-03 2.629815740000000096e-02 4.568124300000000332e-02
3.849195830000000029e+01 6.789923220000000648e-02 -1.740731620000000044e-03 -5.706914910000000091e-02 3.838451119999999883e-02 -1.078880630000000028e-02 -1.370419080000000005e-02
4.118808649999999716e+01 5.919391670000000161e-02 -3.210578390000000133e-03 -5.923185949999999755e-02 1.873637000000000045e-03 9.988153119999999136e-03 2.074730249999999845e-02
4.388616929999999883e+01 4.876157849999999960e-02 -1.142146320000000069e-02 -6.096961139999999835e-02 -1.750217889999999832e-02 -9.364100369999999590e-03 6.463832309999999713e-03
4.659331300000000198e+01 4.737361910000000009e-02 -1.535587849999999963e-02 -6.871050580000000185e-02 2.112916360000000049e-02 -1.539809619999999964e-03 -1.712659349999999872e-02
4.929068649999999963e+01 5.465943659999999982e-02 -1.085363840000000066e-02 -7.124561040000000622e-02 1.624555790000000062e-03 1.041535640000000075e-02 1.497990249999999910e-03
5.199834270000000203e+01 5.786084080000000046e-02 -9.289074620000000587e-03 -7.247122829999999571e-02 2.594059580000000059e-02 -1.587307179999999929e-02 -2.569597289999999909e-02
5.470253799999999700e+01 5.046981700000000015e-02 -1.324098569999999919e-02 -6.520502590000000487e-02 1.237420929999999940e-02 9.758750499999999800e-03 -4.229022970000000103e-02
5.740062859999999745e+01 5.131655510000000114e-02 -1.230797559999999985e-02 -6.621950490000000356e-02 3.035481090000000104e-02 7.210810410000000059e-02 -7.654866089999999568e-02
6.008776770000000056e+01 5.710986309999999816e-02 -4.899465599999999754e-03 -5.448044400000000287e-02 5.595504299999999945e-03 2.170892580000000072e-02 -5.289248590000000111e-03
6.279084430000000339e+01 6.240950650000000322e-02 4.896634169999999507e-04 -5.676757939999999697e-02 8.303614529999999577e-03 -1.782171520000000106e-02 -6.927413080000000001e-03
6.548743179999999597e+01 6.036455369999999682e-02 1.143935719999999946e-03 -5.738585930000000140e-02 1.278502149999999988e-03 -2.807336679999999918e-02 -5.334055520000000397e-03
6.817564900000000705e+01 6.626859109999999609e-02 -6.913695509999999780e-03 -5.516358760000000111e-02 -5.464879529999999708e-02 -3.032612479999999971e-02 -1.049636839999999955e-03
7.088266930000000343e+01 4.901865510000000259e-02 -5.528368470000000374e-03 -6.367706600000000439e-02 -8.435755059999999837e-04 3.102949190000000093e-02 7.941723100000000826e-03
7.358150990000000036e+01 3.721901529999999819e-02 -6.394690599999999954e-03 -7.076727709999999782e-02 1.051886739999999959e-02 -9.800503080000000020e-03 -3.326605979999999740e-02
7.628136150000000271e+01 3.455766030000000100e-02 -1.245068729999999901e-03 -6.791370110000000127e-02 3.083893689999999896e-02 4.173417690000000291e-02 2.783987480000000084e-02
7.898123180000000332e+01 3.785707380000000177e-02 -4.272573459999999893e-03 -6.915710220000000075e-02 1.476142790000000045e-02 -4.541090259999999712e-02 -6.767724329999999511e-02
8.168481769999999642e+01 4.359159989999999985e-02 -1.424022859999999994e-02 -5.995246910000000262e-02 2.417611449999999829e-02 4.268608869999999944e-02 3.635653340000000178e-02
8.438578180000000373e+01 4.411718159999999944e-02 -6.817529129999999604e-03 -5.387767689999999748e-02 1.453702530000000083e-02 4.706251029999999891e-02 -1.272031860000000106e-03
8.709861929999999575e+01 6.121954229999999886e-02 -3.534524739999999905e-03 -4.758251659999999938e-02 4.346399640000000314e-02 1.410272190000000023e-02 2.641394830000000013e-02
8.979101300000000663e+01 6.140799100000000205e-02 -1.926104899999999970e-03 -5.186189919999999870e-02 5.633471260000000314e-02 1.504780539999999930e-02 5.183693169999999822e-02
9.250668650000000071e+01 5.079064140000000283e-02 6.508556369999999799e-03 -5.397280189999999894e-02 3.399821790000000232e-02 1.090296410000000070e-02 1.135035929999999920e-03
9.521412239999999372e+01 5.121133619999999886e-02 6.763307300000000188e-03 -5.218105070000000206e-02 1.051601220000000086e-02 9.264388340000000513e-03 -3.553296660000000023e-02
9.791263019999999528e+01 5.938843509999999770e-02 -5.531182449999999876e-03 -5.439816530000000233e-02 6.585119329999999938e-03 -8.396130829999999198e-03 -4.266745169999999754e-02
1.006137429999999995e+02 5.921494299999999905e-02 -4.184823639999999886e-03 -5.651347400000000104e-02 1.750944949999999958e-02 3.199582630000000205e-02 -3.627746490000000046e-02
1.033009150000000034e+02 5.688939660000000287e-02 -1.044490999999999996e-02 -5.977143129999999693e-02 -1.854420999999999847e-02 2.015038469999999929e-02 -3.045958740000000164e-03
1.060060079999999942e+02 5.326271209999999812e-02 5.138464639999999750e-03 -5.611749139999999691e-02 9.347744570000000169e-03 8.973800159999999887e-03 -7.261545399999999595e-03
1.087067430000000030e+02 5.257775449999999712e-02 1.921151799999999904e-03 -5.986879380000000028e-02 6.775355819999999592e-03 -2.593050510000000086e-02 1.112232169999999992e-02
1.114135399999999976e+02 5.621958030000000217e-02 -2.669425530000000060e-04 -5.725013799999999903e-02 9.366156139999999922e-03 2.121658099999999825e-03 -1.601639789999999980e-02
1.141165709999999933e+02 5.572820779999999863e-02 5.238469729999999623e-03 -6.468922300000000403e-02 1.201688920000000028e-02 1.464502569999999969e-02 3.270423729999999852e-03
1.168121019999999959e+02 5.604596159999999938e-02 2.019358110000000171e-03 -6.372769629999999741e-02 3.429214530000000249e-04 -7.054272220000000308e-03 -3.453155599999999797e-02
1.195142900000000026e+02 5.367778019999999706e-02 9.156031450000000392e-04 -6.557211170000000477e-02 -1.285926249999999951e-02 -3.631285020000000335e-02 -2.159811920000000163e-02
1.222057429999999982e+02 5.538941129999999657e-02 2.743802430000000063e-03 -6.095784559999999769e-02 -8.881803929999999500e-03 -2.233519390000000132e-02 1.186604689999999976e-02
1.249018990000000002e+02 6.756352910000000545e-02 -7.092348430000000072e-03 -5.784188299999999672e-02 1.835270480000000121e-02 1.511170830000000027e-02 2.912162680000000142e-02
1.275961020000000019e+02 6.906340190000000157e-02 -1.239835369999999978e-02 -5.602437949999999889e-02 5.534182599999999674e-03 1.537952979999999970e-02 -1.592388380000000006e-02
1.302961799999999926e+02 6.379784730000000181e-02 -1.563671780000000164e-02 -4.714150210000000313e-02 2.728878699999999925e-03 2.041892790000000152e-02 3.265176069999999736e-02
1.329938209999999970e+02 5.483768859999999662e-02 -1.603640549999999984e-02 -5.234211560000000263e-02 2.366280869999999939e-02 2.671457899999999872e-02 -1.558413349999999975e-02
1.356921490000000006e+02 6.193516319999999714e-02 -8.198642759999999474e-03 -4.762166369999999704e-02 -1.625503810000000077e-02 2.789145419999999875e-02 4.893194069999999736e-03
1.383979150000000118e+02 7.137700280000000563e-02 -1.595534789999999894e-03 -4.011651539999999683e-02 9.051354169999999491e-03 5.003070180000000235e-03 -4.482999669999999937e-02
1.411032739999999990e+02 7.490988619999999765e-02 8.855778349999999383e-03 -3.618213919999999778e-02 -2.575833510000000159e-03 -9.475504010000000005e-03 -4.680443360000000053e-02
1.438023210000000063e+02 7.078026099999999710e-02 1.267282089999999944e-02 -2.233318570000000086e-02 -1.262869459999999911e-03 -3.104323659999999943e-02 -5.532780570000000314e-02
1.465073989999999924e+02 6.769522059999999453e-02 1.347918849999999932e-02 2.310932840000000030e-03 -2.610818189999999928e-02 -3.293787549999999814e-02 -2.255843000000000084e-02
1.491998989999999878e+02 6.787211680000000691e-02 1.252350550000000048e-02 3.061431380000000091e-02 -1.333731160000000034e-02 -2.195114030000000147e-02 -3.678148910000000188e-02
1.519044299999999907e+02 6.548027010000000148e-02 1.630862430000000127e-02 4.929047529999999733e-02 -5.401017789999999763e-02 -8.525202759999999519e-03 6.750243070000000109e-03
1.546025710000000117e+02 6.366655229999999832e-02 6.799835740000000246e-03 6.088963430000000204e-02 -3.647038830000000342e-02 -8.209351280000000764e-03 2.942317519999999853e-02
1.572931330000000116e+02 6.774185550000000333e-02 7.689935299999999842e-03 5.927179610000000293e-02 9.996447949999999125e-04 -1.433027030000000009e-03 7.049878930000000321e-02
1.599987109999999859e+02 6.106885279999999666e-02 2.675836029999999893e-03 6.111867010000000128e-02 -8.848068509999999429e-03 2.587745799999999902e-02 2.961816930000000028e-02
1.626967270000000099e+02 5.957571539999999971e-02 1.132137400000000037e-02 6.151128349999999967e-02 -9.924227080000000423e-03 3.225029449999999853e-02 2.475947879999999997e-03
1.653953209999999956e+02 5.998113609999999873e-02 1.229133460000000032e-02 6.183723809999999710e-02 -7.477180449999999874e-03 2.640112270000000150e-02 -4.142921580000000215e-02
1.680752740000000074e+02 5.915636149999999732e-02 9.054784019999999670e-03 6.893909780000000154e-02 1.144093160000000074e-02 -2.136766149999999847e-03 -7.878906569999999387e-02
1.707715399999999875e+02 7.010182389999999875e-02 5.653347960000000040e-03 6.582712910000000639e-02 -1.405883699999999938e-03 -1.529035639999999988e-02 -6.943749189999999516e-02
1.734682430000000011e+02 6.416785869999999670e-02 6.647510080000000252e-03 5.900580099999999661e-02 3.404377039999999938e-02 -8.949318910000000210e-03 -5.687882200000000249e-02
1.761635080000000073e+02 5.588169839999999888e-02 -6.654650060000000429e-04 4.896912889999999879e-02 -2.757600459999999878e-02 4.995334009999999672e-03 -6.438264029999999846e-03
1.788584930000000099e+02 5.014571939999999672e-02 -4.313640659999999627e-03 5.989401479999999917e-02 2.951455500000000134e-02 -1.374623790000000043e-03 -1.242511460000000033e-02
1.815627269999999953e+02 4.847022510000000006e-02 -1.828790600000000047e-03 5.757026030000000211e-02 -3.791949690000000206e-02 -3.514243580000000339e-02 -1.385448050000000035e-02
1.842579770000000110e+02 3.750121840000000123e-02 5.282611390000000167e-04 6.218708390000000225e-02 -4.304553550000000429e-03 -4.498035009999999797e-04 1.947488910000000004e-02
1.869543050000000051e+02 3.735448539999999817e-02 8.482668809999999865e-03 6.661222869999999796e-02 3.427931790000000173e-02 8.015843890000000707e-03 -6.738505730000000221e-03
1.896483829999999955e+02 3.831219939999999657e-02 4.676603359999999959e-03 6.909651149999999908e-02 6.571585280000000195e-02 -1.919613130000000049e-03 1.897938890000000142e-02
1.923680400000000077e+02 3.396098110000000253e-02 1.016309710000000074e-02 7.052551240000000388e-02 5.391851389999999938e-02 -5.502310819999999816e-04 -1.381676209999999939e-02
1.950673360000000116e+02 3.497926490000000110e-02 -1.325461439999999977e-03 7.799286969999999486e-02 -5.198570880000000401e-03 -8.279623700000000516e-03 1.479188410000000084e-03
1.977782430000000033e+02 3.408463870000000284e-02 3.140104239999999807e-03 6.613066060000000190e-02 -5.695699760000000333e-02 -7.591166479999999703e-03 -1.836983710000000131e-02
2.004803990000000056e+02 4.808002289999999818e-02 -6.694803749999999644e-03 7.200284440000000175e-02 -4.918569980000000313e-02 -1.721235000000000126e-02 -2.197423849999999984e-02
2.031781330000000025e+02 3.937654809999999866e-02 -1.186101510000000039e-02 7.116542639999999531e-02 -6.128984460000000412e-03 -1.438473549999999979e-03 -2.269480920000000162e-03
2.058817270000000121e+02 3.092824320000000030e-02 -1.006964970000000063e-02 7.051296210000000675e-02 2.081064649999999835e-02 5.848801049999999627e-03 -8.214686569999999147e-03
2.085940239999999903e+02 4.992637020000000037e-02 -9.465589269999999736e-03 6.093604839999999800e-02 -1.825327629999999937e-02 1.492607739999999954e-02 -5.869989830000000089e-03
2.112862269999999967e+02 5.335141780000000195e-02 -8.234098750000000064e-03 5.704510819999999982e-02 4.224842749999999786e-02 -5.173915379999999634e-03 5.822751139999999583e-03
2.139826180000000022e+02 6.126117770000000240e-02 -7.014457380000000200e-03 5.287562070000000058e-02 1.589148979999999850e-02 -3.656069249999999854e-02 4.218996340000000234e-02
2.166792900000000088e+02 6.590822409999999576e-02 2.507825249999999853e-03 6.760100149999999364e-02 4.327660690000000032e-02 2.156014289999999903e-02 2.432717449999999976e-02
2.193850549999999942e+02 5.430729880000000065e-02 9.442418030000000045e-04 5.570316649999999814e-02 -7.105644960000000177e-02 1.810812109999999919e-02 2.147882330000000159e-02
2.220925709999999924e+02 5.770302599999999754e-02 6.174783540000000105e-03 6.543307419999999652e-02 -3.301512029999999903e-02 -2.026213580000000083e-02 -1.716946999999999918e-02
2.247888210000000129e+02 5.947368520000000103e-02 2.186361150000000215e-03 6.305147630000000614e-02 -9.605548040000000051e-03 3.865404759999999801e-02 -1.462879469999999946e-02
2.274803829999999891e+02 6.493597010000000391e-02 4.977819809999999880e-03 5.956689700000000059e-02 3.312934490000000315e-02 -4.232342029999999755e-02 -1.559644909999999968e-02
2.301833829999999921e+02 6.248629120000000203e-02 1.635595309999999950e-03 5.484303509999999965e-02 -2.717229950000000019e-02 -4.612716139999999826e-02 -2.815025000000000166e-02
2.328779930000000036e+02 6.860509939999999418e-02 7.569414590000000248e-03 5.389263130000000040e-02 -9.204806779999999758e-03 -1.609941590000000047e-02 8.830980110000000854e-03
2.355833519999999908e+02 7.046566349999999757e-02 6.307688829999999816e-03 4.641877369999999892e-02 -6.553414740000000106e-03 -2.051059989999999902e-02 -1.080449720000000065e-02
2.382810399999999902e+02 6.888532679999999353e-02 1.113581840000000059e-02 5.096130439999999734e-02 -1.270493500000000053e-02 7.878203239999999330e-03 8.523879820000000024e-03
2.409798989999999890e+02 6.635998419999999953e-02 -2.835096960000000124e-03 5.187023129999999982e-02 -4.365321949999999979e-02 -1.175809230000000004e-02 -3.306788239999999823e-02
2.436724150000000009e+02 5.457798039999999656e-02 6.028305870000000288e-03 5.202380739999999670e-02 -8.072425969999999507e-02 9.484864909999999802e-03 -1.009861469999999992e-03
2.463659930000000031e+02 5.240131630000000040e-02 8.362170659999999464e-03 5.655241240000000169e-02 -3.074657979999999985e-02 -2.480940420000000111e-03 -2.645238199999999998e-02
2.490521019999999908e+02 4.851648609999999889e-02 1.510812039999999933e-02 5.662904879999999808e-02 -5.152619259999999951e-02 -4.139598700000000214e-02 1.142237280000000035e-02
2.517577740000000119e+02 5.290581080000000130e-02 7.626628249999999748e-03 6.594432610000000583e-02 3.486713529999999756e-02 -3.546412749999999781e-02 1.308294829999999929e-02
2.544584299999999928e+02 6.038955359999999967e-02 9.015847440000000421e-03 6.494234710000000577e-02 3.038215340000000042e-02 4.283000420000000405e-03 5.966409350000000111e-04
2.571746489999999881e+02 5.485638839999999739e-02 1.145547880000000011e-02 5.641420669999999693e-02 6.745920869999999514e-02 -1.762052620000000014e-02 2.532864259999999951e-02
2.598927429999999958e+02 5.933609819999999951e-02 3.704059750000000036e-03 5.227512709999999896e-02 -1.354229470000000053e-02 1.252546629999999953e-02 -1.994372850000000058e-02
2.626079930000000218e+02 6.143106300000000103e-02 5.401543580000000254e-03 5.872844039999999821e-02 7.489409179999999971e-03 1.608578370000000087e-03 -4.404292090000000263e-03
2.652997740000000135e+02 5.587403090000000322e-02 -6.823972709999999962e-03 6.168031040000000048e-02 -6.213488890000000431e-03 -2.511522700000000038e-02 3.145234830000000203e-02
2.680081190000000220e+02 5.608203529999999937e-02 2.933773859999999796e-03 5.517631139999999712e-02 -3.993219779999999594e-03 -4.006541900000000164e-04 2.538330169999999941e-02
