# a=0.05533281933827517, b=-146.7884097836622, c=-0.001421677948627334, xi=6.341434637252315
6.899871890000000008e-01 5.139976260000000269e-02 2.019467440000000027e-03 5.924138689999999818e-02 -1.339199720000000017e-02 2.779818569999999850e-02 2.356841709999999909e-02
3.393512369999999834e+00 5.859742729999999761e-02 4.303763349999999849e-03 5.544716269999999669e-02 -4.549220080000000201e-03 -2.058912540000000166e-02 1.165229909999999924e-02
6.082581900000000097e+00 5.183772539999999956e-02 -2.033528760000000157e-03 5.395859969999999839e-02 -4.802629650000000104e-03 -2.458313830000000144e-02 1.081557829999999984e-02
8.788815019999999478e+00 5.897055140000000140e-02 -6.470572879999999692e-04 5.992197290000000204e-02 3.280001750000000049e-02 -3.936604850000000044e-02 1.825018650000000131e-02
1.147336070000000063e+01 6.113455250000000146e-02 5.630522790000000097e-03 6.453714330000000221e-02 -1.676522240000000163e-02 -2.553449220000000158e-02 4.107106490000000248e-02
1.416884190000000032e+01 6.012277769999999771e-02 -3.591543999999999900e-03 5.622385480000000046e-02 1.157675550000000081e-02 -8.126242170000000722e-03 7.164901780000000608e-02
1.687698879999999946e+01 6.007107030000000125e-02 -5.030306299999999682e-03 5.391920079999999726e-02 3.747256460000000095e-02 -1.553811029999999961e-02 5.257047339999999791e-02
1.957529969999999864e+01 6.647698089999999616e-02 -2.411401770000000042e-03 4.683852470000000184e-02 1.090665799999999963e-02 2.137429110000000146e-03 4.979301190000000321e-02
2.227989810000000048e+01 6.149273269999999680e-02 3.364968710000000064e-03 3.627668779999999871e-02 1.687195899999999887e-02 1.601277229999999857e-02 7.238597330000000329e-02
2.498846059999999980e+01 6.953663309999999487e-02 8.360924120000000001e-03 1.831653639999999972e-02 1.191993170000000060e-02 -2.174216389999999999e-02 3.720273310000000305e-02
2.767825440000000015e+01 7.774180460000000570e-02 1.537992139999999966e-02 6.028540599999999972e-03 -1.179111809999999934e-02 -1.598435009999999920e-02 4.207986290000000074e-02
3.038084350000000100e+01 6.949946290000000304e-02 1.220028700000000063e-02 -1.796212120000000023e-02 -6.504005650000000208e-03 -4.950228539999999844e-02 -6.705506580000000251e-03
3.307521059999999835e+01 7.120137610000000505e-02 1.351606439999999965e-02 -3.964517230000000336e-02 -3.475373639999999962e-03 -2.321387810000000163e-02 -2.944991899999999975e-03
3.578132000000000090e+01 7.941784070000000584e-02 8.323838549999999607e-04 -3.974132920000000152e-02 1.390847259999999919e-02 -1.965507970000000132e-02 1.421559229999999965e-02
3.847867629999999650e+01 7.794117690000000598e-02 3.131219000000000190e-03 -4.186332770000000120e-02 -2.485251689999999972e-02 -1.683083859999999835e-02 -2.426100019999999965e-03
4.118354500000000229e+01 7.179005550000000513e-02 -5.375896800000000073e-03 -4.468173749999999889e-02 -8.336243670000000050e-03 -2.606576689999999877e-02 6.685617520000000126e-03
4.388733719999999749e+01 6.069880939999999780e-02 -4.577097859999999623e-03 -5.813379300000000305e-02 1.969913649999999877e-02 -2.016700650000000095e-02 -4.112222470000000130e-02
4.659974969999999672e+01 5.976030219999999699e-02 3.750130319999999979e-03 -6.144355139999999743e-02 1.788681669999999876e-02 7.648573449999999593e-03 -1.426107840000000009e-02
4.930514349999999979e+01 5.109914940000000183e-02 2.366917679999999951e-03 -6.595499979999999707e-02 6.276371279999999955e-03 -1.358939160000000035e-02 -4.248155269999999775e-03
5.202113560000000092e+01 5.818770439999999822e-02 6.623658269999999938e-03 -6.313140109999999805e-02 3.155576870000000034e-02 1.738911610000000094e-02 -4.812611640000000190e-02
5.471981850000000236e+01 5.867892029999999953e-02 3.159428479999999966e-03 -6.444520630000000194e-02 -1.393134990000000073e-02 -2.752102539999999944e-02 -4.727590110000000345e-02
5.742649349999999941e+01 5.916252419999999679e-02 3.507735149999999941e-03 -5.614975910000000181e-02 -7.753177949999999659e-03 3.050678420000000127e-02 3.052824869999999982e-02
6.012344190000000310e+01 6.279310809999999465e-02 -7.876142580000000323e-03 -5.321071279999999709e-02 -1.009051509999999915e-02 2.069361460000000014e-02 -2.921808459999999941e-02
6.282718100000000305e+01 7.322006779999999659e-02 -4.777035530000000273e-03 -5.004889190000000321e-02 -2.931657829999999992e-03 -1.534582450000000070e-02 -5.175097020000000297e-02
6.552079659999999706e+01 6.953671879999999417e-02 -3.843008970000000215e-03 -5.307828789999999991e-02 -2.231497179999999969e-02 9.128686909999999405e-03 -5.654354379999999847e-02
6.821382319999999311e+01 6.390467280000000638e-02 -7.312728929999999863e-03 -5.332701039999999948e-02 2.080251989999999922e-03 -5.187501780000000097e-03 -4.638438250000000151e-02
7.091013560000000382e+01 6.654482720000000351e-02 -6.647124649999999919e-03 -5.655727289999999685e-02 5.027177350000000197e-03 4.432592140000000264e-02 -6.119980779999999870e-02
7.360584660000000667e+01 6.453688350000000296e-02 2.288443560000000179e-03 -6.373133709999999341e-02 -2.092049719999999891e-02 3.355360720000000185e-02 -4.239670339999999926e-02
7.631223719999999844e+01 5.758278960000000335e-02 -3.785191570000000141e-03 -5.005519750000000240e-02 -1.076326000000000019e-02 -2.199246670000000112e-03 1.033041929999999921e-03
7.900998409999999694e+01 5.431477259999999835e-02 3.973088540000000064e-03 -5.842828490000000208e-02 -5.897654100000000038e-03 -1.494230109999999945e-02 4.856228510000000324e-03
8.172238720000000001e+01 6.241775699999999732e-02 5.936707610000000433e-03 -4.414793300000000031e-02 -2.825400929999999800e-03 2.636074990000000090e-02 2.522244790000000014e-02
8.441724809999999479e+01 6.706203060000000271e-02 2.691975650000000102e-03 -4.598024030000000262e-02 -1.217510410000000043e-02 8.867537260000000685e-03 -3.753102519999999831e-02
8.710919660000000420e+01 7.083082759999999312e-02 -4.370370499999999894e-03 -4.880949650000000056e-02 2.468340360000000153e-03 -1.004286019999999988e-02 -1.871083750000000073e-02
8.980331060000000321e+01 7.146145739999999746e-02 6.658870300000000429e-03 -4.048342480000000077e-02 -2.751771960000000058e-02 4.139242630000000006e-02 1.108008079999999937e-02
9.249403879999999845e+01 6.114290480000000166e-02 1.248897550000000085e-02 -4.180049219999999732e-02 -2.788196929999999917e-03 1.701863379999999856e-02 -4.489350889999999678e-02
9.520539189999999508e+01 7.749662459999999420e-02 -1.587700899999999922e-03 -4.662899270000000346e-02 4.865749659999999907e-03 -1.184897180000000008e-03 2.561723809999999837e-02
9.790454499999999882e+01 6.771271360000000183e-02 4.851421939999999572e-03 -5.060046070000000229e-02 2.727223229999999922e-04 1.606190719999999947e-02 -1.135093239999999948e-02
1.006079610000000031e+02 7.576247899999999369e-02 -1.384132319999999963e-03 -4.635864039999999797e-02 1.691438960000000036e-03 2.397851629999999887e-02 1.147050009999999939e-02
1.032966169999999977e+02 6.857668390000000447e-02 1.536529170000000034e-02 -5.405544429999999817e-02 -4.384963169999999723e-03 4.723956480000000152e-02 -2.327886189999999952e-02
1.060083359999999999e+02 6.447768569999999533e-02 8.792304339999999427e-03 -5.796620169999999739e-02 7.663634130000000245e-03 1.737432280000000134e-02 2.460196499999999994e-02
1.087040389999999945e+02 5.614106519999999961e-02 1.155409930000000050e-02 -5.615494060000000148e-02 1.399567449999999935e-02 -5.104807370000000177e-02 -3.351255029999999913e-02
1.114097730000000013e+02 5.978949449999999832e-02 1.055118139999999989e-02 -5.846338250000000097e-02 3.319822000000000051e-02 -1.261292179999999943e-03 2.507735999999999993e-02
1.141056949999999972e+02 4.711092580000000168e-02 1.018401780000000034e-02 -6.089838389999999851e-02 5.921614310000000020e-03 -2.039295039999999837e-02 6.349332590000000311e-03
1.168075390000000056e+02 4.748811299999999846e-02 5.445872469999999896e-03 -6.271741720000000020e-02 1.746263879999999935e-02 -6.111648120000000295e-03 9.764132780000000372e-03
1.195110700000000037e+02 4.702528549999999974e-02 1.853857140000000079e-03 -7.423998930000000329e-02 3.451825170000000220e-02 1.090160239999999996e-02 -1.733179140000000104e-02
1.222000079999999969e+02 5.661475049999999815e-02 -4.760082740000000194e-03 -7.227142549999999999e-02 1.898843039999999899e-02 1.230860959999999921e-02 3.075277380000000088e-02
1.249120230000000049e+02 5.274350130000000220e-02 -7.991765519999999290e-03 -7.429632590000000147e-02 4.871679109999999847e-03 2.149148780000000036e-02 -2.429859599999999870e-02
1.276125229999999959e+02 5.397478280000000267e-02 -4.954372410000000386e-03 -7.109980230000000068e-02 1.424720649999999984e-02 2.389943270000000064e-02 2.279253880000000135e-02
1.303104289999999992e+02 4.338906929999999940e-02 -7.870720490000000097e-03 -6.762847669999999534e-02 2.430886729999999843e-02 -1.869154899999999828e-02 9.544566310000000484e-03
1.330172890000000052e+02 3.846333849999999943e-02 -5.558410130000000088e-03 -6.449339610000000278e-02 5.880143560000000366e-03 7.708857920000000176e-03 -4.705800670000000185e-02
1.357165699999999902e+02 5.479438090000000178e-02 -9.737710629999999767e-05 -5.890030360000000215e-02 2.199404550000000000e-02 5.329617689999999880e-03 -3.709642099999999748e-02
1.384191480000000070e+02 6.184927779999999792e-02 8.958688390000000418e-03 -4.506953930000000275e-02 1.766824109999999906e-02 8.380208919999999895e-03 -3.022792880000000140e-02
1.411218829999999969e+02 7.124943359999999504e-02 1.660456820000000017e-03 -3.311843650000000083e-02 2.741794969999999942e-02 -2.319877910000000057e-02 3.282310229999999690e-02
1.438234449999999924e+02 7.352586279999999419e-02 8.264689100000000010e-03 -2.305888539999999959e-02 6.526460789999999866e-03 -3.822210219999999659e-02 -2.046447549999999820e-03
1.465232890000000054e+02 6.933050699999999955e-02 1.306120130000000025e-02 -6.772841219999999919e-03 1.133742379999999952e-02 -3.066279800000000152e-02 6.590511500000000022e-03
1.492238830000000007e+02 6.519860730000000271e-02 5.844024930000000367e-03 1.385463349999999962e-02 -3.183836520000000309e-02 2.261203040000000011e-02 4.800842589999999854e-02
1.519181010000000072e+02 7.085433680000000067e-02 1.268491660000000028e-02 3.522583650000000316e-02 -2.090127259999999959e-02 2.063928970000000057e-02 -2.860663059999999920e-04
1.546136950000000070e+02 7.105415349999999464e-02 1.123938560000000038e-02 4.758215240000000096e-02 -3.469094379999999866e-02 3.962975550000000062e-03 6.072869699999999642e-03
1.573216789999999889e+02 5.996966229999999703e-02 1.133643269999999939e-02 5.897610600000000036e-02 -3.258830070000000301e-02 -4.818275210000000364e-03 -5.340132179999999840e-02
1.600250230000000045e+02 6.038428280000000120e-02 3.361388810000000109e-03 5.102952060000000289e-02 -5.103270110000000109e-02 1.258011640000000070e-02 -4.328080220000000283e-02
1.627195859999999925e+02 6.010246560000000182e-02 -2.924496579999999804e-03 6.230702979999999669e-02 -1.067511070000000048e-02 4.853517489999999851e-02 -1.744259089999999901e-02
1.654142260000000135e+02 5.632477780000000323e-02 -1.149764980000000068e-02 6.556987710000000691e-02 3.149915579999999771e-02 5.132499759999999828e-02 6.023630940000000017e-03
1.681186639999999954e+02 6.043801139999999822e-02 -6.774268990000000337e-03 6.238378609999999796e-02 8.292860779999999474e-03 -2.103880910000000080e-03 5.259964720000000205e-02
1.708311480000000131e+02 6.270475949999999854e-02 -4.813152660000000194e-03 6.109312280000000345e-02 -6.894251169999999866e-03 -1.294676040000000000e-02 3.841932840000000099e-02
1.735226639999999918e+02 6.365186850000000007e-02 -8.914152300000000376e-03 6.243943169999999904e-02 4.378245149999999974e-02 -3.026436890000000143e-02 5.486223560000000332e-02
1.762323039999999992e+02 5.651341700000000329e-02 -1.719989290000000035e-03 5.720506289999999910e-02 9.317624400000000182e-03 -1.907554330000000090e-02 2.992012930000000070e-02
1.789352110000000096e+02 5.806543769999999993e-02 3.972089019999999748e-03 5.864279359999999969e-02 1.613655790000000090e-02 4.335554440000000120e-02 3.301295139999999972e-03
1.816570389999999975e+02 5.723518069999999902e-02 7.496808750000000460e-04 5.669416780000000045e-02 -3.551751499999999950e-02 -8.686888710000000013e-03 -1.299588810000000018e-02
1.843581790000000069e+02 6.646111670000000304e-02 3.839616530000000173e-03 5.648206420000000116e-02 -1.663529089999999863e-02 5.807340159999999779e-02 7.293571710000000194e-03
1.870572420000000022e+02 7.580868109999999715e-02 4.496527349999999632e-03 5.079704849999999716e-02 7.264198440000000333e-03 1.175547690000000069e-02 5.288501639999999837e-02
1.897563199999999881e+02 7.448330259999999536e-02 6.708035680000000098e-03 4.581889289999999809e-02 -1.265490449999999954e-02 -2.427073499999999814e-03 4.157506429999999892e-02
1.924529760000000067e+02 7.083470790000000183e-02 1.419916880000000013e-02 3.717363419999999974e-02 -6.240908550000000277e-03 -5.789360220000000327e-03 7.150009070000000466e-02
1.951580539999999928e+02 7.290731759999999340e-02 1.465047669999999976e-02 2.676049830000000115e-02 -4.618341809999999825e-02 -4.047578369999999849e-03 4.821742629999999780e-02
1.978515700000000095e+02 7.605336299999999883e-02 2.880124640000000010e-03 3.731338659999999807e-02 5.559844970000000011e-03 2.297959670000000038e-02 2.469843019999999958e-02
2.005379759999999862e+02 7.049187379999999337e-02 6.549570240000000126e-03 4.072970120000000277e-02 4.649564739999999946e-02 1.091065979999999991e-02 4.521153819999999823e-02
2.032351950000000045e+02 7.374878980000000583e-02 6.275422899999999991e-03 4.803722059999999960e-02 3.994140019999999763e-02 -5.107766109999999776e-02 1.430365270000000071e-02
2.059340390000000127e+02 6.454296560000000182e-02 4.238444150000000334e-03 4.739491450000000300e-02 -3.197181909999999988e-02 -6.573792639999999354e-02 -2.604972259999999932e-03
2.086461009999999874e+02 6.025301019999999841e-02 -3.316634699999999967e-03 4.934782010000000191e-02 -8.082860840000000158e-02 -1.318447390000000025e-02 -3.320884989999999676e-02
2.113406479999999874e+02 7.011200409999999994e-02 -3.118342950000000183e-03 5.251543739999999655e-02 -6.583064280000000545e-02 -2.825582529999999884e-02 -3.615683199999999986e-02
2.140349919999999884e+02 6.715005059999999693e-02 -6.680423520000000094e-03 6.151194029999999813e-02 -4.114086759999999870e-02 -2.769831400000000166e-02 -3.201359250000000017e-02
2.167297890000000109e+02 6.305621549999999853e-02 -6.259841510000000060e-03 5.953329749999999865e-02 -2.867110029999999851e-02 5.969855550000000011e-03 -1.107996730000000013e-02
2.194359139999999968e+02 6.200255229999999951e-02 -1.166315790000000026e-02 5.944147550000000030e-02 -1.346620200000000047e-03 -2.389366530000000023e-03 -1.993243039999999938e-02
2.221459450000000118e+02 6.460741359999999656e-02 -9.713067040000000416e-03 5.223887049999999949e-02 -3.694993159999999943e-02 -6.027555779999999724e-02 -7.311480970000000003e-03
2.248523830000000032e+02 5.422149040000000253e-02 -6.642040509999999577e-04 6.701737369999999361e-02 2.717989440000000059e-03 -5.086021710000000230e-03 -5.011103539999999662e-02
2.275565389999999866e+02 3.864683499999999744e-02 1.665216419999999964e-04 6.208760979999999874e-02 -6.419628970000000601e-02 -5.106807769999999885e-02 2.325854780000000122e-02
2.302632580000000075e+02 3.994176750000000276e-02 -4.421774170000000032e-03 6.550738709999999465e-02 4.788425229999999921e-02 6.471590610000000320e-03 3.813115589999999978e-03
2.329668200000000127e+02 4.678789240000000293e-02 -1.086357949999999968e-02 6.359599929999999735e-02 5.441739810000000357e-03 -1.629556299999999902e-02 -2.420143190000000055e-02
2.356712579999999946e+02 5.427789060000000332e-02 -3.650280210000000133e-03 5.613274859999999727e-02 1.460449819999999925e-03 7.665786110000000165e-04 1.505585140000000044e-02
2.383713040000000092e+02 5.402837180000000239e-02 -1.791486269999999908e-03 5.230644710000000031e-02 -1.087545170000000019e-02 -3.212779870000000149e-02 1.833030479999999893e-02
2.410730389999999943e+02 4.662475680000000011e-02 3.470541140000000038e-03 5.901734339999999829e-02 6.658395420000000169e-03 -2.219519669999999931e-02 -2.124431589999999787e-03
2.437787260000000060e+02 5.096605170000000073e-02 -5.212089690000000324e-03 6.278839349999999764e-02 1.453168430000000011e-02 -3.879985799999999957e-02 -5.060182220000000036e-02
2.464841480000000047e+02 5.347769179999999761e-02 -7.052165849999999852e-04 6.862053110000000677e-02 -1.317843810000000025e-02 -2.095114210000000032e-02 -6.227760859999999926e-02
2.491853670000000136e+02 5.479726759999999780e-02 -3.839378249999999930e-03 7.095065109999999786e-02 -2.920383260000000009e-02 -5.604509960000000207e-02 -5.347562019999999722e-02
2.518849610000000041e+02 5.137184959999999828e-02 -3.773062590000000015e-03 6.580334100000000130e-02 1.036793899999999963e-02 -3.104654310000000070e-02 -3.146910950000000179e-02
2.545971949999999993e+02 5.479711260000000306e-02 -9.707470730000000714e-03 6.055098939999999791e-02 -7.567458859999999510e-02 4.196182399999999826e-03 -2.975214069999999877e-02
2.572851790000000278e+02 6.142573979999999684e-02 -1.004100930000000058e-02 6.151471790000000162e-02 -6.597104310000000138e-02 -5.247188180000000174e-02 2.794768740000000071e-02
2.599778979999999819e+02 6.303089259999999916e-02 -1.006321609999999943e-02 5.691785440000000224e-02 -1.442842840000000022e-02 5.862210190000000098e-02 5.597605499999999679e-02
2.626817260000000260e+02 6.392105030000000410e-02 -1.369703610000000057e-03 5.497215169999999929e-02 -1.123987279999999998e-02 4.870040089999999925e-04 1.261699219999999969e-02
2.653891009999999824e+02 5.549299020000000165e-02 1.317509230000000076e-03 5.398826219999999787e-02 1.270080409999999917e-03 2.831643359999999957e-02 2.422924099999999858e-02
2.680833819999999719e+02 5.137745550000000216e-02 -3.452676989999999956e-03 5.771076239999999719e-02 2.840594330000000087e-03 2.278900219999999838e-02 -6.115417350000000064e-03
