# a=0.0659679846176353, b=-128.7984230361672, c=0.0002389688087363557, xi=11.444545506883811
6.916165100000000177e-01 6.502406310000000134e-02 -2.168690690000000046e-02 4.165324299999999952e-02 4.230694430000000311e-02 -1.208788069999999944e-02 2.343315970000000095e-02
3.387779969999999974e+00 6.609977240000000642e-02 -1.976345549999999895e-02 3.211489239999999745e-02 2.416759019999999841e-02 -1.123584389999999914e-03 -3.020979669999999950e-02
6.082772620000000074e+00 7.238293210000000533e-02 -1.440618429999999950e-02 1.094687400000000053e-02 -1.555333759999999975e-02 2.656470069999999906e-02 -3.527554389999999762e-02
8.779213719999999554e+00 7.896254410000000390e-02 -1.379501940000000051e-02 -4.941469849999999622e-03 -5.909354509999999866e-02 3.733920920000000088e-02 2.423408609999999890e-03
1.146756010000000003e+01 7.494457240000000631e-02 -8.692868620000000421e-03 -2.740274300000000024e-02 -5.361520809999999887e-02 5.567166219999999943e-02 4.018194979999999833e-02
1.415806010000000015e+01 6.686451159999999561e-02 -1.131644579999999990e-02 -4.342613840000000142e-02 -2.404209369999999943e-02 7.302044820000000436e-02 2.833228449999999898e-02
1.686022260000000017e+01 6.139020010000000027e-02 -9.294563489999999603e-04 -6.358908380000000138e-02 -1.923016940000000022e-02 3.494831329999999875e-02 -6.079465919999999836e-03
1.956431010000000015e+01 6.111818609999999929e-02 -2.943726099999999842e-03 -6.225998989999999983e-02 -3.660533120000000057e-02 2.549908979999999936e-02 1.945481270000000082e-02
2.227138980000000146e+01 6.071680360000000082e-02 1.325802079999999900e-04 -6.319185850000000326e-02 -4.062707809999999836e-02 9.094252229999999493e-02 2.013573109999999833e-02
2.497959450000000103e+01 6.842889580000000027e-02 3.840773870000000010e-04 -6.395720010000000011e-02 -1.317824010000000039e-02 7.094988560000000354e-03 1.826786999999999855e-02
2.768613979999999941e+01 6.937321479999999929e-02 5.262026730000000062e-03 -5.429247859999999926e-02 -3.234849790000000024e-03 1.641843879999999988e-03 2.453751050000000170e-02
3.039001950000000107e+01 6.913330730000000202e-02 1.974745579999999823e-03 -5.899778900000000187e-02 -1.963026769999999879e-02 -4.236265139999999957e-02 3.155815540000000280e-02
3.309596330000000108e+01 6.871495760000000119e-02 3.065814190000000039e-04 -6.451892430000000234e-02 1.025441339999999925e-03 -4.098424529999999955e-02 4.991345810000000216e-02
3.580073819999999785e+01 6.691473100000000507e-02 -1.001948799999999957e-03 -6.304323069999999418e-02 2.345834739999999845e-03 -2.069629409999999836e-02 4.796793900000000110e-02
3.849749289999999746e+01 6.558585840000000222e-02 1.061355819999999913e-03 -5.951280939999999825e-02 1.411595629999999948e-02 -5.630937739999999567e-03 4.492731180000000130e-02
4.118910699999999991e+01 5.889850199999999841e-02 5.030110340000000339e-03 -5.414574030000000177e-02 4.671705089999999595e-03 -5.860529490000000036e-02 2.281245260000000150e-02
4.388353039999999794e+01 5.964895569999999897e-02 9.071151200000000456e-03 -5.967592879999999989e-02 -2.123614039999999897e-02 -3.282706540000000089e-02 5.469251349999999789e-02
4.658135229999999893e+01 6.218234140000000049e-02 5.310681490000000032e-03 -6.042812060000000290e-02 -1.901693780000000139e-02 -2.633283809999999951e-03 2.144871110000000011e-02
4.927874760000000265e+01 6.693209569999999942e-02 5.436718999999999580e-03 -6.554482570000000341e-02 -2.541657929999999871e-02 1.195414440000000002e-02 4.028076430000000069e-02
5.197303509999999704e+01 7.062506590000000584e-02 1.063513150000000053e-02 -6.616763940000000566e-02 -1.428123209999999921e-02 3.401870249999999762e-02 1.178062960000000013e-02
5.467500390000000010e+01 7.156229149999999983e-02 7.181917300000000004e-03 -6.475093060000000622e-02 4.453389109999999866e-03 2.025432920000000067e-02 -1.341406719999999921e-02
5.738157420000000286e+01 6.380297179999999679e-02 4.071572669999999790e-03 -6.325214129999999491e-02 -1.567947529999999924e-03 -7.021262339999999845e-03 9.795647290000000784e-03
6.007327889999999826e+01 6.501910449999999397e-02 4.125907859999999872e-03 -6.302287950000000361e-02 -7.921513070000000406e-03 -4.115154800000000307e-02 3.423813159999999911e-02
6.278144139999999851e+01 6.996930640000000035e-02 7.272706480000000126e-03 -6.537108469999999838e-02 -4.732766579999999647e-03 -4.882241749999999963e-02 2.479768779999999909e-02
6.547732580000000269e+01 6.702643889999999882e-02 8.430351969999999584e-03 -6.225783070000000252e-02 5.049431410000000155e-03 -1.130458070000000051e-02 4.045850549999999851e-02
6.816930080000000203e+01 6.451266160000000693e-02 5.931082689999999692e-03 -6.511650900000000297e-02 1.410761590000000031e-02 -2.254933870000000104e-02 4.073299500000000101e-02
7.086222109999999930e+01 6.622686220000000012e-02 1.111885649999999962e-02 -6.886201860000000508e-02 2.882787419999999906e-02 -2.162794120000000042e-02 2.915363630000000067e-02
7.355592420000000686e+01 6.672292320000000609e-02 5.454474120000000342e-03 -7.250718890000000527e-02 3.016833049999999988e-02 -3.528617369999999948e-02 4.818912889999999762e-03
7.625399140000000386e+01 6.016561069999999678e-02 3.590208220000000103e-03 -6.934178269999999311e-02 2.051344249999999952e-02 -1.981270300000000095e-02 -2.747181760000000014e-02
7.894516480000000058e+01 6.281386410000000531e-02 1.268982670000000075e-04 -5.949171780000000326e-02 5.797435440000000065e-03 -1.417833710000000053e-02 -3.067581709999999892e-02
8.164974139999999636e+01 6.626419980000000653e-02 5.440947290000000373e-03 -5.735651280000000213e-02 -1.336171880000000013e-02 1.479005419999999960e-02 -1.242011030000000037e-02
8.435777260000000410e+01 6.285665320000000111e-02 4.499394309999999939e-03 -6.527810909999999522e-02 -3.879789990000000188e-02 1.188690449999999996e-02 -6.515549019999999740e-03
8.706497419999999465e+01 6.477574810000000238e-02 6.895853789999999844e-03 -7.059472590000000214e-02 -5.160784460000000101e-02 6.011229370000000134e-03 -2.851722859999999971e-02
8.976283510000000376e+01 6.712458209999999648e-02 6.044495589999999800e-03 -7.488323189999999963e-02 -4.464643480000000247e-02 1.204085830000000031e-02 -5.791794939999999996e-03
9.246533359999999391e+01 6.277091860000000301e-02 7.356859250000000183e-03 -7.070051489999999716e-02 -1.756991639999999980e-02 2.720123060000000093e-02 3.537017239999999674e-02
9.516295859999999607e+01 6.373549700000000207e-02 6.870934859999999582e-03 -7.293765559999999815e-02 -1.313811460000000042e-02 3.419044410000000248e-05 3.444136550000000130e-02
9.786154759999999442e+01 6.033673170000000002e-02 5.212517590000000089e-03 -7.094334559999999901e-02 6.878410510000000297e-03 1.102260170000000060e-03 3.050025249999999827e-02
1.005617009999999993e+02 6.353134750000000164e-02 -2.595664310000000193e-03 -6.725276900000000391e-02 1.059058489999999998e-02 -6.639247079999999711e-03 -9.109838349999999779e-03
1.032690910000000031e+02 6.710069650000000108e-02 -1.803456470000000013e-03 -5.393960670000000346e-02 -1.042392869999999964e-02 -3.603568520000000053e-02 -6.164878730000000057e-02
1.059778879999999930e+02 5.416937840000000254e-02 -6.102560449999999866e-03 -5.146837340000000316e-02 -6.047988490000000272e-02 8.892121469999999649e-04 -4.832400530000000027e-02
1.086753729999999933e+02 5.979709550000000123e-02 -3.603120420000000077e-03 -5.628634030000000121e-02 -4.174992760000000025e-02 -3.894954859999999984e-03 -6.527053500000000279e-03
1.113811380000000071e+02 6.959735270000000362e-02 -4.445994360000000284e-03 -5.161457359999999800e-02 -1.014896610000000018e-02 3.108726740000000016e-02 1.043334939999999988e-02
1.140772010000000023e+02 7.343684150000000244e-02 -6.173556539999999759e-03 -4.662063600000000002e-02 2.841571379999999983e-03 1.466508420000000104e-03 1.615909670000000020e-02
1.167823570000000046e+02 7.298996800000000229e-02 -9.905022039999999278e-03 -5.362409559999999770e-02 2.343545580000000114e-02 9.735401660000000262e-03 2.874518460000000109e-02
1.194781229999999965e+02 7.846515199999999635e-02 -1.194364420000000072e-02 -4.860860220000000342e-02 1.341420020000000032e-02 -3.903158030000000028e-02 6.846070600000000311e-03
1.221784980000000047e+02 8.231887440000000555e-02 -5.978304610000000421e-03 -4.090226949999999778e-02 -1.119902350000000039e-02 -4.192755229999999694e-02 -2.022276240000000017e-02
1.248781230000000022e+02 8.315409860000000375e-02 -6.694436760000000222e-03 -2.482966669999999917e-02 -2.143442400000000053e-02 -5.174018159999999728e-02 2.347868380000000133e-03
1.275728730000000013e+02 8.288209069999999401e-02 -1.080904289999999948e-02 -2.924324570000000172e-03 -3.012471619999999850e-02 -4.368135199999999968e-02 -1.413857919999999928e-02
1.302647629999999879e+02 7.506475059999999366e-02 -1.105617669999999983e-02 6.701999000000000151e-03 5.374373610000000162e-03 4.495749279999999848e-02 -1.097257909999999970e-03
1.329644659999999874e+02 7.991350730000000568e-02 -6.005926709999999738e-03 2.041804590000000086e-02 -8.267286960000000060e-03 5.016890110000000319e-02 5.064029109999999834e-02
1.356617630000000077e+02 7.426360649999999564e-02 -2.098929810000000045e-03 3.698270070000000270e-02 -1.438234279999999962e-02 -2.441009530000000111e-03 3.394170629999999911e-02
1.383547010000000057e+02 7.944918439999999749e-02 2.192243410000000066e-03 5.271556909999999818e-02 -2.272332999999999992e-02 -2.926563080000000108e-02 -3.299354189999999937e-02
1.410650290000000098e+02 7.380218819999999347e-02 4.158192239999999699e-03 5.959148699999999854e-02 -6.816158049999999913e-03 -5.836591690000000193e-02 -3.486073900000000170e-02
1.437709820000000036e+02 6.512987089999999757e-02 6.623357110000000283e-03 6.105765280000000073e-02 3.414904679999999850e-04 -1.787255719999999992e-02 -1.745417510000000019e-02
1.464795450000000017e+02 6.391687649999999721e-02 1.072425179999999915e-02 5.730815360000000164e-02 -3.721641190000000293e-02 -3.168601960000000124e-03 -5.215812850000000299e-03
1.491760289999999998e+02 6.839665690000000520e-02 1.695581230000000120e-02 6.057200189999999845e-02 -1.476185030000000051e-02 3.438322769999999778e-02 7.921033960000000568e-03
1.518781539999999950e+02 7.093069949999999957e-02 1.564083250000000008e-02 5.260827280000000133e-02 -1.620922069999999882e-02 4.264170050000000087e-03 -4.851549559999999636e-03
1.545759820000000104e+02 7.105871730000000441e-02 1.225768129999999997e-02 5.685911419999999800e-02 8.111620990000000322e-03 -5.899023839999999880e-03 -1.015574550000000048e-02
1.572698729999999898e+02 7.206097590000000441e-02 1.370614229999999982e-02 5.573535200000000189e-02 4.468419249999999732e-02 -9.825264999999999693e-03 1.934332529999999856e-02
1.599746539999999868e+02 5.733456039999999809e-02 1.329243519999999922e-02 6.061306019999999906e-02 3.061898550000000108e-02 -6.679706920000000325e-02 2.766988030000000140e-02
1.626672320000000127e+02 5.343117940000000066e-02 8.613936960000000490e-03 5.834634579999999765e-02 1.910010989999999867e-02 -6.980010500000000118e-02 -1.716752939999999922e-02
1.653615760000000137e+02 5.819285779999999741e-02 4.194709540000000035e-03 5.971103690000000019e-02 1.077149720000000060e-02 -2.977485659999999992e-02 -5.256899190000000055e-02
1.680589510000000075e+02 5.861275650000000170e-02 3.549826449999999786e-03 5.884746789999999866e-02 1.683764000000000094e-02 1.373417849999999940e-02 -4.097115199999999680e-02
1.707558099999999968e+02 6.072508010000000206e-02 -1.984087250000000132e-03 5.855884780000000095e-02 1.159020040000000029e-02 7.825793390000000335e-03 -2.223303059999999845e-02
1.734495290000000125e+02 6.786640130000000382e-02 -4.318358599999999776e-03 6.023257049999999890e-02 -7.463955480000000232e-03 -3.096837869999999847e-03 -3.292466890000000229e-02
1.761555130000000133e+02 6.291234040000000249e-02 -7.680562800000000426e-03 6.721227999999999925e-02 -3.064210950000000044e-02 -8.126990359999999164e-03 -2.404902680000000140e-02
1.788571230000000014e+02 6.036603499999999844e-02 -7.713011680000000404e-03 6.441335909999999776e-02 1.118365280000000080e-02 -2.576749349999999869e-02 -2.805847939999999915e-02
1.815590129999999931e+02 6.315103310000000358e-02 -1.146630189999999936e-03 7.326050509999999794e-02 1.100382069999999990e-02 -5.889068559999999924e-02 -5.243624069999999748e-02
1.842615130000000079e+02 6.714461580000000152e-02 -9.466015460000000263e-04 6.780408159999999629e-02 -5.306429869999999653e-03 -4.962887299999999696e-02 -7.832861770000000556e-02
1.869581849999999861e+02 6.382603350000000397e-02 2.590432030000000031e-03 6.945280389999999859e-02 9.226002159999999869e-03 1.123883309999999976e-02 -4.597199279999999999e-02
1.896567790000000002e+02 5.997708620000000157e-02 4.586319489999999936e-03 6.686688220000000515e-02 -2.868728259999999905e-02 3.056800600000000173e-02 -1.918092539999999985e-02
1.923490449999999896e+02 5.512424180000000118e-02 1.234092960000000069e-03 7.386241629999999725e-02 -4.622831709999999927e-02 -4.786627649999999901e-03 1.763420820000000111e-02
1.950447320000000104e+02 4.975746000000000335e-02 2.040517539999999949e-03 7.549662719999999938e-02 1.103350940000000051e-02 3.976880189999999760e-02 6.238707079999999960e-02
1.977361850000000061e+02 5.400465959999999760e-02 8.043652729999999779e-03 7.027622740000000201e-02 8.208988779999999708e-02 3.748459269999999954e-02 6.928134430000000565e-02
2.004387010000000089e+02 5.498617160000000142e-02 2.851403849999999823e-03 6.612774489999999339e-02 6.424233610000000538e-02 -2.477101599999999987e-02 6.662413080000000043e-02
2.031410290000000032e+02 7.160651079999999502e-02 -1.827770839999999942e-03 5.922078509999999935e-02 1.474622339999999941e-02 -1.795937690000000073e-02 2.216830690000000034e-02
2.058364510000000109e+02 7.634788050000000659e-02 2.482762129999999817e-03 6.525173450000000541e-02 1.427964539999999893e-03 -1.377628740000000004e-02 -6.643415179999999365e-02
2.085323260000000118e+02 7.795344499999999621e-02 4.329888080000000167e-03 6.025794040000000129e-02 1.594482979999999918e-03 3.538378300000000112e-03 -5.223860639999999833e-02
2.112220759999999871e+02 6.932643039999999979e-02 4.924313989999999988e-03 5.840373129999999746e-02 2.148294300000000087e-02 2.277481580000000061e-02 2.960912240000000001e-02
2.139189660000000117e+02 6.515912540000000364e-02 -6.092703479999999911e-04 6.080111120000000063e-02 -1.499528200000000040e-02 4.676023180000000307e-02 -9.566901900000000791e-03
2.166163259999999866e+02 6.993863929999999396e-02 4.541753279999999685e-03 7.081738129999999576e-02 -1.711168199999999959e-02 -2.512149929999999906e-02 -4.028397410000000151e-02
2.193145130000000051e+02 5.990243170000000145e-02 6.049378279999999969e-03 7.634769869999999403e-02 -9.482102109999999626e-03 -6.531829880000000234e-03 -7.616001699999999652e-02
2.220205599999999890e+02 5.636013680000000192e-02 6.601016060000000055e-05 8.044110420000000206e-02 7.786518299999999754e-03 1.403194819999999989e-02 -6.917758590000000485e-02
2.247216699999999889e+02 4.629176709999999889e-02 2.319225690000000124e-03 7.918547780000000091e-02 2.886915899999999841e-02 8.139194509999999466e-03 -6.315067850000000149e-02
2.274270600000000115e+02 4.571095430000000209e-02 1.904351999999999998e-03 7.759129550000000430e-02 2.615927820000000029e-02 3.894581149999999659e-02 -4.305575830000000007e-03
2.301280130000000099e+02 4.439887509999999871e-02 -3.592447459999999811e-03 6.787488160000000603e-02 2.610214939999999997e-02 -2.085088469999999989e-03 2.194653879999999835e-02
2.328427010000000053e+02 5.173735360000000089e-02 -7.151399460000000020e-03 6.968621329999999392e-02 -3.244128109999999676e-02 -4.220293580000000246e-03 3.589589590000000219e-02
2.355428410000000099e+02 4.936359199999999781e-02 -5.277141590000000194e-03 7.489277190000000195e-02 -3.484075179999999994e-02 1.506358080000000030e-02 2.100916040000000082e-02
2.382416849999999897e+02 5.120768920000000335e-02 -5.896878819999999688e-03 7.678744299999999690e-02 -7.670341399999999928e-03 -3.101002590000000170e-02 3.141945530000000292e-02
2.409454979999999864e+02 5.245439059999999765e-02 -1.050843029999999970e-02 7.242717020000000172e-02 -3.945237000000000049e-02 1.456031799999999918e-02 4.589711280000000060e-02
2.436367319999999950e+02 5.009671169999999757e-02 -1.455195779999999932e-02 7.085740620000000045e-02 -1.654765329999999951e-02 2.154915790000000182e-03 7.067780099999999843e-02
2.463463570000000118e+02 4.465084490000000017e-02 -9.334636110000000750e-03 7.530133140000000447e-02 -1.858863969999999949e-02 1.836429189999999947e-02 1.114694459999999998e-02
2.490406380000000013e+02 4.880028170000000332e-02 -1.507552369999999933e-02 6.830787469999999306e-02 7.574205709999999592e-02 6.233662640000000102e-04 -3.488641230000000260e-02
2.517489510000000053e+02 4.706286049999999777e-02 -2.072761929999999975e-02 6.586639719999999587e-02 1.089671779999999979e-01 1.279778409999999915e-02 9.295538480000000575e-03
2.544497949999999946e+02 4.454184919999999714e-02 -2.040696339999999859e-02 6.439155859999999565e-02 8.132925870000000390e-02 2.568031670000000058e-02 -1.241642930000000074e-04
2.571529820000000086e+02 5.025409110000000207e-02 -1.717970679999999972e-02 6.976083380000000500e-02 4.025549979999999695e-02 -3.587529429999999908e-03 3.971183779999999663e-02
2.598523410000000240e+02 5.414516280000000042e-02 -9.069688089999999869e-03 6.679822119999999364e-02 -6.157536970000000373e-03 -1.501924550000000025e-02 -2.572227749999999886e-03
2.625634820000000218e+02 5.415750340000000107e-02 -1.086057550000000052e-02 7.203487590000000329e-02 -3.370437149999999660e-02 5.815011370000000394e-03 1.212026740000000068e-02
2.652676069999999982e+02 6.340026769999999867e-02 -1.064225130000000068e-02 6.903045130000000362e-02 -2.491035089999999938e-02 6.450765280000000414e-03 4.912076719999999841e-02
2.679656580000000190e+02 6.812487890000000490e-02 -1.458220179999999977e-02 6.108507059999999933e-02 7.100657750000000275e-03 -1.633025410000000024e-02 5.372794210000000209e-02
