# a=0.06309572223150985, b=-153.17017867915933, c=-0.0001593292260257351, xi=14.951718374660677
6.768113669999999971e-01 7.344824219999999959e-02 -3.315215490000000039e-03 4.096135580000000165e-02 2.592011430000000158e-02 -1.640896110000000102e-02 8.620196729999999793e-03
3.385796089999999925e+00 8.475357610000000541e-02 1.517800910000000026e-04 2.471316860000000171e-02 1.412605339999999966e-02 7.036380610000000230e-03 -4.491830730000000160e-02
6.089062659999999738e+00 9.218605080000000229e-02 4.909717749999999679e-03 5.830849380000000144e-03 1.379535989999999997e-02 4.052466300000000243e-02 -7.088415319999999409e-02
8.786748279999999411e+00 9.075821420000000639e-02 6.772163070000000035e-03 -1.445665840000000084e-02 3.349260770000000303e-02 5.613987250000000012e-02 -4.859844409999999892e-02
1.149041590000000035e+01 7.311824969999999868e-02 4.191919849999999753e-03 -3.129241249999999835e-02 1.181370439999999966e-02 2.106697860000000116e-02 -3.074756160000000071e-02
1.418866120000000031e+01 7.019430120000000328e-02 1.555659579999999972e-02 -4.241404879999999961e-02 -5.518956210000000237e-03 1.646368269999999925e-02 8.878179309999999561e-03
1.688098469999999907e+01 7.286170079999999827e-02 1.214557859999999996e-02 -4.206059870000000006e-02 2.168929459999999892e-02 -4.276786729999999814e-02 1.790840960000000121e-02
1.958059250000000162e+01 6.985174809999999956e-02 1.426257000000000046e-02 -5.451591799999999655e-02 4.453705999999999984e-03 -2.271831319999999960e-02 9.609203950000000296e-04
2.227186280000000096e+01 5.625052149999999751e-02 1.389174770000000010e-02 -5.403114650000000185e-02 3.622224389999999933e-02 3.597765180000000312e-02 5.247097939999999933e-02
2.497522379999999842e+01 4.487688659999999885e-02 1.015659980000000080e-02 -6.487655380000000027e-02 1.212335229999999923e-02 -7.883113290000000328e-03 4.518114620000000109e-02
2.767565659999999994e+01 5.290121379999999929e-02 8.548747909999999603e-03 -6.245767220000000147e-02 7.954919729999999911e-02 2.721978980000000145e-02 -7.481351459999999697e-03
3.037934410000000085e+01 5.725469150000000312e-02 3.330833410000000154e-03 -6.605210949999999748e-02 3.910379669999999863e-02 -5.086618999999999863e-02 -6.468557240000000208e-02
3.308269090000000290e+01 6.579502780000000273e-02 2.126074309999999995e-03 -6.747141739999999721e-02 3.405439560000000053e-03 -3.005774840000000059e-02 -8.314620770000000216e-02
3.578150029999999759e+01 6.439571249999999358e-02 4.586674530000000270e-03 -5.983848879999999898e-02 1.195935539999999978e-02 -4.636293489999999962e-02 -5.181927690000000253e-02
3.847088469999999916e+01 6.585255489999999878e-02 -4.960153010000000308e-04 -5.265828520000000179e-02 1.271379899999999959e-02 -2.468062060000000141e-02 8.724746909999999203e-03
4.116631590000000074e+01 6.899884789999999324e-02 -3.247228060000000201e-03 -6.218025089999999755e-02 6.801017689999999671e-02 -3.776914549999999676e-02 -1.981264879999999895e-02
4.385541119999999893e+01 6.077730189999999699e-02 9.578799840000000801e-03 -6.031769389999999675e-02 7.182387989999999833e-02 -1.990636250000000010e-02 1.555120429999999956e-02
4.656950189999999878e+01 5.361643719999999863e-02 5.345583919999999899e-03 -5.920936439999999884e-02 9.255234199999999578e-02 -7.473107930000000287e-03 -1.827312500000000117e-02
4.927189719999999795e+01 5.782505660000000075e-02 8.742307839999999622e-03 -6.004937190000000230e-02 2.601421430000000045e-03 -8.980563049999999367e-03 -1.548273359999999960e-02
5.197304249999999826e+01 6.634592910000000621e-02 8.565828540000000602e-03 -6.093603909999999874e-02 3.636139830000000017e-02 2.130852730000000125e-02 -3.040664019999999917e-04
5.467728939999999938e+01 5.832048630000000178e-02 4.315865989999999840e-03 -4.877550640000000159e-02 -2.301399540000000077e-02 3.159825570000000111e-03 -2.594609020000000071e-02
5.737138470000000012e+01 6.367169129999999955e-02 -5.018081459999999654e-03 -5.344038470000000290e-02 -1.227000219999999954e-02 1.362274100000000071e-02 -3.093840029999999838e-02
6.006607369999999690e+01 6.144288199999999728e-02 -6.262733200000000430e-03 -5.567734010000000011e-02 -1.739463620000000082e-04 5.922697139999999645e-03 -2.482262539999999934e-02
6.276155659999999870e+01 5.883208079999999868e-02 -9.103861959999999184e-03 -5.935743040000000109e-02 2.997308699999999982e-03 -1.634841579999999836e-02 7.205288950000000338e-03
6.545172370000000228e+01 5.466755680000000284e-02 -3.429902360000000160e-03 -6.459067999999999754e-02 5.277500959999999880e-02 1.857018720000000109e-02 1.734064819999999981e-03
6.815534089999999878e+01 5.669799090000000180e-02 -5.200187059999999972e-03 -7.180023729999999993e-02 5.790532510000000188e-02 2.599974960000000015e-02 -1.765625159999999888e-02
7.086605339999999842e+01 4.882362130000000161e-02 -6.308688399999999932e-03 -7.677571399999999491e-02 2.228176930000000042e-02 2.969154369999999973e-02 -1.186462570000000084e-02
7.358012060000000076e+01 5.231121500000000119e-02 -2.686954829999999798e-03 -7.034019860000000068e-02 2.298177900000000079e-02 -3.058119429999999785e-03 -6.650038899999999309e-02
7.627567999999999415e+01 5.698315889999999717e-02 -4.316449219999999969e-03 -5.944225200000000098e-02 1.797601110000000141e-02 2.220216070000000097e-02 -1.950355029999999851e-02
7.897696120000000519e+01 5.085119629999999835e-02 -3.319096039999999952e-03 -6.197219179999999966e-02 1.840666510000000047e-02 1.026758879999999964e-02 -5.663467879999999760e-02
8.168071750000000009e+01 5.386869059999999793e-02 -5.506069379999999937e-03 -6.877727070000000387e-02 -3.233682749999999915e-03 2.358838879999999860e-02 -7.120953380000000221e-02
8.438040809999999681e+01 5.835986530000000089e-02 -2.583794110000000254e-04 -6.374089769999999322e-02 1.193048239999999934e-02 1.386922750000000053e-04 -3.130533690000000119e-02
8.708753470000000618e+01 6.453642699999999344e-02 -2.648299450000000162e-03 -6.507371239999999724e-02 -1.988291260000000019e-02 -4.871493469999999687e-02 -1.747606239999999894e-02
8.978164560000000449e+01 5.920607080000000327e-02 -5.772591520000000184e-03 -6.401645290000000654e-02 -5.022497939999999612e-03 -3.280606059999999907e-02 3.523961700000000172e-03
9.248112999999999317e+01 5.818080839999999893e-02 -1.126399519999999981e-02 -6.504748550000000185e-02 -6.301247290000000500e-02 -8.758220759999999286e-03 -3.887794210000000000e-02
9.518058940000000234e+01 5.421658050000000006e-02 -1.224776200000000058e-02 -5.928443139999999695e-02 -2.408679000000000028e-02 1.541494390000000027e-02 -3.352961950000000330e-02
9.787378309999999715e+01 6.400926210000000560e-02 -8.388937770000000349e-03 -6.552307520000000274e-02 -1.250665310000000086e-02 -1.094483079999999942e-02 -1.382468239999999973e-02
1.005765569999999940e+02 6.787805639999999752e-02 -1.567009559999999954e-02 -6.147054899999999933e-02 2.483132849999999947e-02 1.274490319999999934e-02 1.656716509999999962e-02
1.032762129999999985e+02 6.529648559999999546e-02 -8.753869500000000664e-03 -6.602356189999999958e-02 3.566257330000000003e-02 3.227559599999999668e-02 -6.777325899999999716e-03
1.059856189999999998e+02 5.690488900000000017e-02 -8.286849840000000758e-03 -5.625064939999999819e-02 3.442493910000000296e-02 3.741032899999999911e-03 -3.465826999999999797e-02
1.086876970000000000e+02 5.421154460000000147e-02 -3.140310800000000162e-03 -6.158996089999999729e-02 -5.476844550000000214e-03 -1.338881379999999968e-02 -1.434232050000000015e-02
1.113760099999999937e+02 4.996261450000000215e-02 -9.022010610000000611e-03 -6.286334829999999652e-02 8.293394279999999688e-03 1.736902369999999973e-02 4.172329660000000107e-02
1.140850099999999969e+02 5.400807569999999808e-02 -1.343990140000000076e-02 -6.634580909999999998e-02 4.983715260000000369e-03 1.725616879999999909e-02 1.691313410000000114e-02
1.167902279999999990e+02 4.878426489999999893e-02 -7.701145050000000186e-03 -6.828760439999999321e-02 -3.497718390000000011e-02 5.213151120000000110e-02 2.438104220000000127e-02
1.194921190000000024e+02 6.137527780000000266e-02 -5.048360560000000365e-03 -5.865664670000000219e-02 1.060574769999999938e-02 1.874048019999999953e-02 -1.104592580000000011e-02
1.221907910000000044e+02 6.434353850000000541e-02 -1.181636710000000083e-02 -6.000435640000000015e-02 -8.074312349999999841e-04 5.416298800000000219e-03 -3.696988920000000151e-02
1.248916190000000057e+02 6.341804519999999501e-02 -2.951148560000000157e-03 -5.333843550000000322e-02 2.184818070000000070e-02 3.500999209999999806e-02 7.039719669999999763e-03
1.275883690000000001e+02 6.359301559999999687e-02 -8.817779889999999895e-04 -5.409349489999999705e-02 2.971989950000000075e-02 1.218302710000000039e-02 4.015474100000000074e-02
1.302869159999999908e+02 6.499881720000000307e-02 2.898373540000000106e-03 -4.931281070000000100e-02 8.802779839999999578e-02 2.096146449999999883e-02 6.881730910000000145e-02
1.330044469999999990e+02 6.127160460000000142e-02 8.013350299999999482e-03 -4.730859190000000214e-02 3.227661930000000345e-02 -6.105577109999999613e-03 1.954946150000000035e-02
1.357057749999999885e+02 6.555940609999999502e-02 1.179920980000000001e-02 -4.331042300000000067e-02 4.335780460000000086e-02 -3.961259660000000099e-02 2.041216909999999871e-02
1.384006970000000081e+02 6.525049089999999941e-02 6.954872019999999884e-03 -4.022798539999999923e-02 5.815234770000000247e-02 -8.187771470000000662e-03 -4.302382450000000191e-02
1.411080100000000073e+02 6.358762140000000229e-02 8.376086649999999606e-03 -4.117774910000000094e-02 5.842897579999999785e-02 -6.343438610000000019e-03 -4.640189909999999779e-02
1.437902129999999943e+02 6.844991239999999311e-02 5.797069329999999729e-03 -3.693964510000000145e-02 9.964227420000000557e-02 5.700076590000000346e-03 1.508699259999999893e-03
1.465044159999999920e+02 7.658500919999999823e-02 5.694195110000000414e-03 -2.937605429999999920e-02 -3.400127970000000211e-03 3.768893110000000324e-02 -7.441819139999999999e-03
1.492047279999999887e+02 8.140328580000000258e-02 8.230797850000000707e-03 -2.707587460000000085e-02 -3.379993869999999966e-03 9.482006939999999134e-03 -3.579504640000000237e-02
1.518933069999999930e+02 7.916083690000000339e-02 9.910126919999999798e-03 -1.129043840000000000e-02 1.241264670000000007e-02 -1.361733050000000014e-02 7.807110479999999735e-03
1.546015250000000094e+02 7.968924480000000310e-02 1.274420360000000016e-02 -6.056116969999999870e-03 1.144339649999999951e-02 2.302657000000000054e-03 3.070391000000000092e-02
1.573082129999999950e+02 8.100751650000000137e-02 1.158247809999999982e-02 2.206909539999999878e-02 2.976478000000000110e-02 1.430390190000000068e-02 2.639592019999999900e-02
1.599980569999999886e+02 8.105935540000000494e-02 5.499353640000000272e-03 3.989188269999999897e-02 -2.834715670000000163e-03 -3.126005290000000159e-02 5.619659939999999826e-02
1.627022910000000024e+02 7.441864989999999458e-02 2.181174709999999899e-03 4.115582560000000112e-02 1.016085090000000066e-02 1.786358680000000101e-02 3.813961300000000276e-02
1.653904469999999947e+02 7.316832310000000172e-02 -5.406074450000000232e-03 3.988210009999999806e-02 -1.262696829999999937e-02 -8.554533970000000043e-03 5.426534850000000292e-03
1.680885409999999922e+02 7.132643589999999867e-02 2.888867780000000177e-03 4.974318839999999908e-02 1.765125719999999926e-02 1.023414350000000084e-02 3.643068180000000322e-02
1.707887599999999964e+02 6.432952390000000464e-02 3.407003889999999941e-03 4.700816950000000216e-02 2.090096799999999894e-02 -1.613108679999999961e-02 3.664206600000000091e-02
1.734956190000000049e+02 6.196279729999999708e-02 4.926428929999999810e-03 5.624183840000000073e-02 3.422328410000000098e-02 2.802839869999999844e-02 7.318120270000000316e-02
1.762159939999999949e+02 5.086236930000000156e-02 4.626924680000000026e-03 6.549362200000000134e-02 2.819233269999999944e-02 -2.873806549999999987e-03 7.194283370000000358e-03
1.789162599999999941e+02 4.955024229999999835e-02 6.220900300000000230e-03 6.368723399999999535e-02 -7.087487679999999839e-03 5.424287560000000223e-03 4.299293569999999842e-02
1.816248219999999947e+02 6.429566700000000079e-02 8.178307620000000236e-03 6.080447430000000125e-02 9.614673060000000424e-03 2.040432680000000068e-02 -1.494371560000000085e-02
1.843246819999999957e+02 6.865130939999999904e-02 2.158539119999999963e-04 5.946570200000000223e-02 -2.413942159999999879e-03 1.040321999999999948e-02 1.391867400000000067e-02
1.870296030000000087e+02 6.270439149999999795e-02 4.512514939999999843e-04 5.978455010000000014e-02 1.993891119999999977e-04 2.846341689999999994e-02 6.256288560000000665e-02
1.897382440000000088e+02 5.934979049999999923e-02 -3.929868409999999652e-03 5.899985669999999877e-02 1.361342320000000043e-02 1.307967240000000066e-02 1.114139270000000107e-03
1.924355099999999936e+02 4.793637430000000088e-02 -5.420089290000000039e-03 6.505805770000000487e-02 -2.372365610000000055e-02 2.290058680000000083e-02 3.308931159999999733e-02
1.951301190000000076e+02 4.974807490000000137e-02 3.434747890000000060e-03 6.446168670000000656e-02 -7.225181070000000379e-03 9.938878309999999577e-03 -1.471090669999999996e-02
1.978332749999999862e+02 4.876875669999999885e-02 -3.106556439999999877e-03 7.247923059999999973e-02 -1.608013640000000022e-02 1.630420559999999977e-02 8.124934690000000514e-02
2.005381350000000111e+02 5.182742220000000066e-02 3.052705379999999958e-03 7.256506669999999992e-02 6.630388230000000029e-03 -1.462388119999999923e-02 5.919525269999999922e-02
2.032238069999999936e+02 5.064762390000000086e-02 -2.498952500000000093e-04 7.235595860000000601e-02 -1.335026169999999936e-02 -1.411800650000000039e-02 1.194282370000000065e-01
2.059196029999999951e+02 5.799480669999999838e-02 -2.163940760000000046e-03 6.278356599999999899e-02 -3.515497050000000040e-02 -2.415321230000000083e-02 9.455736160000000057e-02
2.086191029999999955e+02 4.759504610000000330e-02 -4.069379819999999898e-03 5.764546820000000099e-02 -1.346252449999999976e-02 -1.610755670000000098e-02 9.080296860000000581e-02
2.113169469999999990e+02 5.510265389999999958e-02 3.464371689999999789e-03 5.683102290000000001e-02 -2.336757230000000018e-02 -4.918321870000000318e-02 2.989223259999999882e-02
2.140086970000000122e+02 5.756598959999999904e-02 6.926732179999999829e-03 5.419421010000000094e-02 -3.912204600000000060e-02 -6.424394249999999806e-03 2.746367649999999910e-02
2.167226660000000038e+02 6.353856789999999533e-02 -6.915233340000000173e-03 6.686399569999999792e-02 -2.007015360000000137e-02 -2.616966199999999979e-02 3.141388970000000280e-02
2.194111029999999971e+02 6.555432710000000385e-02 -1.091637980000000063e-02 5.782549020000000289e-02 -1.065512449999999993e-02 4.816017149999999962e-03 6.860283200000000248e-02
2.221096349999999973e+02 5.858380230000000133e-02 -4.056129670000000256e-03 5.902889830000000032e-02 -1.009191689999999926e-02 -3.129161939999999809e-02 3.762383159999999754e-02
2.248180409999999938e+02 6.707582330000000370e-02 6.625485399999999671e-03 5.387504619999999855e-02 -7.405244979999999616e-03 -1.960857280000000147e-02 1.468138719999999980e-02
2.275154780000000017e+02 6.705071059999999361e-02 4.740165149999999578e-03 5.440843840000000181e-02 -5.945214249999999749e-03 -2.497094559999999894e-02 2.178616800000000159e-02
2.302156970000000058e+02 5.419749089999999908e-02 1.290024849999999931e-03 6.464367009999999469e-02 -2.022906469999999953e-03 3.828068610000000260e-02 2.955914830000000090e-02
2.329149160000000052e+02 4.678243680000000043e-02 -2.534706759999999851e-03 6.606073440000000130e-02 1.140335759999999915e-03 -1.615991010000000089e-02 2.289101060000000090e-02
2.356236189999999908e+02 5.737898730000000336e-02 -2.760029649999999786e-03 7.129933789999999549e-02 1.077226620000000003e-02 -3.302193080000000169e-02 4.557237470000000297e-03
2.383161189999999863e+02 6.601530919999999691e-02 -7.105621829999999618e-03 7.149710989999999433e-02 -2.159786209999999939e-03 -3.902100020000000280e-02 5.813166480000000330e-02
2.410284469999999999e+02 5.817100029999999755e-02 -5.963249709999999875e-05 6.818468930000000372e-02 2.416638609999999937e-02 -1.677091260000000000e-02 3.059360490000000155e-02
2.437254320000000121e+02 6.209946009999999655e-02 3.365250450000000122e-03 6.999214469999999466e-02 9.600886559999999813e-04 -4.588749909999999960e-02 4.622251189999999899e-02
2.464355879999999956e+02 5.911042689999999877e-02 4.951012850000000368e-03 6.451259609999999978e-02 1.531511120000000024e-02 -9.127119979999999931e-04 5.028480350000000265e-02
2.491409319999999923e+02 6.503666969999999381e-02 2.614790670000000116e-04 5.951626740000000304e-02 2.615337109999999951e-02 -1.942481069999999962e-02 -2.589837249999999910e-02
2.518344470000000115e+02 5.322083410000000292e-02 2.689490420000000166e-03 5.714081349999999837e-02 8.971074140000000197e-03 -2.862952319999999967e-02 1.791393599999999836e-02
2.545399940000000072e+02 6.098886840000000004e-02 -4.523351489999999993e-04 5.101364369999999981e-02 -4.027339429999999589e-03 -3.214925469999999758e-02 2.352463860000000156e-02
2.572296969999999874e+02 5.902993050000000103e-02 -2.008838819999999963e-03 5.556335419999999803e-02 -2.093654860000000034e-02 -3.831038249999999673e-02 2.515834939999999839e-02
2.599358070000000112e+02 5.809987400000000274e-02 -2.463967909999999900e-03 4.882962650000000071e-02 -1.234771469999999989e-02 -1.231587500000000043e-02 4.432902050000000344e-02
2.626335569999999962e+02 6.392196360000000632e-02 -5.493796139999999883e-03 4.824533339999999976e-02 -4.318698490000000278e-02 2.586746740000000089e-03 4.718448070000000327e-02
2.653289780000000064e+02 6.075898660000000201e-02 2.155362569999999967e-03 4.611511890000000169e-02 7.023490920000000190e-05 -1.996994469999999883e-02 3.893160390000000026e-02
2.680271250000000123e+02 6.724744729999999893e-02 3.291049700000000123e-04 4.472335040000000039e-02 -2.647494389999999892e-02 -1.693486900000000170e-02 9.878553780000000339e-03
