# a=0.058046380433362674, b=-133.7720912365477, c=0.0026258624670829523, xi=9.542055908077941
6.604316270000000211e-01 8.108195799999999565e-02 -7.106765680000000016e-03 -5.185156330000000209e-03 -3.161482510000000051e-02 3.075387460000000156e-02 2.310104950000000171e-02
3.360766990000000121e+00 7.466638000000000441e-02 -9.859077929999999698e-03 -1.978547660000000083e-02 1.717484799999999950e-02 7.185788000000000245e-03 -3.943962879999999595e-03
6.059542310000000320e+00 6.969636549999999597e-02 -7.087082110000000185e-03 -4.126519149999999941e-02 -1.015008249999999924e-02 3.466177909999999807e-03 2.872591849999999933e-03
8.757187780000000643e+00 6.547157169999999471e-02 -4.746155779999999759e-04 -4.449805219999999895e-02 -3.011363359999999836e-03 3.763560479999999986e-02 1.933611240000000092e-02
1.146536429999999918e+01 6.132431010000000127e-02 6.644854860000000418e-03 -4.193588210000000205e-02 -2.335144739999999927e-02 7.026684130000000403e-03 -2.246722199999999850e-02
1.416443929999999973e+01 5.530074389999999757e-02 7.522049470000000126e-03 -4.545115749999999871e-02 -6.986157730000000336e-03 -7.332038390000000100e-03 -1.327385080000000050e-02
1.687031119999999973e+01 5.708253929999999865e-02 1.569159960000000159e-02 -4.357574499999999906e-02 -3.352501060000000199e-02 -1.368546059999999932e-02 -2.586933890000000028e-02
1.956662999999999997e+01 6.735195060000000178e-02 1.137769679999999992e-02 -6.069480280000000283e-02 -8.151060899999999776e-03 -3.200992849999999973e-02 -2.699457170000000086e-02
2.227599869999999882e+01 6.275917370000000384e-02 1.464117319999999958e-02 -6.486991559999999435e-02 -2.347050739999999996e-02 -4.250416580000000027e-02 -4.696528729999999846e-02
2.497222059999999999e+01 5.304238160000000063e-02 1.894091130000000005e-03 -6.546531199999999773e-02 -2.803786659999999917e-02 -1.272544380000000018e-03 -3.708076729999999765e-02
2.767491589999999846e+01 5.801560649999999708e-02 2.278092549999999978e-04 -6.400009809999999966e-02 1.454865739999999970e-02 1.802490160000000050e-02 -4.518573750000000333e-02
3.037338619999999878e+01 5.535408829999999974e-02 -8.553145159999999206e-03 -6.325218999999999980e-02 1.843025649999999876e-02 2.718484859999999864e-02 1.110036720000000081e-02
3.306865650000000301e+01 5.373613270000000136e-02 -7.994876769999999244e-03 -6.183142999999999972e-02 4.254914499999999655e-02 6.300167019999999840e-02 2.974637020000000034e-02
3.577808929999999776e+01 5.334201920000000013e-02 -5.045926249999999925e-03 -6.643522100000000263e-02 -7.044351499999999648e-03 1.862637340000000002e-02 1.416556409999999988e-02
3.847756119999999669e+01 6.350344039999999968e-02 -9.147940409999999467e-03 -5.755048349999999924e-02 1.525621039999999935e-02 1.177464750000000067e-02 -1.950164760000000106e-03
4.117731280000000282e+01 5.200023470000000175e-02 -8.620459980000000008e-03 -6.406857439999999460e-02 3.317267919999999926e-02 -3.924496349999999877e-03 2.986810209999999841e-02
4.388701280000000082e+01 5.786426990000000103e-02 -1.046738359999999958e-02 -6.029085020000000267e-02 -8.234436740000000005e-03 -3.415510580000000185e-02 -1.420343230000000075e-03
4.658831750000000227e+01 5.296353659999999963e-02 -8.286156680000000135e-03 -6.071610560000000045e-02 8.163253429999999672e-03 8.666112599999999458e-03 -5.949606090000000153e-02
4.928677059999999699e+01 6.273887429999999710e-02 -9.251448350000000126e-03 -5.517420249999999832e-02 1.525375539999999919e-02 -1.225377690000000082e-02 -3.288028810000000191e-02
5.198858779999999769e+01 6.704137929999999523e-02 -5.913693220000000236e-03 -4.277125390000000027e-02 2.401383720000000149e-03 2.953516150000000048e-02 -6.718684150000000209e-03
5.468855030000000284e+01 5.515753119999999843e-02 2.627158820000000073e-04 -5.307091709999999657e-02 -8.624326269999999656e-03 -5.321816000000000046e-03 6.497119620000000109e-03
5.739812529999999668e+01 4.336833130000000008e-02 -8.601886150000000479e-04 -6.417475949999999763e-02 2.873893569999999911e-02 -2.146008950000000137e-02 -2.340454520000000149e-02
6.010775650000000070e+01 3.388490119999999772e-02 6.051844370000000056e-03 -6.475050440000000573e-02 1.081217240000000024e-02 1.013715779999999934e-02 -1.192750440000000037e-02
6.282358620000000116e+01 3.606400220000000045e-02 -1.418723850000000062e-03 -6.538885830000000510e-02 -5.177988710000000321e-03 1.714830040000000014e-02 -2.050433369999999852e-02
6.552262210000000664e+01 4.418318029999999952e-02 3.878729359999999893e-03 -6.318355620000000450e-02 -2.093610020000000009e-03 2.018906219999999987e-02 -1.972068639999999956e-02
6.822392370000000028e+01 5.705327400000000104e-02 -8.385352999999999904e-03 -6.556013419999999481e-02 2.349473500000000097e-03 -1.681649429999999834e-02 -7.789395119999999693e-03
7.092004559999999458e+01 6.581651480000000332e-02 -6.981364149999999720e-03 -6.594874250000000437e-02 -7.992026109999999725e-03 7.190260979999999955e-03 -4.983812639999999836e-03
7.361329250000000002e+01 6.575473869999999554e-02 -1.945284060000000009e-02 -5.108020130000000270e-02 7.973364840000000259e-03 -1.567434460000000085e-02 3.093033460000000137e-03
7.631725649999999916e+01 6.327317250000000226e-02 -1.190890479999999994e-02 -5.310806829999999840e-02 -1.807570580000000121e-02 1.954425989999999946e-02 -3.725638779999999872e-02
7.901689090000000704e+01 6.315910349999999396e-02 -8.350258719999999885e-03 -4.285104979999999897e-02 2.840953179999999943e-03 4.808203960000000110e-02 -2.511131470000000157e-02
8.170610030000000279e+01 6.373745040000000639e-02 -1.816095590000000020e-03 -4.716330450000000285e-02 4.184764120000000059e-02 1.843211419999999864e-02 -4.443897359999999901e-03
8.441001900000000546e+01 6.669338810000000062e-02 -4.206229269999999811e-04 -4.964713929999999692e-02 4.846650229999999865e-02 -7.558236759999999860e-03 -3.362372269999999719e-02
8.710405339999999796e+01 5.935376170000000035e-02 1.680909130000000093e-03 -5.320668320000000034e-02 2.190168669999999901e-02 -7.896639849999999641e-03 2.181271519999999908e-02
8.980470649999999466e+01 5.266607940000000293e-02 5.343252340000000100e-03 -5.391889450000000167e-02 2.202878159999999835e-02 8.052772530000000192e-03 1.058187319999999952e-02
9.250287529999999947e+01 4.487677720000000231e-02 5.905979100000000200e-05 -7.085980240000000485e-02 -7.933301610000000406e-03 5.375173569999999908e-03 -2.434600350000000121e-02
9.520583000000000595e+01 4.399872870000000324e-02 4.785268379999999856e-03 -6.394126510000000541e-02 3.319155609999999840e-02 -1.646138700000000094e-02 -2.382447799999999963e-02
9.790480340000000581e+01 5.255160100000000334e-02 2.664104359999999901e-03 -6.411837280000000361e-02 1.578673980000000129e-02 -5.171000810000000308e-02 3.962765610000000202e-03
1.005967140000000057e+02 5.555034820000000206e-02 -5.978942899999999984e-03 -5.831025019999999670e-02 3.291858870000000103e-02 -6.988360039999999725e-03 5.977406059999999799e-02
1.033094329999999985e+02 5.981857100000000094e-02 2.340773339999999928e-03 -5.506209680000000162e-02 9.834323330000000266e-03 -1.805206259999999827e-02 3.228232279999999899e-03
1.060147769999999952e+02 6.124207100000000209e-02 -6.563657419999999708e-03 -5.235394740000000324e-02 1.622756690000000043e-02 -6.161131450000000183e-03 -1.517198259999999986e-02
1.087214490000000069e+02 6.846931380000000067e-02 -1.329216399999999954e-03 -5.074971550000000053e-02 1.330518209999999963e-03 2.276261850000000156e-02 -6.334163190000000054e-02
1.114274640000000005e+02 7.173685380000000000e-02 1.432989420000000021e-03 -4.602627139999999895e-02 6.861077789999999593e-03 -3.050996790000000056e-02 -4.032709419999999656e-02
1.141266669999999976e+02 6.349036610000000080e-02 5.667610529999999626e-03 -4.435367440000000105e-02 1.924674190000000024e-03 3.715938399999999930e-03 -5.925183409999999762e-02
1.168276989999999955e+02 6.213957750000000113e-02 1.211975170000000089e-03 -5.344444589999999828e-02 -1.562958570000000033e-02 1.987225470000000133e-02 -3.038144279999999836e-02
1.195228709999999950e+02 6.471930139999999831e-02 3.023164449999999996e-03 -5.080341559999999868e-02 4.103000589999999947e-02 -1.166710139999999930e-02 1.073821789999999943e-02
1.222188390000000027e+02 7.025139380000000600e-02 1.155298539999999926e-03 -4.922261499999999734e-02 2.131154680000000093e-02 2.713036959999999900e-02 3.443011359999999937e-02
1.249268239999999963e+02 6.541635830000000484e-02 6.870579399999999625e-04 -3.874109700000000212e-02 -1.460985549999999945e-02 -6.612796009999999391e-02 1.096430160000000029e-02
1.276255270000000053e+02 6.879640489999999664e-02 -3.921936039999999839e-03 -3.290254819999999941e-02 5.941048299999999657e-03 -3.293681340000000068e-02 -1.944361249999999874e-02
1.303213079999999877e+02 7.558247240000000311e-02 -8.287885019999999964e-03 -1.769941980000000123e-02 -4.293867209999999851e-02 -5.502290469999999989e-02 -1.248025520000000006e-02
1.330085740000000101e+02 8.159161560000000035e-02 -1.932172999999999920e-03 6.047277799999999613e-03 1.953268179999999993e-02 -4.421538459999999754e-02 -3.084521069999999945e-03
1.357104019999999878e+02 7.529534159999999587e-02 -1.127814989999999934e-02 8.891629660000000684e-03 -7.378131729999999611e-02 -2.864169810000000149e-02 2.378940400000000011e-02
1.384114329999999882e+02 7.343654559999999998e-02 -4.461009919999999948e-03 2.691702619999999935e-02 -5.388669459999999994e-02 -7.031737639999999755e-03 1.558588529999999951e-02
1.410996989999999869e+02 7.394936990000000598e-02 -5.994676990000000379e-03 3.605801270000000280e-02 -3.778056700000000101e-02 3.490652329999999887e-02 2.312459279999999964e-02
1.437946670000000040e+02 5.992954930000000263e-02 -4.555453519999999763e-03 5.029215690000000266e-02 1.216873970000000027e-02 1.246626879999999937e-02 4.091836439999999714e-02
1.464899489999999957e+02 6.489041610000000071e-02 8.305328660000000458e-04 5.416986850000000270e-02 2.020845869999999839e-03 6.626960840000000429e-03 2.985379579999999922e-02
1.491791990000000112e+02 6.368432549999999970e-02 -2.624605849999999980e-03 6.741056310000000107e-02 -9.254269140000000171e-03 1.486895210000000085e-02 3.939050339999999872e-02
1.518801049999999861e+02 5.648128840000000289e-02 2.448019980000000050e-03 6.165678720000000029e-02 5.059307960000000368e-03 5.203274299999999936e-02 3.497557390000000099e-02
1.545836520000000007e+02 5.085672170000000297e-02 -2.186304070000000179e-03 6.132905689999999799e-02 4.850909250000000339e-02 2.738149559999999982e-03 3.609471530000000344e-02
1.572850420000000042e+02 5.383457149999999747e-02 4.844170199999999816e-04 5.559334779999999809e-02 3.846414969999999850e-02 -1.572405480000000147e-02 -4.306842469999999819e-03
1.599864019999999982e+02 5.700617709999999949e-02 -4.126952419999999760e-03 5.116099419999999703e-02 -1.052325999999999956e-02 3.051810450000000050e-02 7.345671619999999923e-03
1.626915270000000078e+02 5.510240129999999931e-02 -1.191079649999999927e-02 4.485551730000000153e-02 -6.739964860000000231e-03 5.522377159999999896e-02 -1.151858480000000039e-02
1.654002610000000004e+02 5.784965920000000039e-02 -1.087170800000000076e-02 6.057787209999999922e-02 -1.951881190000000037e-03 3.128447489999999775e-02 -2.213566239999999880e-02
1.681061829999999873e+02 5.411530690000000005e-02 -1.238702589999999930e-02 7.120916989999999391e-02 -2.974704680000000209e-03 5.722694760000000130e-02 5.264810649999999981e-03
1.708151990000000069e+02 5.778722480000000189e-02 -1.085491769999999932e-02 7.228223079999999967e-02 2.842212729999999896e-02 2.198499710000000051e-02 3.735076350000000184e-02
1.735106989999999882e+02 5.208789400000000264e-02 -3.097418440000000196e-03 6.776739760000000112e-02 1.713668860000000169e-02 1.881912570000000146e-02 -1.005654360000000046e-02
1.762169639999999902e+02 3.695417289999999855e-02 -5.195474910000000106e-03 5.931533220000000106e-02 1.148049020000000038e-02 -1.981468939999999831e-02 6.229459720000000283e-02
1.789151050000000112e+02 3.063516029999999862e-02 -1.193258759999999991e-03 6.200009320000000185e-02 -3.116911359999999850e-03 -1.372108109999999916e-02 -7.347365829999999952e-03
1.816244639999999890e+02 3.526680880000000046e-02 1.734003490000000014e-03 7.018931690000000667e-02 1.355630390000000032e-02 -6.241221959999999902e-02 3.847069510000000053e-02
1.843329329999999970e+02 4.725315680000000129e-02 -1.157684630000000055e-03 7.785147380000000117e-02 2.334319470000000007e-02 -3.023429940000000107e-02 1.922790250000000131e-02
1.870302609999999959e+02 4.702496119999999974e-02 -2.444766699999999932e-03 6.805477510000000618e-02 1.914413010000000012e-02 5.100844759999999777e-03 4.721704649999999837e-02
1.897358710000000031e+02 4.799791590000000024e-02 -8.496580570000000429e-03 5.316031699999999860e-02 3.095351099999999953e-02 -3.709398240000000291e-02 6.337407809999999475e-02
1.924387609999999995e+02 4.720278239999999709e-02 -1.721446310000000063e-02 4.276369530000000141e-02 1.976592099999999880e-02 -8.561516240000000694e-03 2.060652530000000107e-02
1.951445889999999963e+02 4.723143080000000160e-02 -1.983616410000000121e-02 4.934187810000000007e-02 -1.618426920000000076e-03 -1.384965120000000022e-02 -7.979834439999999862e-03
1.978361989999999935e+02 4.798828060000000229e-02 -1.769889129999999838e-02 5.020337159999999771e-02 2.733735550000000042e-02 7.348681890000000050e-03 -6.393951319999999737e-03
2.005319169999999929e+02 5.649083919999999676e-02 -1.957274809999999879e-02 5.741284230000000266e-02 9.635947049999999542e-03 -1.570801239999999876e-02 1.708690309999999837e-02
2.032352300000000014e+02 4.285445150000000147e-02 -1.525219300000000069e-02 6.072289749999999764e-02 1.324263950000000023e-02 -9.643294950000000712e-03 -1.903824169999999982e-02
2.059268549999999891e+02 2.999107440000000138e-02 -2.250587349999999889e-02 6.969694910000000243e-02 -1.955463699999999971e-02 8.057371719999999529e-03 -1.315263069999999916e-02
2.086203859999999963e+02 1.896142849999999866e-02 -1.664212389999999986e-02 5.561292570000000296e-02 2.745473559999999855e-02 5.401259910000000275e-02 2.032585109999999941e-03
2.113280579999999986e+02 2.751823239999999851e-02 -1.727606989999999967e-02 5.367018550000000193e-02 1.280669530000000042e-02 -9.379225510000000279e-03 -4.220758840000000262e-02
2.140266990000000078e+02 3.782783289999999687e-02 -8.272753180000000026e-03 6.854235490000000486e-02 2.299073999999999909e-02 4.327489179999999963e-02 -4.144147370000000191e-03
2.167184489999999926e+02 5.883527399999999991e-02 -7.408476380000000427e-04 6.827704669999999643e-02 1.977084620000000171e-03 3.362347529999999696e-02 3.181571629999999790e-02
2.194119489999999928e+02 5.843124420000000291e-02 3.684191119999999809e-03 5.645841470000000084e-02 -1.331848409999999983e-02 1.300026919999999926e-02 4.980580359999999679e-02
2.221104799999999955e+02 6.242723380000000238e-02 -8.537743349999999884e-03 5.642036129999999927e-02 -8.515586120000000290e-04 -2.641468259999999943e-02 6.703131580000000478e-02
2.248126210000000071e+02 6.483040469999999666e-02 -9.645464410000000391e-03 6.161150189999999721e-02 2.544527530000000037e-02 -3.484492250000000013e-02 7.334545189999999715e-02
2.275184959999999990e+02 6.040215820000000013e-02 7.745830649999999777e-04 5.690781329999999860e-02 2.386882079999999920e-02 6.784081100000000216e-04 1.246025660000000049e-02
2.302275579999999877e+02 5.477462369999999692e-02 -1.907492360000000078e-03 6.070767269999999965e-02 9.887277189999999980e-03 2.829759109999999828e-02 -5.728123370000000152e-03
2.329404800000000080e+02 6.457589930000000311e-02 -2.118727170000000125e-03 5.826952140000000308e-02 1.341730940000000066e-02 4.847989970000000058e-03 -2.305505960000000035e-02
2.356416670000000124e+02 7.111887000000000070e-02 -1.381983010000000000e-03 6.228747409999999679e-02 -7.292745029999999663e-03 3.352427930000000111e-02 -4.960704809999999607e-04
2.383398239999999930e+02 6.825826359999999371e-02 -7.700887610000000175e-03 5.965451539999999664e-02 -1.644294199999999859e-02 1.810339429999999888e-02 5.534318819999999722e-02
2.410446990000000085e+02 6.849769109999999384e-02 -3.395956519999999978e-03 6.327690129999999358e-02 -9.012940100000000135e-03 1.676346960000000066e-02 3.691481249999999797e-02
2.437396209999999996e+02 5.989566319999999749e-02 -1.186671639999999951e-02 6.527882579999999546e-02 -3.750216420000000023e-02 5.277274059999999961e-03 8.154835990000000590e-02
2.464468860000000063e+02 5.095769540000000264e-02 -1.290420910000000072e-03 6.029073990000000105e-02 2.398833220000000030e-02 -1.232949640000000069e-02 3.992096869999999659e-02
2.491394170000000088e+02 5.418048780000000314e-02 -8.637307219999999439e-03 5.447723069999999695e-02 -1.876735980000000109e-02 7.553658609999999718e-03 3.401589700000000327e-02
2.518399960000000135e+02 5.618703840000000005e-02 -1.294823380000000024e-02 5.174902029999999681e-02 -2.165392699999999990e-02 -4.116647969999999782e-03 5.405275939999999724e-02
2.545406049999999993e+02 5.232588240000000251e-02 -7.225846680000000063e-03 6.044403389999999932e-02 -2.118197109999999869e-02 5.634646450000000036e-03 1.287174760000000043e-02
2.572344800000000191e+02 6.187106929999999783e-02 -2.606379680000000133e-03 6.569624820000000143e-02 -1.419258969999999918e-02 -1.495343749999999972e-02 3.733649509999999866e-02
2.599214640000000145e+02 6.484108619999999490e-02 8.475529580000000160e-03 5.735289150000000280e-02 -2.631187650000000114e-02 -3.846306549999999741e-02 8.634262280000000803e-03
2.626224330000000009e+02 8.207421489999999764e-02 1.418966069999999958e-03 4.167625209999999830e-02 6.364991329999999947e-02 6.409558959999999729e-03 8.266529190000000270e-05
2.653147460000000137e+02 8.082018520000000539e-02 9.286919189999999491e-04 2.523356319999999972e-02 5.518917939999999633e-03 -6.168044549999999668e-03 4.732609869999999941e-02
2.680189980000000105e+02 8.625736829999999800e-02 -3.853710529999999825e-03 2.163393259999999828e-03 3.176810719999999949e-02 2.859599320000000017e-03 3.426877689999999893e-02
