# a=0.06654817013075176, b=-129.98235850096046, c=-0.0015905826520150894, xi=11.106473008732403
6.569181179999999953e-01 8.137152890000000360e-02 -6.319248989999999913e-03 -3.427456280000000239e-04 -4.917870670000000326e-03 1.607808709999999919e-02 5.800915269999999679e-02
3.357601079999999794e+00 7.718500940000000421e-02 1.193732309999999956e-04 -2.920716920000000077e-02 -2.178775410000000079e-02 6.497912320000000241e-02 4.559458780000000266e-02
6.056732639999999890e+00 7.159192929999999566e-02 -2.760199120000000027e-04 -4.973845419999999712e-02 -2.434137919999999899e-02 4.309979080000000268e-02 -1.403934010000000045e-02
8.758900300000000527e+00 7.527548169999999372e-02 5.662976370000000377e-03 -5.876141000000000003e-02 5.298023500000000399e-03 -1.952529500000000154e-02 -3.111366219999999946e-02
1.146113539999999986e+01 7.277219349999999864e-02 2.845794489999999791e-03 -5.491826340000000028e-02 3.851889490000000305e-02 -3.286474939999999706e-02 1.066138030000000035e-02
1.416817759999999993e+01 6.764768590000000414e-02 -6.948303970000000536e-04 -4.813850299999999915e-02 1.494523000000000032e-02 -4.936713029999999572e-03 3.364358230000000227e-02
1.686417140000000003e+01 7.635140360000000626e-02 1.964981819999999952e-03 -5.580090819999999896e-02 2.400795260000000014e-02 3.096398430000000049e-02 3.395406389999999774e-02
1.955670260000000127e+01 7.339685099999999907e-02 2.286263699999999989e-03 -6.331528340000000532e-02 1.419636129999999989e-02 3.770778019999999897e-02 5.189226140000000216e-03
2.225146510000000077e+01 6.854754379999999925e-02 9.637662200000000033e-04 -6.904580030000000146e-02 2.976738240000000035e-02 -1.685815099999999993e-04 1.986201710000000051e-02
2.495274170000000069e+01 6.166797460000000147e-02 -9.452787090000000112e-04 -6.888150240000000257e-02 4.622719449999999897e-02 2.203864809999999883e-02 1.233712400000000009e-03
2.765773390000000020e+01 6.050434140000000155e-02 3.443459639999999888e-03 -6.623278270000000634e-02 1.763142170000000022e-02 2.953346429999999939e-02 -2.128318230000000172e-02
3.036004949999999880e+01 6.042935370000000056e-02 6.216507379999999805e-03 -6.539332159999999838e-02 9.624891280000000618e-03 4.768735710000000100e-02 -2.063549450000000049e-02
3.306909799999999677e+01 6.464516550000000417e-02 -2.863219370000000220e-04 -6.481446959999999369e-02 1.523505489999999948e-02 3.450302990000000264e-02 -3.711051869999999753e-02
3.576319949999999892e+01 6.352859789999999729e-02 6.354957890000000401e-03 -6.799720559999999914e-02 3.306672760000000082e-03 4.599181609999999920e-02 -4.751124030000000026e-02
3.847150890000000345e+01 6.666915480000000505e-02 -1.587234799999999923e-03 -6.642512320000000525e-02 1.940569290000000030e-02 2.525888080000000119e-02 -2.446750899999999840e-02
4.117137290000000149e+01 7.256840250000000381e-02 9.224060509999999768e-03 -6.825125560000000480e-02 -6.854812119999999578e-03 2.658242840000000010e-02 3.617012320000000201e-03
4.387322609999999656e+01 6.958585729999999803e-02 5.798243619999999925e-03 -7.381554579999999310e-02 1.335523329999999988e-02 1.923197000000000101e-02 -1.908539360000000018e-02
4.656947920000000352e+01 6.235688140000000129e-02 1.012678770000000061e-02 -7.034890890000000674e-02 3.955797619999999737e-02 -6.573715259999999769e-03 -3.429581849999999849e-02
4.926606979999999680e+01 6.106058760000000057e-02 7.086648370000000335e-03 -6.465740840000000489e-02 3.344155320000000153e-02 -1.970012059999999912e-03 -2.847166309999999909e-02
5.195849640000000136e+01 6.791893729999999574e-02 7.158343289999999880e-03 -6.032976429999999807e-02 1.860014629999999849e-02 -3.065524520000000031e-02 -9.824603830000000482e-03
5.465433079999999677e+01 5.883778340000000301e-02 5.962066509999999937e-03 -7.052763260000000090e-02 4.893380580000000063e-02 -4.772401219999999888e-02 -3.576920270000000235e-02
5.736045730000000020e+01 6.131235329999999706e-02 3.559989070000000103e-03 -7.342160770000000225e-02 4.196260079999999948e-02 -4.581894110000000325e-02 -3.881280599999999831e-02
6.006578389999999956e+01 6.421806359999999991e-02 5.475175409999999757e-03 -7.105510090000000112e-02 4.855368749999999789e-02 -1.492337510000000048e-02 -2.303407400000000160e-02
6.277121830000000102e+01 6.325845089999999893e-02 1.032709549999999941e-02 -6.991047159999999594e-02 5.163216989999999673e-02 8.143973190000000422e-04 -2.565712150000000122e-02
6.547276669999999399e+01 5.431785279999999660e-02 8.782746589999999506e-03 -6.725352930000000340e-02 4.465921140000000261e-02 1.522734480000000013e-03 -3.158108529999999886e-02
6.817951829999999802e+01 5.007939220000000302e-02 7.209610640000000022e-03 -6.466185389999999644e-02 3.796515880000000259e-02 -1.561580180000000061e-02 -1.224359650000000042e-02
7.088832449999999596e+01 5.221317329999999868e-02 5.873716870000000173e-03 -6.288543280000000180e-02 2.030406410000000147e-02 1.796527059999999953e-02 -1.518203819999999933e-02
7.358335420000000227e+01 5.758254890000000237e-02 9.781065909999999211e-03 -6.928543530000000339e-02 1.379869059999999995e-02 4.776229320000000000e-02 -3.665173280000000311e-02
7.627725730000000226e+01 6.585087570000000556e-02 7.551925509999999828e-03 -7.170586079999999307e-02 2.019922910000000044e-02 3.133029310000000345e-02 -4.275041820000000103e-02
7.897547760000000494e+01 6.435751709999999737e-02 7.409307670000000318e-03 -6.896908740000000371e-02 2.907718139999999896e-02 2.060924699999999807e-03 -6.965857079999999979e-02
8.167168230000000051e+01 5.742796110000000093e-02 3.311505340000000120e-03 -6.679502190000000117e-02 4.776298350000000165e-02 -2.157403210000000127e-02 -8.885495250000000067e-03
8.436852759999999307e+01 5.805481769999999708e-02 3.739058889999999878e-03 -6.667170390000000391e-02 2.552185690000000062e-02 -5.761759850000000051e-03 2.207873730000000159e-02
8.706629789999999502e+01 6.174130960000000223e-02 3.265574470000000003e-04 -6.735965600000000386e-02 1.881811020000000167e-02 -8.955417360000000535e-03 2.821400409999999873e-02
8.976034009999999341e+01 6.329479359999999610e-02 5.014591950000000208e-03 -6.116234319999999669e-02 2.235636690000000065e-02 -1.093889850000000045e-02 3.164535880000000218e-02
9.245922760000000551e+01 6.210557509999999753e-02 1.455340000000000062e-03 -6.651728379999999330e-02 1.990943530000000017e-02 4.889663639999999867e-02 7.751890039999999836e-03
9.516707449999999824e+01 5.610946859999999675e-02 2.390813820000000072e-03 -7.491200359999999892e-02 -8.472713689999999617e-03 1.421937099999999975e-02 -1.011129300000000036e-03
9.786332760000000519e+01 5.880360700000000079e-02 4.018430299999999587e-03 -6.065197149999999870e-02 -1.965658559999999833e-02 -4.734779019999999644e-03 8.232162799999999739e-03
1.005695560000000057e+02 6.882603569999999615e-02 4.009561380000000244e-03 -6.948485329999999627e-02 -8.366963260000000527e-03 2.755363970000000023e-02 2.770018969999999900e-02
1.032726959999999963e+02 7.411936080000000593e-02 3.957799669999999617e-03 -6.722077499999999650e-02 -1.535697890000000017e-02 -3.147348179999999830e-04 -1.545457459999999977e-02
1.059716030000000018e+02 7.166109760000000106e-02 3.353412889999999973e-03 -7.274218350000000166e-02 -1.843136650000000085e-02 -2.194409699999999921e-02 -6.959936240000000329e-02
1.086723209999999966e+02 7.145206410000000397e-02 3.092046470000000061e-03 -6.736897869999999844e-02 2.055433140000000047e-02 -5.287330509999999678e-02 -4.894733219999999885e-02
1.113739620000000059e+02 7.073961410000000061e-02 2.007778029999999873e-03 -6.760593049999999438e-02 4.212245950000000072e-02 3.172692139999999834e-03 -2.093692720000000021e-02
1.140759460000000018e+02 6.765266109999999722e-02 3.572514949999999994e-05 -5.634427549999999896e-02 4.502827370000000301e-02 -1.284454350000000097e-03 3.343318259999999899e-03
1.167763999999999953e+02 6.861756669999999336e-02 -3.400412590000000037e-03 -6.009682849999999771e-02 3.494595439999999970e-02 -8.049791219999999706e-03 1.275058819999999940e-02
1.194776499999999970e+02 6.907460260000000685e-02 -6.537849670000000016e-03 -5.430153189999999824e-02 2.258632589999999898e-02 -1.625454999999999955e-02 -2.208967989999999909e-02
1.221714779999999934e+02 7.210413209999999573e-02 -9.790681929999999616e-03 -4.565685220000000044e-02 -1.006097520000000071e-02 -2.408943789999999988e-02 -9.592038610000000465e-02
1.248690869999999933e+02 8.083666899999999989e-02 -1.048100530000000037e-02 -2.782243839999999982e-02 -1.684046380000000023e-02 2.378012670000000106e-02 -1.071596179999999982e-01
1.275669309999999967e+02 8.064024429999999688e-02 -1.028543160000000047e-02 -1.305156139999999985e-02 -8.323538740000000630e-03 1.125137200000000080e-02 -5.221877140000000250e-02
1.302617280000000051e+02 8.028977340000000018e-02 -7.478426829999999977e-03 5.135246369999999600e-04 -9.880437290000000303e-03 1.718874780000000102e-02 -6.257954609999999418e-02
1.329637119999999868e+02 7.214416190000000340e-02 -7.075547560000000104e-03 1.841850340000000114e-02 -2.585793109999999853e-02 5.048264210000000252e-02 -3.733405580000000168e-02
1.356674460000000124e+02 7.100121269999999651e-02 6.928408360000000278e-06 3.109089790000000089e-02 -1.458816469999999962e-02 6.135846699999999987e-02 1.088920070000000103e-03
1.383641340000000071e+02 7.182994119999999705e-02 -2.171232490000000093e-04 3.813989319999999683e-02 -1.600106290000000153e-02 1.244735899999999985e-02 4.486809859999999622e-03
1.410604460000000131e+02 7.706480960000000602e-02 5.388603700000000295e-03 4.825506770000000112e-02 -1.510776049999999933e-02 -2.894781730000000036e-03 -2.976820120000000028e-02
1.437542750000000069e+02 7.699222479999999480e-02 9.368900010000000278e-03 5.556422219999999912e-02 1.304149089999999921e-02 2.766944069999999894e-02 -2.745873860000000097e-02
1.464545559999999966e+02 7.406320969999999337e-02 1.188890559999999930e-02 5.806732170000000054e-02 3.867593899999999946e-02 4.415418310000000096e-02 -1.527515100000000070e-02
1.491528059999999982e+02 6.998598729999999657e-02 9.852753770000000078e-03 5.653875209999999901e-02 -1.640229429999999836e-02 3.737972870000000336e-02 -1.612747449999999902e-02
1.518554780000000051e+02 7.150707679999999955e-02 3.538946989999999793e-03 5.571211859999999905e-02 -2.263033990000000092e-02 1.090245320000000039e-02 -6.593752210000000669e-02
1.545592750000000137e+02 7.458884490000000644e-02 -3.747696799999999853e-03 5.431764580000000148e-02 -3.708969590000000247e-04 -4.887343399999999859e-03 -4.995570979999999772e-02
1.572576650000000029e+02 6.960465420000000458e-02 9.924823240000000494e-04 5.769235360000000284e-02 2.259016999999999969e-02 -7.011270320000000187e-05 -3.766605509999999823e-03
1.599626030000000014e+02 6.423810289999999645e-02 1.818838340000000081e-03 5.679747219999999736e-02 -9.202468760000000539e-03 -4.447170240000000024e-02 4.797966780000000042e-02
1.626606810000000110e+02 6.260313000000000683e-02 1.958764180000000139e-03 6.339963190000000304e-02 -2.259152290000000091e-02 8.773571319999999563e-03 6.259730580000000266e-02
1.653606809999999996e+02 6.285027999999999448e-02 1.393195289999999992e-03 6.973308150000000205e-02 -1.348159060000000010e-03 5.348642680000000038e-02 5.309742690000000126e-02
1.680608060000000137e+02 6.147398269999999887e-02 3.255697420000000161e-03 7.527532730000000005e-02 1.426148279999999921e-02 7.575971650000000446e-02 4.909374899999999903e-02
1.707565869999999961e+02 6.248614899999999778e-02 4.308760749999999626e-03 7.353548229999999630e-02 2.899514879999999864e-02 6.381025519999999895e-02 4.010360989999999654e-02
1.734624929999999949e+02 6.603436140000000509e-02 6.264821620000000403e-03 6.889061770000000362e-02 -3.432482800000000167e-02 1.171898369999999946e-02 3.734877209999999670e-02
1.761519460000000095e+02 6.036089380000000254e-02 1.448407650000000085e-03 6.862734219999999663e-02 -1.391202170000000078e-02 4.963388330000000070e-02 -2.598862440000000024e-02
1.788527589999999918e+02 5.193876029999999755e-02 -2.379733509999999892e-03 7.239399990000000562e-02 -2.151855009999999874e-02 1.342702020000000052e-02 -6.310631160000000628e-02
1.815549619999999891e+02 4.644695100000000021e-02 -6.273785280000000221e-03 7.457851159999999424e-02 -2.658409210000000061e-03 -3.165793389999999735e-02 -3.489139349999999945e-02
1.842537120000000073e+02 4.678748220000000096e-02 -4.967151230000000327e-03 6.441215050000000109e-02 -1.274979199999999938e-02 -2.146780330000000025e-03 -3.620048470000000046e-02
1.869558209999999860e+02 5.676215960000000060e-02 -4.367015220000000121e-03 6.676596059999999333e-02 -1.613031369999999923e-02 3.621448020000000295e-02 7.408334750000000399e-03
1.896564150000000097e+02 6.223748419999999837e-02 -7.401219250000000416e-04 7.372113909999999937e-02 -1.839468190000000114e-02 2.822825959999999967e-02 2.295976820000000113e-02
1.923560090000000002e+02 6.633228689999999539e-02 -1.055213319999999920e-02 7.326369770000000503e-02 -2.276722000000000121e-03 -9.720974699999999219e-03 4.863460609999999823e-02
1.950652589999999975e+02 7.392671339999999647e-02 -5.183310959999999634e-03 6.138332700000000142e-02 1.166046589999999994e-02 -6.982198410000000320e-04 4.091776390000000097e-02
1.977559149999999875e+02 7.144431800000000665e-02 1.319426109999999894e-04 5.746483899999999673e-02 4.564009720000000020e-02 -2.545313020000000009e-02 2.925062969999999915e-02
2.004513530000000117e+02 7.464541260000000233e-02 -3.814792530000000060e-03 5.955753159999999796e-02 1.541195420000000035e-03 -5.008269369999999998e-02 4.383615450000000191e-02
2.031456029999999942e+02 7.030989140000000470e-02 -2.155157569999999884e-03 6.103502009999999672e-02 -2.570459090000000099e-02 -6.988269680000000483e-02 2.127611280000000007e-02
2.058366499999999917e+02 6.101297809999999683e-02 -1.319117670000000001e-03 6.304290519999999898e-02 -1.262278550000000069e-02 -6.285861919999999802e-04 -5.088074740000000235e-02
2.085297119999999893e+02 6.073942449999999993e-02 5.719053640000000029e-03 7.556143919999999681e-02 1.491636669999999928e-02 2.125465819999999839e-02 -4.217980500000000077e-02
2.112333209999999895e+02 5.970512619999999993e-02 2.171043149999999939e-03 7.305938439999999645e-02 1.577665560000000161e-02 9.412287420000000140e-03 -3.150511099999999971e-03
2.139407590000000141e+02 5.550792620000000177e-02 -1.698142830000000077e-03 6.809542120000000587e-02 -4.271426220000000031e-03 3.968551850000000270e-02 5.129435320000000353e-03
2.166510560000000112e+02 5.444918709999999745e-02 9.182292469999999958e-04 5.913420669999999713e-02 -3.375680999999999821e-02 6.012696249999999881e-02 -1.306204589999999943e-02
2.193443839999999909e+02 5.983033830000000081e-02 1.436314890000000080e-03 5.670297920000000325e-02 -1.671727430000000125e-02 -3.176350829999999986e-02 -3.390362160000000291e-02
2.220496960000000115e+02 6.892795429999999668e-02 -5.078817660000000409e-04 6.044574099999999728e-02 -1.880294490000000013e-02 -5.066889880000000068e-02 3.593547080000000088e-02
2.247451649999999859e+02 7.120242459999999440e-02 -3.602442830000000232e-04 5.521969820000000029e-02 2.175759199999999921e-02 -4.626463349999999919e-02 -4.237088960000000293e-02
2.274458999999999946e+02 7.265228540000000235e-02 8.578982080000000301e-03 6.054985449999999991e-02 1.454718699999999962e-02 -4.028646970000000077e-02 -1.002564960000000040e-02
2.301495400000000018e+02 6.457518289999999994e-02 3.283037759999999933e-03 6.712412389999999895e-02 -1.943272290000000110e-02 -6.254859150000000034e-03 9.628683929999999613e-03
2.328482119999999895e+02 6.200219790000000009e-02 2.311294440000000172e-03 6.684515039999999741e-02 -1.859449189999999932e-02 6.194067699999999954e-02 1.637834170000000006e-02
2.355420870000000093e+02 5.618018629999999708e-02 1.204245880000000008e-03 7.660744649999999545e-02 -3.688095119999999782e-02 2.072915750000000126e-02 1.050948730000000018e-02
2.382288369999999986e+02 5.274469279999999954e-02 1.716976739999999911e-03 6.863018549999999607e-02 9.405484599999999751e-03 -5.109887020000000030e-02 -2.096634619999999949e-02
2.409270559999999932e+02 4.977714469999999780e-02 -7.149514279999999791e-03 6.551497900000000096e-02 3.905289049999999956e-02 -1.831927529999999998e-02 1.500950480000000017e-02
2.436306339999999864e+02 4.593369089999999738e-02 -4.190585959999999777e-03 6.551204060000000162e-02 -1.238881139999999971e-02 -1.860910480000000158e-02 2.212721260000000134e-02
2.463252430000000004e+02 5.038316019999999895e-02 -1.049258680000000020e-02 6.301437699999999642e-02 1.098581809999999966e-03 2.306039069999999899e-02 6.560805710000000568e-02
2.490200399999999945e+02 5.800366889999999942e-02 -1.012044169999999979e-02 6.351039529999999433e-02 2.355512129999999885e-02 -1.226186819999999962e-02 1.573149700000000054e-02
2.517204619999999977e+02 5.648198349999999923e-02 -1.373498169999999921e-02 7.450189769999999989e-02 3.195439230000000214e-02 -4.718235970000000251e-02 3.040924290000000113e-03
2.544153210000000058e+02 5.654944609999999761e-02 -1.168431280000000079e-02 7.495129339999999363e-02 4.340375739999999954e-02 2.614799240000000025e-03 -4.833754400000000138e-03
2.571232899999999972e+02 5.639303849999999924e-02 -9.825905929999999983e-03 7.275148430000000221e-02 2.752176669999999853e-02 4.227006750000000118e-02 -2.712469740000000157e-02
2.598283369999999763e+02 6.183457030000000243e-02 -1.112626090000000054e-02 6.921616009999999319e-02 3.677409560000000077e-02 -1.917398229999999967e-02 -1.114438090000000048e-02
2.625277590000000032e+02 6.869743479999999847e-02 -7.588384450000000038e-03 6.316031860000000109e-02 3.454561030000000144e-02 -1.413482670000000031e-02 1.356806770000000030e-02
2.652227899999999750e+02 7.335180089999999986e-02 -7.486224930000000277e-03 4.410568690000000319e-02 4.982800269999999865e-02 1.106973800000000084e-02 2.530944939999999962e-02
2.679174269999999751e+02 7.850197180000000052e-02 -3.387371340000000074e-03 2.543609859999999834e-02 2.837117249999999979e-02 -3.571275559999999988e-02 5.024073589999999978e-02
