# a=0.06569481781079418, b=-133.82498840422653, c=0.00010645625205637009, xi=8.554737062620195
6.429173990000000005e-01 6.911740639999999769e-02 -8.795793689999999512e-03 -1.475383580000000101e-03 -1.278571780000000054e-02 -1.840725169999999841e-02 1.678231830000000147e-02
3.344361119999999854e+00 7.196980549999999754e-02 -1.052094779999999952e-02 -1.158768930000000051e-02 4.915182110000000139e-03 -2.669480509999999987e-02 3.659782990000000347e-02
6.050162369999999790e+00 7.141739419999999783e-02 -9.250289020000000001e-03 -2.239265140000000140e-02 1.821179640000000072e-02 -3.386244430000000250e-02 5.072775179999999828e-02
8.751218769999999481e+00 6.788239199999999973e-02 -1.408145119999999924e-02 -3.545438070000000302e-02 1.886718429999999919e-03 -3.673866000000000024e-03 4.036869950000000068e-02
1.145216489999999965e+01 6.742957619999999375e-02 -4.561491370000000239e-03 -5.473716990000000032e-02 2.971598920000000001e-03 -2.056848500000000093e-02 4.151584080000000378e-03
1.415278990000000015e+01 6.307639060000000408e-02 -6.768542859999999821e-03 -6.427576720000000021e-02 -2.967795250000000024e-02 -5.180568680000000037e-02 -4.481833699999999976e-02
1.684599299999999999e+01 6.119788219999999779e-02 -1.727844849999999937e-03 -6.356809409999999994e-02 -3.294450709999999921e-02 -5.051170499999999702e-02 -1.810734580000000066e-02
1.955608360000000090e+01 4.971646710000000163e-02 -2.285886219999999983e-03 -5.465877510000000106e-02 -3.968102479999999904e-02 1.487930649999999987e-02 1.834474709999999939e-02
2.225052579999999836e+01 5.861848330000000301e-02 8.829675640000000415e-04 -5.990864869999999731e-02 -1.931296600000000085e-02 -2.628103659999999828e-02 8.882591650000000449e-03
2.495023670000000138e+01 6.729698289999999639e-02 8.692414109999999647e-04 -6.645544589999999308e-02 -4.205143520000000079e-02 -5.662495759999999767e-02 1.725118659999999929e-02
2.765178990000000070e+01 6.764059849999999596e-02 -6.485016340000000074e-03 -6.717629079999999642e-02 -3.368662490000000342e-02 -3.037353989999999962e-03 3.068468779999999896e-02
3.034606640000000155e+01 6.152563550000000187e-02 -9.735349440000000756e-03 -7.140610760000000445e-02 -2.732276429999999992e-02 -2.314595330000000090e-02 4.808538539999999972e-02
3.303952739999999721e+01 5.811760390000000193e-02 -3.115149770000000175e-03 -7.332869039999999339e-02 -2.197297269999999927e-02 -2.921907740000000142e-02 2.917865260000000044e-02
3.575088519999999903e+01 5.692424520000000099e-02 -2.674080130000000143e-04 -6.718193249999999950e-02 -5.503472659999999669e-03 -3.981368829999999692e-02 1.532008160000000035e-02
3.845108359999999692e+01 5.799269039999999792e-02 2.539554590000000101e-03 -7.155473780000000394e-02 -2.306743790000000127e-02 9.496699549999999476e-03 2.281152369999999915e-02
4.115654769999999729e+01 5.903563089999999680e-02 3.191069620000000061e-03 -6.338714230000000449e-02 -2.086117519999999836e-02 -1.125364520000000056e-02 3.939668589999999887e-02
4.385855389999999687e+01 6.163680640000000072e-02 2.812813679999999830e-03 -5.904146620000000345e-02 -5.431569039999999821e-02 1.915906930000000133e-02 2.500550580000000106e-02
4.656135239999999698e+01 6.884438910000000023e-02 2.719396950000000008e-04 -5.942897870000000277e-02 -4.375916810000000240e-02 3.461973930000000060e-02 3.918343400000000309e-02
4.926274769999999847e+01 6.665038189999999974e-02 6.911936670000000393e-03 -6.515172060000000431e-02 -1.256173990000000046e-02 -8.574265290000000761e-03 2.477107019999999840e-02
5.196669299999999936e+01 6.764780580000000210e-02 7.081247909999999549e-04 -7.012287870000000201e-02 -1.902756099999999839e-02 2.505936630000000012e-02 5.608485140000000167e-03
5.466778519999999730e+01 6.671826140000000627e-02 5.080257680000000234e-03 -7.084360759999999702e-02 -1.093430129999999924e-02 1.868208589999999919e-02 3.414279449999999688e-02
5.736999300000000090e+01 6.578512050000000222e-02 6.090673079999999904e-04 -6.703342140000000116e-02 -2.983232900000000118e-02 3.182572399999999968e-02 5.025199780000000338e-02
6.006742890000000301e+01 5.800708329999999802e-02 1.823043789999999982e-03 -7.379480609999999885e-02 -4.017070269999999804e-02 3.700633870000000214e-02 3.691129829999999917e-02
6.276905080000000225e+01 5.504461199999999971e-02 -3.319694659999999735e-04 -7.733301409999999987e-02 -6.159698479999999726e-02 3.155737329999999674e-02 -7.865237960000000250e-03
6.546904770000000440e+01 5.690404129999999949e-02 3.918474610000000189e-04 -7.781953390000000137e-02 -4.542228110000000318e-02 3.684435319999999816e-03 1.509536159999999919e-02
6.816699459999999533e+01 5.978123429999999960e-02 1.175854170000000020e-03 -7.480455380000000654e-02 -2.035624349999999930e-02 2.007200529999999834e-03 3.087733050000000118e-02
7.086061170000000686e+01 6.108684939999999702e-02 5.660521970000000416e-03 -6.936001849999999525e-02 -4.514410320000000407e-03 -1.444109120000000059e-02 6.645931780000000240e-03
7.355889299999999764e+01 6.012040610000000257e-02 1.905060529999999920e-03 -7.000716310000000553e-02 5.004323019999999678e-03 -9.994226079999999832e-03 -7.414505870000000047e-03
7.626621169999999950e+01 6.092545939999999965e-02 5.635936470000000101e-03 -5.864351439999999915e-02 -5.494761479999999733e-03 1.119226960000000055e-02 4.844335190000000069e-02
7.897237420000000441e+01 6.552652800000000055e-02 3.411303269999999867e-03 -5.562121319999999841e-02 -4.008619010000000205e-02 1.859605900000000159e-02 6.721534490000000139e-02
8.166905389999999443e+01 7.553961630000000094e-02 4.759071989999999648e-03 -5.937333279999999769e-02 -3.176367010000000213e-02 1.980583710000000108e-02 6.376417700000000521e-02
8.437774459999999976e+01 7.736296249999999319e-02 3.520584619999999904e-03 -5.373907430000000179e-02 -3.940685609999999839e-02 -5.172706519999999662e-03 2.116242990000000157e-02
8.707381019999999694e+01 7.125160449999999590e-02 2.441318330000000029e-03 -6.194347769999999920e-02 -3.493730860000000132e-02 -3.553403869999999937e-02 -3.208420160000000076e-02
8.977579140000000280e+01 6.606009039999999333e-02 4.636531240000000068e-03 -6.437282610000000238e-02 -4.088302900000000129e-02 -1.520479450000000038e-02 -2.508556870000000147e-02
9.247905079999999600e+01 6.657727430000000279e-02 -2.397411099999999934e-03 -6.757993430000000523e-02 -1.713425179999999992e-02 -7.756478489999999587e-03 -2.864541840000000075e-02
9.517857419999999991e+01 6.805913269999999682e-02 2.200137190000000121e-03 -6.839180599999999943e-02 -2.356356730000000108e-03 -1.414909800000000058e-02 -7.274475170000000053e-03
9.787536489999999390e+01 5.921769670000000263e-02 -6.880932989999999708e-03 -7.385259240000000003e-02 1.252106790000000018e-02 -2.332669529999999852e-02 -2.056344670000000152e-02
1.005820549999999969e+02 5.015507780000000304e-02 -6.602878629999999610e-03 -7.857494399999999379e-02 -1.023028259999999960e-02 -3.662181829999999749e-02 -1.096123950000000083e-02
1.032868679999999983e+02 4.315215099999999970e-02 -9.625921020000000744e-03 -7.553619599999999989e-02 1.811292230000000059e-02 1.851927550000000144e-02 4.272367309999999807e-02
1.059860549999999932e+02 4.417087249999999965e-02 -7.406822040000000246e-03 -6.657001910000000244e-02 2.687755000000000005e-02 -3.748823960000000153e-03 3.512411499999999742e-02
1.086940400000000011e+02 5.481711189999999984e-02 -6.594574130000000096e-03 -6.646335579999999854e-02 4.034917859999999877e-03 2.250641249999999968e-02 1.047191459999999991e-02
1.113961960000000033e+02 6.181228269999999858e-02 -5.302830679999999582e-03 -6.805449169999999715e-02 -1.250052460000000004e-02 4.084483970000000325e-02 1.135307099999999930e-03
1.140888049999999936e+02 6.974621370000000375e-02 1.018869900000000028e-03 -6.087714119999999840e-02 -8.233862999999999252e-03 5.946593180000000339e-02 -1.136220339999999968e-02
1.167781650000000013e+02 7.297102390000000105e-02 -1.822310090000000020e-03 -5.449253529999999873e-02 1.303113560000000032e-02 3.628441770000000177e-02 -3.278112980000000287e-02
1.194719460000000026e+02 8.193784029999999496e-02 -1.778614919999999986e-03 -5.269731040000000255e-02 7.256520189999999919e-03 -1.235871070000000085e-02 -2.202518919999999977e-02
1.221695710000000048e+02 8.291471799999999837e-02 1.816143639999999925e-03 -5.483253230000000034e-02 9.673268549999999161e-03 -1.483445949999999955e-04 4.194886190000000209e-02
1.248620870000000025e+02 7.937010749999999504e-02 -2.591229129999999929e-03 -5.511741590000000107e-02 -3.450250179999999906e-03 -4.797962200000000302e-03 6.310635300000000392e-02
1.275543839999999989e+02 7.637937740000000364e-02 4.880477719999999761e-04 -3.820962480000000133e-02 8.540708859999999970e-04 -5.014882920000000160e-02 2.923985700000000104e-02
1.302474459999999965e+02 8.772931150000000400e-02 -2.341141340000000085e-03 -2.667207419999999968e-02 4.015972560000000136e-02 -7.636136960000000640e-02 4.547784269999999990e-02
1.329524299999999926e+02 9.117220310000000161e-02 -2.462508590000000216e-03 -8.588349820000000523e-03 1.932929200000000139e-02 -3.635654530000000106e-02 5.618382800000000163e-03
1.356444620000000043e+02 8.839566270000000225e-02 -2.305094489999999930e-03 9.838755509999999940e-03 1.901589289999999896e-03 -3.936653130000000028e-02 -6.042381489999999744e-02
1.383428519999999935e+02 7.780629040000000551e-02 -3.593544530000000216e-04 3.431840500000000321e-02 -1.156998480000000044e-02 -1.445581540000000047e-02 -7.188018940000000245e-02
1.410530239999999935e+02 7.324850289999999819e-02 -1.126507799999999955e-03 4.778807279999999769e-02 -2.959598769999999962e-02 2.575038940000000040e-02 -1.591780510000000148e-02
1.437588210000000117e+02 6.415606140000000568e-02 -6.303965570000000240e-03 5.448081510000000321e-02 -5.345240500000000144e-02 1.793386979999999839e-02 2.767162039999999934e-02
1.464546339999999987e+02 6.639267090000000593e-02 -7.117455729999999647e-03 6.158676870000000247e-02 -6.517526469999999905e-02 -1.160660890000000077e-02 3.583384279999999970e-03
1.491640869999999950e+02 6.708865129999999621e-02 -7.225724339999999718e-03 6.283490939999999969e-02 -2.667686080000000043e-02 -1.867642300000000102e-02 2.043996710000000119e-02
1.518575400000000002e+02 6.420676790000000300e-02 -8.611384109999999916e-04 6.402231320000000003e-02 -2.634930089999999812e-03 -9.593184430000000276e-03 1.904812159999999879e-02
1.545532739999999876e+02 5.852693590000000029e-02 6.241865370000000343e-03 6.840442959999999684e-02 -1.975576509999999852e-03 -1.438938340000000052e-02 3.147270860000000309e-02
1.572547900000000141e+02 6.538770369999999388e-02 -3.976382449999999597e-03 7.217890180000000044e-02 -1.212466500000000105e-03 3.465534440000000126e-03 1.475237220000000064e-02
1.599480869999999868e+02 6.747781290000000320e-02 -8.899118740000000428e-04 7.433252849999999468e-02 3.998550649999999679e-02 6.800052480000000343e-02 -2.251690439999999918e-02
1.626517269999999940e+02 6.685507579999999672e-02 -8.431689280000000206e-04 6.540644190000000080e-02 3.047926070000000001e-02 4.076936619999999706e-02 -6.222378359999999886e-02
1.653526799999999923e+02 6.773028920000000175e-02 5.185651230000000271e-03 6.537064589999999620e-02 1.077458769999999934e-02 -1.808538889999999899e-02 -7.632094829999999663e-02
1.680512429999999995e+02 6.878282600000000524e-02 5.090568810000000409e-03 5.481430369999999719e-02 1.624284039999999985e-02 -5.582595860000000298e-02 -5.163069259999999994e-02
1.707491489999999885e+02 6.794406120000000271e-02 3.246281519999999823e-03 5.924615400000000226e-02 6.705434690000000413e-03 -6.813902530000000290e-02 -1.254015749999999943e-02
1.734469149999999900e+02 6.411637729999999924e-02 5.388276370000000259e-03 6.452411759999999996e-02 4.222160529999999939e-02 -2.110402160000000166e-02 2.547170039999999830e-02
1.761503370000000075e+02 6.286009839999999460e-02 5.323801969999999995e-03 6.108715490000000276e-02 5.881629649999999682e-02 4.164921950000000030e-04 3.416543329999999906e-02
1.788628840000000082e+02 6.820533039999999991e-02 8.324242880000000747e-03 6.604992079999999488e-02 1.719792139999999983e-02 -2.796602160000000170e-02 9.151711190000000329e-02
1.815737269999999910e+02 7.164069559999999837e-02 8.301184819999999839e-03 6.462537029999999849e-02 -2.188935009999999973e-02 -2.680521160000000000e-02 6.603811760000000142e-02
1.842771960000000036e+02 6.842292660000000304e-02 5.271112609999999837e-03 6.954478960000000376e-02 -9.592053680000000443e-03 -1.734806640000000066e-02 -6.427398800000000238e-03
1.869795399999999859e+02 6.460488109999999728e-02 1.347777799999999929e-03 6.203234910000000185e-02 9.156615079999999574e-03 -2.026080889999999982e-02 -5.746869699999999741e-03
1.896745549999999980e+02 6.017676649999999933e-02 9.092027749999999527e-04 5.904222840000000055e-02 4.359821850000000082e-02 -3.982312390000000007e-02 -4.067791140000000250e-02
1.923792740000000094e+02 5.807113769999999731e-02 4.409399339999999987e-03 5.779267149999999659e-02 3.833496880000000079e-02 -4.386189970000000000e-03 -1.086453579999999974e-01
1.950639769999999942e+02 6.194681529999999936e-02 3.089128999999999920e-03 6.611792340000000046e-02 2.062705570000000072e-02 5.037390120000000138e-02 -1.073616599999999977e-01
1.977654149999999902e+02 6.313846770000000608e-02 5.890902649999999949e-03 7.082864269999999962e-02 -1.990604799999999910e-02 6.615122060000000470e-02 -2.987541469999999838e-02
2.004612899999999911e+02 6.569914220000000471e-02 7.047823100000000403e-03 6.707496940000000352e-02 -8.556564810000000243e-03 3.533807230000000216e-02 -2.974282710000000080e-02
2.031559149999999931e+02 6.530339429999999779e-02 7.065328969999999653e-03 6.661915170000000386e-02 1.770301980000000067e-02 3.162142619999999682e-02 -5.920556609999999727e-03
2.058604459999999960e+02 6.686635009999999935e-02 6.517014919999999586e-03 6.740109530000000515e-02 -3.646059540000000116e-03 1.146927139999999977e-02 3.768607949999999707e-02
2.085600399999999865e+02 6.850953419999999960e-02 4.150176589999999589e-03 6.323080920000000160e-02 3.401490139999999943e-03 -1.872600420000000015e-02 4.278251169999999770e-02
2.112645400000000109e+02 6.694944429999999391e-02 3.680261010000000169e-03 6.291444209999999537e-02 -4.124672909999999720e-02 -2.818626659999999909e-02 4.163032190000000299e-02
2.139595400000000041e+02 6.906819829999999438e-02 8.852121779999999607e-03 7.305641540000000489e-02 -8.340991519999999730e-04 -1.289595559999999995e-02 6.159192460000000036e-02
2.166535550000000114e+02 7.151022349999999750e-02 5.169782629999999587e-03 6.652853209999999573e-02 8.207649440000000865e-03 -1.073267819999999990e-02 4.370938159999999961e-02
2.193480549999999880e+02 6.758679339999999758e-02 2.481501569999999997e-03 6.755920079999999661e-02 4.575947310000000323e-02 4.047714370000000256e-02 -7.621590049999999936e-03
2.220465869999999882e+02 6.043525269999999727e-02 5.127872270000000121e-03 6.477497779999999428e-02 1.599120420000000112e-02 6.916857110000000641e-02 1.915951740000000072e-04
2.247420239999999865e+02 6.168880160000000251e-02 5.775615479999999602e-04 6.839773159999999741e-02 -3.012719479999999977e-02 5.009873880000000057e-02 -2.171052539999999975e-02
2.274286649999999952e+02 6.224237430000000015e-02 -4.203356719999999831e-03 6.713149969999999966e-02 8.977110970000000412e-03 1.736534489999999945e-02 1.482578900000000068e-02
2.301342429999999979e+02 6.090190749999999792e-02 3.914869369999999897e-03 7.125663020000000403e-02 -1.572751559999999854e-02 -1.316405000000000006e-02 -2.955613149999999998e-03
2.328370240000000138e+02 6.426314869999999457e-02 9.397413019999999997e-04 6.214448090000000008e-02 3.774772170000000211e-03 4.417540380000000398e-03 -3.777889849999999800e-02
2.355387120000000039e+02 5.581431330000000135e-02 7.631120190000000025e-03 5.708157369999999897e-02 2.509804620000000153e-02 -5.234299080000000233e-05 -3.463329920000000200e-02
2.382453989999999919e+02 6.701901849999999938e-02 -1.074670889999999922e-03 6.236647110000000105e-02 -3.840143280000000298e-02 5.496805809999999806e-03 -3.001216829999999933e-02
2.409481800000000078e+02 6.821800290000000488e-02 2.912230300000000129e-03 7.658719840000000056e-02 -5.892353119999999694e-02 4.078903390000000219e-03 -1.670414740000000092e-02
2.436525090000000091e+02 7.028457409999999683e-02 -4.847624109999999591e-03 7.736361410000000549e-02 -5.272289969999999909e-02 -4.977800160000000335e-03 9.475278860000000206e-04
2.463487590000000012e+02 5.936512000000000039e-02 -7.036331909999999669e-03 7.240081830000000274e-02 9.019965549999999985e-03 -3.935457879999999797e-02 1.035268750000000078e-02
2.490519150000000081e+02 5.601489669999999699e-02 -9.063627569999999772e-03 7.290543519999999333e-02 2.704596999999999904e-02 -2.998196540000000118e-02 -1.941652899999999835e-02
2.517515710000000126e+02 5.351860469999999981e-02 -1.027632759999999937e-02 7.078319660000000069e-02 3.552077030000000153e-03 -1.396698990000000071e-02 -1.320038710000000053e-02
2.544533839999999998e+02 6.226327110000000331e-02 -1.383905489999999981e-02 6.744029229999999597e-02 -2.555920700000000045e-02 2.206982749999999993e-02 1.339165559999999991e-02
2.571427120000000173e+02 6.317887490000000106e-02 -1.164567979999999933e-02 5.964343400000000212e-02 -2.143392649999999872e-02 -9.098736950000000170e-03 3.646717630000000099e-02
2.598434149999999931e+02 6.919983089999999504e-02 -1.391455689999999967e-02 5.402305739999999773e-02 -2.117481790000000016e-02 -1.446706749999999986e-02 4.102244640000000248e-02
2.625269620000000259e+02 6.613329710000000194e-02 -1.505441580000000008e-02 4.642133030000000077e-02 -1.445482250000000059e-02 -5.717973050000000126e-03 -2.117634180000000158e-02
2.652187589999999773e+02 6.301699019999999762e-02 -1.219206590000000007e-02 3.020047949999999856e-02 -3.146158450000000051e-02 3.170460800000000218e-02 1.532964149999999949e-02
2.679141169999999761e+02 6.772533669999999950e-02 -1.127568080000000000e-02 1.444723550000000072e-02 -5.147336119999999793e-02 3.206237299999999818e-02 4.461659450000000221e-02
