# a=0.06335502063213386, b=-145.9516136151062, c=0.001623612916662112, xi=12.398588585344571
6.894481980000000121e-01 5.800145250000000169e-02 -4.632594040000000135e-03 5.367179679999999758e-02 1.390808709999999913e-02 1.432103849999999921e-02 5.843956460000000047e-02
3.385615430000000092e+00 5.640078590000000003e-02 2.108159209999999994e-04 5.671469440000000140e-02 1.937641999999999837e-02 -3.047574889999999856e-03 6.115030770000000337e-02
6.092857300000000365e+00 5.975000579999999867e-02 -3.400536119999999964e-03 5.900791130000000023e-02 2.825796230000000159e-03 -1.640643339999999992e-02 3.562405550000000143e-02
8.789673860000000616e+00 5.247530680000000308e-02 -2.013096429999999826e-03 5.574607759999999912e-02 6.458749149999999791e-04 -1.548269550000000092e-03 3.335219799999999957e-02
1.149181920000000012e+01 6.137097219999999853e-02 -7.568212399999999646e-03 5.570975279999999807e-02 3.461891369999999662e-02 2.460649969999999936e-02 1.766112129999999891e-02
1.419530360000000080e+01 6.775430540000000612e-02 -5.224502160000000020e-03 5.529706849999999757e-02 -1.024837929999999984e-03 1.526670679999999995e-02 6.525032969999999648e-03
1.689965199999999967e+01 6.168047389999999769e-02 -4.453647389999999991e-03 6.391656490000000024e-02 4.800740890000000302e-03 -5.138888979999999863e-03 2.726892200000000099e-02
1.960200359999999975e+01 6.396794379999999614e-02 -4.178580589999999692e-03 5.737632150000000070e-02 1.589200470000000018e-02 8.528700539999999747e-03 3.166008029999999723e-02
2.231118010000000140e+01 7.213447130000000262e-02 -2.105861049999999905e-03 4.904719779999999751e-02 1.186391879999999961e-02 1.617346559999999905e-02 4.236295169999999832e-02
2.499894109999999969e+01 7.979764550000000012e-02 -4.825824230000000208e-03 4.746343289999999798e-02 -3.980030150000000121e-04 -1.026617050000000003e-04 5.100001249999999708e-02
2.771075820000000078e+01 7.599498699999999995e-02 -1.358942179999999937e-02 3.552491640000000200e-02 1.246925639999999988e-02 2.028913820000000090e-02 5.951266890000000281e-02
3.040548640000000091e+01 7.989719950000000182e-02 -1.292797619999999995e-02 1.685637469999999929e-02 -2.711389910000000167e-02 6.636132470000000172e-03 3.714094219999999891e-02
3.309932700000000239e+01 8.154481759999999968e-02 -1.554481169999999933e-02 -4.352391689999999570e-03 -3.518946299999999722e-02 -6.085281579999999961e-03 2.538164539999999969e-02
3.578247540000000271e+01 7.161513860000000287e-02 -1.851256730000000114e-02 -1.802328480000000080e-02 -4.972490300000000085e-02 -5.210786920000000030e-03 2.689688120000000016e-02
3.848276289999999733e+01 7.991499870000000338e-02 -2.114605580000000068e-02 -2.295348200000000075e-02 -2.507781170000000087e-02 3.243427599999999778e-04 1.293221000000000031e-05
4.117489729999999781e+01 8.199813520000000244e-02 -1.023503719999999985e-02 -3.229967570000000232e-02 -2.497359860000000070e-02 3.189174329999999724e-02 -1.443251320000000018e-02
4.387010039999999833e+01 7.118484510000000487e-02 -1.035717249999999930e-02 -4.959470850000000097e-02 -4.266428900000000107e-02 4.111258109999999660e-02 -5.033737030000000334e-02
4.656837389999999743e+01 6.304505380000000048e-02 -5.584903060000000197e-03 -6.366044299999999712e-02 -1.707879879999999991e-03 -8.073284210000000044e-03 -1.135396240000000057e-01
4.926099419999999895e+01 6.207123159999999862e-02 -7.288168490000000027e-03 -6.186143830000000177e-02 9.945154310000000816e-03 -2.691451640000000131e-02 -7.656364320000000161e-03
5.195518950000000302e+01 5.856283510000000192e-02 -1.962686850000000018e-03 -6.086479830000000174e-02 -1.128665700000000029e-02 2.084344620000000078e-02 -1.856584630000000097e-02
5.466122539999999930e+01 5.280857359999999862e-02 1.349826800000000077e-02 -5.443002179999999884e-02 -5.679900629999999964e-03 -2.902323979999999956e-02 -2.332227879999999864e-02
5.735246920000000159e+01 5.513243620000000261e-02 8.834291620000000317e-03 -6.177347629999999784e-02 -1.744530639999999910e-02 5.766458179999999628e-04 -1.355972369999999989e-02
6.005240040000000334e+01 5.921452110000000046e-02 5.228904179999999645e-03 -5.155036410000000263e-02 -1.323472340000000046e-02 -1.100404399999999928e-02 -2.124195190000000011e-02
6.275315359999999743e+01 5.714115189999999928e-02 -2.100276790000000192e-03 -5.728923529999999792e-02 -1.546248069999999961e-02 -3.121907390000000157e-02 -9.507712769999999286e-03
6.545679570000000069e+01 5.141388890000000295e-02 -3.812273179999999852e-03 -6.585447839999999942e-02 1.618664780000000046e-03 -1.332383449999999941e-02 -2.648288580000000142e-02
6.815974110000000508e+01 5.375385829999999865e-02 -2.076925810000000098e-03 -6.296310980000000002e-02 -1.844298559999999962e-02 -7.712287400000000098e-03 1.677590840000000097e-02
7.086903789999999503e+01 5.445022740000000222e-02 -8.227360099999999135e-03 -6.296533479999999461e-02 1.989027210000000011e-03 -7.719801000000000094e-03 -2.049276629999999960e-02
7.358310509999999738e+01 5.702130620000000344e-02 -1.492367119999999932e-04 -6.830582459999999523e-02 9.203061780000000580e-03 4.645243820000000134e-02 -1.411245149999999955e-02
7.628263479999999674e+01 6.557414409999999527e-02 2.917007440000000083e-03 -5.916744820000000016e-02 -2.744859510000000058e-02 -2.473985299999999915e-02 -2.835147299999999856e-02
7.897844729999999913e+01 5.806525690000000073e-02 7.898928799999999995e-04 -6.629095529999999570e-02 -9.798520620000000791e-03 -2.488192720000000080e-02 -1.652208239999999970e-03
8.168052699999999788e+01 5.723208910000000121e-02 -7.068061450000000419e-03 -6.542727030000000665e-02 -4.783168299999999637e-03 -4.694279030000000213e-02 -3.816171410000000069e-02
8.437396139999999889e+01 6.689964299999999475e-02 -1.383677049999999971e-02 -6.600701779999999796e-02 -1.908237889999999867e-02 -4.016182079999999766e-02 -3.793753290000000111e-02
8.708125819999999351e+01 6.747862659999999402e-02 -1.805519220000000036e-02 -6.433248780000000444e-02 7.993343260000000672e-03 -3.751310609999999879e-02 -8.289641820000000216e-02
8.977652700000000152e+01 6.836073680000000208e-02 -1.059193750000000066e-02 -6.294075570000000341e-02 2.414740840000000055e-02 -1.248031079999999994e-02 -4.549252439999999786e-02
9.248336919999999850e+01 6.610785339999999954e-02 -1.553137719999999992e-02 -6.505240839999999747e-02 2.892876469999999811e-03 -1.148377429999999921e-02 -3.126391850000000139e-02
9.518112229999999840e+01 4.326175680000000218e-02 -5.909349749999999978e-03 -5.763457200000000197e-02 1.206886710000000008e-02 -3.193475870000000300e-02 -1.022437380000000041e-02
9.788393790000000649e+01 4.489706739999999724e-02 -2.933245939999999836e-03 -6.411534060000000090e-02 1.504539660000000015e-02 -3.260929700000000236e-02 -9.694792880000000640e-03
1.005879189999999994e+02 4.814640979999999792e-02 -1.537907370000000072e-03 -6.839159020000000477e-02 2.033444740000000042e-02 -6.203460800000000323e-03 -5.054581889999999744e-02
1.032931379999999990e+02 6.645919999999999606e-02 -2.073447369999999786e-03 -6.668345089999999642e-02 1.640921160000000101e-02 4.424423000000000245e-03 -3.146262539999999941e-02
1.059874659999999977e+02 6.153878670000000051e-02 -5.776776560000000324e-03 -6.155040970000000278e-02 -2.321870549999999883e-04 -2.271190879999999968e-02 -9.606666630000000595e-02
1.086899970000000053e+02 6.687392270000000472e-02 -1.086077410000000059e-03 -5.230025259999999954e-02 9.458157760000000455e-03 1.452518220000000027e-02 -4.928227350000000118e-02
1.113860600000000005e+02 6.583221579999999629e-02 1.703364809999999979e-03 -5.258407090000000172e-02 -2.658471410000000021e-03 -3.223205629999999905e-03 -5.773188419999999987e-02
1.140872320000000002e+02 6.650014599999999609e-02 -6.431954460000000040e-03 -4.212638409999999722e-02 6.374869590000000266e-03 -3.500416159999999999e-02 -4.581108810000000114e-02
1.167827470000000005e+02 5.532561130000000077e-02 -4.021154709999999639e-03 -5.326153060000000244e-02 -6.186017809999999617e-03 1.475573439999999965e-02 -5.352197239999999939e-02
1.194864500000000049e+02 5.715371489999999943e-02 -6.157773889999999979e-03 -5.289396899999999901e-02 -1.406742180000000036e-02 1.556050299999999983e-02 5.102062279999999839e-03
1.221859350000000006e+02 6.478373460000000361e-02 -9.133893910000000563e-05 -5.993262719999999794e-02 2.226691949999999934e-03 2.197150590000000042e-02 -4.003450800000000337e-02
1.248717160000000064e+02 6.509355960000000330e-02 1.166378560000000050e-02 -6.175602310000000150e-02 -1.488258880000000069e-02 5.093880829999999915e-02 2.271102960000000170e-03
1.275706849999999974e+02 6.696767169999999492e-02 1.392415250000000014e-02 -5.967103089999999804e-02 4.012475119999999893e-04 1.924647300000000005e-02 8.585684079999999791e-04
1.302731379999999888e+02 7.068368329999999422e-02 1.814519789999999994e-02 -5.114480180000000042e-02 3.688700110000000046e-03 5.127040460000000140e-03 -1.946028069999999888e-02
1.329776999999999987e+02 6.828587640000000070e-02 5.780616320000000162e-03 -5.134548640000000108e-02 4.091176729999999873e-02 -2.451370859999999971e-02 -5.117676239999999904e-02
1.356811849999999993e+02 7.156178900000000065e-02 1.339409889999999999e-02 -4.888636529999999814e-02 2.078216340000000120e-02 -1.304818070000000017e-02 -7.612852269999999602e-04
1.383881069999999909e+02 6.882427739999999461e-02 5.996472820000000280e-03 -3.429154580000000341e-02 8.255938889999999905e-03 1.874476569999999898e-02 -4.620502320000000052e-02
1.410747320000000116e+02 7.899016920000000164e-02 7.068549369999999749e-03 -1.798032600000000134e-02 -3.052940139999999955e-03 1.328831500000000020e-02 -6.270073660000000104e-03
1.437734969999999919e+02 7.428824689999999342e-02 8.094347689999999845e-03 -1.131911440000000005e-02 6.644737599999999723e-03 -9.418732200000000040e-03 -8.370222729999999764e-03
1.464793099999999981e+02 7.606837469999999657e-02 9.494389699999999585e-03 6.125564749999999614e-03 -3.365180949999999754e-02 -2.167079969999999994e-02 3.216876040000000297e-02
1.491781850000000134e+02 7.622759010000000612e-02 9.874894040000000220e-03 1.946274660000000059e-02 -1.232953130000000001e-02 -9.660969799999999386e-02 -6.968352169999999894e-03
1.518756380000000092e+02 7.265638720000000550e-02 5.029539819999999731e-03 3.318969150000000007e-02 -3.606798809999999834e-03 -4.918387910000000113e-02 2.711170070000000140e-02
1.545752940000000137e+02 6.775399760000000438e-02 -2.767711480000000206e-03 4.308236850000000256e-02 -1.781036620000000072e-03 6.929289239999999843e-03 -2.360726840000000170e-03
1.572838570000000118e+02 6.874122500000000302e-02 -6.369578459999999769e-03 4.812947220000000220e-02 4.900701240000000271e-03 -1.004207709999999955e-02 -2.862439899999999829e-02
1.599729350000000068e+02 5.760738330000000212e-02 -7.820517779999999405e-03 5.303232690000000277e-02 2.133061429999999828e-02 -2.982991130000000116e-02 -3.180855949999999901e-03
1.626832159999999874e+02 5.006010989999999661e-02 -1.157693779999999922e-02 4.970994649999999765e-02 1.056161230000000027e-02 1.068975250000000089e-03 1.896457090000000165e-02
1.653813570000000084e+02 6.605453749999999624e-02 -1.089624160000000029e-02 5.206239440000000329e-02 2.704085640000000214e-03 3.911845590000000150e-02 2.276391839999999944e-02
1.680850289999999916e+02 5.788429689999999989e-02 -7.932393750000000729e-03 5.776988420000000318e-02 -3.153220460000000225e-02 2.157664769999999982e-02 4.015540790000000221e-02
1.707796690000000126e+02 5.928924890000000086e-02 -3.350725240000000053e-03 6.061441709999999816e-02 -9.370191959999999570e-03 -3.944422019999999779e-02 4.290219029999999684e-02
1.734807160000000010e+02 6.077560290000000309e-02 -3.515287529999999803e-03 5.654609809999999737e-02 -5.519574070000000249e-02 -7.650231149999999793e-03 7.635321900000000342e-03
1.761769349999999861e+02 6.232192939999999653e-02 1.182635879999999976e-03 5.646335250000000111e-02 -1.327115199999999960e-02 -3.608995210000000287e-02 -1.028874809999999994e-02
1.788832160000000044e+02 5.671607609999999855e-02 4.883301649999999619e-03 5.830983420000000056e-02 -1.976637150000000107e-02 5.673383360000000021e-03 -1.684249789999999955e-02
1.815952790000000050e+02 5.840377409999999991e-02 5.001964729999999922e-03 6.182317610000000185e-02 -5.342940549999999900e-02 2.429842130000000114e-02 -2.104781630000000098e-02
1.842946070000000134e+02 5.832631819999999773e-02 1.552664820000000017e-03 6.825686690000000445e-02 -5.547882259999999816e-02 -8.072886279999999569e-04 2.954243960000000127e-02
1.869902940000000058e+02 5.800575670000000100e-02 -1.329115030000000113e-04 6.560520109999999627e-02 -4.495145080000000071e-02 -7.849598629999999383e-03 7.955716190000000632e-02
1.896974659999999915e+02 5.477871670000000054e-02 -3.262333829999999792e-03 6.660631640000000409e-02 -3.717715659999999700e-02 3.674956349999999872e-02 4.038875749999999709e-02
1.924014040000000136e+02 4.551323160000000229e-02 -1.722996720000000018e-03 7.177678719999999735e-02 -5.620985950000000064e-02 1.091122079999999953e-02 2.440955560000000052e-02
1.951054819999999950e+02 4.094359229999999794e-02 -4.960266149999999902e-03 7.784961190000000419e-02 -9.914888379999999089e-04 4.306175279999999855e-02 1.102143769999999919e-02
1.978077319999999872e+02 4.164831410000000012e-02 -4.391729139999999906e-03 7.292135850000000530e-02 -2.909258829999999962e-02 6.569663570000000216e-03 5.145702910000000095e-03
2.005116539999999929e+02 3.755183599999999816e-02 4.039860859999999860e-04 6.771892729999999527e-02 -1.008290199999999949e-02 -3.622888469999999833e-02 4.834639389999999953e-02
2.032180439999999919e+02 3.443941340000000045e-02 5.208477530000000036e-03 7.440922599999999498e-02 -2.355616079999999987e-02 -2.026761259999999842e-02 1.263949429999999992e-02
2.059244040000000098e+02 2.992144600000000085e-02 8.744631199999999740e-04 7.253064369999999428e-02 4.612187460000000128e-03 -3.921287019999999957e-02 3.088429839999999940e-02
2.086278880000000129e+02 3.578003030000000140e-02 2.337176250000000139e-03 6.531900459999999409e-02 1.119359550000000036e-02 2.040927560000000036e-03 5.277489280000000060e-02
2.113321689999999933e+02 3.282040719999999856e-02 -1.462872160000000055e-03 6.810137110000000216e-02 5.587981549999999908e-02 1.935958129999999907e-03 3.750915999999999972e-02
2.140339040000000068e+02 3.850470500000000018e-02 3.591751409999999894e-03 5.814107140000000090e-02 2.729646209999999837e-02 1.618130599999999947e-02 3.227199669999999965e-02
2.167449190000000101e+02 5.715963909999999953e-02 3.957715900000000411e-03 6.646867330000000296e-02 -3.721059000000000172e-02 1.685103920000000088e-02 1.175030510000000042e-02
2.194358100000000036e+02 5.482111020000000196e-02 6.701427589999999629e-03 5.704089770000000253e-02 9.430792069999999194e-03 -7.483767440000000293e-07 -3.451795659999999655e-02
2.221360129999999913e+02 5.838679869999999911e-02 2.429771580000000125e-03 4.744798549999999782e-02 -4.923771190000000159e-02 -2.366057569999999860e-02 -3.726505060000000202e-02
2.248401540000000125e+02 5.231438399999999850e-02 5.227749739999999930e-03 4.218245780000000333e-02 8.813531869999999876e-04 -5.589347699999999697e-02 -3.785963020000000095e-02
2.275300440000000037e+02 5.843063099999999677e-02 1.088752529999999956e-03 4.810443910000000017e-02 2.728797410000000090e-02 1.010770710000000010e-02 -3.029298559999999904e-02
2.302217789999999979e+02 5.482515679999999669e-02 2.648912739999999873e-03 5.901719469999999745e-02 3.202993669999999737e-02 2.160020450000000106e-02 3.410555020000000104e-02
2.329223100000000102e+02 6.761663910000000055e-02 7.832073020000000080e-03 5.212793140000000075e-02 1.025651739999999985e-02 2.101244440000000005e-02 2.250881790000000028e-03
2.356145750000000021e+02 7.090949309999999839e-02 9.179295290000000218e-03 4.886325180000000018e-02 -1.033148100000000000e-02 1.880364090000000155e-02 1.102730870000000023e-02
2.383188409999999919e+02 6.127870559999999689e-02 8.835559439999999751e-03 5.535772089999999729e-02 1.438274429999999993e-02 -1.134495919999999915e-02 -1.547668320000000070e-02
2.410101540000000000e+02 6.407500480000000165e-02 -1.571845770000000059e-03 5.085884799999999817e-02 -1.808352909999999883e-02 -3.115678800000000123e-02 -3.573191170000000055e-02
2.437149819999999920e+02 6.215711649999999810e-02 6.953530369999999690e-04 5.225481059999999983e-02 -7.160397990000000150e-03 -8.823668660000000621e-03 -5.372898949999999757e-02
2.464216690000000085e+02 5.717731780000000208e-02 -6.081978939999999750e-03 5.649983430000000278e-02 -1.914793310000000026e-02 5.515503439999999702e-02 -5.400566600000000078e-02
2.491121689999999944e+02 5.721524730000000086e-02 2.006178209999999983e-03 6.541799310000000200e-02 2.874857910000000114e-02 4.630029439999999719e-02 1.598889179999999841e-02
2.518193410000000085e+02 6.111541289999999904e-02 3.168429710000000149e-03 5.993484679999999676e-02 -2.229696100000000056e-02 1.240719309999999999e-02 -1.041826530000000001e-02
2.545199189999999874e+02 6.426120329999999992e-02 7.833335950000000839e-03 5.106593110000000324e-02 -4.600845949999999782e-03 -3.147734600000000327e-02 6.786011370000000036e-03
2.572175750000000107e+02 6.428960409999999459e-02 3.253243079999999961e-03 4.986300240000000189e-02 5.324781980000000206e-03 -1.660076200000000154e-02 2.289851010000000173e-02
2.599216999999999871e+02 6.332685180000000025e-02 1.818601860000000018e-03 5.498692410000000086e-02 -1.520639640000000063e-02 -6.942041650000000145e-04 6.197884180000000007e-03
2.626165910000000281e+02 6.272623289999999796e-02 5.539156800000000214e-03 6.040257909999999925e-02 -6.572301019999999931e-04 1.781349730000000159e-02 1.259719330000000012e-02
2.653208569999999895e+02 5.980770199999999731e-02 9.034481789999999901e-03 6.018875060000000027e-02 2.295491309999999827e-02 1.737759930000000105e-02 1.416152390000000039e-02
2.680213360000000193e+02 6.205008420000000108e-02 4.494513829999999613e-03 5.779205290000000161e-02 4.506244500000000132e-03 -3.074741149999999919e-04 2.251843259999999902e-02
