# a=0.06052411504110123, b=-154.44956163604903, c=-9.413091527173744e-05, xi=6.1080639730155415
6.745972380000000435e-01 7.782962979999999420e-02 -1.564210439999999883e-02 4.023996660000000308e-02 -3.813224689999999972e-02 -9.221630539999999335e-03 5.252787770000000300e-02
3.383320170000000182e+00 7.786946190000000600e-02 -1.248578499999999925e-02 2.126404009999999928e-02 -2.393923660000000023e-02 -1.277281030000000000e-03 -6.844951180000000308e-03
6.076473599999999919e+00 8.339885469999999690e-02 -1.638751830000000076e-02 2.433459419999999852e-03 -2.382344310000000104e-02 -6.116843020000000200e-03 4.531508079999999744e-02
8.773541570000000789e+00 7.954219719999999771e-02 -1.781795610000000071e-02 1.607818949999999898e-03 2.864702010000000007e-02 -5.932680340000000274e-02 7.392508990000000446e-02
1.146541380000000032e+01 8.216766949999999847e-02 -2.218231299999999864e-02 -1.101084979999999991e-02 1.146484409999999968e-02 -1.526004339999999931e-02 6.875547699999999540e-02
1.416724969999999928e+01 8.056090570000000450e-02 -1.961313729999999977e-02 -1.748181780000000046e-02 1.596753219999999876e-02 2.319734270000000168e-02 5.102738069999999959e-02
1.687034189999999967e+01 6.738311130000000648e-02 -2.824211110000000163e-02 -2.472510480000000149e-02 6.316000389999999742e-03 1.665818040000000000e-02 1.199151820000000056e-02
1.957661530000000027e+01 6.948104550000000490e-02 -1.816634060000000064e-02 -3.699321829999999839e-02 -1.473151240000000056e-02 4.900098120000000168e-02 -5.171886349999999660e-02
2.228026380000000017e+01 6.713376669999999991e-02 -2.156796719999999959e-02 -3.956590950000000301e-02 -3.372227559999999708e-02 2.257471650000000135e-02 -5.611656050000000256e-02
2.498135279999999980e+01 6.677731259999999947e-02 -1.519183649999999997e-02 -4.683177040000000013e-02 1.559645070000000022e-02 1.664005340000000027e-02 -2.377069520000000061e-02
2.768164499999999961e+01 5.259794260000000277e-02 -1.112730089999999956e-02 -4.968700129999999854e-02 -4.584889540000000423e-03 1.834513319999999878e-02 1.927696510000000141e-02
3.037966219999999851e+01 5.487035319999999938e-02 -1.934414200000000037e-03 -4.841674099999999925e-02 -7.390020710000000381e-03 3.337984089999999904e-02 3.648905060000000311e-02
3.309041529999999653e+01 6.723611699999999802e-02 -1.069644340000000006e-02 -5.753413520000000281e-02 -1.503740590000000009e-02 3.936414679999999944e-02 -2.501327929999999991e-02
3.579535750000000149e+01 6.946310810000000391e-02 -2.188610110000000115e-03 -5.597777870000000128e-02 8.353695530000000008e-03 3.740064830000000128e-03 -2.875118479999999935e-02
3.849692000000000291e+01 5.991409460000000214e-02 -3.642425630000000001e-03 -5.632486099999999690e-02 -3.528672129999999713e-02 -2.931660709999999934e-02 1.234778190000000025e-02
4.119091850000000221e+01 6.105216530000000252e-02 -8.839664640000000160e-04 -6.065727299999999766e-02 -3.594245310000000054e-02 -2.530420079999999919e-02 -1.903613599999999864e-02
4.389574029999999993e+01 5.831932199999999983e-02 2.415078150000000024e-03 -6.280801639999999963e-02 -8.025558270000000133e-03 -5.782085380000000392e-03 -8.777226889999999865e-03
4.659516690000000239e+01 5.757429549999999729e-02 9.800236630000000448e-03 -5.631390129999999661e-02 -6.723342589999999584e-03 -1.048687159999999938e-02 -5.227297980000000094e-03
4.929884969999999811e+01 5.694796729999999918e-02 6.589191819999999644e-03 -5.363505629999999746e-02 1.857977749999999845e-02 -8.908879579999999174e-03 -2.764157470000000102e-02
5.199344030000000316e+01 5.622122720000000129e-02 1.145752520000000059e-02 -6.408861790000000558e-02 -6.904023050000000251e-03 -9.934279310000000349e-03 -8.101256660000000220e-03
5.468993249999999762e+01 5.315839480000000145e-02 3.525731769999999789e-03 -6.421622840000000554e-02 3.459202480000000274e-02 1.465836449999999985e-02 2.306916490000000125e-02
5.739730749999999659e+01 6.103996810000000134e-02 2.874408030000000051e-03 -6.310523510000000391e-02 -2.101001539999999921e-03 1.515140530000000027e-02 -4.344716049999999895e-04
6.008792470000000208e+01 6.596409059999999713e-02 1.441542569999999975e-03 -6.278601620000000272e-02 1.729993540000000080e-02 2.212375999999999839e-03 2.903538610000000117e-02
6.278895589999999771e+01 5.937264899999999956e-02 4.914330009999999700e-03 -5.515034879999999862e-02 2.911575699999999906e-02 1.979361619999999919e-02 -2.985431419999999818e-03
6.548835280000000125e+01 6.156320660000000333e-02 7.793477449999999980e-03 -5.605590569999999856e-02 -2.966980489999999915e-02 -1.545413170000000010e-02 -1.636928420000000051e-02
6.818500910000000204e+01 6.510403309999999999e-02 1.642530409999999955e-02 -4.716767069999999729e-02 -3.326908420000000005e-02 -1.058779299999999986e-02 -1.707479320000000050e-02
7.088461839999999370e+01 7.202817910000000601e-02 2.104336869999999873e-02 -4.764070980000000011e-02 -3.021088400000000035e-02 -1.085925389999999914e-02 -5.262566249999999640e-03
7.357928090000000054e+01 7.241830100000000436e-02 1.766283819999999935e-02 -4.453435690000000224e-02 -3.957833770000000057e-02 -2.322169589999999867e-02 1.471834449999999926e-02
7.627282630000000552e+01 7.326911460000000431e-02 1.088413660000000019e-02 -5.089039229999999664e-02 -1.405365580000000024e-02 -3.218827760000000059e-03 5.127138469999999865e-02
7.896108560000000409e+01 7.095714579999999605e-02 1.406069430000000085e-02 -5.191896480000000175e-02 1.795147839999999828e-02 -2.416160259999999838e-02 5.025297389999999753e-02
8.165244500000000016e+01 7.288853380000000215e-02 1.222928149999999957e-02 -5.229250769999999743e-02 7.592867770000000238e-02 2.544379800000000011e-02 3.505637429999999832e-02
8.436212779999999611e+01 6.311097949999999734e-02 2.071670789999999901e-02 -6.048512920000000126e-02 1.709325039999999921e-02 -1.880302710000000019e-04 3.910317149999999881e-02
8.706872629999999447e+01 5.503854390000000041e-02 1.548654550000000060e-02 -6.277472700000000239e-02 5.751311130000000271e-02 2.444418389999999941e-02 -1.152492719999999998e-02
8.977751059999999939e+01 4.983782109999999876e-02 8.787041750000000248e-03 -6.004755450000000272e-02 2.853917200000000154e-02 3.487411700000000309e-02 -6.637183020000000412e-03
9.247077160000000617e+01 5.806346910000000083e-02 9.287576579999999929e-03 -5.911975259999999871e-02 5.419897240000000338e-02 8.283613509999999264e-03 -3.597339160000000147e-02
9.517542000000000257e+01 5.316650190000000303e-02 5.259852029999999637e-03 -6.510471630000000398e-02 3.918271610000000071e-02 -5.651996700000000082e-03 -2.666610109999999895e-02
9.788105910000000165e+01 4.859506460000000139e-02 8.752605369999999496e-03 -7.441066550000000057e-02 2.922457369999999915e-02 -1.718800649999999847e-02 -3.346166069999999965e-03
1.005970970000000051e+02 4.513561850000000208e-02 1.035842820000000032e-02 -6.728734129999999758e-02 1.289131819999999977e-02 -3.309343530000000144e-02 -2.203155639999999915e-02
1.033034559999999971e+02 5.220996759999999709e-02 2.054171960000000102e-02 -6.834165220000000540e-02 2.295279080000000096e-02 -1.433823510000000086e-02 -4.648764970000000135e-03
1.060130500000000069e+02 6.332629180000000357e-02 1.044092140000000071e-02 -5.624378490000000314e-02 -3.698826719999999835e-03 1.907931259999999865e-02 2.756940670000000010e-02
1.087169719999999984e+02 5.592055919999999736e-02 1.244478410000000000e-02 -6.363567000000000529e-02 6.580126799999999609e-02 2.865858940000000007e-02 -7.100750270000000079e-03
1.114151750000000050e+02 5.647771879999999994e-02 1.072414919999999973e-02 -5.963431470000000317e-02 3.215921929999999984e-02 1.732052829999999877e-02 -2.216764749999999840e-02
1.141100650000000059e+02 4.775987789999999733e-02 1.227777790000000001e-02 -6.396020330000000420e-02 5.402641610000000205e-02 3.030715289999999854e-02 -2.276970669999999961e-02
1.168228469999999959e+02 6.155219449999999731e-02 4.649981519999999736e-03 -5.962027920000000092e-02 3.977999139999999906e-02 -1.640879519999999953e-02 -3.515105510000000183e-02
1.195257370000000066e+02 5.303841320000000220e-02 4.334440939999999881e-03 -6.803977579999999359e-02 -2.649809419999999902e-02 2.738035860000000155e-02 6.260304430000000406e-04
1.222266900000000049e+02 6.035213999999999857e-02 4.485257500000000043e-03 -6.584306930000000113e-02 5.329194920000000085e-02 2.270549570000000156e-02 -5.397126529999999971e-03
1.249249559999999946e+02 4.233148600000000150e-02 1.407717910000000003e-03 -6.352001409999999404e-02 1.762464479999999861e-02 3.131976280000000040e-03 -2.128041129999999961e-02
1.276230649999999969e+02 4.566169290000000186e-02 -3.129707040000000075e-03 -7.507823530000000412e-02 4.327932710000000072e-02 4.864538570000000173e-04 9.217996239999999911e-03
1.303197220000000129e+02 4.483044399999999707e-02 -6.905172939999999933e-03 -7.150711740000000038e-02 1.493903840000000011e-02 -3.582902070000000268e-04 -3.589409410000000272e-02
1.330262840000000040e+02 4.846621870000000082e-02 -3.204269610000000205e-03 -6.334500020000000120e-02 3.686794709999999947e-02 2.125425229999999832e-02 -1.531306869999999980e-02
1.357248150000000066e+02 5.302458520000000175e-02 2.633403109999999867e-03 -5.594617069999999887e-02 -2.542953140000000015e-02 4.675940600000000336e-02 4.460340070000000184e-06
1.384211280000000102e+02 5.138433540000000160e-02 -2.304890779999999896e-03 -6.527311160000000279e-02 -3.060187480000000140e-02 7.853762309999999872e-03 4.837867929999999789e-02
1.411078310000000045e+02 5.715094519999999734e-02 4.388596820000000009e-03 -6.277481499999999770e-02 3.018355259999999998e-02 -3.177841249999999867e-02 9.803566450000000473e-03
1.438023149999999930e+02 6.666348599999999402e-02 7.605582950000000161e-03 -5.051948579999999966e-02 -6.729153699999999676e-03 -3.743578000000000183e-02 -2.512773780000000096e-02
1.465071120000000064e+02 7.083711139999999962e-02 5.592135849999999887e-03 -4.582821489999999720e-02 -3.219409770000000032e-02 -7.558913620000000345e-04 -4.339954389999999690e-02
1.492074090000000126e+02 7.868524370000000434e-02 1.178375000000000082e-02 -4.184699800000000330e-02 -3.174198240000000032e-02 -1.332672390000000026e-02 -6.394282090000000252e-02
1.518966279999999927e+02 7.641368399999999561e-02 1.578809000000000115e-02 -2.219754739999999990e-02 -1.768597670000000149e-02 -4.468697910000000301e-02 -4.046534489999999845e-03
1.545877529999999922e+02 7.255584710000000104e-02 1.696128950000000066e-02 -3.088192060000000214e-03 -3.056382159999999903e-02 -3.609215899999999866e-02 -2.005819890000000091e-02
1.572884400000000085e+02 6.392428490000000296e-02 1.375661339999999927e-02 2.299094739999999956e-02 -1.975276579999999879e-02 1.244400210000000048e-02 -2.649434410000000087e-03
1.599907530000000122e+02 5.702968609999999744e-02 7.620788510000000432e-03 4.557318779999999792e-02 -2.482023750000000167e-02 3.668483520000000251e-04 -1.179892819999999939e-02
1.627050500000000000e+02 5.490635449999999723e-02 3.596390220000000078e-03 5.570813489999999757e-02 -8.807733010000000709e-03 -1.343930959999999931e-02 -5.008231960000000121e-02
1.654064559999999915e+02 5.735984890000000308e-02 -2.717514339999999810e-03 6.412018310000000554e-02 -1.563624690000000109e-02 -1.909296859999999943e-02 6.325657949999999828e-03
1.681075500000000034e+02 6.355807419999999486e-02 7.186043229999999763e-04 7.033013270000000594e-02 3.437657809999999925e-02 -2.670036929999999864e-02 5.902555060000000062e-03
1.708113150000000076e+02 5.062065820000000160e-02 -7.481983860000000243e-04 6.726409110000000635e-02 1.742649079999999961e-02 1.641865970000000105e-02 2.377439510000000158e-02
1.735201120000000117e+02 4.915197119999999836e-02 7.132031110000000042e-03 6.751237479999999680e-02 1.329229230000000079e-03 -5.547055819999999714e-03 5.950776310000000131e-03
1.762131589999999903e+02 6.312179419999999763e-02 1.095383779999999953e-02 6.731547100000000172e-02 1.334070549999999931e-02 -2.192780760000000075e-03 3.738506400000000257e-02
1.789073930000000132e+02 6.719965249999999835e-02 6.323152529999999903e-03 5.349447689999999728e-02 6.404001759999999877e-03 -7.523466470000000211e-03 4.712139060000000018e-02
1.816095970000000079e+02 5.513288470000000246e-02 4.092260959999999975e-03 5.108888620000000269e-02 3.616723800000000021e-04 1.489130410000000064e-02 2.539120489999999869e-02
1.843054400000000044e+02 5.080401069999999908e-02 1.838511659999999995e-04 5.415295929999999758e-02 1.796225069999999972e-03 2.086241510000000007e-02 1.820277390000000009e-02
1.870208930000000009e+02 5.736117589999999850e-02 1.746880549999999888e-04 5.885339080000000223e-02 3.326238720000000183e-03 9.571324509999999675e-03 -1.424445769999999924e-02
1.897309400000000039e+02 6.179628859999999890e-02 2.418104099999999947e-03 6.512663309999999761e-02 5.151655670000000048e-02 2.188610540000000132e-02 4.020006940000000334e-02
1.924335030000000017e+02 6.606490080000000653e-02 5.722865540000000167e-03 6.237911680000000209e-02 3.197916349999999769e-02 3.324608279999999999e-02 2.794165499999999927e-02
1.951420029999999883e+02 6.417720239999999410e-02 2.807399800000000192e-03 6.204377650000000161e-02 4.789345040000000248e-02 -2.002894300000000044e-02 7.871155370000000595e-03
1.978361749999999972e+02 6.163966259999999892e-02 -1.804158439999999910e-03 4.844494190000000339e-02 3.772230790000000167e-02 4.984706949999999880e-03 -3.798887609999999915e-02
2.005412680000000023e+02 6.382394969999999335e-02 7.994443480000000199e-03 4.750575900000000157e-02 1.585527880000000070e-02 3.820313060000000288e-02 -4.234078700000000299e-03
2.032520969999999920e+02 6.843306389999999351e-02 1.274947140000000107e-03 4.307303950000000020e-02 9.558679210000000509e-03 6.164030999999999677e-02 -4.594707680000000016e-02
2.059401900000000012e+02 7.150511110000000448e-02 3.542084039999999871e-03 4.266895240000000145e-02 -8.746287460000000055e-03 -4.074564010000000097e-03 -7.596273150000000009e-03
2.086439249999999959e+02 6.723369199999999768e-02 1.121231930000000064e-02 4.401988849999999981e-02 3.216928859999999835e-02 6.036904299999999723e-03 1.408562799999999934e-02
2.113477369999999951e+02 7.192836180000000690e-02 1.631131770000000033e-03 5.020330380000000148e-02 -1.896012729999999990e-03 -6.926698410000000326e-03 1.031517510000000068e-02
2.140458619999999996e+02 6.931902569999999486e-02 -3.513367920000000106e-03 4.867160260000000238e-02 2.672745880000000195e-03 -8.804255809999999779e-03 1.782057880000000039e-02
2.167441900000000032e+02 6.200306170000000061e-02 1.389833310000000103e-03 6.038247830000000038e-02 -2.767144019999999947e-03 6.332314999999999819e-03 2.130008599999999933e-02
2.194455499999999972e+02 6.852640050000000094e-02 9.534935720000000184e-03 4.802633740000000068e-02 1.229356359999999974e-02 1.237871869999999973e-04 2.757226219999999936e-02
2.221458470000000034e+02 6.830013649999999714e-02 3.346604250000000070e-04 5.227226520000000098e-02 1.051415229999999937e-02 3.048848099999999870e-03 -2.958489700000000149e-03
2.248452369999999974e+02 6.387007079999999781e-02 -1.473873770000000069e-03 5.636751760000000000e-02 7.349303429999999755e-03 5.388588669999999636e-03 2.941337219999999933e-02
2.275470339999999965e+02 5.633791409999999722e-02 1.247590860000000017e-02 5.538192089999999929e-02 1.636664820000000020e-02 -6.696585189999999799e-02 1.078737920000000065e-02
2.302450809999999990e+02 5.907874359999999714e-02 1.133864059999999986e-02 6.011599699999999741e-02 -2.868367659999999778e-04 -1.951331599999999930e-02 3.023376850000000088e-02
2.329293000000000120e+02 6.298015649999999521e-02 2.841858530000000108e-03 5.915372049999999965e-02 -2.553447069999999902e-02 -1.978166859999999985e-02 3.471259819999999996e-02
2.356338780000000099e+02 6.301782309999999498e-02 -7.511246400000000205e-03 6.033605360000000167e-02 7.316019170000000399e-04 1.153290109999999952e-03 1.931562049999999836e-02
2.383178310000000124e+02 6.353258970000000283e-02 -4.817019120000000029e-03 5.865841260000000112e-02 -3.534218239999999817e-02 7.939094400000000842e-03 3.554896909999999931e-03
2.410226279999999974e+02 6.762538880000000530e-02 -1.022254379999999914e-02 4.404503010000000024e-02 -1.289724010000000082e-03 2.210135909999999884e-02 -1.301805519999999980e-02
2.437219249999999988e+02 6.577539350000000118e-02 2.425463729999999783e-03 4.822025309999999898e-02 -6.431519099999999725e-03 1.592907439999999980e-02 2.432489549999999889e-02
2.464108779999999967e+02 5.970308349999999681e-02 4.859652180000000044e-03 5.108532150000000271e-02 -1.202650299999999915e-02 2.445310850000000091e-02 4.329288209999999915e-02
2.491183929999999975e+02 5.437444620000000256e-02 7.408780870000000220e-03 5.686766649999999701e-02 1.061916159999999956e-02 -2.452516139999999858e-02 6.297643349999999807e-02
2.518186900000000037e+02 4.970296340000000118e-02 6.945668500000000498e-04 5.674980470000000332e-02 2.359509809999999885e-03 3.051768759999999841e-03 3.486656629999999868e-02
2.545196119999999951e+02 5.331262109999999887e-02 -5.654189500000000174e-03 5.721456879999999717e-02 2.990402560000000008e-03 3.532513999999999793e-02 -3.859898510000000192e-03
2.572199560000000247e+02 5.645315439999999685e-02 -5.636372859999999770e-03 6.729272399999999821e-02 1.317583509999999992e-02 2.067951389999999907e-03 1.164714570000000005e-02
2.599256280000000174e+02 5.137036290000000088e-02 -4.861924540000000117e-04 6.453356690000000562e-02 -8.064152789999999224e-03 1.984476270000000084e-02 6.006408729999999918e-02
2.626376430000000255e+02 5.674279899999999655e-02 -1.982780889999999872e-03 6.503364820000000213e-02 2.283191950000000006e-04 -1.065506270000000054e-02 5.426592329999999596e-03
2.653405030000000124e+02 5.900210329999999725e-02 -1.073358739999999943e-02 5.288578619999999980e-02 -4.101358270000000222e-02 2.780865620000000024e-02 -1.435667860000000053e-02
2.680401600000000144e+02 6.780023940000000360e-02 -9.284307119999999844e-03 5.221329499999999985e-02 -2.800178509999999912e-02 -2.467379130000000101e-02 1.974399569999999923e-02
