# a=0.0650244611769167, b=-135.79670272752603, c=0.00042656392733983077, xi=4.771172994210935
6.583682260000000008e-01 7.084128080000000327e-02 -1.563221110000000136e-02 -1.104543830000000084e-03 1.063933880000000019e-02 1.691695860000000037e-02 4.747629429999999928e-02
3.353755150000000018e+00 7.238588079999999647e-02 -1.723042730000000008e-02 -1.993523499999999907e-02 -1.053004890000000006e-02 1.326563279999999970e-02 -7.816739990000000013e-03
6.047002489999999675e+00 7.182494100000000326e-02 -1.210561039999999942e-02 -3.675524599999999836e-02 -3.039018619999999879e-02 -2.164528150000000033e-03 -3.075708959999999981e-03
8.737666239999999362e+00 6.493359910000000290e-02 -1.200365309999999915e-02 -5.282086369999999809e-02 -3.820601660000000344e-02 3.619352549999999696e-02 3.231490940000000117e-02
1.143978360000000016e+01 6.683758800000000333e-02 -1.063904710000000003e-02 -5.647377729999999985e-02 -2.699136140000000031e-02 6.524407349999999939e-02 6.805590760000000683e-02
1.413302110000000056e+01 6.138921969999999728e-02 -6.089717260000000396e-03 -7.111441970000000057e-02 -9.781431700000000826e-03 1.123295470000000018e-01 5.558366950000000195e-02
1.683802419999999955e+01 6.530964729999999552e-02 -1.062770780000000040e-02 -7.720051440000000320e-02 1.470066889999999994e-02 8.817605859999999574e-02 6.582011369999999847e-03
1.954600389999999877e+01 6.756238150000000442e-02 -7.549690139999999834e-03 -7.972716550000000235e-02 4.410764019999999924e-02 3.242002649999999910e-03 -4.694232940000000326e-02
2.224512580000000028e+01 6.545887420000000290e-02 -1.163360010000000049e-02 -7.056810900000000386e-02 4.258546490000000156e-02 1.980660190000000168e-02 -2.177481209999999889e-02
2.494335230000000081e+01 6.325005400000000000e-02 -6.563517520000000140e-03 -6.654966090000000167e-02 2.444563829999999924e-02 8.804747840000000251e-04 1.816376540000000026e-02
2.764261009999999885e+01 6.428986690000000614e-02 -2.262339410000000026e-03 -6.313282550000000326e-02 3.432953849999999946e-02 2.236672639999999837e-02 4.587111599999999824e-03
3.034650230000000093e+01 6.314607099999999806e-02 -1.942987499999999869e-04 -6.375987430000000511e-02 3.164726589999999895e-02 2.067683400000000157e-02 -5.779202060000000057e-02
3.304433199999999715e+01 6.224545220000000240e-02 1.266031169999999898e-03 -6.780460330000000202e-02 1.621389440000000140e-02 4.793258890000000327e-02 -2.461888469999999954e-02
3.574966799999999978e+01 5.895390789999999798e-02 -4.083338730000000277e-03 -7.055165260000000049e-02 1.751801849999999952e-02 1.060973519999999955e-02 -1.648067049999999908e-02
3.844921169999999933e+01 6.325963519999999729e-02 -3.487039219999999926e-03 -6.910789570000000492e-02 -7.331659719999999644e-03 -3.574729539999999678e-02 -2.659058099999999855e-02
4.115166330000000272e+01 6.701603650000000079e-02 -3.628425770000000185e-03 -6.966085650000000684e-02 2.265511560000000105e-02 -1.027500469999999971e-02 -3.910206370000000181e-02
4.384774139999999676e+01 6.147179839999999951e-02 -4.546330579999999753e-03 -7.397100739999999675e-02 3.443342929999999857e-02 -2.315572219999999931e-02 -3.258481819999999723e-02
4.656073359999999894e+01 5.506174999999999958e-02 -4.832382789999999963e-03 -7.420707329999999546e-02 3.002643539999999903e-02 -2.665308539999999837e-02 -1.447526420000000077e-02
4.926898669999999925e+01 5.745209700000000058e-02 -7.750323939999999648e-03 -6.513664639999999784e-02 2.070434839999999929e-02 -4.741931989999999958e-02 1.961897079999999887e-03
5.197213670000000008e+01 6.291632710000000239e-02 -5.477137170000000166e-03 -6.456491590000000558e-02 3.389990310000000340e-02 -4.749317120000000336e-02 1.823220269999999837e-02
5.467782890000000151e+01 6.235459499999999877e-02 -7.637607989999999764e-03 -6.490272260000000404e-02 3.017408350000000058e-02 -3.521751210000000076e-02 4.952660660000000187e-03
5.737416799999999739e+01 6.524493739999999431e-02 -3.179046210000000070e-03 -7.005480440000000364e-02 4.210340640000000134e-02 -8.448980450000000836e-03 -3.733844680000000110e-02
6.006854609999999894e+01 6.678301709999999447e-02 -5.025516479999999654e-03 -6.375706000000000429e-02 6.708608060000000040e-02 -3.221122450000000331e-02 -4.117804540000000180e-02
6.275897109999999657e+01 7.035615089999999738e-02 -3.160303550000000128e-03 -6.318275069999999827e-02 5.061957210000000290e-02 -4.612388989999999939e-02 -5.644262950000000258e-03
6.545381949999999449e+01 6.612563779999999780e-02 -8.772193529999999795e-03 -6.246327759999999868e-02 3.941112799999999666e-02 -2.796209490000000145e-02 -1.892122879999999854e-02
6.815884300000000451e+01 6.429342829999999676e-02 -9.309347350000000271e-03 -5.936043220000000037e-02 1.723808099999999885e-02 -3.481483469999999830e-02 -4.349042360000000135e-02
7.085440549999999860e+01 6.455890559999999390e-02 -1.022786569999999985e-02 -5.607203699999999819e-02 1.961522549999999976e-02 -1.644988079999999903e-03 -1.572157839999999834e-02
7.356253669999999545e+01 6.786755419999999928e-02 -4.002221620000000375e-03 -5.252560569999999845e-02 8.547546110000000044e-03 1.748704099999999831e-02 2.288183670000000156e-02
7.626588510000000554e+01 6.668630370000000473e-02 -3.594128990000000200e-03 -5.871709049999999930e-02 3.845761510000000188e-03 1.489536879999999938e-02 -2.452623799999999969e-03
7.896697260000000540e+01 6.285055620000000454e-02 -6.466917119999999932e-04 -6.428749540000000540e-02 3.407745009999999658e-02 7.860222729999999727e-03 -4.718181729999999796e-02
8.166631010000000401e+01 6.051373649999999826e-02 3.950533140000000304e-03 -6.424313389999999901e-02 2.056175819999999863e-02 2.869589579999999931e-03 -4.856183000000000027e-02
8.436963049999999953e+01 5.987522779999999989e-02 -1.236825879999999944e-03 -6.594152059999999760e-02 1.227425430000000060e-02 -1.568210119999999957e-02 -1.633615199999999962e-02
8.707638830000000496e+01 6.278033450000000681e-02 1.565271519999999897e-03 -6.386288469999999717e-02 1.470994619999999899e-03 1.016173549999999960e-02 3.529608070000000292e-02
8.977509449999999447e+01 6.696339590000000008e-02 -6.212393450000000235e-04 -6.210813300000000287e-02 2.719801440000000139e-02 2.979365800000000064e-02 1.837494649999999938e-02
9.248093830000000537e+01 6.287895540000000560e-02 -9.746741429999999972e-04 -6.218377030000000333e-02 1.634209299999999851e-02 3.669341159999999803e-03 3.527628230000000309e-02
9.518923359999999434e+01 5.925783180000000067e-02 -1.084000610000000059e-02 -6.470215179999999622e-02 -1.156495639999999964e-02 3.407708370000000000e-03 5.675934960000000168e-02
9.789443980000000067e+01 6.332220430000000400e-02 -4.472373889999999887e-03 -6.716458729999999488e-02 -2.280486329999999954e-03 4.987552509999999828e-02 4.991094620000000037e-02
1.005990120000000019e+02 6.157353329999999680e-02 -7.920507110000000670e-03 -7.054746839999999353e-02 7.580495520000000119e-03 1.937423400000000059e-02 2.252242230000000081e-02
1.032986680000000064e+02 6.184570910000000005e-02 -7.217292850000000225e-03 -6.655589350000000459e-02 1.273363360000000048e-02 -1.687532469999999951e-02 -3.314855839999999998e-02
1.059971050000000048e+02 6.633261029999999725e-02 -9.349414530000000820e-03 -7.326356030000000241e-02 1.238773190000000066e-02 5.392998359999999838e-03 -2.980133819999999933e-02
1.086868400000000037e+02 6.753783080000000383e-02 -6.857990379999999789e-03 -7.496038350000000516e-02 1.348184070000000082e-02 -2.000546330000000164e-02 -3.734694239999999943e-02
1.113861210000000028e+02 6.174969119999999811e-02 -4.087567349999999752e-03 -6.476514799999999461e-02 4.233103719999999764e-02 -6.126560080000000193e-03 1.732837950000000113e-02
1.140777460000000048e+02 6.431495069999999814e-02 -5.593741309999999793e-03 -7.191657980000000505e-02 1.299664849999999927e-02 -2.266730700000000112e-02 6.822909579999999682e-03
1.167751839999999959e+02 5.915408610000000289e-02 2.889254370000000210e-03 -6.765985459999999951e-02 3.313666580000000118e-04 -2.785901769999999875e-02 -9.242713129999999971e-03
1.194738090000000028e+02 6.080129389999999745e-02 3.638165510000000193e-03 -6.598792909999999512e-02 1.492438849999999997e-02 2.861201199999999917e-03 3.168630080000000085e-03
1.221698870000000028e+02 5.816642209999999674e-02 7.978004760000000778e-03 -6.208798940000000155e-02 2.062527000000000110e-02 -2.590634439999999969e-02 -3.503151730000000214e-02
1.248649020000000007e+02 6.697688779999999564e-02 8.402409819999999765e-03 -5.842950510000000097e-02 -2.100413450000000130e-03 -1.553930599999999926e-02 -4.413619559999999720e-02
1.275610429999999980e+02 7.197521240000000209e-02 8.579237470000000698e-03 -6.247422789999999837e-02 -5.260622420000000011e-04 4.994006129999999967e-03 -7.157865589999999612e-02
1.302544959999999890e+02 7.369273530000000627e-02 3.640614459999999813e-03 -5.448435380000000300e-02 1.937653319999999924e-03 4.860921840000000105e-02 -8.169680109999999384e-02
1.329499490000000037e+02 8.037345660000000391e-02 7.482244519999999531e-04 -3.192718010000000078e-02 6.463874960000000162e-03 3.244238120000000197e-02 -4.943851679999999860e-02
1.356439489999999921e+02 8.655994270000000324e-02 -3.060997099999999797e-03 -2.080074569999999790e-03 -1.685703179999999829e-02 -1.276269390000000017e-02 -1.629198670000000029e-02
1.383362150000000099e+02 8.734701170000000459e-02 -8.025017520000000265e-03 3.157908289999999951e-02 -1.334099920000000015e-02 2.579258579999999922e-03 1.260178460000000063e-02
1.410360589999999945e+02 8.133912420000000143e-02 -1.218750069999999935e-02 4.801767390000000191e-02 -1.300249079999999963e-03 1.431463650000000011e-02 -8.770530940000000053e-03
1.437353090000000009e+02 7.356704940000000081e-02 -7.777901339999999768e-03 6.525023609999999752e-02 1.358515360000000106e-04 2.453286660000000147e-02 -3.342538250000000322e-02
1.464352770000000135e+02 6.269979359999999780e-02 -4.951295859999999688e-03 7.268986669999999428e-02 2.782127360000000160e-02 9.971872390000000724e-03 -4.241715649999999727e-02
1.491380900000000054e+02 6.033705150000000239e-02 -2.082664509999999827e-03 7.597638660000000099e-02 5.178824700000000253e-02 1.077999110000000052e-02 -5.765160619999999680e-02
1.518426210000000083e+02 5.989773419999999682e-02 -7.945827000000000792e-03 7.474117780000000266e-02 9.114238519999999857e-03 -6.474987910000000240e-04 -3.867590130000000265e-02
1.545418090000000007e+02 6.027461659999999721e-02 -1.040198950000000011e-02 7.381834160000000367e-02 -4.680288940000000043e-03 9.580765289999999476e-03 -4.687482199999999655e-02
1.572435270000000003e+02 5.849693809999999966e-02 4.497255629999999567e-03 6.617177080000000156e-02 1.224901420000000084e-03 7.060568750000000178e-03 -4.785468090000000174e-02
1.599434489999999869e+02 5.738561620000000307e-02 3.532048549999999842e-03 6.353913499999999659e-02 -1.639013339999999957e-02 -6.246582170000000017e-02 3.292668160000000038e-02
1.626412929999999903e+02 6.283483099999999377e-02 6.643495489999999906e-03 6.027979079999999656e-02 -1.439044559999999931e-03 -2.943636109999999903e-02 6.910994920000000652e-02
1.653397300000000030e+02 6.683324220000000371e-02 -1.515794570000000103e-03 5.543016459999999812e-02 1.841165020000000083e-02 -4.416360760000000163e-02 9.915109680000000481e-02
1.680369019999999978e+02 6.351415829999999818e-02 -1.230751049999999997e-03 6.361147820000000175e-02 -1.202808009999999962e-02 -6.293260910000000007e-03 6.712971730000000248e-02
1.707464339999999936e+02 6.493609050000000160e-02 -6.131512589999999797e-04 6.340103349999999527e-02 -6.859311919999999674e-02 5.110846909999999799e-02 4.414198469999999763e-02
1.734505269999999939e+02 6.893742479999999395e-02 1.409213180000000020e-03 6.672210110000000027e-02 -5.549751599999999674e-02 4.295444939999999972e-04 -1.709929760000000005e-03
1.761624019999999859e+02 7.265967090000000073e-02 4.226436529999999699e-03 6.386473230000000445e-02 -6.398712750000000449e-02 -1.315683060000000064e-02 -8.762175100000000119e-03
1.788599959999999953e+02 6.783750850000000443e-02 8.785464989999999721e-04 5.965381349999999971e-02 -1.911429989999999940e-02 3.278825019999999889e-03 -3.752069560000000081e-02
1.815594490000000008e+02 6.698792609999999759e-02 -3.101056339999999872e-04 5.549417460000000135e-02 9.287947120000000778e-03 -3.902145450000000029e-03 -6.807635060000000182e-02
1.842684020000000089e+02 6.853526960000000390e-02 6.464167750000000302e-03 6.046111810000000253e-02 -8.474692520000000340e-03 2.274574180000000015e-02 -3.306651289999999743e-02
1.869595899999999915e+02 7.338302359999999969e-02 1.121793069999999989e-02 6.331310839999999829e-02 3.486120420000000247e-02 2.434754700000000063e-02 9.685730000000000034e-03
1.896624649999999974e+02 6.413269909999999574e-02 1.271919850000000074e-02 6.478401579999999715e-02 3.063566659999999997e-02 6.725667750000000056e-02 3.301199850000000047e-02
1.923717770000000087e+02 6.470956410000000547e-02 1.018152739999999938e-02 6.516893179999999619e-02 -3.790770899999999777e-02 4.148267960000000254e-02 1.002397980000000050e-01
1.950640119999999911e+02 6.139757540000000124e-02 1.183736229999999938e-02 6.206268100000000149e-02 -5.649086510000000255e-02 -2.850355929999999829e-02 6.927603690000000425e-02
1.977667619999999999e+02 6.202489459999999816e-02 4.512172309999999686e-03 7.407129070000000037e-02 -4.675407709999999939e-02 -6.633453320000000375e-02 1.374367540000000047e-03
2.004656840000000102e+02 6.074889449999999746e-02 6.005538890000000282e-03 7.263260000000000549e-02 1.754481650000000014e-03 -3.104019289999999931e-02 -2.030558990000000050e-02
2.031664490000000001e+02 6.283407800000000154e-02 4.380799080000000005e-03 7.628688140000000617e-02 2.264905290000000099e-02 -1.671440969999999845e-02 -2.981351540000000064e-02
2.058688870000000009e+02 6.785369089999999936e-02 8.578660210000000133e-04 6.924030259999999770e-02 2.718419299999999886e-02 -2.544822290000000112e-02 -3.232684110000000333e-02
2.085651990000000069e+02 6.797204630000000525e-02 1.896274429999999893e-03 6.208417809999999815e-02 1.428291490000000059e-02 -4.152649559999999941e-03 -5.921242549999999882e-02
2.112544650000000104e+02 7.245602010000000426e-02 -6.882380930000000412e-04 5.659903139999999944e-02 2.935292720000000008e-02 8.559996999999999745e-03 -6.296796960000000665e-02
2.139436680000000024e+02 7.022585820000000478e-02 -3.793862859999999875e-03 5.833774399999999694e-02 1.390459670000000064e-02 4.307719449999999894e-02 -8.752444789999999641e-02
2.166393869999999993e+02 6.794303520000000152e-02 -2.426930620000000011e-03 6.648489050000000455e-02 1.533526309999999962e-02 8.814074410000000831e-03 -6.284545619999999666e-02
2.193392149999999958e+02 6.438978450000000520e-02 1.891723579999999953e-03 6.576917359999999435e-02 9.444024739999999510e-04 -4.651772870000000192e-03 1.257533209999999943e-02
2.220344340000000045e+02 5.686341009999999752e-02 3.502611899999999966e-03 6.269205899999999443e-02 -3.212831639999999805e-03 -2.056840609999999875e-02 2.455744290000000038e-02
2.247363239999999962e+02 5.431975449999999761e-02 4.404060769999999965e-03 6.536570070000000121e-02 -9.007134689999999819e-03 -5.826375909999999964e-02 2.666332700000000056e-02
2.274263550000000009e+02 5.417662339999999854e-02 3.997308839999999877e-03 6.618060950000000109e-02 -2.102480740000000140e-02 -1.359012170000000082e-02 -6.607771719999999682e-02
2.301243240000000014e+02 5.911055250000000344e-02 -2.883946620000000204e-03 6.793000339999999415e-02 -1.699337849999999969e-02 1.008609700000000046e-02 -1.098209550000000048e-02
2.328294649999999990e+02 6.649820870000000550e-02 -2.065538149999999844e-03 7.083246790000000126e-02 -3.059577239999999865e-02 4.648469350000000028e-02 4.150707590000000252e-02
2.355355429999999899e+02 7.274187059999999427e-02 -5.640229860000000109e-03 7.192520010000000297e-02 -7.603610840000000343e-03 2.936568819999999837e-03 6.322483950000000463e-02
2.382349020000000053e+02 6.869035669999999649e-02 5.237939649999999621e-03 6.573758529999999822e-02 2.976688029999999957e-02 1.282555110000000061e-02 1.810957220000000006e-02
2.409390740000000051e+02 6.441976239999999687e-02 1.922296960000000055e-03 5.850540430000000097e-02 4.320687840000000252e-02 2.550233299999999856e-02 -2.303869700000000034e-02
2.436471369999999865e+02 6.585515379999999641e-02 4.653391770000000170e-03 5.756266809999999873e-02 6.395819939999999870e-02 -1.105483020000000080e-02 2.375241189999999832e-03
2.463553400000000124e+02 6.972705210000000597e-02 3.554851410000000028e-03 7.139006609999999642e-02 3.670713989999999875e-03 2.066951820000000051e-02 -1.001841860000000049e-02
2.490560900000000117e+02 7.490824349999999909e-02 -9.757563790000000443e-04 6.662100999999999440e-02 1.228760729999999954e-02 5.263045360000000172e-02 1.969159310000000163e-02
2.517549799999999891e+02 8.050717579999999707e-02 3.238087040000000010e-03 6.066980050000000263e-02 1.883904189999999895e-02 2.739090350000000090e-02 3.387780060000000065e-02
2.544424339999999916e+02 7.695520059999999551e-02 1.726894679999999970e-03 5.274079179999999895e-02 7.282400669999999909e-02 1.955317820000000012e-03 -9.103498599999999136e-03
2.571338870000000156e+02 8.315669589999999389e-02 -9.025672139999999649e-03 4.829483119999999907e-02 8.498331550000000345e-02 -2.771560979999999896e-02 -2.874446719999999844e-02
2.598224799999999846e+02 7.855075699999999883e-02 -7.208352319999999924e-03 4.164733109999999711e-02 6.533680390000000393e-02 1.361075760000000044e-02 -2.356239939999999963e-02
2.625211990000000242e+02 8.041557909999999532e-02 -9.613450929999999700e-03 4.224020330000000101e-02 7.166000070000000215e-03 -1.029377700000000048e-02 4.220573319999999795e-02
2.652083870000000161e+02 7.696756690000000622e-02 -1.426541630000000005e-02 3.957620609999999706e-02 9.939030310000000670e-04 -4.536789819999999945e-02 4.191970930000000345e-02
2.679124489999999810e+02 7.147192230000000424e-02 -1.350514289999999937e-02 1.956382159999999967e-02 2.499553139999999979e-02 -2.035624109999999848e-02 5.674158559999999824e-02
