# a=0.061454076644848775, b=-146.03269994252227, c=-0.002123761681969123, xi=8.033160048563673
6.943533549999999499e-01 6.075076399999999877e-02 -7.251040139999999704e-03 4.952228670000000110e-02 2.849098549999999966e-03 3.347884800000000029e-03 -1.994207929999999851e-02
3.382297299999999840e+00 6.147372029999999959e-02 -4.088354760000000206e-03 5.087802260000000298e-02 -7.191385160000000019e-03 -1.797450490000000040e-02 1.486777800000000001e-04
6.078225739999999711e+00 6.317299739999999997e-02 -6.203823810000000036e-03 4.950251139999999744e-02 1.098540970000000047e-02 -3.501619040000000099e-02 4.631355189999999955e-02
8.778891829999999175e+00 6.127072649999999732e-02 -3.822824119999999903e-04 4.294605850000000197e-02 -8.186973409999999396e-03 -1.405861109999999997e-02 3.610752019999999979e-02
1.147626340000000056e+01 6.478452099999999769e-02 3.104981719999999872e-03 4.584071420000000036e-02 -2.074542789999999845e-02 2.063258410000000029e-02 5.118938390000000137e-03
1.417553060000000009e+01 6.404935150000000410e-02 -2.959637110000000199e-03 5.278810020000000020e-02 2.188042270000000074e-03 5.154470319999999994e-03 3.982511069999999931e-02
1.687692589999999981e+01 6.152019019999999810e-02 -2.096747859999999967e-03 6.163599809999999873e-02 -8.901512940000000026e-03 -2.291064129999999949e-02 5.189767879999999944e-02
1.957964619999999911e+01 6.429372099999999812e-02 -4.166461570000000100e-03 5.552803580000000017e-02 7.309943869999999729e-04 -1.530719879999999956e-02 4.781784699999999666e-02
2.227970090000000170e+01 6.703045380000000053e-02 3.363650440000000123e-03 5.207408329999999724e-02 -2.395921930000000089e-02 -8.078945290000000279e-04 1.899268860000000170e-02
2.497545089999999846e+01 6.959888120000000400e-02 -8.105373449999999855e-03 5.958792300000000097e-02 -3.630402000000000021e-03 -7.936075790000000213e-03 6.732054219999999978e-02
2.767016029999999915e+01 7.150534340000000433e-02 -3.162844780000000078e-03 5.094041070000000088e-02 -2.737627959999999923e-03 6.930037610000000167e-03 6.944622279999999870e-02
3.037041029999999964e+01 7.027525780000000444e-02 -4.703504629999999929e-03 3.561672939999999815e-02 -4.259972289999999599e-03 -2.055139460000000168e-02 4.698867830000000301e-02
3.308680559999999815e+01 7.261006859999999397e-02 -2.465315499999999995e-04 -4.405666110000000350e-03 1.924346290000000098e-02 -5.901152819999999979e-03 -3.133549499999999967e-03
3.579536499999999677e+01 7.425610459999999746e-02 4.034950970000000282e-03 -2.831718069999999976e-02 -1.664108980000000067e-03 -9.279324289999999961e-03 -1.761845479999999894e-02
3.849160870000000045e+01 7.733455279999999765e-02 9.684016070000000739e-03 -4.466205179999999803e-02 -3.647060470000000002e-03 -6.183191660000000173e-03 -4.422470530000000011e-02
4.119640559999999851e+01 6.281161640000000601e-02 1.535182419999999923e-02 -6.078530260000000046e-02 2.309338999999999836e-02 -2.249449690000000085e-02 -7.025431409999999613e-03
4.388357429999999937e+01 6.249417539999999743e-02 9.428749340000000534e-03 -6.116710530000000340e-02 3.260092540000000035e-03 -5.484864189999999994e-03 -5.814499970000000344e-03
4.658528059999999726e+01 5.983789330000000017e-02 7.390966829999999835e-03 -6.058701290000000073e-02 2.706908010000000017e-03 -3.440279340000000022e-03 -7.136933419999999875e-03
4.928809780000000274e+01 6.166504090000000243e-02 -3.563131440000000174e-03 -5.510730879999999748e-02 3.521303850000000006e-03 -2.419629070000000118e-02 -4.282335369999999697e-02
5.197953840000000270e+01 6.381444190000000460e-02 -1.717013199999999941e-03 -4.744014919999999663e-02 -1.250838699999999928e-02 3.751535109999999673e-02 -2.590350500000000028e-02
5.468966960000000199e+01 5.746811410000000203e-02 -2.986867480000000071e-03 -5.028740019999999866e-02 2.364906060000000060e-02 -1.572964649999999964e-02 -3.424365740000000213e-02
5.738227119999999815e+01 4.668313109999999710e-02 4.648519859999999753e-04 -5.239361700000000344e-02 -1.363625639999999951e-02 -1.192248289999999974e-02 -1.094142190000000096e-03
6.008858060000000023e+01 5.267482030000000121e-02 4.307820250000000267e-03 -6.120438760000000006e-02 1.479053489999999915e-02 3.464432080000000302e-02 -2.541952470000000130e-02
6.278924310000000020e+01 5.408171860000000192e-02 7.332853109999999848e-03 -6.837961530000000177e-02 7.089949509999999601e-03 -3.988302390000000169e-03 -3.104463589999999912e-02
6.548839309999999614e+01 5.940046100000000162e-02 6.713541909999999786e-03 -6.167910179999999687e-02 -1.617526149999999954e-02 6.361274790000000408e-03 -1.140063099999999961e-02
6.818456960000000322e+01 5.010226909999999922e-02 6.396732940000000173e-03 -6.682694120000000348e-02 -1.827694599999999878e-02 -2.576759749999999946e-02 -4.028827809999999815e-02
7.087939459999999769e+01 5.830521410000000238e-02 6.430867970000000294e-03 -6.402496409999999805e-02 -2.732223519999999947e-02 -2.676549610000000020e-03 -5.266039240000000045e-03
7.357799149999999599e+01 5.306720250000000055e-02 2.365715769999999964e-03 -6.077594039999999892e-02 -1.247552830000000015e-02 2.812933639999999971e-02 -2.671779700000000146e-02
7.627985870000000546e+01 5.877844229999999726e-02 -6.625711369999999663e-03 -6.566051119999999353e-02 -1.502464019999999977e-02 3.843975480000000333e-02 1.144821059999999967e-02
7.898083529999999541e+01 6.785878049999999329e-02 5.455605389999999832e-03 -6.939157279999999539e-02 -1.728927139999999986e-03 -1.142938660000000078e-02 -3.072216129999999837e-02
8.168568209999999397e+01 5.824583180000000165e-02 8.856434629999999919e-03 -7.292257809999999618e-02 -2.625987880000000153e-03 1.419067050000000002e-03 -5.161736439999999732e-02
8.438976180000000227e+01 5.118452529999999862e-02 -3.896278810000000214e-03 -7.735070210000000168e-02 2.375881009999999922e-05 -4.663754219999999978e-02 -7.342638760000000375e-02
8.708313839999999573e+01 5.147727750000000158e-02 -4.411064989999999644e-03 -7.496153260000000540e-02 -2.836347999999999821e-03 -4.314884439999999710e-02 -5.004036580000000402e-04
8.978371959999999774e+01 4.725095480000000153e-02 -4.447989000000000283e-03 -7.531939429999999491e-02 3.960406529999999786e-02 -2.045202860000000164e-02 -2.172617660000000089e-02
9.248921959999999842e+01 5.981464400000000015e-02 -3.349446659999999812e-03 -6.660308550000000605e-02 -3.359669080000000137e-03 -2.187893089999999943e-02 3.476050960000000301e-02
9.518686180000000263e+01 5.211390870000000286e-02 -1.044372789999999974e-02 -6.752067400000000275e-02 -1.435679599999999979e-02 1.222728480000000000e-02 -1.007557929999999997e-02
9.789131650000000207e+01 6.132252690000000034e-02 -9.719143680000000285e-03 -6.860483470000000583e-02 -4.018059780000000393e-03 2.904205219999999969e-03 1.168753760000000065e-02
1.005832539999999966e+02 5.759938480000000027e-02 -4.672135820000000196e-03 -6.635081190000000073e-02 -1.563042950000000054e-03 -1.565930499999999836e-02 -4.359250349999999746e-02
1.032770349999999979e+02 6.283910330000000433e-02 -5.698485120000000050e-03 -6.137199549999999837e-02 -2.856480829999999936e-03 -1.729055350000000078e-03 -4.696454779999999912e-02
1.059629879999999957e+02 5.296789860000000044e-02 -1.236772109999999952e-02 -6.755735150000000133e-02 -5.011021430000000068e-03 -8.653436849999999667e-03 -2.773639879999999919e-02
1.086816759999999960e+02 6.096704869999999832e-02 -6.125557079999999904e-03 -6.497570880000000382e-02 2.319383859999999895e-02 -1.262198510000000010e-02 -4.035538429999999815e-02
1.113783629999999931e+02 5.547690100000000207e-02 -1.938249290000000104e-03 -5.971385319999999997e-02 -6.216111419999999915e-03 3.222661319999999951e-03 -3.220074280000000122e-02
1.140823950000000053e+02 5.871921680000000143e-02 2.852365710000000134e-03 -5.708608980000000332e-02 3.333761919999999983e-03 -2.828259730000000013e-02 5.834595019999999849e-04
1.167843170000000015e+02 5.613124440000000215e-02 9.543648219999999183e-03 -5.178815159999999862e-02 -2.068704929999999956e-02 8.151887030000000769e-03 -3.993675659999999794e-02
1.194675510000000003e+02 6.471297650000000512e-02 9.314794560000000737e-03 -4.784134920000000096e-02 -1.826727530000000002e-02 1.679292799999999863e-02 1.118080509999999986e-02
1.221718790000000041e+02 7.081873730000000366e-02 5.684122380000000002e-03 -5.476564390000000088e-02 4.368782529999999924e-04 3.411237400000000086e-02 -3.629929989999999829e-02
1.248632850000000047e+02 7.572234099999999857e-02 2.796867110000000184e-03 -5.540047640000000245e-02 -1.216145279999999995e-02 1.230811740000000050e-02 -1.867900150000000080e-03
1.275740820000000042e+02 7.285386400000000429e-02 9.775956869999999702e-03 -5.792990330000000188e-02 1.421412619999999974e-02 -1.485746609999999933e-02 -7.061107530000000111e-03
1.302706129999999973e+02 7.194074200000000197e-02 2.704614729999999835e-03 -4.965862409999999977e-02 1.432843919999999931e-02 1.238110880000000032e-02 1.409141969999999980e-02
1.329784260000000131e+02 6.500328589999999906e-02 -1.770858369999999977e-03 -5.169401059999999964e-02 -4.667690820000000140e-04 9.725158129999999720e-03 -3.011994119999999997e-02
1.356720980000000054e+02 6.432164980000000531e-02 -8.454949039999999638e-03 -5.122447959999999745e-02 1.430098110000000040e-02 8.925610380000000704e-03 -2.556086150000000043e-02
1.383734570000000019e+02 6.870895809999999493e-02 -5.426225789999999461e-04 -4.588516769999999995e-02 1.817517550000000148e-02 -3.125283699999999989e-04 -3.265543370000000001e-02
1.410761599999999873e+02 6.732319220000000659e-02 -4.654043890000000090e-04 -4.425959150000000064e-02 -1.035569220000000061e-02 -3.183817740000000063e-02 -4.426980309999999780e-02
1.437685820000000092e+02 7.015898090000000087e-02 -7.386554449999999973e-03 -2.761853829999999857e-02 3.728376600000000139e-04 -6.198537049999999771e-02 -3.619380750000000119e-02
1.464790040000000033e+02 6.503357279999999463e-02 -3.502789889999999989e-03 3.450807040000000020e-03 -3.468622999999999845e-02 -2.937304220000000118e-02 1.244520439999999978e-02
1.491731599999999958e+02 6.383906920000000096e-02 -9.488063879999999659e-03 2.775341790000000058e-02 -2.831218330000000172e-02 -5.006542370000000020e-02 4.763193529999999731e-02
1.518850510000000043e+02 7.191117079999999329e-02 -1.154566689999999944e-02 4.254179620000000245e-02 -1.470893990000000061e-02 1.060811199999999940e-02 1.396644109999999918e-02
1.545857849999999871e+02 6.693746690000000610e-02 -2.237595120000000163e-03 4.503767880000000140e-02 -3.536636640000000165e-02 2.472489289999999992e-02 -4.267148679999999833e-02
1.572908950000000061e+02 5.452239140000000178e-02 7.858525550000000290e-03 4.812296130000000283e-02 -2.345363669999999887e-02 -1.299495760000000076e-02 -8.625401370000000678e-02
1.599835199999999986e+02 6.056467089999999914e-02 1.215945130000000048e-02 5.377410739999999995e-02 -2.274812430000000205e-03 -9.409437379999999879e-03 -2.161447700000000000e-02
1.626905199999999923e+02 6.210028299999999918e-02 1.424395959999999982e-02 4.832060800000000100e-02 1.951417000000000082e-02 2.283870959999999978e-02 -6.293269399999999909e-03
1.653950040000000001e+02 5.675824160000000201e-02 1.218752449999999966e-02 4.711713010000000146e-02 7.573129409999999721e-03 6.861287039999999782e-02 4.838137810000000399e-03
1.681006920000000093e+02 5.870573030000000164e-02 7.162103339999999901e-03 5.506698410000000071e-02 -1.560920489999999923e-03 1.656374929999999968e-02 3.083455380000000093e-02
1.707919259999999895e+02 5.807334299999999949e-02 8.300686539999999405e-03 5.929812429999999773e-02 1.340271780000000003e-02 -6.269556869999999560e-02 4.630875319999999684e-02
1.734910979999999938e+02 5.163196379999999974e-02 -3.214651810000000026e-03 5.992347680000000010e-02 2.604242259999999930e-03 -1.226702890000000001e-03 4.214230850000000306e-02
1.761909880000000044e+02 5.897122739999999946e-02 6.741953939999999895e-04 6.203351289999999713e-02 5.245665939999999763e-03 -3.493762450000000019e-02 1.882987980000000103e-02
1.788915200000000141e+02 6.129283650000000305e-02 -5.505897150000000533e-04 5.723581619999999759e-02 -2.232786999999999966e-02 -1.982777089999999964e-02 2.303736870000000145e-02
1.815927700000000016e+02 6.584728800000000382e-02 -9.964755089999999260e-03 6.413229489999999755e-02 -2.753796849999999921e-02 1.877928779999999895e-02 -1.458251690000000010e-02
1.842945819999999912e+02 6.268755539999999737e-02 -1.208745330000000028e-02 6.270436220000000227e-02 -5.216097780000000100e-02 7.037943920000000464e-02 3.937805199999999672e-02
1.869934570000000065e+02 6.139270480000000307e-02 -8.645198099999999372e-03 6.438542009999999316e-02 -4.044165289999999968e-02 5.963604599999999811e-02 1.295125159999999977e-02
1.897002699999999891e+02 6.254173309999999653e-02 -5.979532630000000161e-03 7.010911179999999854e-02 -4.951439490000000138e-02 -7.661661759999999731e-03 6.285202780000000156e-02
1.923921760000000063e+02 5.962890020000000124e-02 -1.923369970000000104e-03 6.317183560000000364e-02 3.119104660000000112e-02 -1.090047360000000014e-02 4.679789880000000124e-02
1.950980509999999981e+02 5.766868879999999947e-02 -2.955863380000000196e-03 5.405660510000000196e-02 3.018963579999999966e-02 -2.144510279999999936e-04 3.888598010000000188e-02
1.978033949999999948e+02 6.755510219999999455e-02 -4.813577129999999787e-03 6.374340570000000539e-02 3.086514350000000087e-02 5.717376429999999725e-03 4.891974329999999871e-02
2.004986289999999940e+02 6.511229960000000649e-02 -7.483350799999999997e-03 5.406150490000000142e-02 9.763086520000000337e-03 -4.328007009999999821e-02 7.082513159999999711e-03
2.032002850000000080e+02 6.969664740000000580e-02 -4.613722570000000113e-03 4.335782819999999677e-02 -1.134027120000000079e-03 -1.847199559999999907e-02 -1.286435049999999983e-02
2.059048630000000060e+02 6.966515099999999461e-02 -4.610062720000000433e-03 4.284108209999999695e-02 -1.149444030000000040e-02 -4.247707319999999981e-02 -1.597542589999999957e-02
2.086078789999999969e+02 6.710706169999999804e-02 -7.633965589999999746e-03 4.359046140000000236e-02 -2.435213890000000048e-02 -5.840093949999999867e-02 1.437527679999999961e-02
2.113164570000000140e+02 7.017852460000000014e-02 -8.053750230000000093e-03 4.410714109999999688e-02 -3.024907669999999868e-02 -2.490354289999999887e-02 1.695463259999999833e-02
2.140130039999999951e+02 6.888542690000000468e-02 -3.261102289999999806e-03 4.863990199999999875e-02 -5.564377689999999710e-02 1.499284900000000080e-02 -2.254373679999999852e-02
2.167183479999999918e+02 5.332528889999999661e-02 1.950382579999999921e-03 5.569774200000000147e-02 -4.514978249999999915e-02 1.264163500000000002e-02 -5.932583629999999691e-02
2.194034729999999911e+02 5.041993859999999855e-02 8.477223870000000520e-04 5.638240559999999763e-02 -3.944539760000000117e-02 -1.568941039999999926e-02 -5.520379280000000354e-03
2.221006759999999929e+02 5.074278969999999889e-02 -1.325622839999999938e-03 5.458708129999999964e-02 2.908389180000000088e-02 -1.428659229999999954e-02 -1.809408670000000122e-02
2.248132699999999886e+02 5.306999490000000042e-02 2.921603569999999938e-03 4.192935689999999910e-02 -6.398923639999999635e-02 5.511048759999999727e-03 -1.192616129999999990e-02
2.275197850000000130e+02 5.556962470000000043e-02 8.158781889999999412e-03 5.164356929999999735e-02 -3.571306640000000004e-02 -1.492364940000000077e-02 -3.016346519999999962e-02
2.302195350000000076e+02 6.122212009999999927e-02 3.108202439999999990e-03 4.320650530000000322e-02 -4.245601189999999997e-02 -5.128286240000000037e-03 -6.845618220000000351e-03
2.329098950000000059e+02 6.063563229999999887e-02 2.476831709999999850e-03 5.844325909999999874e-02 1.260335679999999986e-02 -1.783905560000000057e-02 3.770526049999999973e-03
2.356078630000000089e+02 5.284158950000000105e-02 1.141521420000000085e-02 6.046567309999999890e-02 1.493868469999999962e-02 -6.018180679999999595e-03 3.356347739999999968e-02
2.383151129999999966e+02 5.265681149999999755e-02 9.303987559999999171e-03 5.903211059999999982e-02 3.135350299999999785e-02 -1.904174000000000014e-03 2.016735650000000060e-02
2.410259100000000103e+02 4.901344920000000327e-02 8.588788510000000542e-03 6.011863299999999771e-02 2.501841399999999924e-02 -7.533333189999999804e-03 -1.607890439999999990e-02
2.437243479999999920e+02 5.973169770000000267e-02 4.240045639999999623e-03 5.577777280000000004e-02 -2.678862029999999964e-02 -5.055967080000000301e-03 -3.347297839999999886e-02
2.464291130000000010e+02 5.966818069999999669e-02 4.238536079999999893e-03 6.047539949999999886e-02 -4.189904249999999719e-02 1.928975559999999978e-02 -5.008903420000000023e-02
2.491265199999999993e+02 5.526028090000000004e-02 1.564247690000000008e-03 4.991635120000000037e-02 -2.167403730000000070e-02 -1.554978849999999989e-02 -6.255216449999999317e-02
2.518231920000000059e+02 5.516476879999999972e-02 4.009201020000000351e-03 5.640632560000000129e-02 -7.766237890000000400e-03 -1.187855959999999968e-02 -2.336451620000000104e-02
2.545310509999999908e+02 6.290008960000000038e-02 4.388354369999999949e-03 5.637673289999999698e-02 -7.878207460000000162e-02 -8.348866640000000838e-03 -1.304794539999999973e-03
2.572344729999999799e+02 6.766452230000000179e-02 6.578059629999999901e-03 6.598702839999999459e-02 -6.530266949999999349e-02 1.308632860000000057e-02 1.284951770000000021e-02
2.599339100000000258e+02 5.755860289999999851e-02 9.089204639999999211e-03 6.517535659999999786e-02 -7.898205169999999997e-02 -2.352113629999999858e-02 1.845739100000000008e-02
2.626262699999999768e+02 5.356710800000000217e-02 1.400197679999999958e-02 6.575162380000000584e-02 -1.812621010000000157e-02 -1.306472919999999982e-02 5.116692149999999689e-02
2.653210199999999759e+02 5.794608009999999837e-02 4.622756460000000331e-03 5.482094369999999939e-02 -1.341486629999999979e-02 1.698221000000000105e-02 3.326985830000000338e-02
2.680172190000000114e+02 4.911223819999999823e-02 -5.827951300000000154e-03 5.118204040000000343e-02 -1.418140189999999960e-02 3.219643380000000027e-02 1.616949850000000063e-02
