# a=0.06315659887802431, b=-137.14402826373373, c=-0.0006783191053713294, xi=12.209509377895014
6.858456080000000510e-01 7.170748479999999869e-02 7.038007849999999843e-03 5.108917889999999712e-02 -3.513576659999999990e-03 -2.037358909999999884e-02 4.724886920000000157e-02
3.397757149999999893e+00 6.638785580000000630e-02 4.596216819999999949e-04 5.094445279999999798e-02 1.326689690000000012e-02 -5.191402700000000148e-03 -8.552515050000000785e-03
6.096350290000000172e+00 5.695790970000000342e-02 6.648922140000000126e-03 6.259789960000000653e-02 -5.730123460000000057e-03 -1.297042959999999967e-02 3.297182359999999840e-02
8.799957620000000702e+00 6.402481379999999667e-02 -5.601627080000000196e-03 6.856618489999999344e-02 -1.415696519999999972e-02 1.729165599999999900e-02 1.053367439999999995e-02
1.150459069999999961e+01 6.311799149999999803e-02 3.896186219999999822e-03 6.220776260000000085e-02 1.456949939999999978e-02 3.243199229999999683e-02 6.964775480000000296e-02
1.420965479999999914e+01 6.846818220000000510e-02 2.935548279999999812e-03 4.263748729999999876e-02 -2.341911899999999866e-02 1.555870539999999920e-02 2.895023949999999888e-02
1.690584540000000047e+01 7.340094530000000617e-02 -9.408569430000000323e-04 2.768084410000000092e-02 -2.064412319999999954e-02 -2.939938679999999985e-02 -5.156363940000000326e-03
1.959607820000000089e+01 7.989558650000000428e-02 1.345793500000000073e-02 2.048501620000000092e-02 -7.006016670000000252e-03 -1.721108229999999961e-02 2.712254719999999952e-02
2.229792670000000143e+01 7.926317360000000034e-02 6.277066189999999657e-03 -3.764655520000000088e-03 -7.450832840000000228e-03 4.135775530000000005e-03 -1.806414409999999859e-02
2.498163759999999911e+01 7.841992600000000091e-02 1.134997039999999929e-02 -2.780295509999999859e-02 -5.186519979999999752e-02 -2.474209180000000105e-02 1.625181090000000009e-02
2.767559539999999885e+01 6.970518950000000047e-02 -2.396793359999999790e-03 -4.650198669999999757e-02 -6.920521580000000075e-03 -4.499519650000000093e-02 -5.052321089999999709e-02
3.037280170000000012e+01 6.363562180000000013e-02 -2.918934390000000267e-04 -6.115826340000000277e-02 -4.371259679999999620e-03 1.943135959999999982e-02 -4.439143990000000289e-02
3.307131420000000332e+01 5.738130560000000158e-02 1.187463070000000084e-03 -5.809644490000000217e-02 8.352439919999999490e-03 1.177478659999999996e-02 -3.646862900000000240e-02
3.578125320000000187e+01 5.964816230000000163e-02 -7.552874939999999933e-03 -7.282504319999999476e-02 2.031297810000000023e-02 3.528758669999999820e-02 -7.656455450000000662e-02
3.848065950000000157e+01 6.671419089999999774e-02 -9.517132489999999972e-03 -6.189147140000000186e-02 3.359099559999999870e-03 5.272191030000000084e-02 -4.998246810000000345e-02
4.117641110000000282e+01 5.857581900000000119e-02 -6.429366149999999995e-03 -6.722771099999999556e-02 1.937887090000000104e-02 1.647180670000000097e-02 -7.033286869999999524e-02
4.388726890000000225e+01 6.087035489999999965e-02 -3.147864440000000194e-03 -5.977913420000000033e-02 -1.571054900000000074e-02 5.547946980000000028e-02 -4.777821170000000339e-02
4.659440949999999759e+01 5.874502360000000145e-02 -1.203028549999999967e-02 -6.450317429999999352e-02 6.431234729999999768e-03 2.851692679999999827e-02 -1.141032030000000003e-01
4.928170479999999998e+01 6.449478100000000103e-02 -1.361845610000000061e-02 -7.016616180000000147e-02 5.261455039999999792e-03 5.599023709999999612e-03 -2.596886710000000098e-02
5.197676419999999808e+01 5.318837829999999850e-02 -1.242516909999999940e-02 -6.950996439999999887e-02 -1.323307930000000099e-03 -1.178006749999999971e-02 -3.490646110000000107e-02
5.468123140000000149e+01 5.247760230000000220e-02 -1.983676590000000000e-03 -5.310924460000000097e-02 -1.355520030000000042e-02 2.458185419999999941e-03 -2.561055640000000147e-02
5.738550790000000035e+01 5.911227060000000255e-02 -1.405690590000000049e-03 -6.376542490000000618e-02 3.086742509999999828e-02 -1.047461600000000083e-02 -6.318515289999999951e-02
6.007804070000000252e+01 5.578986550000000072e-02 1.467537130000000009e-03 -6.597856330000000102e-02 -7.286553999999999774e-03 -5.204988519999999980e-02 -1.829809270000000085e-02
6.278337040000000258e+01 5.791674770000000000e-02 5.881811890000000157e-04 -5.360091580000000272e-02 -4.274284070000000310e-03 -5.045945069999999534e-04 -4.942388510000000207e-02
6.548008450000000380e+01 5.201039550000000067e-02 -4.567256429999999590e-03 -5.887627749999999743e-02 1.917228550000000045e-02 -2.081595069999999867e-02 -3.970595419999999737e-02
6.818008759999999313e+01 5.568176820000000221e-02 8.315202969999999430e-03 -5.962446440000000042e-02 -1.485021419999999967e-02 -1.050392459999999932e-03 -7.550438869999999587e-03
7.087865789999999322e+01 5.352409119999999854e-02 8.120366880000000342e-03 -6.196902080000000340e-02 1.023945490000000014e-02 -2.045509209999999897e-02 -1.731134009999999931e-02
7.357361109999999371e+01 5.622997440000000041e-02 1.086736680000000010e-02 -6.056602219999999981e-02 -2.342742910000000095e-02 -1.698661309999999897e-02 -2.924694109999999986e-02
7.628471729999999695e+01 5.417200459999999690e-02 1.733504469999999978e-02 -5.714702829999999956e-02 -2.896593639999999869e-03 -6.459402040000000213e-03 -4.463884659999999699e-02
7.898695170000000587e+01 6.142945899999999876e-02 1.271782850000000020e-02 -5.301839159999999912e-02 9.684591700000000011e-03 3.368958229999999970e-02 -4.439923240000000215e-02
8.168338450000000250e+01 6.088201740000000195e-02 8.657139370000000583e-03 -5.549010380000000270e-02 -1.802864009999999989e-02 1.999974240000000191e-03 -2.988160299999999964e-02
8.437793609999999944e+01 5.780328769999999727e-02 9.417211930000000605e-03 -5.955510779999999976e-02 -2.527754689999999957e-02 -8.387763739999999765e-04 -5.934759609999999685e-02
8.706928609999999935e+01 5.718508979999999825e-02 3.728680569999999841e-04 -6.490809720000000060e-02 -9.041770949999999862e-03 -2.431743459999999996e-02 -6.124571639999999706e-02
8.976886580000000038e+01 5.190195400000000014e-02 -2.896008429999999845e-03 -6.928965330000000367e-02 -1.578554210000000096e-02 1.091528419999999999e-02 -8.057692140000000114e-02
9.246973760000000198e+01 4.932743660000000335e-02 4.707733069999999798e-04 -6.081565869999999707e-02 2.995853580000000169e-02 3.082961570000000012e-02 -2.003284329999999863e-02
9.517482359999999630e+01 4.756740639999999798e-02 -2.528765730000000211e-03 -6.952965449999999603e-02 1.090116340000000031e-02 1.500190560000000048e-02 -8.253728370000000536e-02
9.787985319999999945e+01 4.990104850000000314e-02 -9.168555599999999445e-03 -7.265566249999999560e-02 1.386455389999999939e-03 2.604778920000000095e-02 -4.432787380000000055e-02
1.005886969999999963e+02 4.351984679999999772e-02 3.499812279999999897e-03 -8.163687819999999873e-02 8.804923580000000374e-03 -1.880213589999999921e-02 -6.500327050000000162e-02
1.032782909999999958e+02 3.823826930000000235e-02 -8.916362579999999576e-04 -6.995690520000000245e-02 3.770473229999999829e-03 -1.240959540000000083e-02 -1.235306440000000011e-03
1.059763059999999939e+02 4.430635919999999922e-02 5.781795030000000044e-03 -6.813581039999999645e-02 -1.985873429999999995e-03 -2.997578329999999944e-02 -3.358348889999999975e-02
1.086816029999999955e+02 5.439649579999999984e-02 9.434564109999999879e-03 -6.947874880000000364e-02 2.047338120000000150e-02 -5.490003710000000009e-02 -5.975697519999999957e-02
1.113952749999999980e+02 5.984982099999999750e-02 6.770586749999999918e-03 -6.441251689999999419e-02 1.877929730000000089e-02 -4.185908199999999885e-02 -6.891312519999999442e-02
1.141035719999999998e+02 6.739890669999999695e-02 -5.453871160000000121e-04 -6.076678650000000292e-02 4.075972360000000051e-03 -3.007736509999999960e-02 -6.653358939999999555e-02
1.168027440000000041e+02 6.160424479999999925e-02 -5.797638750000000396e-03 -5.262596719999999839e-02 1.391278699999999938e-02 -3.055040939999999899e-02 -3.891635360000000182e-02
1.194972439999999949e+02 6.022260329999999662e-02 -9.406714619999999305e-03 -5.449997310000000150e-02 -2.239702099999999960e-02 3.495234719999999740e-02 -4.228770619999999703e-02
1.221982440000000025e+02 6.096539110000000206e-02 -1.090257399999999995e-02 -5.038544579999999773e-02 1.262331509999999914e-03 -1.397254700000000009e-02 -1.611823019999999995e-02
1.248903059999999954e+02 7.109042240000000568e-02 -5.082525160000000292e-03 -4.170817689999999772e-02 -8.392367870000000396e-03 -7.192084860000000530e-04 2.957558689999999907e-02
1.275945719999999994e+02 8.102212420000000359e-02 3.701130219999999946e-03 -3.525580939999999747e-02 9.092779040000000326e-03 4.358778249999999826e-02 -2.290694269999999852e-02
1.302983380000000011e+02 7.506054959999999832e-02 -2.844363700000000165e-03 -3.213891609999999788e-02 -3.053150229999999909e-02 -2.398677680000000159e-02 -1.404159630000000047e-02
1.329993690000000015e+02 7.327651340000000679e-02 -1.928898839999999967e-03 -2.903415679999999874e-02 -2.628416899999999959e-02 -3.214542000000000094e-02 -5.989969230000000144e-02
1.356963379999999972e+02 7.153853649999999953e-02 -1.788320209999999869e-02 -9.927734440000000535e-03 -2.569031340000000121e-02 -1.763071650000000087e-02 -1.118594330000000081e-02
1.383931340000000034e+02 6.929472109999999796e-02 -2.069398199999999965e-02 -2.100988150000000082e-03 -2.013686560000000139e-02 -1.658017460000000068e-02 -4.660951339999999665e-02
1.410824159999999949e+02 7.350585040000000292e-02 -2.026944329999999864e-02 2.649494930000000081e-02 -1.041720590000000043e-02 2.991717190000000096e-02 2.385726729999999851e-02
1.437878839999999911e+02 7.422780980000000250e-02 -2.793168010000000173e-02 3.111672130000000050e-02 -3.524821379999999813e-03 -1.240213630000000077e-03 -1.671276669999999936e-02
1.464823529999999892e+02 6.846163480000000412e-02 -2.381997289999999989e-02 3.592523450000000007e-02 -2.669451169999999957e-02 8.628404629999999326e-03 5.985001909999999609e-04
1.491805720000000122e+02 6.931662880000000193e-02 -1.751287409999999906e-02 4.529605939999999803e-02 -7.394038979999999900e-03 -1.103459430000000054e-02 -1.736640139999999846e-02
1.518868689999999901e+02 6.744353690000000345e-02 -1.234315639999999936e-02 5.857062040000000219e-02 -5.411588030000000216e-02 -3.530502720000000191e-03 -8.929385160000000469e-05
1.545854630000000043e+02 6.396832380000000429e-02 -1.636980290000000088e-02 5.178718289999999919e-02 -3.720714709999999731e-02 3.984376010000000045e-04 1.126960190000000049e-02
1.572819629999999904e+02 6.548363690000000292e-02 -4.144775469999999705e-03 6.284658760000000344e-02 1.255816940000000078e-04 4.167373359999999860e-02 -9.979360229999999568e-03
1.599886030000000119e+02 5.123133679999999912e-02 -8.028889419999999180e-03 6.640578610000000270e-02 -4.167326159999999724e-02 -4.772614940000000257e-03 -3.679197359999999972e-02
1.626863529999999969e+02 5.266090150000000275e-02 -7.424583949999999898e-03 6.531910999999999967e-02 -4.639355860000000248e-02 1.920902110000000107e-02 -3.712402000000000063e-02
1.653793379999999900e+02 4.966156499999999779e-02 -6.414397219999999622e-03 7.415709389999999845e-02 -1.336039510000000020e-02 -1.336383320000000038e-03 -4.345301299999999867e-02
1.680879779999999926e+02 5.298913100000000181e-02 -3.876765570000000304e-05 7.173406949999999727e-02 -2.571346990000000082e-02 -3.250317860000000170e-02 -2.595558450000000003e-02
1.708016189999999881e+02 5.310117290000000018e-02 -1.817929299999999915e-03 6.871830419999999662e-02 -3.238172880000000226e-02 -5.459777919999999653e-03 1.521939010000000064e-02
1.735092439999999954e+02 5.117732430000000027e-02 -1.990290100000000062e-03 6.034034010000000059e-02 -4.297795039999999928e-03 2.230616829999999828e-02 1.807332340000000065e-02
1.762299629999999979e+02 5.129225939999999817e-02 -7.000073279999999634e-03 5.308823309999999990e-02 -1.583057339999999896e-02 2.549224229999999883e-02 -4.088127569999999711e-02
1.789376660000000072e+02 5.617827599999999921e-02 2.460033610000000089e-03 6.120662710000000090e-02 -4.549727459999999835e-02 -6.252613389999999490e-04 -6.107918829999999660e-02
1.816237130000000093e+02 5.144881650000000112e-02 -9.709646829999999502e-05 7.053131549999999694e-02 3.343506880000000209e-02 -2.975883470000000031e-02 2.768224539999999956e-02
1.843271190000000104e+02 5.501941860000000156e-02 9.697381349999999178e-03 6.613364620000000693e-02 -9.308192909999999688e-04 -1.545255560000000083e-02 4.693708559999999752e-02
1.870291029999999921e+02 4.724051359999999894e-02 1.340275370000000056e-02 6.709784400000000371e-02 -3.234027040000000269e-02 -5.723450399999999855e-03 4.915936640000000135e-02
1.897283529999999985e+02 5.249402350000000050e-02 1.407177570000000058e-02 7.119184289999999637e-02 -3.594794479999999931e-02 -1.392131689999999943e-02 -2.886890870000000109e-02
1.924166189999999972e+02 5.749562119999999943e-02 1.070471519999999926e-02 6.733700380000000318e-02 1.730691289999999882e-02 -1.552072399999999963e-02 -8.685397480000000767e-03
1.951162129999999877e+02 5.329052279999999669e-02 9.520490260000000204e-03 7.487173079999999425e-02 2.753594499999999917e-02 -2.545536740000000145e-02 -2.101667299999999960e-02
1.978126969999999858e+02 4.265119130000000203e-02 8.320741050000000439e-04 5.294434869999999765e-02 8.729270069999999632e-03 -4.827331349999999799e-02 -1.712562620000000063e-02
2.005252910000000099e+02 4.312514729999999963e-02 7.496088639999999755e-03 4.686104370000000047e-02 -1.628373379999999843e-02 -1.281827229999999915e-02 -2.058810380000000023e-02
2.032209310000000073e+02 6.151096260000000343e-02 4.581518619999999826e-03 4.873933040000000272e-02 -3.421476229999999980e-02 -6.742818289999999957e-03 1.736453779999999961e-02
2.059242910000000109e+02 6.546904820000000458e-02 1.499081719999999923e-03 5.282610979999999984e-02 -4.113528810000000036e-02 1.453045539999999955e-02 1.725283589999999923e-02
2.086224939999999890e+02 7.043612690000000676e-02 -5.550189770000000036e-03 5.844804070000000212e-02 -2.998468740000000132e-02 2.185613809999999851e-02 3.003975580000000159e-02
2.113225410000000011e+02 6.769291580000000308e-02 4.777727940000000423e-03 5.567433229999999705e-02 -4.013926550000000010e-02 2.095310560000000072e-02 3.184951839999999867e-02
2.140189780000000042e+02 7.213788529999999588e-02 4.869564570000000162e-03 5.895459360000000065e-02 -8.639346880000000825e-03 3.362368069999999848e-02 3.114700189999999869e-02
2.167274779999999907e+02 7.392214340000000106e-02 1.024791100000000017e-02 4.855752399999999774e-02 -3.970214910000000041e-02 2.472253849999999850e-02 3.400223089999999948e-02
2.194331029999999885e+02 6.912647069999999783e-02 1.303537449999999948e-03 6.153994809999999843e-02 1.844444199999999839e-02 -1.590657529999999972e-02 2.043170659999999847e-02
2.221323690000000113e+02 5.495654789999999956e-02 5.669579230000000060e-03 6.439087929999999516e-02 2.030311799999999847e-02 2.987961700000000068e-02 3.551061629999999886e-02
2.248416970000000106e+02 4.191160599999999709e-02 7.299713220000000197e-03 6.212413590000000208e-02 1.697286019999999854e-02 -1.573932899999999982e-02 1.160687680000000062e-02
2.275460249999999860e+02 4.239193420000000184e-02 -2.309873400000000184e-03 6.515438889999999872e-02 -1.242765200000000084e-02 -6.769167910000000246e-03 -3.061708540000000062e-02
2.302466190000000097e+02 4.621069629999999956e-02 2.272813570000000154e-03 6.185265229999999809e-02 -3.945679109999999934e-02 1.760825640000000109e-02 -3.437242320000000184e-02
2.329435100000000034e+02 4.525935650000000032e-02 8.941892890000000243e-04 6.386489019999999628e-02 -5.347605560000000258e-02 4.300276539999999675e-02 -1.864153090000000151e-02
2.356358999999999924e+02 4.409457690000000152e-02 -6.385972880000000129e-04 6.263811619999999636e-02 -5.093383449999999701e-02 1.251228520000000066e-02 -2.783177270000000009e-02
2.383284779999999898e+02 5.420350410000000091e-02 -6.041645899999999875e-03 5.981215220000000304e-02 -6.421415799999999341e-02 -1.581287530000000108e-02 -2.524077469999999861e-03
2.410284939999999949e+02 5.096090410000000265e-02 -3.853755369999999980e-04 6.411734689999999681e-02 -2.564901370000000069e-02 -2.964999739999999925e-02 -2.344236359999999839e-02
2.437204309999999907e+02 4.983861259999999849e-02 -1.387102810000000099e-03 5.479634159999999948e-02 -6.161025690000000027e-02 1.412449529999999960e-02 -4.671039720000000339e-02
2.464256970000000138e+02 5.194958069999999761e-02 -2.879361689999999831e-03 5.232550119999999916e-02 -2.856064310000000148e-02 -1.624453780000000014e-02 -7.896829199999999549e-02
2.491296189999999910e+02 6.209940209999999933e-02 4.293847580000000226e-03 5.221071480000000209e-02 -5.441416470000000338e-02 -1.443324739999999988e-02 -9.965171329999999994e-02
2.518295559999999966e+02 6.046124189999999704e-02 -2.604859449999999887e-04 5.646224250000000250e-02 -2.981288179999999968e-02 2.504526610000000139e-02 -4.826004930000000331e-02
2.545306030000000135e+02 5.541994699999999718e-02 6.848568250000000059e-03 5.999932589999999732e-02 -2.856867670000000012e-02 -5.625477470000000112e-03 7.429549149999999970e-03
2.572310560000000237e+02 5.203516729999999729e-02 3.723012309999999998e-03 5.779831829999999837e-02 -7.966963170000000705e-03 -6.406021900000000331e-03 5.048405009999999693e-02
2.599353689999999801e+02 5.887360130000000163e-02 1.098328649999999983e-02 6.052613750000000042e-02 -1.191425580000000060e-02 4.546965780000000387e-03 5.144980080000000067e-02
2.626457280000000196e+02 5.648218940000000049e-02 1.050192100000000087e-02 6.008469899999999836e-02 7.163853030000000288e-03 6.471593339999999819e-03 4.289151010000000208e-02
2.653392279999999914e+02 5.993819489999999833e-02 8.140084069999999408e-03 5.625307269999999665e-02 -4.157049019999999734e-02 -4.396863179999999788e-02 7.040070110000000436e-02
2.680344920000000002e+02 6.557972269999999548e-02 4.568831740000000273e-03 4.992037240000000292e-02 -8.965201759999999465e-03 -3.031633380000000114e-02 1.765134999999999968e-02
