# a=0.05861479579539777, b=-146.50744566596353, c=-0.0006460487589765759, xi=7.398785002171745
7.039876379999999712e-01 7.199179579999999412e-02 1.345272769999999963e-03 4.999621960000000254e-02 -2.117512130000000128e-03 2.757805119999999846e-02 2.351673879999999911e-02
3.392254009999999820e+00 7.154972129999999375e-02 4.076875580000000054e-03 5.117738050000000122e-02 -2.341720369999999996e-02 1.985623570000000053e-03 6.179185820000000079e-02
6.097880570000000056e+00 6.956642520000000385e-02 6.690838509999999864e-03 6.188155120000000259e-02 -7.541482619999999651e-03 -1.182697459999999985e-02 1.840485509999999908e-02
8.790779009999999616e+00 6.866803959999999429e-02 7.300633130000000297e-03 5.910296339999999982e-02 -2.328461579999999836e-02 -7.086899160000000031e-04 2.737746279999999852e-02
1.148734040000000078e+01 6.655352350000000305e-02 9.111242869999999642e-05 6.184199619999999897e-02 -1.944434930000000020e-02 3.952837960000000345e-03 1.376457510000000072e-02
1.418933260000000018e+01 5.812831630000000332e-02 -4.796412659999999863e-03 5.755080309999999894e-02 4.169144539999999747e-04 -1.725248550000000117e-02 -1.373273679999999913e-02
1.687310289999999924e+01 5.883116580000000151e-02 -9.143300590000000283e-03 6.250972899999999999e-02 -4.201990010000000025e-02 1.026336020000000009e-02 4.454179330000000020e-02
1.957134509999999850e+01 6.181987619999999850e-02 -9.283209610000000764e-03 5.380900000000000266e-02 1.420596219999999978e-04 1.915641900000000092e-02 6.148898190000000319e-02
2.227979979999999927e+01 6.705905510000000069e-02 -7.695555259999999585e-03 4.681939560000000083e-02 -6.372883040000000034e-03 9.973612019999999675e-03 4.538561960000000312e-02
2.498457949999999883e+01 7.395141369999999603e-02 -1.422456509999999938e-02 3.622810519999999923e-02 6.008725230000000299e-03 3.536514389999999980e-02 5.656072499999999920e-02
2.767393889999999956e+01 8.039471539999999694e-02 -6.647652950000000095e-04 1.547396210000000043e-02 -1.583746210000000140e-02 -2.433302919999999828e-02 4.302334270000000155e-02
3.036853569999999891e+01 7.147462390000000609e-02 4.960749199999999609e-03 -1.710257869999999916e-02 -9.788735530000000282e-03 -2.475301439999999867e-02 2.007568779999999858e-02
3.307025600000000054e+01 6.644105100000000097e-02 -7.252414849999999635e-04 -2.583174179999999862e-02 9.115533530000000800e-03 -6.269233019999999844e-03 -1.177974510000000079e-02
3.576871229999999713e+01 7.333682869999999521e-02 4.441842480000000350e-03 -3.820792220000000100e-02 6.266813650000000423e-03 3.296559909999999954e-02 -4.471795419999999993e-02
3.846816230000000303e+01 6.997485970000000277e-02 7.278498980000000203e-04 -4.943221589999999971e-02 5.098288910000000132e-03 1.704940200000000169e-02 -3.021448560000000033e-02
4.117307480000000197e+01 6.586806139999999699e-02 4.657491609999999879e-03 -5.453847679999999920e-02 3.052026799999999970e-02 -1.613490530000000027e-03 -4.262854199999999844e-02
4.386836850000000254e+01 5.946644529999999679e-02 -3.644138009999999851e-03 -6.181451599999999991e-02 1.784228109999999937e-02 -5.900859749999999657e-04 -3.763754879999999664e-02
4.656747320000000201e+01 5.544358640000000144e-02 4.989960029999999762e-03 -6.904362510000000563e-02 -3.461527470000000124e-03 -2.447596120000000014e-02 -1.746719940000000110e-02
4.926714510000000047e+01 5.381596550000000007e-02 2.897781959999999948e-03 -7.525833179999999456e-02 9.296283499999999540e-04 4.326569639999999772e-03 -1.528234470000000046e-02
5.196200129999999717e+01 6.076217849999999976e-02 2.146547290000000094e-03 -7.004967569999999422e-02 2.430461680000000138e-02 8.362383430000000159e-03 -1.897106109999999960e-03
5.466543570000000329e+01 6.458336520000000636e-02 2.229728660000000013e-04 -7.060241740000000599e-02 -2.568572649999999874e-02 4.242627409999999780e-03 -2.467988700000000105e-02
5.737895759999999967e+01 5.699793849999999773e-02 -7.269880139999999706e-03 -5.286885959999999829e-02 -1.706986040000000107e-02 -4.041966820000000155e-02 -3.278837879999999677e-02
6.007156539999999723e+01 5.928822389999999914e-02 -1.452333629999999964e-03 -5.886832859999999862e-02 -1.997644590000000053e-02 -5.149879250000000130e-02 -4.038805349999999988e-02
6.276307010000000020e+01 6.379741969999999651e-02 -3.315874360000000201e-03 -5.919920239999999778e-02 -1.113568810000000082e-02 1.295031720000000032e-02 -4.989144639999999742e-02
6.545260919999999771e+01 7.034658289999999592e-02 -1.176314739999999998e-02 -6.523281020000000485e-02 -2.601617019999999999e-03 -4.424898399999999815e-02 -4.962776170000000181e-02
6.814392789999999422e+01 6.187232659999999940e-02 -1.279216730000000066e-02 -6.066128769999999670e-02 3.979657190000000268e-03 3.944059059999999867e-02 3.031186430000000140e-02
7.085216699999999435e+01 5.753508649999999891e-02 -5.306423180000000364e-03 -6.172279879999999913e-02 1.910694409999999857e-02 2.134748670000000126e-02 -4.085226790000000274e-02
7.355862790000000473e+01 6.713633269999999542e-02 -3.139122069999999987e-03 -5.635479329999999731e-02 2.574993150000000081e-03 -1.205316960000000007e-02 -7.307545249999999881e-02
7.625436849999999822e+01 7.212832730000000303e-02 -1.133678850000000016e-02 -5.672833730000000074e-02 9.240648549999999932e-04 1.107598939999999976e-02 -8.091769919999999838e-02
7.895285140000000013e+01 7.243130020000000668e-02 -1.232237320000000025e-02 -5.525357139999999972e-02 2.849456560000000055e-02 6.785827329999999380e-02 -8.639146089999999445e-02
8.164364349999999604e+01 6.341293069999999477e-02 -8.966796600000000173e-03 -5.735351460000000234e-02 6.001425930000000089e-03 -6.845403219999999893e-03 2.545490190000000187e-03
8.435381069999999681e+01 5.666771520000000312e-02 -1.228062580000000101e-03 -6.526799369999999878e-02 8.779654660000000416e-03 -2.263114789999999890e-02 -3.307654420000000206e-02
8.704805140000000563e+01 6.067227599999999721e-02 -4.405287509999999615e-03 -5.753224159999999893e-02 1.572586259999999994e-03 -9.481507820000000539e-04 -8.087937259999999516e-04
8.975797009999999432e+01 5.740436339999999832e-02 -7.804719780000000245e-03 -5.430298950000000263e-02 1.477157549999999963e-03 2.214994110000000072e-03 -4.616565369999999814e-03
9.245995920000000012e+01 5.782938449999999730e-02 -9.352477030000000413e-03 -5.173425009999999685e-02 -3.200731710000000174e-02 3.896745509999999940e-02 -3.484783300000000167e-02
9.516042009999999607e+01 5.663061850000000036e-02 -6.513789189999999972e-04 -4.809685539999999926e-02 -7.556059589999999763e-04 -1.431759470000000013e-02 -5.329476109999999739e-02
9.786346229999999480e+01 5.265844709999999845e-02 1.929004090000000079e-03 -5.140092090000000086e-02 -5.389547369999999997e-03 2.674448269999999891e-02 -4.965700630000000060e-02
1.005707089999999937e+02 5.867384660000000279e-02 1.317608410000000070e-02 -4.819353800000000104e-02 -1.288038149999999951e-02 4.914856449999999849e-02 -9.531154340000000391e-02
1.032756310000000042e+02 6.107598350000000009e-02 6.820848780000000368e-03 -6.484573070000000661e-02 -1.098783249999999920e-02 1.053509700000000021e-02 -7.496385519999999858e-02
1.059566939999999988e+02 6.488051710000000694e-02 2.578882870000000216e-03 -6.264424809999999400e-02 -2.161416559999999876e-02 1.077319329999999915e-02 -5.978707810000000178e-02
1.086706470000000024e+02 6.072506870000000251e-02 -4.786250490000000133e-04 -7.173939749999999616e-02 -2.769273170000000062e-02 -7.029118140000000306e-03 -1.183070050000000067e-01
1.113632719999999949e+02 5.764990080000000072e-02 -1.131503880000000019e-03 -7.279083249999999949e-02 -3.279017089999999857e-02 2.433927489999999916e-02 -8.769994130000000054e-02
1.140696470000000033e+02 6.078747710000000082e-02 -6.722654710000000415e-03 -6.688619319999999924e-02 3.880904220000000004e-04 -1.437294859999999931e-02 -8.290367699999999507e-02
1.167688650000000052e+02 6.571658710000000125e-02 -9.761202789999999518e-03 -6.034328500000000345e-02 -1.170516020000000011e-02 -3.237930079999999655e-02 -7.130130090000000309e-02
1.194734440000000006e+02 5.814915560000000205e-02 -5.457996130000000029e-03 -6.134673399999999999e-02 -8.286501380000000153e-03 -2.701291680000000167e-02 -1.140674589999999926e-02
1.221815220000000011e+02 5.283243309999999943e-02 -2.881882540000000117e-03 -6.236586570000000190e-02 2.514059019999999832e-03 -6.037063819999999607e-04 -6.207936649999999668e-02
1.248759589999999946e+02 5.752603290000000286e-02 2.556906380000000065e-03 -5.028653400000000079e-02 -1.533641640000000042e-02 -2.164389300000000172e-03 -2.289994139999999845e-02
1.275749119999999976e+02 6.068612899999999838e-02 -1.656337070000000068e-03 -5.484608619999999796e-02 -1.670243869999999894e-02 1.291699210000000000e-02 -7.500045889999999715e-02
1.302754590000000121e+02 6.989304470000000380e-02 2.137001840000000031e-03 -4.769373779999999674e-02 -8.614635529999999444e-03 7.465992230000000236e-03 -2.221681669999999928e-02
1.329692560000000014e+02 6.621615440000000463e-02 -3.020747439999999819e-03 -6.154100170000000036e-02 -2.325071519999999826e-03 8.584537030000000471e-03 -4.186607359999999778e-02
1.356777559999999880e+02 6.615508820000000345e-02 7.104861389999999818e-03 -6.038436169999999992e-02 3.884700379999999828e-03 3.995128249999999742e-02 -5.001742869999999813e-02
1.383769279999999924e+02 6.564612609999999349e-02 -2.641588560000000200e-03 -5.875363790000000253e-02 -4.083318459999999740e-03 1.450984230000000076e-02 -5.302429100000000117e-02
1.410801779999999894e+02 6.103984789999999938e-02 5.855806320000000098e-04 -4.147834300000000085e-02 -2.215164279999999944e-02 -7.570017210000000094e-03 6.364748360000000230e-03
1.437811000000000092e+02 6.351855359999999950e-02 3.674130659999999809e-04 -1.673934759999999924e-02 -2.351018969999999972e-02 -2.062290389999999959e-02 -3.109520670000000091e-03
1.464928969999999993e+02 6.843004410000000370e-02 2.809921359999999809e-03 9.227867690000000553e-03 8.475890669999999738e-03 -7.589796579999999633e-03 -3.120908970000000129e-02
1.491958970000000022e+02 7.284351890000000107e-02 1.266036400000000034e-02 2.098287750000000021e-02 -2.473908350000000173e-02 -2.540031259999999888e-02 -3.281723570000000170e-03
1.518997870000000034e+02 7.768289039999999590e-02 1.975347090000000028e-02 3.064199440000000066e-02 -1.988611349999999840e-03 -2.480921960000000148e-02 -3.363737359999999926e-02
1.546031309999999905e+02 6.926878579999999619e-02 7.950513899999999204e-03 3.461783969999999988e-02 -2.712049890000000144e-02 -1.988192960000000065e-02 1.351440689999999951e-02
1.573016149999999982e+02 6.842913520000000471e-02 2.225048219999999858e-03 5.328201250000000333e-02 -3.447790910000000236e-02 4.070411920000000135e-04 1.623924759999999939e-02
1.599962400000000002e+02 5.618437889999999824e-02 2.245207910000000199e-03 5.234456850000000078e-02 -4.054514940000000095e-02 -4.847390330000000275e-02 6.336061490000000247e-03
1.626992089999999962e+02 5.772432200000000152e-02 6.870452800000000255e-03 5.556941399999999753e-02 -7.390408919999999493e-02 -9.780864170000000413e-03 5.348889849999999974e-03
1.653933340000000101e+02 6.793002709999999833e-02 -6.994106460000000481e-05 6.370790989999999820e-02 -1.567509209999999945e-02 -8.956094090000000021e-03 -9.117237170000000446e-03
1.680924589999999910e+02 6.417554820000000160e-02 -4.181343649999999697e-03 5.644780130000000284e-02 -2.428970230000000036e-02 3.235295619999999789e-02 -2.937169170000000079e-02
1.707832559999999944e+02 6.744794699999999421e-02 -8.286359020000000006e-03 5.820672100000000293e-02 1.813651650000000157e-02 4.608632710000000292e-03 4.023783589999999771e-03
1.734796149999999955e+02 6.276929039999999682e-02 -6.056262419999999813e-03 6.403684219999999927e-02 1.929010910000000106e-02 -3.736401970000000072e-02 2.776455530000000206e-03
1.761962399999999889e+02 6.162419090000000044e-02 -8.925499919999999726e-03 6.250301490000000071e-02 -3.979807269999999925e-02 -2.596305189999999902e-02 1.983358249999999864e-02
1.788884280000000047e+02 6.210235979999999961e-02 -1.252902189999999943e-02 5.639797960000000193e-02 -1.195651390000000008e-02 -1.533322529999999947e-02 3.015132010000000015e-02
1.815971309999999903e+02 5.786410980000000065e-02 -1.706242789999999968e-02 5.704362689999999819e-02 -4.820530029999999660e-02 2.474833699999999873e-02 -2.706473870000000032e-02
1.842884280000000103e+02 5.464011399999999657e-02 -9.854993200000000328e-03 5.804046179999999833e-02 -5.890853850000000308e-02 1.145385550000000037e-02 3.118042589999999933e-02
1.869881469999999979e+02 5.587971530000000048e-02 -3.392653880000000201e-03 6.086531249999999754e-02 -7.621556429999999834e-03 -3.141004969999999785e-02 -1.910394589999999879e-02
1.896919750000000136e+02 5.028786679999999731e-02 -1.034389699999999947e-03 5.602706820000000199e-02 -2.998909409999999786e-03 2.839342909999999914e-02 -7.678131459999999742e-02
1.923789590000000089e+02 4.924059630000000159e-02 1.350326580000000068e-02 6.225297719999999674e-02 3.101196269999999863e-03 2.252290399999999973e-04 -1.908359160000000108e-03
1.950843969999999956e+02 4.955733699999999992e-02 1.014798549999999973e-02 5.688112380000000246e-02 -2.092619509999999947e-02 1.964633099999999952e-02 2.902157250000000129e-03
1.977839439999999911e+02 5.368234179999999828e-02 1.690949409999999847e-02 6.749344660000000662e-02 -1.889522869999999896e-02 -1.969095510000000090e-02 1.588101390000000099e-02
2.004910219999999867e+02 5.269468139999999856e-02 8.685922380000000650e-03 6.051052860000000200e-02 -1.849177070000000006e-02 -5.290962750000000221e-03 1.256626570000000075e-02
2.031960840000000132e+02 5.473621830000000021e-02 5.572822560000000210e-03 7.169430649999999905e-02 -1.858189949999999868e-02 -7.442122120000000188e-03 -8.017903530000000320e-03
2.058946779999999990e+02 4.913869380000000092e-02 -4.317286239999999949e-03 7.078111169999999619e-02 -5.562827499999999786e-02 3.098099689999999837e-02 -1.138218159999999923e-02
2.086008030000000133e+02 5.065305679999999866e-02 -6.057391409999999740e-03 7.163265069999999457e-02 -3.175626510000000013e-02 2.428607359999999937e-02 -3.527552899999999991e-02
2.112881150000000048e+02 5.572347720000000310e-02 -7.753549040000000045e-03 6.473594759999999615e-02 1.017934730000000058e-02 3.253474900000000170e-02 5.397808569999999750e-02
2.139914280000000133e+02 5.348308229999999830e-02 -3.833320400000000006e-03 6.661438399999999871e-02 3.158646870000000190e-02 3.275693310000000330e-02 4.666945289999999830e-02
2.166920529999999872e+02 5.420816099999999776e-02 -2.050089470000000021e-03 7.403688270000000071e-02 8.646004840000000649e-03 1.259472090000000009e-02 4.399511080000000074e-02
2.193867089999999962e+02 6.008258059999999762e-02 1.826159460000000056e-03 6.925317790000000417e-02 2.585497930000000069e-02 1.782974270000000153e-02 3.763415219999999978e-02
2.220975999999999999e+02 6.573991240000000291e-02 -1.586190379999999909e-03 6.928463990000000017e-02 -4.084490209999999677e-02 6.084716309999999712e-02 2.804048259999999959e-02
2.247883339999999919e+02 6.196118839999999878e-02 -8.152271520000000087e-04 6.211767740000000149e-02 -4.140604170000000001e-02 -2.033915879999999982e-02 3.919591399999999837e-02
2.274887090000000001e+02 5.411219500000000182e-02 -5.205884580000000317e-03 5.580656550000000216e-02 -4.214167969999999680e-02 2.676005949999999897e-02 1.537144399999999973e-02
2.301935220000000015e+02 6.042731769999999669e-02 1.004429949999999933e-02 6.150185250000000242e-02 1.210689650000000041e-02 -1.471481080000000032e-02 4.301063129999999762e-02
2.329000530000000140e+02 6.224644470000000041e-02 4.698042589999999741e-03 6.463307560000000618e-02 2.136660320000000057e-02 -2.695177899999999863e-03 -2.538116539999999907e-02
2.356099120000000084e+02 5.470416139999999955e-02 8.513490519999999950e-03 6.710359600000000146e-02 2.012618019999999966e-02 -4.415090460000000100e-04 -5.085413789999999878e-02
2.383074750000000108e+02 5.918017240000000151e-02 1.256347080000000047e-02 6.409766259999999383e-02 7.423116010000000396e-03 1.775681360000000084e-02 -3.117231209999999850e-02
2.410196469999999920e+02 5.459642099999999915e-02 1.011332849999999929e-02 5.801337980000000061e-02 3.678262389999999854e-02 1.092175779999999922e-02 -8.863824799999999587e-03
2.437214749999999981e+02 5.670284200000000330e-02 1.114850920000000009e-02 6.038656259999999887e-02 7.705005620000000138e-03 4.440386250000000201e-02 2.255389210000000033e-02
2.464346620000000030e+02 5.221813659999999940e-02 4.146026330000000121e-03 6.724384460000000507e-02 -8.793970170000000100e-03 -1.213511649999999935e-02 4.020581620000000106e-02
2.491406310000000133e+02 6.122239250000000022e-02 -1.717311509999999925e-03 6.853654859999999682e-02 4.365951059999999967e-02 1.834482730000000159e-02 2.715319700000000044e-02
2.518333189999999888e+02 5.955078870000000274e-02 -1.528953030000000093e-03 6.585710910000000529e-02 2.253964899999999841e-02 3.056724050000000047e-03 4.803903749999999945e-02
2.545483810000000062e+02 5.174110750000000120e-02 2.945947100000000009e-03 5.827075319999999725e-02 4.622911469999999717e-02 2.387248299999999990e-02 -5.184147309999999689e-03
2.572345839999999839e+02 6.608408179999999965e-02 -1.134056660000000005e-03 4.779739279999999785e-02 2.203143930000000042e-02 4.936528419999999806e-02 2.413341650000000102e-02
2.599278189999999995e+02 6.827988259999999421e-02 1.680312929999999965e-03 5.798648619999999948e-02 5.441329059999999718e-02 -8.724613370000000243e-03 6.145190040000000214e-02
2.626310060000000135e+02 6.441334079999999629e-02 2.842550220000000100e-03 5.639031270000000040e-02 1.116525600000000014e-02 -3.295803969999999694e-02 5.266649030000000037e-02
2.653341619999999921e+02 6.929805910000000346e-02 -3.340448890000000115e-03 5.097382820000000148e-02 -1.279801210000000057e-02 -2.447620400000000140e-02 3.503310739999999923e-02
2.680230750000000057e+02 7.576591909999999541e-02 -5.968266280000000465e-04 4.971939489999999823e-02 -1.511480800000000041e-02 -3.051027829999999885e-02 5.650145940000000228e-02
