# a=0.05431224739453539, b=-141.59071227713713, c=0.00257578906110293, xi=6.7438780157639595
7.110487020000000324e-01 4.735744909999999724e-02 -2.107747910000000099e-02 6.238727200000000056e-02 3.046129309999999913e-03 4.024340120000000076e-02 1.426596880000000067e-02
3.414410929999999844e+00 6.200413379999999974e-02 -9.047672979999999213e-03 5.460594409999999788e-02 1.179491059999999937e-03 -9.370161380000000331e-03 -6.503446430000000417e-03
6.102228280000000282e+00 6.756246609999999597e-02 -7.179662869999999843e-03 4.819493309999999670e-02 -2.919531759999999948e-02 6.169597229999999669e-06 2.953210939999999923e-02
8.802341719999999370e+00 7.520354710000000387e-02 -3.955066010000000097e-03 4.436927780000000238e-02 9.198092010000000120e-04 6.233692429999999896e-03 4.290685539999999909e-02
1.149368609999999968e+01 7.331047620000000209e-02 -7.386184930000000252e-03 3.535019350000000171e-02 2.031875350000000163e-02 2.890396979999999838e-02 1.929432639999999893e-02
1.419197510000000051e+01 7.307565600000000272e-02 -3.791454029999999972e-03 3.220252690000000029e-02 -7.218534769999999934e-03 -2.140062259999999869e-02 2.373528930000000023e-02
1.688684230000000142e+01 7.879593560000000552e-02 -6.005276779999999849e-03 2.881277429999999987e-02 1.215989339999999988e-02 -4.607730830000000138e-02 5.948949929999999831e-02
1.957793300000000158e+01 7.385492920000000239e-02 4.665420459999999880e-03 2.220877679999999979e-02 6.750677210000000095e-03 1.960494670000000050e-02 4.055220500000000089e-02
2.228730480000000114e+01 7.186374539999999811e-02 -2.374483839999999828e-03 9.910815539999999479e-03 1.893284840000000052e-02 -2.604775169999999987e-02 3.234461579999999697e-02
2.498825169999999929e+01 7.677305289999999949e-02 5.756219939999999632e-03 -9.013062250000000372e-03 -1.732027059999999979e-02 1.557501390000000027e-02 -2.899854970000000087e-02
2.768803450000000055e+01 6.825703519999999636e-02 7.063421450000000219e-03 -3.855165690000000173e-02 -3.320955509999999914e-04 8.807314380000000331e-03 -2.640750879999999995e-02
3.038002669999999839e+01 7.278622810000000276e-02 5.240015850000000067e-04 -5.446804520000000233e-02 1.907436230000000149e-02 1.633517270000000091e-02 -4.493105049999999989e-02
3.307659550000000337e+01 7.319472589999999335e-02 3.025414140000000016e-03 -6.015907060000000306e-02 -1.512742320000000015e-02 2.351105980000000109e-02 -5.254479139999999882e-02
3.576714859999999874e+01 7.101738289999999509e-02 3.663687410000000203e-03 -5.541641869999999748e-02 -3.459241269999999840e-03 2.034509249999999839e-02 -1.090140090000000020e-02
3.845181269999999785e+01 5.590559240000000235e-02 1.513032679999999977e-02 -5.904225069999999992e-02 1.594163339999999946e-03 -9.562860110000000495e-04 -9.774929599999999247e-03
4.114805950000000223e+01 5.852381589999999800e-02 7.363560019999999817e-03 -5.392577059999999894e-02 -8.676953370000000526e-03 -3.654987500000000250e-02 2.484206950000000108e-02
4.384840640000000178e+01 6.194376690000000241e-02 1.281297829999999971e-03 -5.436487029999999970e-02 -2.990275629999999962e-02 1.243084470000000059e-02 -5.653373810000000138e-02
4.655361580000000288e+01 6.528828450000000172e-02 -1.028886120000000078e-02 -4.731445320000000204e-02 -9.160006320000000507e-03 -1.495540910000000071e-02 -3.203361689999999901e-03
4.924823450000000236e+01 6.477805759999999413e-02 -5.267393759999999987e-03 -6.471768379999999488e-02 -2.129691140000000010e-02 2.704421259999999910e-02 -5.163962970000000180e-02
5.195263140000000135e+01 5.732469459999999656e-02 -6.468803219999999738e-04 -5.778181129999999943e-02 -3.246333399999999821e-03 -2.186036770000000101e-02 3.458027980000000223e-02
5.465508140000000026e+01 4.929382560000000052e-02 -5.074187299999999637e-03 -5.261566019999999733e-02 1.531363279999999917e-02 -9.930030899999999286e-03 -1.091428439999999993e-02
5.736545019999999795e+01 5.531789010000000284e-02 3.947577790000000170e-03 -5.777854699999999954e-02 2.117332770000000114e-02 -6.148735510000000138e-04 1.649209050000000065e-02
6.006315330000000330e+01 5.183801660000000172e-02 6.850678849999999875e-03 -6.025223670000000309e-02 -1.302972579999999922e-02 -2.231643720000000067e-02 1.082640950000000012e-02
6.275882980000000089e+01 6.101227050000000013e-02 -1.210394640000000098e-03 -5.712036260000000198e-02 -2.409278810000000173e-03 -1.992093259999999991e-02 2.145988960000000043e-02
6.546795480000000111e+01 5.826247860000000056e-02 1.909893470000000038e-03 -5.493617309999999920e-02 1.062057800000000031e-02 -4.313223680000000115e-02 4.726580150000000285e-02
6.816011579999999981e+01 6.352198189999999633e-02 -9.904828270000000726e-03 -6.540411810000000548e-02 -4.263286090000000320e-03 2.647887499999999894e-02 3.250096289999999943e-02
7.087591109999999617e+01 6.304285969999999517e-02 -1.065600119999999922e-02 -6.372157309999999797e-02 1.670055440000000127e-02 -4.262587100000000268e-02 -1.176362639999999939e-02
7.356645020000000557e+01 5.602927159999999962e-02 -1.384480429999999929e-02 -5.889014570000000032e-02 7.449922440000000291e-03 4.255294040000000277e-02 8.126153549999999212e-03
7.627334079999999972e+01 5.467574790000000184e-02 -1.290251920000000038e-02 -5.513501330000000061e-02 6.974652680000000340e-03 1.035404910000000019e-03 -1.230611790000000040e-03
7.897330479999999397e+01 5.892813179999999845e-02 -9.867642689999999231e-03 -5.433800329999999984e-02 -5.063768169999999930e-03 -1.491819340000000074e-03 2.226190709999999878e-02
8.167680950000000450e+01 6.797002480000000069e-02 -1.035174569999999968e-02 -5.481817709999999705e-02 1.637728930000000027e-02 2.015605430000000017e-02 1.273190180000000060e-02
8.439145170000000462e+01 7.299949740000000187e-02 -3.006668939999999814e-03 -4.760598440000000237e-02 2.291939559999999973e-02 -1.736091420000000080e-02 -2.731538580000000133e-02
8.709193140000000710e+01 6.673855099999999319e-02 2.322871450000000106e-04 -4.731253760000000280e-02 3.659042850000000097e-02 1.129568179999999996e-03 -2.175675300000000020e-02
8.979747829999999453e+01 6.599730419999999542e-02 1.283116720000000103e-03 -4.715252539999999909e-02 1.998133839999999967e-02 1.427829169999999918e-02 4.909091279999999724e-02
9.250035169999999596e+01 5.922717100000000207e-02 8.556200419999999973e-03 -4.703966839999999816e-02 1.520480370000000005e-02 2.320312980000000143e-03 3.577471039999999963e-02
9.519332670000000007e+01 5.593885640000000048e-02 1.088583020000000005e-02 -3.747535600000000133e-02 -3.132878120000000266e-02 -6.083419900000000373e-03 7.888780410000000021e-02
9.789805010000000607e+01 6.155701329999999777e-02 1.387249660000000086e-02 -3.925218639999999981e-02 -2.665948140000000063e-02 -4.583580060000000053e-03 -2.020432239999999866e-02
1.005820300000000032e+02 7.373004569999999647e-02 6.538674119999999916e-03 -4.409269689999999881e-02 -8.441114989999999943e-03 -2.694627819999999979e-02 -1.598899750000000106e-02
1.032761390000000006e+02 6.866635040000000634e-02 5.615744009999999731e-03 -4.554867569999999921e-02 -3.225666729999999982e-03 4.827429610000000260e-02 -1.462963599999999968e-02
1.059597640000000069e+02 6.436478909999999998e-02 8.178711010000000795e-03 -4.887312760000000339e-02 -2.494928240000000158e-02 2.806973009999999893e-02 1.813261879999999993e-03
1.086566859999999934e+02 6.674299209999999538e-02 1.206738900000000041e-03 -4.109711030000000320e-02 1.012472909999999988e-03 2.809212020000000087e-02 -7.918265889999999765e-03
1.113588110000000029e+02 6.962613789999999581e-02 -6.125741419999999708e-03 -4.286908510000000255e-02 1.404557120000000069e-02 -1.255849969999999968e-02 1.095622649999999920e-02
1.140588889999999935e+02 6.484239669999999900e-02 -8.950472699999999920e-03 -4.480611729999999654e-02 9.853109659999999617e-03 -3.968602840000000007e-03 -2.175972149999999897e-02
1.167693579999999969e+02 5.519587100000000052e-02 -1.391583040000000070e-02 -5.655944300000000091e-02 1.309022420000000020e-02 3.595569519999999852e-02 -2.221830860000000192e-03
1.194580770000000030e+02 5.482595309999999805e-02 -1.416969359999999990e-02 -6.638369539999999791e-02 8.275797620000000659e-03 5.855717939999999797e-04 -1.273056499999999924e-02
1.221707020000000057e+02 5.910018310000000191e-02 -4.071613649999999973e-03 -6.384899319999999545e-02 2.899703600000000034e-02 -4.910275420000000113e-02 -3.048492049999999842e-02
1.248762329999999992e+02 5.967015900000000039e-02 -2.373983259999999911e-03 -6.136304199999999959e-02 9.146743770000000107e-03 -2.932751880000000061e-02 -3.379501110000000114e-02
1.275790300000000030e+02 6.095153250000000245e-02 3.203023919999999948e-03 -5.774013110000000143e-02 8.794751559999999455e-03 -1.377817760000000016e-02 -5.682095780000000207e-02
1.302683110000000113e+02 5.811208930000000272e-02 2.927150590000000135e-03 -5.269477530000000326e-02 -7.019455440000000376e-04 3.332553659999999696e-02 -4.935069169999999755e-02
1.329676080000000127e+02 6.334398750000000411e-02 -8.674393359999999723e-04 -3.898260330000000162e-02 -1.078934309999999945e-02 4.571718419999999845e-03 2.572854720000000012e-03
1.356688420000000121e+02 6.392238309999999368e-02 -4.178893090000000005e-03 -3.048400910000000075e-02 -1.160978399999999973e-02 1.868187840000000086e-02 -2.774989170000000116e-02
1.383766390000000115e+02 6.552688689999999760e-02 -1.221496979999999941e-02 -2.005423029999999981e-02 2.970362730000000034e-02 2.636538880000000029e-02 2.564473579999999864e-02
1.410838889999999992e+02 8.128734469999999990e-02 -5.146554119999999753e-03 -1.784824260000000004e-03 -6.939840149999999689e-04 2.001008920000000094e-03 1.310464239999999982e-02
1.437839050000000043e+02 7.222794030000000143e-02 -5.682148700000000385e-03 1.650715150000000089e-02 2.803340320000000108e-02 1.656990250000000067e-02 1.697175230000000021e-02
1.464855450000000019e+02 6.123894159999999920e-02 5.421311209999999867e-03 3.212039299999999709e-02 -3.427466719999999745e-02 1.918226610000000124e-02 2.136310360000000068e-03
1.491934990000000028e+02 6.360721069999999977e-02 4.748723120000000221e-03 4.744816799999999890e-02 -2.709388949999999921e-02 1.905054379999999992e-02 1.667502629999999958e-02
1.519004830000000084e+02 5.475282630000000150e-02 5.341514270000000120e-03 5.431754760000000182e-02 -2.646910229999999836e-02 1.865493130000000013e-02 -8.359653380000000092e-03
1.546056079999999895e+02 4.572281670000000187e-02 4.670857989999999994e-03 6.530479520000000149e-02 1.087594059999999994e-02 -8.327762710000000471e-03 3.549377420000000144e-02
1.573164669999999887e+02 4.645454000000000250e-02 7.394626960000000131e-03 6.848454110000000428e-02 2.599826010000000007e-02 -3.469022129999999732e-02 -7.915876989999999155e-03
1.600134360000000129e+02 5.751295780000000024e-02 2.574878550000000033e-03 6.536576180000000513e-02 -1.165967599999999946e-03 -3.539555140000000266e-02 3.605057119999999921e-02
1.627174359999999922e+02 5.916487100000000082e-02 6.013871009999999587e-03 5.376139950000000112e-02 -6.118484490000000026e-02 3.450709130000000069e-02 4.554053970000000034e-02
1.654061240000000055e+02 6.144421850000000157e-02 1.884682319999999960e-03 5.538631200000000004e-02 -1.050807139999999917e-02 -5.336623520000000065e-03 5.706063580000000218e-02
1.681015610000000038e+02 6.674272940000000598e-02 9.651919119999999644e-03 5.220050379999999907e-02 2.225608189999999861e-02 -1.731779870000000124e-02 6.318250200000000150e-02
1.708091389999999876e+02 7.892765949999999697e-02 1.005071259999999918e-02 4.405705490000000335e-02 2.393474329999999844e-02 -1.447616120000000048e-02 2.249536989999999931e-02
1.735045609999999954e+02 7.343212200000000245e-02 2.753778860000000162e-03 4.570035759999999808e-02 4.799832860000000090e-02 -4.494459449999999717e-02 2.580085329999999913e-02
1.762123109999999997e+02 6.961808369999999968e-02 -1.647202910000000005e-03 4.289535900000000096e-02 -5.527534039999999760e-02 -3.780539050000000095e-03 2.667971460000000128e-02
1.789056699999999864e+02 7.408781909999999360e-02 -2.351107299999999952e-03 5.043612580000000206e-02 -3.619863479999999717e-02 -1.405492229999999974e-02 4.711978129999999654e-02
1.816041390000000035e+02 6.291343369999999324e-02 -7.863306969999999188e-03 5.591426490000000332e-02 -5.474261789999999850e-02 -1.609441990000000031e-02 3.373819079999999804e-02
1.843036240000000134e+02 6.198294020000000293e-02 -6.411032060000000079e-04 5.734761149999999946e-02 -3.930509640000000304e-02 -3.738549599999999723e-02 1.695429680000000092e-02
1.870027019999999993e+02 6.293405539999999410e-02 -2.396814220000000138e-03 6.051163849999999927e-02 -3.549296960000000029e-02 -7.696622640000000230e-03 -2.694007620000000124e-03
1.897049829999999986e+02 6.041448719999999856e-02 -7.930089450000000128e-04 5.483397749999999876e-02 -2.463445540000000142e-02 3.194447680000000317e-02 -2.109606410000000078e-03
1.924041699999999935e+02 5.117911120000000202e-02 -1.108968180000000038e-03 4.802765130000000160e-02 2.624236589999999827e-02 1.525040830000000056e-02 1.636451330000000121e-02
1.951137799999999913e+02 5.352959720000000088e-02 1.922963609999999920e-03 4.278585640000000245e-02 -1.764554180000000097e-02 5.321891499999999858e-02 1.622055799999999950e-02
1.978163110000000131e+02 6.056140620000000085e-02 3.044830169999999860e-03 4.418344140000000225e-02 1.735391000000000017e-02 1.276402020000000012e-02 3.599784799999999896e-02
2.005167950000000019e+02 5.973953130000000250e-02 4.679593549999999658e-03 4.285087729999999956e-02 -9.309688320000000447e-04 2.400351220000000035e-02 4.400136200000000219e-02
2.032154830000000061e+02 5.436816819999999717e-02 -2.197769900000000060e-04 5.149689050000000323e-02 9.226540000000000089e-03 -4.890941139999999653e-03 1.457052539999999924e-02
2.059177170000000103e+02 4.961414320000000211e-02 7.414935640000000147e-03 6.153323780000000132e-02 -5.932124810000000137e-02 3.217049539999999874e-02 -2.213308199999999837e-02
2.086141859999999895e+02 3.802403299999999875e-02 9.947830649999999525e-03 6.461195749999999738e-02 -4.695628899999999828e-02 3.044356640000000017e-02 7.494814699999999622e-03
2.113208109999999920e+02 4.066123580000000071e-02 1.237373720000000017e-02 6.682547819999999639e-02 -5.543596270000000076e-02 2.048162020000000166e-02 1.690762030000000048e-03
2.140185449999999889e+02 3.426048529999999731e-02 5.035958769999999626e-03 8.041803129999999800e-02 -4.953523730000000160e-03 -5.960349739999999848e-03 -6.395333750000000046e-03
2.167109519999999918e+02 3.573731859999999816e-02 1.507137750000000012e-03 6.777873399999999326e-02 -4.997136419999999996e-02 4.504651590000000386e-03 2.450964699999999899e-02
2.194067799999999977e+02 4.611156560000000126e-02 -3.283983739999999946e-03 6.376084090000000426e-02 -7.878341000000000510e-03 -2.687012919999999874e-02 -4.414017800000000387e-03
2.220957950000000096e+02 5.883718169999999775e-02 -2.892872019999999812e-03 5.844006599999999885e-02 1.290109059999999981e-03 2.945757359999999839e-02 8.038485559999999225e-03
2.247991550000000132e+02 5.480546230000000324e-02 1.858724900000000057e-03 5.976761869999999699e-02 5.445280899999999785e-02 3.205911730000000209e-02 2.745284760000000004e-02
2.275045299999999884e+02 5.213771550000000088e-02 3.801253750000000136e-03 6.589501700000000017e-02 5.831538349999999815e-02 -2.909893469999999885e-02 1.711051150000000159e-02
2.302224359999999876e+02 4.683261390000000024e-02 8.654635560000000297e-03 6.226857959999999859e-02 2.347435689999999991e-02 -6.381573039999999600e-03 1.436332390000000063e-02
2.329411859999999876e+02 4.718926700000000002e-02 -4.612863959999999666e-03 6.208947380000000293e-02 -2.043852629999999906e-02 -2.133667100000000150e-02 5.060069030000000252e-03
2.356464829999999893e+02 4.935451829999999707e-02 -2.371966489999999923e-04 5.398216980000000026e-02 4.716859399999999598e-03 -2.483565719999999977e-02 1.075156849999999928e-02
2.383572639999999865e+02 4.651619530000000030e-02 3.184543179999999897e-03 5.207476190000000227e-02 5.246839949999999864e-02 1.222775570000000055e-02 7.553936730000000363e-03
2.410414989999999875e+02 5.669063559999999724e-02 8.072385680000000382e-03 6.280782499999999768e-02 7.054153489999999416e-02 1.372900300000000004e-02 5.658632179999999873e-02
2.437454830000000072e+02 5.410917559999999654e-02 5.034753850000000391e-03 6.701021470000000091e-02 9.465716009999999847e-02 4.504270330000000044e-02 5.775610479999999936e-02
2.464514990000000125e+02 5.518088470000000190e-02 2.262187279999999887e-03 6.517325829999999487e-02 7.117535340000000210e-02 2.393573010000000015e-02 5.526529200000000058e-02
2.491553890000000138e+02 5.030552950000000134e-02 4.239459949999999783e-03 5.293763659999999732e-02 2.583273180000000141e-02 -1.371800809999999989e-02 9.249164499999999733e-02
2.518650140000000022e+02 5.920114380000000148e-02 -5.286941970000000324e-03 4.706044739999999671e-02 -2.790346440000000122e-02 1.136323340000000050e-02 2.716663960000000044e-02
2.545653269999999964e+02 6.493798169999999426e-02 -1.017385109999999985e-03 4.195160409999999784e-02 -4.626277919999999613e-03 -1.146923289999999922e-02 -1.639412499999999898e-02
2.572519520000000171e+02 5.438090899999999811e-02 -8.958023670000000646e-03 4.875050389999999872e-02 1.221649169999999970e-03 -2.391117179999999870e-02 -4.404612470000000141e-02
2.599550610000000006e+02 5.032170560000000237e-02 -1.117429030000000045e-02 5.742262170000000249e-02 -1.494743699999999918e-02 -9.424180370000000140e-03 -5.242765430000000115e-02
2.626571240000000103e+02 4.417192889999999733e-02 -1.693858250000000037e-02 6.557584900000000550e-02 1.034627429999999959e-02 -8.917710750000000172e-03 -8.369145240000000485e-03
2.653522800000000075e+02 3.928777700000000289e-02 -1.441002639999999953e-02 6.458396110000000356e-02 -1.612603179999999928e-02 1.462758400000000077e-02 -5.563487130000000121e-03
2.680491109999999821e+02 4.184597329999999865e-02 -1.205315149999999953e-02 5.866974290000000203e-02 -9.507643399999999624e-05 3.775773679999999688e-02 1.076293279999999963e-02
