# a=0.061531365896099886, b=-154.60206940920986, c=0.0016898858900170261, xi=7.385439946600203
6.710354680000000238e-01 7.301061759999999401e-02 2.902631369999999957e-03 4.744421840000000168e-02 -9.385062810000000671e-03 -3.242755340000000319e-02 -2.417285660000000058e-02
3.367673690000000164e+00 7.479590969999999617e-02 7.052229250000000005e-03 4.478804279999999693e-02 -1.676240290000000077e-02 -1.749558959999999996e-02 -2.059038109999999921e-02
6.059668069999999851e+00 9.202026319999999371e-02 8.185598010000000053e-05 3.079009140000000047e-02 7.580465259999999601e-03 2.100232559999999984e-02 -2.886463140000000011e-02
8.761805560000000881e+00 8.400458460000000127e-02 9.237176760000000153e-03 6.791490629999999938e-03 1.086214649999999934e-02 2.615270990000000129e-02 -6.221296479999999934e-02
1.145531010000000016e+01 8.433982809999999997e-02 4.895964800000000318e-03 -6.587139849999999741e-03 4.575045149999999727e-02 1.838574440000000088e-02 -4.101295669999999866e-02
1.415662099999999946e+01 8.021142080000000230e-02 8.282417999999999725e-03 -2.943588280000000029e-02 4.013413119999999917e-02 -2.089792639999999910e-02 -2.549049969999999873e-02
1.685372729999999919e+01 7.409205950000000152e-02 5.428739830000000287e-03 -3.489721240000000224e-02 -2.733357630000000254e-04 6.238793210000000318e-03 -1.159811539999999926e-02
1.955749129999999880e+01 6.883140299999999934e-02 7.553718749999999670e-03 -4.098198060000000226e-02 -4.614821260000000203e-02 8.522153140000000501e-03 -2.815451169999999906e-02
2.226239449999999920e+01 6.728973450000000356e-02 5.676274319999999839e-03 -5.359897169999999766e-02 -4.079037010000000074e-02 1.912786580000000111e-02 -1.463244980000000077e-02
2.496171629999999908e+01 5.198210240000000065e-02 1.357959830000000055e-02 -5.920081080000000329e-02 -2.296853620000000040e-02 -8.167313270000000486e-03 -1.791528820000000063e-02
2.766828819999999922e+01 5.118187760000000169e-02 1.226164069999999967e-02 -6.404594349999999381e-02 2.667778709999999928e-02 -2.735958819999999986e-02 2.204977329999999874e-02
3.037099290000000096e+01 5.596232119999999810e-02 8.053265489999999333e-03 -6.436651370000000261e-02 1.613211520000000163e-02 4.461270490000000116e-02 -1.020202310000000064e-02
3.307293980000000033e+01 5.462190539999999678e-02 3.986040639999999767e-03 -7.139275959999999421e-02 3.930815900000000224e-02 3.006913120000000161e-02 -3.318773850000000109e-02
3.577980230000000006e+01 5.431097440000000331e-02 -1.009205739999999995e-04 -6.113075689999999951e-02 2.809868520000000092e-02 2.889219419999999785e-03 -2.669522720000000113e-02
3.847645700000000346e+01 5.774829990000000107e-02 8.207503090000000182e-03 -5.698118370000000016e-02 1.546376449999999937e-02 2.940018579999999909e-02 -5.761610080000000023e-02
4.117658980000000213e+01 5.901627119999999782e-02 4.692265210000000179e-03 -6.433167739999999524e-02 -1.470396549999999913e-02 4.606596090000000115e-02 -3.415229759999999920e-02
4.387240700000000260e+01 5.771088950000000106e-02 -5.725161239999999570e-04 -6.843998029999999455e-02 2.826264909999999866e-02 3.215116839999999920e-02 1.537110229999999987e-02
4.657154919999999976e+01 4.624947740000000251e-02 -5.514099689999999582e-03 -7.084928249999999927e-02 1.307399170000000076e-02 1.783305389999999963e-02 1.874522030000000047e-02
4.927314450000000079e+01 5.040525089999999681e-02 -6.858421879999999915e-03 -7.301715250000000157e-02 6.054264599999999857e-02 -3.002883549999999999e-04 3.629171030000000187e-02
5.198695070000000129e+01 5.410943929999999930e-02 -6.691970820000000403e-03 -7.430699550000000042e-02 1.360817980000000003e-02 -6.668293670000000409e-03 -1.721203430000000159e-02
5.468461630000000184e+01 4.437323249999999830e-02 -5.935773010000000051e-03 -6.231315479999999934e-02 1.994654930000000145e-02 3.207674829999999921e-02 -8.444253190000000631e-03
5.738639289999999704e+01 4.579165560000000162e-02 -1.276293319999999981e-03 -6.498064239999999658e-02 1.604863419999999832e-02 1.832059410000000041e-02 -2.275659530000000152e-02
6.007922570000000206e+01 4.484580030000000217e-02 -7.603401010000000043e-03 -6.791323620000000449e-02 2.933865410000000007e-02 -9.789329810000000492e-03 -1.158640929999999944e-02
6.279859290000000271e+01 5.146382359999999989e-02 -1.995038639999999804e-03 -6.467544050000000044e-02 1.974500909999999873e-02 -1.195331030000000051e-02 1.940851539999999958e-03
6.550099760000000515e+01 5.587813500000000239e-02 -6.065265729999999925e-03 -6.200384309999999732e-02 1.840790410000000057e-02 -1.857404760000000085e-02 3.333848739999999838e-02
6.820651789999999437e+01 6.065745930000000091e-02 1.375792289999999956e-03 -5.583839399999999953e-02 2.333964499999999914e-02 -1.418481639999999953e-02 1.503935839999999934e-02
7.091542730000000461e+01 5.535518290000000091e-02 1.253583450000000108e-03 -6.364945460000000221e-02 7.833643930000000130e-03 -4.726545609999999696e-03 -9.684339510000000706e-03
7.362305379999999388e+01 5.537315710000000057e-02 -4.061866019999999834e-03 -6.948076329999999801e-02 3.765455110000000272e-02 2.084596450000000128e-02 -3.785583339999999686e-02
7.631681790000000376e+01 5.043396249999999859e-02 -3.318769149999999894e-03 -7.699330240000000491e-02 1.935933269999999887e-02 3.365464680000000014e-02 -3.036776190000000167e-02
7.902248980000000245e+01 5.135106600000000077e-02 -8.133957599999999590e-04 -7.094010380000000116e-02 6.483261440000000209e-02 -1.640450519999999985e-03 -6.162545509999999699e-02
8.172317259999999806e+01 5.410876089999999694e-02 -9.884091120000000619e-03 -6.640706220000000548e-02 3.870036290000000018e-02 1.244104130000000044e-02 -1.300390719999999951e-03
8.442625069999999710e+01 5.256454249999999856e-02 -4.633031729999999813e-03 -6.856758300000000139e-02 1.771699640000000062e-02 2.657118659999999945e-03 2.250918840000000129e-02
8.712386789999999337e+01 4.368551989999999718e-02 -1.384106369999999961e-02 -5.931206950000000172e-02 1.196516840000000012e-02 -3.554270620000000297e-02 1.787783579999999845e-02
8.982524449999999661e+01 4.956370009999999660e-02 -2.423215869999999911e-02 -5.855983520000000025e-02 -1.549531340000000028e-02 2.366138220000000084e-02 3.302829289999999890e-02
9.252416169999999340e+01 4.741538840000000116e-02 -2.085763129999999854e-02 -5.263785829999999971e-02 -1.191796139999999962e-02 7.024019979999999996e-02 1.655202960000000108e-04
9.521839450000000227e+01 5.451523009999999919e-02 -2.181968429999999945e-02 -6.357900780000000363e-02 -3.682234079999999882e-02 1.475101870000000009e-02 5.732185489999999661e-03
9.791613820000000601e+01 6.624565910000000668e-02 -1.432728240000000035e-02 -5.684634239999999950e-02 1.260699480000000011e-02 3.285926079999999805e-02 -1.132318759999999952e-02
1.006065040000000010e+02 6.717725669999999316e-02 -8.494376830000000683e-03 -6.196526769999999990e-02 1.337575159999999930e-02 1.981127109999999969e-02 9.742548920000000407e-04
1.033120980000000060e+02 6.788294300000000114e-02 -7.160691860000000311e-03 -5.793900040000000279e-02 3.327037179999999851e-03 6.371873830000000273e-03 1.652100199999999991e-02
1.060088789999999932e+02 6.731054540000000475e-02 -4.028659759999999972e-03 -5.146103910000000142e-02 -3.330189139999999853e-02 -3.028782619999999953e-02 1.063856109999999954e-03
1.087097229999999968e+02 6.554204140000000067e-02 -9.813902859999999381e-03 -4.963826930000000276e-02 -2.927716650000000004e-02 -2.870022839999999964e-02 -1.587549239999999987e-02
1.113982380000000063e+02 6.091286239999999658e-02 -6.054904019999999762e-03 -4.762739309999999837e-02 -3.623636079999999898e-02 -2.252230579999999968e-02 -3.727976659999999998e-02
1.140929730000000006e+02 6.275160089999999580e-02 -8.081666540000000815e-03 -4.579237729999999923e-02 2.580989399999999989e-02 -5.497060570000000118e-02 -3.376267709999999922e-02
1.168009260000000040e+02 6.987938100000000430e-02 -9.064333359999999368e-03 -5.502641640000000001e-02 -1.489228140000000040e-02 -9.397309350000000727e-03 -3.609839549999999814e-02
1.194923789999999997e+02 6.689454749999999839e-02 -3.344031109999999907e-03 -5.460108520000000326e-02 1.385259129999999970e-02 4.341987409999999853e-02 3.284119960000000255e-02
1.221965979999999945e+02 5.735523339999999692e-02 -6.920539570000000182e-03 -5.299706199999999756e-02 -7.340933830000000160e-03 -6.054375730000000413e-03 6.152844339999999595e-05
1.248984410000000054e+02 5.775983049999999785e-02 -6.179799490000000353e-03 -6.237057239999999753e-02 -3.936510470000000039e-02 -9.471062199999999778e-03 -2.516905209999999865e-02
1.276026760000000024e+02 6.168036729999999690e-02 -1.269802360000000033e-02 -6.300462129999999383e-02 4.418589779999999856e-02 -1.165299990000000056e-02 -1.331893079999999993e-02
1.303062850000000026e+02 5.393609369999999986e-02 -1.590988339999999937e-03 -6.682077770000000028e-02 -6.881374889999999911e-03 3.443629919999999928e-02 -3.994760139999999765e-02
1.330191130000000044e+02 5.435567649999999834e-02 -7.373942629999999734e-03 -5.674560830000000000e-02 8.581070799999999943e-03 -1.093124200000000074e-02 -7.545728160000000038e-03
1.357260349999999960e+02 5.463908740000000125e-02 -2.461373849999999846e-03 -5.886147679999999965e-02 -8.543045880000000800e-03 -9.219326010000000737e-03 -4.506805700000000164e-02
1.384192229999999881e+02 6.013469960000000086e-02 2.487460779999999851e-03 -6.036803000000000308e-02 -1.740609480000000070e-02 -3.196574549999999654e-02 -9.325240239999999306e-03
1.411190510000000131e+02 6.227997610000000211e-02 -4.395416329999999629e-03 -5.895813569999999726e-02 4.095539749999999729e-02 -1.945656639999999993e-02 -3.150023569999999690e-02
1.438088319999999953e+02 5.432699900000000082e-02 -2.649859689999999914e-03 -5.808861929999999812e-02 7.731686730000000320e-03 -8.291716609999999488e-03 1.040707859999999950e-02
1.465144099999999980e+02 6.112126300000000206e-02 -2.562606189999999933e-03 -4.134978029999999971e-02 1.626357549999999860e-02 -4.025833720000000088e-02 2.026886920000000106e-02
1.492169100000000128e+02 6.880296190000000089e-02 -6.380444279999999621e-03 -4.382689649999999687e-02 -5.537611779999999928e-03 1.769879800000000170e-02 -5.309152250000000184e-02
1.519030190000000005e+02 7.548423059999999352e-02 -3.445665059999999860e-03 -1.773728949999999957e-02 -1.297749539999999962e-03 6.347983710000000557e-02 4.207647450000000233e-02
1.546077229999999929e+02 7.494522730000000021e-02 -5.120732299999999904e-03 -4.251481920000000215e-04 -8.416943580000000799e-03 8.914934390000000403e-03 -9.051302230000000601e-03
1.573103790000000117e+02 6.941938860000000655e-02 -3.161816940000000166e-03 3.056262449999999978e-02 2.282804250000000125e-04 -2.840685240000000167e-02 4.685587990000000119e-02
1.599939730000000111e+02 7.346249550000000239e-02 -9.101422410000000601e-03 4.318620120000000312e-02 -4.794182200000000199e-03 -3.591631180000000312e-02 4.660360110000000278e-02
1.627038320000000056e+02 6.952537799999999879e-02 -8.227722640000000726e-03 4.334323820000000188e-02 1.378916940000000056e-02 2.003964169999999934e-02 5.089644659999999904e-02
1.654077849999999899e+02 6.485146890000000053e-02 -4.101677280000000370e-03 4.908006110000000255e-02 1.690752630000000095e-03 2.895101500000000008e-02 3.859402910000000325e-02
1.681062850000000140e+02 6.180327580000000154e-02 6.552535980000000378e-03 5.650044850000000146e-02 4.961221979999999587e-03 -9.232216329999999235e-03 1.212017859999999989e-02
1.708062850000000026e+02 6.264446840000000016e-02 6.389260400000000041e-04 5.952364279999999841e-02 -1.612376850000000073e-03 -1.091748150000000075e-03 -8.765445009999999273e-03
1.734890660000000082e+02 6.319405760000000594e-02 5.290856200000000099e-03 6.586795569999999433e-02 -8.433098340000000359e-03 -3.749741780000000191e-02 1.729779979999999939e-02
1.761862539999999910e+02 4.787463460000000032e-02 -1.933027180000000071e-03 6.819665279999999330e-02 1.468076159999999984e-02 -4.843766660000000074e-04 4.485006519999999719e-02
1.788879570000000001e+02 5.062918680000000338e-02 -2.757509129999999916e-03 6.643714920000000357e-02 -3.350949279999999864e-02 2.675066930000000003e-03 4.955373789999999862e-02
1.815897689999999898e+02 5.182267649999999781e-02 1.537361220000000098e-03 5.264770130000000214e-02 6.688886639999999835e-03 -3.060408969999999992e-02 -3.024890289999999839e-03
1.842818790000000035e+02 5.963890329999999712e-02 -6.982857549999999837e-03 5.511494959999999749e-02 7.006565260000000017e-03 2.423919009999999860e-02 1.774806989999999987e-02
1.869852850000000046e+02 6.389281230000000422e-02 7.640331539999999783e-03 5.892630809999999802e-02 -4.900107499999999637e-03 1.929079179999999838e-02 4.970093240000000162e-02
1.896796760000000006e+02 6.350157400000000507e-02 1.219277780000000040e-02 6.251862869999999517e-02 8.666502930000000160e-03 -8.353855369999999697e-03 1.321259200000000043e-02
1.923701759999999865e+02 5.375607820000000148e-02 7.698114780000000178e-03 6.445193389999999412e-02 1.430351810000000078e-02 2.358102740000000020e-03 2.145811599999999930e-02
1.950805819999999926e+02 4.768684930000000044e-02 -2.191159099999999849e-03 6.907574230000000648e-02 1.552290110000000001e-02 -4.613042910000000191e-02 -2.245662240000000087e-02
1.977729879999999980e+02 3.344610159999999999e-02 -6.998151680000000083e-03 7.442299280000000405e-02 1.057697559999999995e-02 8.722634059999999703e-03 1.624305389999999849e-02
2.004737069999999903e+02 3.022327990000000034e-02 -1.181007840000000003e-02 7.032349949999999739e-02 8.466488609999999609e-03 8.494410259999999810e-03 -6.630614509999999866e-04
2.031756289999999865e+02 3.601129930000000062e-02 -1.015262519999999939e-02 6.796297680000000507e-02 7.807315979999999989e-04 -1.509358589999999951e-02 1.807127459999999936e-02
2.058740040000000135e+02 3.333973149999999719e-02 -2.005969260000000070e-03 7.298514400000000180e-02 8.545621079999999453e-03 2.869488829999999879e-02 -3.228482919999999673e-02
2.085855039999999860e+02 2.612658350000000157e-02 1.430471850000000072e-03 7.191377549999999896e-02 1.614437469999999847e-02 2.654118369999999838e-02 -1.187896949999999938e-02
2.112860509999999863e+02 2.289738980000000090e-02 -1.591914640000000091e-03 7.011720189999999520e-02 1.336534720000000058e-03 1.395034690000000049e-02 -6.347299780000000002e-02
2.139820039999999892e+02 3.108945290000000167e-02 -4.136835919999999958e-04 6.867760280000000106e-02 7.264022609999999484e-04 -2.501039719999999938e-02 1.784308230000000023e-02
2.166918479999999931e+02 4.324654559999999842e-02 2.846283729999999918e-03 6.691611359999999342e-02 3.062537029999999952e-02 3.382872320000000071e-02 -2.085770920000000125e-02
2.193912850000000105e+02 4.624363570000000062e-02 1.314723999999999971e-03 6.651943629999999830e-02 1.738171280000000082e-02 2.702418859999999867e-02 1.515236120000000054e-02
2.220879410000000007e+02 4.772674610000000178e-02 2.265683909999999940e-03 5.624836739999999891e-02 -1.566203500000000123e-02 -5.493960330000000405e-03 2.844668429999999758e-04
2.248055659999999989e+02 4.697322410000000226e-02 -2.378699360000000040e-03 5.522312900000000274e-02 1.358055180000000001e-02 4.004711889999999774e-02 4.027650169999999866e-06
2.275024730000000091e+02 5.492187009999999897e-02 3.812123340000000103e-03 5.305201980000000261e-02 -1.804316770000000125e-02 2.946309749999999859e-03 -3.254142699999999777e-02
2.302138009999999895e+02 5.946204010000000206e-02 -3.586236840000000137e-03 5.792293889999999834e-02 -1.886075689999999923e-03 -1.416516249999999998e-02 1.000399719999999978e-02
2.329064410000000009e+02 5.979610529999999924e-02 -2.517636560000000110e-03 5.791300170000000108e-02 -1.826885420000000024e-02 2.252310269999999864e-02 -9.215523609999999935e-03
2.356125350000000083e+02 5.454724150000000299e-02 1.730598259999999904e-03 6.358771550000000272e-02 -2.156656410000000121e-02 -1.074728880000000008e-03 -1.496943070000000082e-03
2.383115040000000135e+02 5.691045770000000004e-02 3.473272549999999875e-03 5.989967139999999995e-02 4.217695359999999900e-03 1.156854229999999990e-02 2.228096460000000140e-02
2.410165509999999927e+02 5.341729580000000033e-02 -4.528198249999999640e-03 5.914877570000000306e-02 4.378081059999999573e-03 -1.009184989999999940e-03 3.019117990000000015e-02
2.437179730000000006e+02 6.167618970000000173e-02 2.224320289999999825e-03 5.933526549999999788e-02 1.333354590000000034e-02 2.223892870000000049e-02 -6.538203400000000380e-03
2.464087379999999996e+02 5.602131889999999864e-02 3.207363960000000035e-05 5.521841630000000334e-02 -2.010668180000000152e-02 1.911824759999999901e-02 1.212882960000000003e-02
2.491168319999999881e+02 5.439002889999999812e-02 2.006815490000000111e-03 5.502348220000000123e-02 2.118692260000000147e-02 -2.658998139999999965e-03 1.033535369999999919e-02
2.518083320000000072e+02 5.318585339999999662e-02 -4.634522020000000214e-03 5.625846999999999792e-02 7.774523149999999598e-03 -7.812186589999999854e-03 6.638606930000000295e-02
2.545240190000000098e+02 4.726345039999999692e-02 -6.074849119999999741e-04 5.288277250000000124e-02 1.963284599999999894e-02 1.669179570000000126e-02 -1.981260849999999865e-02
2.572279570000000035e+02 6.026392710000000319e-02 -1.599574789999999970e-03 6.128446070000000134e-02 -2.146984320000000154e-02 2.206649940000000171e-02 -1.882342570000000020e-02
2.599355039999999804e+02 5.823045730000000336e-02 -4.044556799999999772e-03 6.048615539999999818e-02 3.016782459999999867e-04 4.131404589999999877e-02 4.940570209999999712e-02
2.626209729999999922e+02 5.941843780000000130e-02 8.087065239999999960e-03 5.811266130000000002e-02 1.997769199999999828e-02 2.539230370000000042e-02 4.576045060000000220e-02
2.653268320000000244e+02 6.250735600000000003e-02 3.821483310000000147e-03 5.116607410000000022e-02 -5.353867369999999824e-04 2.899926109999999974e-02 1.520035099999999910e-03
2.680177370000000110e+02 6.727329059999999361e-02 8.104515050000000304e-03 5.231749959999999755e-02 -7.631669590000000024e-03 -2.574739389999999850e-02 -1.061019449999999961e-02
