# a=0.060047000660018834, b=-150.0634261081437, c=-0.002131986813675212, xi=6.719609111184458
7.074247679999999816e-01 6.015837339999999950e-02 3.203619989999999945e-03 6.023420169999999657e-02 -3.875597020000000077e-03 -3.667914669999999822e-02 6.219973019999999742e-02
3.409216479999999994e+00 5.871654040000000296e-02 -9.840556440000000279e-03 6.100214570000000308e-02 4.332890120000000220e-03 -1.440871699999999971e-02 3.170570810000000045e-02
6.092247559999999673e+00 5.682739609999999664e-02 -7.103638080000000340e-03 4.993401370000000172e-02 -3.290971300000000016e-02 1.390926330000000037e-02 1.382324210000000081e-02
8.800311159999999688e+00 6.877741780000000416e-02 1.433309910000000065e-03 5.549357939999999961e-02 -1.185816500000000037e-02 4.568184270000000095e-03 -7.852650979999999852e-04
1.149605290000000046e+01 7.041484130000000285e-02 5.211714529999999720e-03 4.558831020000000261e-02 -1.158522329999999920e-02 4.584217730000000358e-03 -5.387682999999999882e-03
1.418809820000000066e+01 7.283235520000000407e-02 6.124083139999999875e-04 5.307109559999999976e-02 -2.282514739999999889e-02 1.104745120000000073e-02 3.212932739999999759e-02
1.689348569999999938e+01 7.355153809999999404e-02 6.263761199999999703e-03 4.974881569999999725e-02 2.771242360000000012e-03 2.648127310000000095e-02 2.096533440000000054e-02
1.959727790000000169e+01 7.635822790000000582e-02 6.024368429999999580e-03 3.732715789999999784e-02 1.906626310000000130e-02 4.206148839999999944e-02 2.620219920000000161e-02
2.228979980000000083e+01 7.640000310000000239e-02 9.799459669999999872e-03 4.585192049999999714e-02 1.169086390000000086e-02 4.258025900000000225e-02 4.976037400000000305e-02
2.498889970000000105e+01 7.774896970000000351e-02 -1.555518739999999954e-03 3.760510379999999764e-02 -1.667274490000000137e-02 1.741556879999999960e-02 6.160825949999999829e-02
2.768300440000000151e+01 7.857851230000000020e-02 2.520345539999999801e-03 1.365554169999999914e-02 2.068056380000000190e-03 -3.734958080000000142e-03 1.943526979999999835e-02
3.038410289999999847e+01 6.779095150000000181e-02 -4.428581270000000016e-04 -1.166949519999999942e-02 3.293951769999999696e-02 1.935963400000000056e-02 4.919221000000000010e-02
3.308591690000000085e+01 6.634325489999999548e-02 -9.433706099999999636e-03 -2.426924080000000122e-02 1.709526160000000156e-02 4.789343079999999753e-02 -2.788437239999999942e-02
3.579110440000000182e+01 6.486669890000000549e-02 1.130078070000000009e-03 -3.285869009999999729e-02 2.169423330000000167e-03 3.029201139999999903e-02 -1.610954750000000157e-02
3.848860289999999651e+01 6.235381749999999862e-02 7.100126249999999875e-03 -4.256646890000000127e-02 1.754090919999999956e-02 4.983332310000000015e-02 -8.275287600000000299e-02
4.117704820000000154e+01 6.492062899999999359e-02 7.294142540000000431e-03 -4.994728529999999805e-02 -8.470766640000000278e-03 1.273660289999999952e-02 -1.118261020000000001e-02
4.388035289999999833e+01 5.657561559999999684e-02 9.812333790000000652e-03 -4.998186050000000269e-02 -9.713134130000000352e-03 1.614924270000000009e-02 -3.070819010000000113e-02
4.657735439999999727e+01 6.964714939999999688e-02 7.283201020000000352e-03 -5.331820119999999830e-02 2.127656920000000132e-04 1.997874999999999998e-02 -3.122389949999999914e-02
4.925913099999999645e+01 6.674773509999999688e-02 8.638328730000000358e-03 -5.195517439999999820e-02 -1.136555199999999925e-02 3.031281660000000044e-02 3.026469270000000170e-02
5.196768720000000030e+01 5.934353190000000305e-02 7.755935910000000093e-03 -5.269635749999999896e-02 -2.258486149999999922e-03 9.932330490000000275e-03 -8.743880359999999310e-03
5.467264190000000212e+01 6.226960150000000055e-02 3.427999780000000069e-03 -5.436262230000000334e-02 -9.022237639999999836e-03 1.739056569999999913e-02 -2.389586419999999850e-02
5.738257790000000114e+01 5.443155870000000035e-02 1.909599560000000036e-03 -7.066051519999999586e-02 2.453920569999999950e-03 -2.222876470000000049e-02 -1.032957050000000015e-01
6.007621540000000238e+01 6.047645210000000132e-02 1.331906549999999946e-02 -6.705303249999999826e-02 -2.220784049999999926e-02 -3.521634220000000037e-02 -5.991841120000000048e-02
6.278022159999999730e+01 6.514189430000000280e-02 1.229894259999999954e-02 -6.544960439999999990e-02 -1.598610019999999882e-02 -1.759826020000000019e-02 -6.491097669999999764e-02
6.546957159999999476e+01 5.540883159999999974e-02 5.397874240000000330e-03 -6.242703709999999906e-02 -1.947803340000000064e-02 -2.355071759999999986e-02 -4.496751420000000277e-02
6.816182630000000131e+01 5.308677240000000269e-02 4.990706509999999832e-03 -7.560588880000000678e-02 -1.187489190000000014e-02 1.471513009999999948e-02 -5.312239660000000335e-02
7.086620759999999564e+01 5.327950050000000021e-02 6.398457150000000024e-03 -7.188220339999999708e-02 -2.913417350000000079e-03 2.801304550000000004e-02 -5.682334520000000000e-02
7.356137940000000697e+01 5.544903329999999880e-02 8.970495029999999217e-03 -6.987059430000000515e-02 1.118418900000000063e-02 2.077569170000000132e-02 -6.414350870000000426e-02
7.626507159999999885e+01 5.383949109999999760e-02 -2.441870840000000178e-03 -5.852416970000000329e-02 1.424417189999999979e-02 -1.849273510000000106e-02 -4.319455259999999824e-02
7.896685759999999732e+01 5.272316900000000028e-02 -1.183598259999999944e-02 -5.873936679999999799e-02 1.107203260000000009e-03 1.306947919999999937e-02 -1.683355450000000031e-02
8.166827320000000157e+01 5.700444729999999682e-02 -6.035024180000000092e-03 -6.025462780000000185e-02 1.029564110000000081e-02 1.688427580000000008e-04 -3.490839910000000101e-02
8.435747480000000564e+01 5.586390360000000055e-02 -4.980087480000000046e-03 -6.404545509999999553e-02 -9.626898219999999173e-03 -1.898203249999999911e-02 -1.678727249999999865e-02
8.706907940000000679e+01 5.781074110000000016e-02 3.858020750000000021e-04 -6.438521849999999380e-02 -2.094739229999999924e-02 -2.857675029999999852e-02 -2.652616819999999848e-02
8.976410289999999748e+01 5.916562210000000238e-02 -6.141053149999999884e-03 -6.142324569999999678e-02 -3.621130480000000346e-02 -2.441260920000000098e-02 -1.881934089999999851e-02
9.246054039999999929e+01 4.365392889999999970e-02 -6.566177270000000087e-03 -5.726084480000000199e-02 8.722698609999999381e-03 -3.994317309999999982e-02 -1.928642809999999916e-02
9.516194040000000598e+01 4.719785630000000037e-02 -7.874253750000000801e-03 -6.418365900000000401e-02 -8.503032500000000382e-03 1.110782809999999975e-02 -4.753391700000000192e-02
9.786940599999999790e+01 4.704395039999999945e-02 -1.175153680000000020e-02 -5.373358699999999932e-02 2.635540780000000111e-02 -4.394934899999999867e-02 -6.358542550000000071e-02
1.005908479999999940e+02 5.158612449999999683e-02 -1.229181550000000081e-02 -6.930185499999999554e-02 2.225283089999999936e-02 1.140178680000000083e-02 -9.531374750000000395e-02
1.032901449999999954e+02 5.726478659999999915e-02 -1.733937329999999874e-02 -6.589209649999999696e-02 -7.580561230000000365e-03 6.818835280000000269e-03 -3.987672820000000284e-02
1.060081140000000062e+02 5.611568239999999846e-02 -1.098703179999999981e-02 -6.792567950000000243e-02 1.081059179999999988e-02 -3.314544989999999858e-02 -6.954080179999999611e-02
1.086943789999999979e+02 6.071161960000000246e-02 -1.469094540000000009e-03 -5.971513879999999774e-02 -1.405360379999999985e-02 1.093434629999999984e-02 -1.585474149999999832e-02
1.114021139999999974e+02 5.179873270000000252e-02 1.043890280000000018e-02 -5.998679739999999982e-02 -3.125511950000000195e-03 -2.439379020000000120e-02 -6.651633419999999908e-02
1.140960979999999978e+02 6.156736150000000074e-02 8.209033660000000093e-03 -5.059750920000000152e-02 -8.733149529999999564e-03 -3.030322529999999841e-03 -8.656516580000000669e-03
1.168043480000000045e+02 6.155679549999999722e-02 8.515489580000000069e-04 -5.416196320000000314e-02 3.005206740000000015e-02 1.098430960000000046e-02 -6.028802450000000229e-02
1.195074890000000067e+02 6.517143490000000539e-02 -7.008194240000000267e-04 -6.405324569999999718e-02 -1.613017710000000035e-02 -1.342071799999999988e-02 -4.451478729999999717e-02
1.222121290000000045e+02 6.092454340000000301e-02 6.449552740000000402e-03 -6.276114060000000106e-02 -2.089661090000000110e-02 3.141341040000000025e-03 -5.321738919999999956e-02
1.249134109999999964e+02 5.693496580000000085e-02 4.400528429999999921e-03 -6.055044779999999710e-02 -1.668327559999999979e-03 -1.715782349999999887e-02 -6.459621849999999665e-02
1.276133169999999950e+02 5.984801840000000123e-02 3.342953999999999978e-03 -6.977195299999999767e-02 1.654943019999999959e-02 1.741054360000000162e-02 -3.942743149999999863e-02
1.303072229999999934e+02 6.206753949999999770e-02 9.312990539999999734e-03 -7.219032490000000524e-02 2.100363549999999940e-02 2.214646710000000088e-02 -8.142269239999999630e-03
1.330253329999999892e+02 6.485273789999999872e-02 7.786033730000000048e-03 -6.201941319999999813e-02 9.633228210000000652e-03 3.796972860000000227e-02 -1.436836369999999925e-02
1.357269729999999868e+02 6.948108719999999960e-02 1.679348979999999852e-02 -4.926913389999999782e-02 -3.666229490000000313e-02 2.155836530000000001e-02 -2.140494830000000057e-02
1.384208480000000066e+02 6.814551450000000399e-02 5.202017800000000025e-03 -3.955035219999999963e-02 -2.468697560000000096e-02 1.774674219999999858e-02 -2.506229249999999964e-02
1.411105980000000102e+02 6.803808209999999412e-02 1.227660770000000082e-02 -5.272907339999999971e-02 -3.467368220000000001e-02 -1.692476310000000025e-02 -1.515302970000000082e-02
1.438055510000000083e+02 7.956316389999999739e-02 6.447213549999999786e-03 -4.814638560000000095e-02 -1.590527389999999916e-02 -5.131440240000000041e-02 1.322779739999999961e-02
1.465048480000000097e+02 6.715571130000000388e-02 -2.938559739999999955e-04 -3.685476199999999924e-02 6.166684690000000246e-03 -1.042798730000000021e-02 1.123293860000000068e-02
1.492028479999999888e+02 7.198719589999999502e-02 9.958536980000000025e-03 -8.743520940000000866e-03 8.588618859999999286e-03 -8.324108700000000527e-02 -1.040715470000000073e-02
1.519026609999999948e+02 7.156716200000000361e-02 3.943383479999999774e-03 9.586565170000000205e-03 -9.849380580000000746e-03 -5.344326110000000019e-02 5.710956110000000099e-03
1.545997389999999996e+02 7.373717009999999905e-02 5.322289699999999601e-04 4.023161850000000345e-02 6.028928860000000271e-03 -1.713671850000000017e-03 9.420697579999999863e-03
1.573002390000000048e+02 6.483028489999999311e-02 -5.046018059999999965e-03 4.907101369999999907e-02 -5.394528600000000201e-02 -2.442340289999999844e-02 3.074002970000000098e-02
1.600073480000000075e+02 7.204167420000000266e-02 -3.532046100000000091e-03 4.967290449999999663e-02 -5.807411039999999663e-02 -3.039058399999999827e-02 4.126513450000000166e-02
1.627021919999999966e+02 6.608009650000000457e-02 7.530175059999999823e-03 5.301256139999999811e-02 -1.583852089999999990e-02 -1.964365209999999889e-02 4.709308730000000276e-03
1.654102230000000020e+02 6.042501849999999675e-02 -4.389534620000000074e-04 4.976640660000000022e-02 -3.589450809999999905e-03 3.486150090000000173e-02 -1.102784189999999991e-02
1.681087390000000141e+02 6.665045540000000268e-02 2.097106010000000017e-03 6.241120659999999792e-02 -2.494964620000000161e-02 1.375228950000000061e-02 -2.500734550000000000e-02
1.708148789999999906e+02 6.054055819999999699e-02 1.817752369999999992e-03 5.858631400000000045e-02 1.843682049999999933e-02 -2.997822190000000095e-02 -7.330365889999999884e-02
1.735116759999999942e+02 5.982604140000000181e-02 8.060583169999999825e-03 6.080276140000000218e-02 5.322130189999999678e-03 -1.395945829999999978e-02 6.060080009999999767e-03
1.762018009999999890e+02 5.847043849999999932e-02 5.222200879999999712e-03 6.203259049999999830e-02 3.338055520000000193e-02 -8.658265679999999943e-04 5.060832459999999727e-02
1.789145509999999888e+02 6.239620740000000054e-02 1.109890250000000050e-02 6.046060570000000300e-02 -4.733480639999999851e-02 -4.475032570000000293e-02 2.146940909999999901e-04
1.816189259999999877e+02 5.826039389999999873e-02 7.500661490000000257e-03 6.312149220000000394e-02 -2.780142060000000137e-02 1.492852509999999938e-02 1.477696969999999985e-02
1.843281609999999944e+02 5.314369270000000173e-02 3.056657869999999944e-03 5.752094149999999878e-02 -5.119353389999999754e-02 -8.276509850000000543e-03 -1.701027039999999935e-02
1.870320830000000001e+02 6.251557400000000431e-02 3.860403560000000029e-03 5.169902660000000316e-02 -4.147134460000000133e-02 2.424728669999999878e-02 -2.458027410000000051e-02
1.897257859999999994e+02 5.709806030000000310e-02 -2.110677110000000033e-03 6.454550370000000648e-02 2.239483919999999892e-02 1.877361769999999833e-02 1.236256509999999944e-03
1.924412859999999910e+02 5.160687929999999840e-02 -6.062138689999999747e-03 6.069217720000000260e-02 1.921291649999999976e-02 -1.698144669999999967e-02 -3.461983750000000026e-02
1.951417390000000012e+02 5.446968709999999714e-02 -1.682570060000000006e-02 5.293853560000000291e-02 3.508907740000000164e-02 3.364813729999999864e-02 1.070042160000000010e-03
1.978466760000000022e+02 5.642362580000000183e-02 -1.345500600000000026e-02 4.946132849999999859e-02 -1.357312410000000025e-02 -8.665527799999999531e-03 6.790711369999999879e-03
2.005458329999999876e+02 6.102457299999999862e-02 -1.796473369999999903e-02 5.318404560000000031e-02 -3.846163520000000190e-03 -6.688340870000000077e-03 -3.955164429999999745e-03
2.032427700000000073e+02 6.554647700000000576e-02 -1.016886929999999932e-02 4.800403329999999857e-02 -7.331637610000000388e-03 -1.913941900000000040e-03 1.607596819999999871e-02
2.059456920000000082e+02 6.610094789999999831e-02 -1.450912709999999974e-02 5.645152259999999811e-02 -1.202721049999999972e-02 2.342586149999999895e-02 -1.360261240000000017e-02
2.086472390000000132e+02 6.844594530000000510e-02 -9.006192559999999167e-03 4.202589699999999956e-02 -2.007050189999999915e-02 1.434869069999999969e-02 -7.675187840000000095e-03
2.113458950000000129e+02 7.713952220000000470e-02 -1.426033470000000018e-02 4.408807359999999953e-02 -3.665053389999999717e-02 3.011042020000000152e-02 1.511506500000000088e-03
2.140332860000000039e+02 7.231765649999999379e-02 -7.007762140000000153e-03 4.257399020000000173e-02 5.148851019999999695e-02 3.394963480000000311e-02 4.056086739999999885e-02
2.167407860000000142e+02 6.049578669999999825e-02 -9.190136579999999208e-03 3.933203849999999946e-02 5.772198969999999679e-02 2.208842399999999886e-02 2.158971219999999969e-02
2.194422230000000127e+02 6.574149840000000078e-02 -1.066667360000000085e-02 4.691664589999999802e-02 -3.534397720000000132e-02 -9.851721290000000492e-03 3.091919580000000028e-02
2.221446139999999900e+02 7.077717529999999480e-02 -6.732248249999999573e-03 4.945415870000000047e-02 -2.408262740000000068e-03 -1.939398900000000037e-03 2.933041819999999966e-02
2.248445830000000001e+02 7.303406299999999629e-02 -2.933942650000000152e-03 6.080385020000000224e-02 3.317193289999999998e-04 1.395889110000000065e-02 2.039052950000000072e-02
2.275583169999999882e+02 6.240551669999999662e-02 -1.973219899999999888e-03 5.596496480000000273e-02 -2.798558090000000109e-02 4.241975039999999753e-02 3.941897700000000088e-02
2.302620039999999904e+02 6.350390910000000555e-02 1.155169020000000081e-02 5.310217009999999849e-02 -4.862657480000000254e-02 7.829418229999999396e-03 -1.235416049999999918e-02
2.329620040000000074e+02 6.345563980000000492e-02 -8.898742579999999701e-04 7.254461839999999662e-02 -1.756352250000000129e-02 1.005088319999999924e-02 6.261209630000000304e-03
2.356575670000000002e+02 6.523300910000000286e-02 2.229677929999999975e-03 7.298556949999999988e-02 1.743371859999999843e-02 3.429306559999999865e-02 -1.921360210000000110e-02
2.383496759999999881e+02 6.237599729999999953e-02 -5.729410530000000369e-03 6.296058920000000003e-02 5.990700210000000220e-02 3.342692960000000213e-02 -3.996342299999999792e-02
2.410636450000000082e+02 5.889860589999999785e-02 -3.156709289999999873e-03 6.381311150000000543e-02 3.875870309999999985e-02 4.924889140000000137e-02 -4.102973230000000159e-03
2.437636760000000038e+02 5.483252219999999733e-02 -9.914181540000000653e-03 5.877007609999999882e-02 4.989513260000000283e-02 -9.991678879999999451e-04 1.851654549999999858e-02
2.464655669999999930e+02 5.559860180000000124e-02 -2.974397939999999865e-03 5.565220519999999893e-02 6.361215089999999739e-02 4.625612539999999877e-03 1.818968049999999947e-02
2.491739259999999945e+02 5.681476080000000262e-02 -1.035912639999999989e-02 5.233449200000000329e-02 -5.361505099999999691e-02 1.020603959999999942e-02 2.332743030000000023e-02
2.518756919999999866e+02 5.455901629999999891e-02 -2.588840209999999833e-03 6.119641750000000269e-02 1.563022329999999918e-02 -3.778977179999999918e-03 -2.268296310000000003e-03
2.545713480000000004e+02 5.569354990000000005e-02 -3.600748779999999889e-03 5.619627490000000253e-02 4.031768849999999710e-02 -5.661045840000000079e-03 3.158088480000000031e-02
2.572810509999999908e+02 6.097760330000000228e-02 -5.733348880000000043e-03 5.571896540000000064e-02 6.188684230000000147e-02 2.575527060000000132e-02 2.517175309999999944e-02
2.599852389999999787e+02 5.719650550000000139e-02 3.055560409999999796e-03 5.619245789999999935e-02 -1.069375590000000084e-02 -1.803749019999999897e-02 2.448085079999999872e-02
2.626848009999999931e+02 5.130973999999999952e-02 -9.187253510000000173e-04 6.228126309999999777e-02 -3.099847780000000025e-02 3.783631579999999911e-02 5.482707159999999913e-02
2.653729260000000068e+02 5.771143489999999709e-02 -3.891592030000000021e-03 6.971637860000000353e-02 -1.008315450000000016e-02 2.820215029999999928e-02 6.424742390000000303e-02
2.680765539999999874e+02 5.978147290000000030e-02 -3.847696680000000161e-04 6.494850200000000517e-02 1.432750399999999959e-02 3.712357419999999953e-03 9.653739640000000288e-02
