# a=0.06409711099885794, b=-154.0180601087908, c=-0.0008842312459138895, xi=9.130823339964051
6.998699229999999494e-01 7.124298449999999505e-02 -1.203821090000000045e-02 4.253026310000000004e-02 -8.869033800000000398e-03 8.684352910000000050e-03 -3.768156039999999885e-04
3.399049170000000064e+00 7.431794630000000679e-02 -7.872476419999999836e-03 2.871043129999999860e-02 1.783275080000000078e-03 1.601401049999999927e-03 3.562735180000000182e-03
6.088889939999999612e+00 7.459906110000000257e-02 -6.024676809999999876e-03 3.875341190000000137e-03 -1.154737529999999915e-02 -2.252683759999999855e-02 -2.190835080000000032e-02
8.786097599999999730e+00 7.381229059999999675e-02 -9.235904830000000662e-03 -1.398639199999999983e-03 -1.292641500000000013e-02 -1.903902530000000162e-02 -1.433314790000000082e-02
1.148640170000000005e+01 7.153946699999999548e-02 -6.207312300000000088e-03 -1.923343660000000066e-02 -1.015012860000000065e-02 1.288831619999999956e-03 -7.360618780000000028e-02
1.417050790000000049e+01 7.758765400000000589e-02 -5.980644109999999798e-03 -2.566710779999999831e-02 -4.112055149999999798e-02 4.846224560000000035e-03 -1.534554590000000024e-02
1.686671259999999961e+01 7.353121540000000234e-02 -2.303016690000000023e-03 -4.030271130000000201e-02 3.487986969999999805e-03 2.554947219999999936e-02 -1.291586290000000005e-02
1.956135319999999922e+01 7.358079770000000575e-02 2.738919670000000174e-03 -4.886921989999999660e-02 -1.050765380000000075e-02 1.756652289999999965e-03 1.312803019999999980e-02
2.226699539999999899e+01 6.210448849999999910e-02 5.175051079999999637e-03 -4.915936070000000158e-02 1.822653990000000154e-02 2.108711669999999844e-02 -1.191106620000000060e-02
2.496395950000000141e+01 5.852397410000000078e-02 1.654413179999999909e-03 -5.567119599999999918e-02 -1.959096680000000160e-02 2.774166139999999919e-02 -1.552089679999999958e-02
2.764983600000000052e+01 6.332676110000000358e-02 -1.069482050000000045e-02 -5.309518309999999852e-02 -1.166591770000000028e-02 3.705591779999999752e-02 -4.229851359999999699e-02
3.034806100000000129e+01 6.292678790000000300e-02 -1.062505839999999986e-02 -5.232972880000000271e-02 1.502814040000000073e-02 2.418821910000000172e-02 -6.892259409999999809e-02
3.304277820000000077e+01 6.020557060000000099e-02 -1.229728090000000058e-02 -5.590307170000000103e-02 2.673417920000000208e-03 4.341800640000000044e-02 -3.498909590000000291e-02
3.573574700000000348e+01 5.945497570000000259e-02 -9.928557209999999342e-03 -6.421773170000000253e-02 -2.580430059999999984e-02 1.074549160000000045e-02 -2.121070079999999927e-02
3.844478449999999725e+01 6.649017279999999697e-02 -1.025164549999999994e-02 -6.090277699999999822e-02 5.386045610000000060e-03 -8.742595750000000179e-03 -8.632837309999999431e-02
4.115001420000000110e+01 6.176641990000000110e-02 -8.711249020000000690e-03 -5.764506469999999827e-02 -3.544922879999999783e-03 -7.737064350000000257e-02 -5.327534230000000037e-02
4.385666100000000256e+01 6.346473669999999623e-02 -1.234556449999999958e-02 -6.078771940000000235e-02 2.552322539999999848e-02 -1.616551570000000076e-02 -6.144639329999999899e-02
4.655574390000000307e+01 6.136671049999999766e-02 -4.641570680000000129e-03 -6.209624059999999807e-02 -1.268533420000000043e-02 1.448401759999999984e-03 -1.822449040000000131e-02
4.927225169999999821e+01 5.277931839999999708e-02 -5.060625400000000156e-03 -6.297251260000000239e-02 1.550238919999999930e-02 1.774903320000000007e-02 -3.977773230000000021e-02
5.196346729999999781e+01 4.942671419999999927e-02 -4.033738640000000299e-03 -6.328055170000000673e-02 -1.279164200000000064e-02 4.486593770000000050e-03 -7.491992860000000476e-02
5.465518920000000236e+01 5.534809329999999805e-02 1.107511179999999974e-03 -5.772435819999999912e-02 -3.211397099999999984e-03 4.038402700000000289e-02 -2.102823380000000061e-02
5.734727819999999809e+01 6.693740889999999499e-02 2.482700870000000004e-03 -6.187519910000000012e-02 -1.444831050000000040e-02 -8.745430309999999846e-03 -1.893015990000000009e-02
6.006280009999999692e+01 6.797619259999999886e-02 -2.262762919999999987e-04 -5.978935009999999939e-02 1.758221479999999906e-02 9.508756930000000773e-03 -3.503832569999999758e-02
6.276131259999999656e+01 7.033303650000000129e-02 -5.091119689999999481e-04 -6.091110699999999906e-02 -3.934820559999999828e-02 -1.452225820000000106e-03 -5.466700530000000169e-02
6.546818600000000288e+01 6.121214739999999987e-02 3.338862450000000103e-03 -5.643178909999999743e-02 -1.141977819999999942e-02 -3.978268079999999762e-02 -5.688474889999999701e-02
6.816537669999999594e+01 5.359141519999999909e-02 -5.315507029999999578e-03 -6.464664180000000149e-02 -7.508931419999999995e-03 -2.602744799999999882e-05 -5.719506099999999843e-02
7.086738450000000000e+01 4.905615309999999951e-02 2.496681570000000051e-03 -6.883500400000000519e-02 -1.059332760000000068e-02 -2.886635109999999976e-02 -4.434517379999999842e-02
7.355825169999999957e+01 5.432097570000000292e-02 5.119898000000000331e-03 -6.549034410000000028e-02 -1.873762049999999971e-02 -2.288152800000000167e-03 -3.721480480000000091e-02
7.627106259999999338e+01 6.191661130000000041e-02 1.377823819999999914e-02 -6.905704619999999960e-02 1.041006669999999974e-02 2.895591120000000004e-02 -2.019498319999999889e-02
7.897495639999999639e+01 5.582492630000000094e-02 1.473727000000000023e-02 -6.972233179999999531e-02 -2.075817320000000049e-02 -3.822839809999999984e-03 -5.253736330000000065e-02
8.167449849999999856e+01 5.550758100000000028e-02 1.474236959999999930e-02 -6.970573859999999733e-02 -1.177782490000000085e-02 4.441128820000000282e-02 -6.055834029999999923e-02
8.437361889999999676e+01 5.079109760000000140e-02 1.049528429999999936e-02 -7.448766869999999540e-02 -2.934885779999999930e-02 2.911425339999999980e-03 -8.836666079999999646e-02
8.706551729999999623e+01 6.153264249999999824e-02 1.397396820000000074e-02 -6.157110500000000097e-02 -3.601932830000000117e-03 -2.245345779999999986e-02 -8.326155119999999535e-03
8.976467510000000516e+01 6.357140719999999912e-02 9.043438290000000573e-03 -6.500745530000000272e-02 2.550100480000000100e-02 1.910202139999999868e-02 -7.991143339999999540e-02
9.246565479999999582e+01 6.197565809999999731e-02 8.634631499999999987e-03 -5.665373280000000206e-02 8.216966080000000575e-03 3.587873840000000217e-03 -2.268935559999999893e-02
9.517902820000000474e+01 6.345176260000000290e-02 1.102184940000000037e-02 -6.673695770000000194e-02 4.904252549999999974e-03 -2.704957599999999879e-02 -8.345662759999999958e-02
9.787360010000000443e+01 6.498182580000000375e-02 3.517028880000000121e-03 -6.384297719999999787e-02 -8.934507090000000026e-03 -2.726498100000000063e-02 -7.122729590000000111e-02
1.005694029999999941e+02 6.345262869999999944e-02 1.389032159999999995e-02 -6.905061730000000564e-02 -5.935770229999999884e-03 -1.483596159999999928e-02 -4.225344839999999741e-02
1.032644190000000037e+02 5.832116749999999988e-02 1.031136589999999929e-02 -7.155468430000000435e-02 -3.026693530000000056e-03 1.336620810000000055e-02 -4.038004800000000172e-02
1.059662469999999956e+02 5.694776750000000304e-02 1.751900530000000122e-02 -6.673098950000000418e-02 3.955831949999999604e-03 4.177791809999999856e-02 -8.637144989999999758e-03
1.086623409999999978e+02 5.877749759999999907e-02 4.367862749999999739e-03 -7.357505770000000167e-02 -8.877377089999999304e-03 -1.194538179999999998e-02 9.032720589999999753e-04
1.113689339999999959e+02 5.685852539999999844e-02 -3.957165799999999740e-03 -6.442728709999999415e-02 1.623495549999999857e-02 -1.519550029999999947e-02 -1.628092080000000108e-02
1.140637310000000042e+02 4.966506169999999887e-02 1.402874520000000009e-03 -6.109192749999999700e-02 2.041465120000000161e-02 -3.690838009999999891e-02 -2.627707879999999913e-02
1.167725439999999963e+02 5.708457919999999908e-02 -3.499633900000000131e-03 -5.735028620000000299e-02 1.543060389999999921e-02 4.224033850000000201e-02 -2.165753210000000151e-02
1.194702159999999935e+02 6.364168459999999805e-02 1.494780289999999949e-03 -6.081161050000000179e-02 1.570419519999999985e-02 4.749131680000000244e-02 -7.429055190000000142e-02
1.221685130000000044e+02 7.408248359999999866e-02 6.709514179999999904e-03 -5.658602509999999947e-02 1.413910479999999983e-02 -1.063129500000000068e-02 -4.297804610000000025e-02
1.248749810000000053e+02 6.960869990000000118e-02 -4.966689740000000339e-03 -5.986561850000000212e-02 1.578147359999999833e-02 4.239153479999999835e-02 -4.266771479999999922e-02
1.275715129999999959e+02 5.993143630000000166e-02 -3.664521940000000158e-03 -5.836336069999999848e-02 3.016149870000000080e-03 2.857558649999999978e-02 -1.899460279999999959e-02
1.302719659999999919e+02 5.466691540000000182e-02 -2.529507539999999860e-03 -6.128675210000000123e-02 2.410486989999999913e-02 -1.807654120000000073e-02 -4.004312289999999858e-02
1.329766060000000039e+02 5.414962720000000146e-02 -2.684555740000000006e-03 -5.882647430000000066e-02 3.460104469999999988e-02 -6.070093459999999913e-02 1.148491200000000033e-03
1.356772310000000061e+02 6.052691429999999817e-02 -4.483255719999999951e-03 -6.222259029999999830e-02 1.738501350000000098e-02 8.086720099999999967e-03 -1.076026549999999950e-02
1.383863560000000064e+02 4.802531169999999655e-02 -9.105820400000000717e-03 -5.573709470000000332e-02 9.303334919999999703e-03 1.049829029999999920e-02 9.520763309999999424e-03
1.410927470000000028e+02 5.215719640000000129e-02 -1.067345970000000040e-02 -6.240024029999999972e-02 2.521542640000000099e-02 1.690123929999999899e-02 -3.397501609999999811e-02
1.438121529999999950e+02 6.361117609999999978e-02 -2.467003169999999919e-03 -5.688588420000000034e-02 1.416473860000000071e-02 9.020448689999999549e-04 -4.236008339999999817e-02
1.465062780000000089e+02 6.252117740000000257e-02 -1.746590879999999901e-02 -5.007104359999999671e-02 5.029224630000000279e-02 -3.680631210000000209e-02 1.260007500000000051e-02
1.492150129999999990e+02 7.108471909999999894e-02 -1.755233210000000169e-02 -3.561602929999999750e-02 7.790314449999999336e-02 -1.845166159999999875e-02 4.267876560000000152e-02
1.519113879999999881e+02 6.205757189999999701e-02 -2.311400510000000130e-02 -1.604997929999999948e-02 5.425055699999999613e-03 -4.616126579999999674e-02 8.908356770000000480e-02
1.546066380000000038e+02 6.580343130000000651e-02 -2.175654020000000050e-02 1.139194829999999950e-02 3.015197420000000073e-02 -6.859921230000000369e-02 2.697868499999999878e-02
1.573009340000000122e+02 7.043901530000000466e-02 -1.527249749999999920e-02 2.928640379999999932e-02 -3.640760669999999755e-02 -2.264202239999999963e-02 1.239459889999999960e-02
1.599999970000000076e+02 6.906078899999999743e-02 -1.282092760000000040e-02 3.508065529999999932e-02 -9.077199010000000165e-03 -1.421444590000000077e-02 3.347276920000000211e-02
1.626889810000000125e+02 6.866659009999999397e-02 -1.419840020000000041e-03 3.900822629999999708e-02 2.434700169999999900e-02 3.043823730000000047e-02 6.561841479999999671e-02
1.653958880000000136e+02 7.306880629999999710e-02 3.765378670000000139e-03 4.687063460000000237e-02 1.643846260000000068e-03 1.424285250000000003e-02 1.933731039999999832e-02
1.681057940000000031e+02 6.306566759999999994e-02 1.105189300000000013e-03 5.128811109999999868e-02 -2.998593060000000112e-03 -3.543544480000000024e-02 1.027888430000000039e-03
1.708099029999999914e+02 5.952227010000000346e-02 4.062420050000000414e-03 5.696078420000000309e-02 -4.583536590000000105e-02 -9.058606930000000267e-04 3.693362500000000118e-03
1.735184340000000134e+02 6.057053750000000042e-02 6.821721269999999997e-03 6.573997319999999589e-02 -6.603529439999999973e-02 -8.976063059999999164e-03 5.034425389999999667e-03
1.762196840000000009e+02 6.391020570000000012e-02 7.989587969999999845e-03 5.864408410000000044e-02 -7.179872299999999485e-02 1.716991910000000010e-02 -1.628831450000000009e-03
1.789176530000000014e+02 6.772677259999999866e-02 9.477655160000000422e-04 6.083535729999999669e-02 7.028614869999999862e-03 -6.535800639999999641e-03 1.054252200000000035e-02
1.816033879999999954e+02 6.325832300000000519e-02 9.890751030000000457e-03 6.138941269999999978e-02 3.435355369999999742e-02 -9.926001630000000353e-03 4.405309419999999671e-02
1.843067159999999944e+02 6.916368999999999989e-02 7.096019250000000153e-03 5.565842289999999720e-02 -2.469936279999999929e-02 -7.152381799999999595e-03 4.035026349999999836e-04
1.870120750000000100e+02 6.552197760000000315e-02 5.457780170000000182e-05 6.166720130000000188e-02 -5.159725209999999757e-02 -1.809707340000000012e-02 1.547309049999999984e-02
1.897015130000000056e+02 6.790829539999999886e-02 -9.442854020000000228e-04 6.522060289999999372e-02 -1.039299880000000009e-01 -1.056012129999999924e-02 7.045061360000000328e-02
1.923943409999999972e+02 6.528189610000000032e-02 -7.898245229999999867e-03 5.887809129999999752e-02 -4.540415460000000319e-02 8.823950880000000496e-02 5.813798579999999994e-02
1.950880439999999965e+02 6.164293900000000076e-02 -8.873945759999999836e-04 6.346506370000000452e-02 -6.075840450000000170e-02 2.815524050000000125e-02 2.391985890000000031e-02
1.977909970000000044e+02 5.524333540000000292e-02 1.719686709999999983e-03 7.540054529999999644e-02 -4.752016080000000253e-02 1.320281000000000059e-02 -2.059795210000000144e-03
2.004830279999999902e+02 5.068522200000000200e-02 -6.034087240000000386e-03 7.963996230000000565e-02 -9.314745500000000400e-02 5.066897189999999829e-02 1.750358600000000153e-02
2.031864970000000028e+02 4.636911669999999736e-02 -8.603031940000000280e-03 6.883993870000000570e-02 -8.075727779999999911e-02 2.878568100000000046e-02 8.798940220000000742e-03
2.058876840000000072e+02 4.468266619999999856e-02 -4.864940859999999923e-03 6.375088550000000687e-02 -4.607434369999999918e-02 -1.990921990000000044e-03 1.592422079999999962e-02
2.085965590000000134e+02 3.952873130000000151e-02 3.329621750000000095e-03 6.666663030000000156e-02 -3.344038810000000278e-02 3.130404929999999752e-02 3.139949799999999791e-02
2.113048249999999939e+02 4.540592239999999974e-02 7.415878970000000341e-03 6.660359609999999542e-02 3.773799620000000115e-03 3.144801149999999768e-02 2.127758780000000086e-02
2.140232629999999858e+02 5.713725580000000165e-02 7.508402039999999798e-03 6.602832000000000146e-02 -1.309298249999999927e-02 -1.952434660000000035e-03 2.584796970000000083e-02
2.167301689999999894e+02 5.992257559999999983e-02 5.703334360000000304e-03 6.827276899999999704e-02 3.190317859999999920e-05 3.227973940000000014e-02 3.090763629999999929e-02
2.194300130000000024e+02 6.233888120000000144e-02 9.143433830000000442e-03 5.710003269999999742e-02 -1.724622920000000101e-02 3.359224569999999955e-03 6.057614349999999870e-02
2.221355910000000051e+02 6.275922070000000685e-02 6.260400450000000103e-03 6.170902400000000121e-02 -9.343952880000000807e-03 2.079867820000000020e-02 4.305668709999999760e-02
2.248357780000000048e+02 7.042780079999999554e-02 5.666965650000000375e-03 5.226698850000000007e-02 -3.475229829999999798e-02 -7.939413209999999360e-03 4.793507109999999710e-02
2.275388719999999978e+02 5.798574249999999958e-02 1.153216309999999939e-02 5.689404779999999995e-02 -4.023311479999999718e-02 -5.180342680000000338e-02 3.073130019999999879e-02
2.302354190000000074e+02 6.399104869999999723e-02 7.511665429999999852e-03 5.482784970000000035e-02 -4.298796829999999847e-02 7.524829129999999720e-03 4.489633400000000302e-02
2.329332159999999874e+02 6.278193560000000506e-02 5.194735219999999792e-03 6.069545779999999807e-02 -1.446068229999999954e-02 2.315150319999999956e-02 2.169528509999999952e-02
2.356269340000000057e+02 6.237214299999999795e-02 1.161815960000000050e-02 5.845846489999999979e-02 -5.411880790000000302e-03 -2.685194970000000150e-03 2.520850330000000070e-02
2.383319339999999897e+02 6.780087960000000247e-02 7.940353810000000054e-03 5.194785770000000247e-02 -4.692208979999999696e-02 2.685164240000000035e-02 -1.280888510000000036e-02
2.410262160000000051e+02 6.337202769999999985e-02 6.254532069999999867e-03 6.015659920000000077e-02 2.500061170000000138e-02 1.011578890000000043e-02 -2.374787509999999949e-02
2.437321220000000039e+02 5.737430510000000178e-02 2.604876539999999904e-03 5.377810799999999808e-02 -4.667844959999999793e-02 -6.638250280000000452e-04 -2.526013499999999953e-02
2.464351220000000069e+02 5.941252789999999784e-02 -4.698708339999999734e-04 6.145641429999999794e-02 2.894073349999999947e-02 3.717923540000000159e-03 1.654987650000000129e-02
2.491360589999999888e+02 6.434902839999999402e-02 -1.607331609999999985e-03 5.436218529999999743e-02 -2.720916290000000015e-02 2.302879329999999933e-02 2.335648619999999842e-02
2.518454340000000116e+02 6.022167719999999697e-02 1.822765299999999948e-03 5.530610130000000041e-02 2.070511159999999934e-03 4.999167329999999743e-02 -9.646233900000000458e-03
2.545420909999999992e+02 5.898290109999999864e-02 -6.343370729999999770e-03 5.786146290000000053e-02 -4.589972259999999804e-02 2.016216579999999953e-02 2.942934730000000033e-03
2.572428409999999985e+02 6.466733230000000499e-02 -8.244439710000000740e-03 5.889225869999999835e-02 -7.787418040000000652e-02 1.494821030000000051e-02 3.958621269999999803e-02
2.599470590000000243e+02 7.146041270000000334e-02 -8.971162919999999333e-03 6.272474070000000346e-02 -7.429930490000000165e-02 7.507879959999999705e-04 3.422090400000000338e-02
2.626461689999999862e+02 7.165951650000000617e-02 -1.376156339999999936e-02 5.953487479999999832e-02 2.927882440000000117e-03 -3.724725360000000207e-02 3.680500030000000145e-02
2.653338719999999853e+02 7.193796410000000141e-02 -1.941872340000000072e-02 6.068098229999999843e-02 8.901221359999999388e-03 -1.211412360000000028e-02 4.362614239999999810e-02
2.680345070000000192e+02 6.204668010000000122e-02 -9.740797000000000691e-03 4.712734920000000161e-02 1.311699049999999998e-02 2.701562860000000094e-02 -9.234190280000000375e-03
