# a=0.05532511949431017, b=-137.76765647442213, c=-0.00492714173485565, xi=8.089825510160258
7.194247559999999986e-01 6.617574719999999577e-02 -2.053531989999999880e-03 5.812020920000000174e-02 -8.140830809999999307e-03 -3.485108849999999855e-03 2.824188869999999865e-02
3.419944420000000207e+00 6.793708680000000444e-02 -2.054723779999999972e-03 6.083759340000000071e-02 -2.095782620000000152e-02 -1.588410349999999985e-02 2.421491590000000166e-02
6.115870509999999705e+00 6.735024320000000675e-02 1.226980180000000059e-03 6.203957000000000221e-02 3.438553970000000036e-03 -1.265057150000000082e-02 6.054357490000000092e-02
8.805177540000000747e+00 6.726203050000000017e-02 9.664575959999999535e-03 5.438327490000000042e-02 -2.287785360000000115e-02 -2.743625070000000124e-02 1.671609209999999970e-02
1.150860330000000076e+01 6.741099420000000453e-02 6.486742910000000036e-03 4.171526650000000058e-02 6.941291439999999584e-03 -9.708510269999999845e-03 3.255868110000000037e-02
1.418431889999999918e+01 7.739759840000000335e-02 6.158784260000000309e-03 2.607347789999999929e-02 -1.314584220000000053e-02 -3.202162649999999722e-02 2.364769289999999954e-02
1.688233609999999985e+01 7.979224940000000099e-02 7.557306469999999603e-03 1.679078650000000172e-02 -1.934627989999999909e-02 -1.684706780000000056e-02 3.295657200000000342e-02
1.957573610000000031e+01 8.012584809999999391e-02 8.650076770000000859e-03 9.378749529999999210e-03 1.612048799999999879e-02 -2.368349999999999969e-02 6.286729959999999562e-02
2.226790799999999848e+01 7.077758670000000585e-02 8.539756460000000673e-03 4.546473290000000128e-04 -2.248356589999999863e-02 -7.254022130000000075e-03 -1.133052889999999931e-02
2.497018459999999962e+01 7.606973290000000609e-02 6.845595500000000062e-03 -1.506107549999999989e-02 -5.243936420000000313e-03 -2.392230459999999947e-02 -2.283663119999999880e-02
2.766650960000000126e+01 7.407295390000000201e-02 -4.557248540000000190e-04 -2.643523940000000114e-02 -9.098876210000000561e-03 1.005442169999999982e-02 9.281529909999999134e-03
3.036168770000000094e+01 7.511263370000000050e-02 1.933964619999999947e-03 -3.041585210000000150e-02 -2.458323080000000133e-02 4.454864179999999674e-02 -1.407870689999999973e-02
3.305821889999999996e+01 7.637453589999999848e-02 -8.289004529999999607e-04 -4.222927220000000093e-02 4.735819869999999612e-03 -9.559367160000000266e-03 -3.304429279999999969e-02
3.575768459999999749e+01 7.122848639999999898e-02 1.061478050000000048e-03 -3.910076140000000311e-02 1.410128469999999933e-02 5.673690070000000484e-04 -1.902421580000000084e-02
3.846640959999999865e+01 6.065786969999999861e-02 -4.434939330000000029e-04 -4.737752669999999861e-02 2.595314840000000067e-02 -4.276297959999999718e-03 -2.902593020000000107e-02
4.117615330000000284e+01 5.662846269999999987e-02 -3.636596079999999866e-03 -5.019261009999999995e-02 2.474879940000000028e-02 -1.509886350000000056e-05 -4.184482979999999686e-02
4.387997829999999766e+01 6.248682519999999851e-02 -3.872324769999999864e-03 -4.119587670000000174e-02 -1.915713579999999902e-02 2.152906519999999921e-02 7.448370050000000181e-04
4.658009390000000138e+01 7.530052939999999639e-02 -5.819380530000000350e-03 -4.630812160000000177e-02 -1.201902680000000063e-02 3.440282430000000252e-02 -2.278154400000000079e-02
4.928160330000000044e+01 6.835329140000000192e-02 -4.930441320000000056e-04 -5.078964770000000267e-02 -4.159876810000000084e-03 2.112826350000000103e-02 -2.979019369999999847e-02
5.198091269999999753e+01 6.899684500000000109e-02 4.260201239999999827e-03 -5.406205850000000285e-02 -2.905221259999999847e-02 -1.895504730000000069e-04 -4.007737570000000082e-02
5.466485180000000099e+01 6.791769029999999985e-02 -1.080834200000000030e-02 -4.814947280000000246e-02 -3.516252639999999791e-02 -4.130990259999999664e-02 -8.815485239999999723e-02
5.735785800000000023e+01 6.538330900000000057e-02 -6.965670210000000223e-03 -5.618713499999999916e-02 9.615309649999999840e-04 -4.374030439999999909e-02 -3.669040939999999862e-02
6.006131890000000340e+01 5.490635850000000207e-02 -7.999180430000000716e-03 -6.404187129999999728e-02 6.597715639999999701e-03 -5.612225919999999993e-03 -2.802269170000000129e-02
6.277338300000000260e+01 3.946569099999999719e-02 -4.291693210000000099e-03 -5.908727369999999812e-02 2.258819969999999872e-02 6.939433509999999757e-03 -6.472402599999999701e-03
6.547430330000000254e+01 4.530784849999999753e-02 6.888665430000000429e-03 -6.401609980000000366e-02 1.584965980000000016e-03 -3.865798430000000341e-02 4.960318939999999732e-02
6.818087520000000268e+01 4.454335210000000267e-02 3.131660970000000113e-03 -6.516472360000000186e-02 -2.413751149999999839e-03 -1.946110200000000096e-03 1.031388190000000031e-02
7.086895800000000634e+01 5.555456389999999939e-02 1.443871650000000048e-02 -5.946941619999999984e-02 1.573674669999999831e-02 2.162137880000000040e-02 1.124737389999999962e-02
7.358801889999999446e+01 5.300321010000000332e-02 1.152161200000000052e-02 -5.319238500000000175e-02 4.504699279999999778e-02 3.676258520000000047e-03 -1.580554350000000149e-02
7.629852209999999957e+01 4.963045940000000017e-02 1.299621270000000071e-02 -5.132885589999999776e-02 1.990078309999999961e-02 -5.647253209999999758e-05 1.434671300000000052e-02
7.900165959999999643e+01 5.384214870000000180e-02 7.741553959999999610e-03 -6.661002879999999848e-02 1.262745749999999965e-02 1.892282439999999968e-02 1.580053130000000014e-02
8.170696739999999636e+01 5.510487809999999737e-02 3.174635680000000189e-03 -6.079598929999999873e-02 1.118900490000000053e-02 1.914395299999999828e-02 3.982702340000000146e-02
8.439388300000000243e+01 4.981397330000000151e-02 1.748247270000000088e-03 -5.667850650000000323e-02 -1.285086250000000083e-02 2.955116039999999833e-02 -1.822272460000000024e-02
8.709482830000000320e+01 5.008592080000000279e-02 2.029967399999999846e-03 -5.027735609999999661e-02 -3.842188760000000286e-02 -9.200074049999999726e-03 7.320358489999999677e-03
8.978905640000000687e+01 5.398824320000000093e-02 -5.182236439999999764e-03 -5.705457120000000104e-02 -2.166246499999999880e-02 9.711008039999999980e-03 -3.187867999999999952e-02
9.248165489999999522e+01 5.478812870000000085e-02 6.066820009999999855e-04 -5.970687179999999844e-02 -4.036063799999999729e-02 5.754402799999999880e-03 2.568284009999999978e-02
9.518715799999999660e+01 5.124410199999999971e-02 -3.224690169999999863e-03 -5.544721200000000266e-02 6.895850449999999746e-04 1.463926200000000011e-02 -1.816441229999999837e-02
9.788500019999999324e+01 5.361280610000000030e-02 -5.185105229999999697e-03 -6.046027720000000244e-02 4.575452570000000142e-03 -2.207904830000000096e-02 2.521085660000000131e-02
1.005883550000000071e+02 5.834950669999999784e-02 -1.114807500000000035e-02 -6.247822919999999891e-02 1.715488890000000169e-02 -1.806308920000000012e-02 2.570146200000000131e-02
1.032914329999999978e+02 5.432790299999999684e-02 -8.768796849999999782e-03 -6.629369849999999786e-02 -1.513418600000000086e-02 3.671704869999999760e-02 8.994071810000000416e-03
1.059965739999999954e+02 5.155072799999999705e-02 3.951790670000000089e-03 -7.246231459999999402e-02 -2.010933050000000138e-02 6.751669370000000503e-02 5.568764930000000106e-03
1.086923550000000063e+02 5.659728220000000143e-02 4.272983370000000419e-03 -6.738087030000000643e-02 -6.802717609999999956e-03 -5.539098600000000316e-03 -2.831020119999999932e-02
1.113922919999999976e+02 5.963465510000000303e-02 1.167436070000000062e-02 -6.160271080000000177e-02 1.951456070000000004e-03 -1.315499959999999989e-03 2.000129440000000119e-02
1.140904170000000022e+02 5.177965229999999947e-02 1.624785349999999934e-02 -6.646059460000000585e-02 -1.892988620000000087e-03 -6.889298440000000273e-03 -4.864588999999999719e-02
1.167846049999999991e+02 5.775228660000000097e-02 1.847233230000000156e-02 -6.407895199999999458e-02 -2.687152069999999837e-02 -2.504456949999999890e-02 -7.345820500000000038e-03
1.194948550000000012e+02 5.722848409999999747e-02 1.501659099999999927e-02 -5.457327509999999882e-02 -1.987209040000000038e-02 -3.203690540000000281e-02 -3.332475730000000053e-02
1.221847609999999946e+02 6.061087930000000346e-02 1.133933430000000006e-02 -5.095356250000000059e-02 -1.855854100000000131e-02 -4.453854809999999859e-02 -7.149365209999999568e-03
1.248821990000000000e+02 7.256185179999999346e-02 4.984087800000000165e-03 -5.862888890000000214e-02 9.188435849999999211e-03 -1.717246080000000077e-02 -2.886392249999999993e-02
1.275924959999999970e+02 7.388531980000000166e-02 2.253592170000000196e-03 -4.843646380000000279e-02 2.133926920000000019e-02 -6.982988580000000153e-03 -1.938762490000000074e-02
1.303109169999999892e+02 7.248666800000000410e-02 -9.735140289999999691e-04 -4.197215180000000295e-02 -1.325844049999999955e-02 -4.065478869999999967e-03 -6.763937370000000504e-02
1.330124169999999992e+02 7.519147249999999505e-02 5.310398289999999737e-03 -3.277523050000000215e-02 -2.488320939999999828e-02 1.980711710000000042e-02 -4.440317199999999770e-02
1.357091990000000123e+02 7.221491639999999546e-02 6.302235179999999930e-03 -1.886432489999999990e-02 -3.145194090000000102e-03 7.193887270000000160e-03 -3.987977919999999982e-02
1.384082300000000032e+02 7.406278199999999368e-02 6.296571429999999955e-03 -5.404961689999999638e-03 -4.900541879999999878e-02 -4.581262209999999863e-02 1.388193109999999973e-02
1.411036670000000015e+02 7.721131759999999566e-02 8.413615669999999214e-03 9.085388879999999751e-03 -8.172972860000000603e-03 1.051077639999999959e-02 -2.850345450000000072e-02
1.438053240000000130e+02 7.692376439999999704e-02 1.203111869999999931e-02 3.826064839999999967e-02 -2.613064699999999990e-02 -2.889014029999999872e-02 4.230461690000000136e-02
1.465109329999999943e+02 6.429071220000000253e-02 1.233070699999999978e-02 4.539231249999999690e-02 -4.924857059999999953e-02 -1.951569049999999847e-02 1.626502180000000087e-03
1.492207919999999888e+02 7.114687420000000151e-02 -2.937189409999999869e-03 4.919175810000000343e-02 -2.395950310000000139e-02 1.358397549999999961e-02 1.353526749999999987e-02
1.519152609999999868e+02 7.257599069999999541e-02 2.133774750000000213e-03 4.903911049999999661e-02 7.631876279999999860e-03 4.886832180000000303e-02 2.080174770000000131e-02
1.546229639999999961e+02 7.492737639999999533e-02 3.415896060000000057e-03 4.145460100000000064e-02 3.830713220000000335e-02 -5.565202509999999693e-03 -1.844460850000000096e-03
1.573264169999999922e+02 7.265872049999999582e-02 6.486366369999999743e-03 4.532878840000000020e-02 6.775661619999999788e-03 1.902739000000000166e-02 2.887276069999999972e-02
1.600404169999999908e+02 6.653476340000000211e-02 9.231263360000000265e-03 4.932683920000000000e-02 -6.371611250000000504e-02 -1.148413279999999960e-02 2.217838739999999920e-02
1.627321990000000085e+02 7.404136849999999603e-02 1.056311109999999963e-02 4.140381690000000114e-02 6.312670690000000105e-03 6.722780949999999922e-03 4.350681929999999920e-02
1.654374799999999937e+02 6.887383539999999971e-02 3.687972930000000052e-03 4.288431489999999791e-02 5.414062809999999754e-02 -4.182335839999999812e-03 5.133951419999999849e-02
1.681364330000000109e+02 7.478306830000000516e-02 1.156193649999999983e-02 4.251858750000000325e-02 3.331635019999999725e-02 -1.173332849999999920e-02 6.360096839999999918e-02
1.708417300000000125e+02 7.053916000000000353e-02 8.365888479999999960e-03 4.151044000000000261e-02 -2.309315110000000146e-03 1.248355620000000075e-02 3.965058379999999993e-02
1.735440580000000068e+02 5.721237550000000255e-02 2.343153990000000110e-03 4.762789380000000128e-02 -3.634495220000000248e-02 -1.473025050000000002e-02 3.493421879999999979e-02
1.762374639999999886e+02 5.779518039999999995e-02 -3.207050940000000065e-03 5.191984930000000109e-02 -1.228359490000000042e-03 -1.436404020000000073e-02 4.705757499999999732e-02
1.789393389999999897e+02 6.274078310000000269e-02 -7.502804969999999664e-03 4.396934499999999996e-02 -2.364284700000000156e-02 -1.915500139999999976e-02 2.774188220000000163e-02
1.816460889999999893e+02 6.796059070000000368e-02 -1.066282860000000027e-02 4.591203919999999744e-02 -3.214891300000000118e-02 -5.439924799999999727e-02 4.414140220000000413e-03
1.843491359999999872e+02 6.910988369999999936e-02 -5.013289090000000274e-03 4.808580140000000280e-02 -5.134990309999999669e-02 -6.935573039999999578e-02 -3.630852200000000279e-02
1.870446990000000085e+02 7.355519759999999685e-02 -8.624393359999999592e-03 5.028569079999999775e-02 -6.453754720000000333e-02 -1.637764419999999943e-02 -1.803746640000000040e-02
1.897369799999999884e+02 7.329362670000000302e-02 -5.746907209999999912e-03 6.534014350000000304e-02 -2.403745519999999844e-02 -5.391044989999999731e-03 -2.297477519999999857e-02
1.924325739999999882e+02 7.252786410000000572e-02 -1.388953729999999921e-02 6.365641769999999533e-02 -3.330396349999999867e-02 -5.026979949999999669e-03 2.130705069999999993e-02
1.951257919999999899e+02 6.289279990000000431e-02 -4.167719139999999725e-03 6.431655399999999800e-02 2.521113540000000097e-02 1.732895530000000059e-02 1.085983029999999967e-02
1.978293079999999975e+02 5.052293890000000148e-02 -4.494189650000000001e-03 6.344401069999999754e-02 -2.985846769999999858e-02 -2.126753439999999953e-02 3.128330270000000135e-02
2.005223389999999881e+02 5.418806350000000133e-02 2.145825100000000110e-03 5.817138589999999720e-02 -1.386869530000000086e-02 -3.114018190000000103e-02 4.511375100000000055e-02
2.032333549999999889e+02 5.983608809999999695e-02 -7.664355840000000412e-03 5.584592299999999870e-02 -5.071687999999999891e-02 -3.456389420000000046e-02 2.612229380000000156e-02
2.059251050000000021e+02 6.826811380000000207e-02 -2.022871949999999978e-03 5.513584459999999743e-02 -4.414244089999999968e-03 1.201221839999999999e-02 5.572101200000000032e-02
2.086390269999999987e+02 7.756322150000000137e-02 -5.518019570000000200e-03 3.795366599999999702e-02 -6.586108479999999710e-02 5.779579549999999677e-02 3.319467949999999751e-02
2.113477300000000128e+02 8.160123310000000352e-02 2.001981119999999854e-03 4.726232360000000299e-02 -4.977739899999999995e-02 1.594613909999999940e-02 -2.221866869999999938e-02
2.140534169999999961e+02 8.020846019999999799e-02 -4.733323670000000251e-04 3.769804060000000318e-02 -1.063197899999999974e-01 -1.675975000000000034e-02 -1.334464930000000063e-02
2.167567139999999881e+02 7.240837730000000694e-02 -4.106798220000000034e-03 5.023532449999999761e-02 5.515239849999999805e-02 3.639738669999999926e-03 -8.839250890000000666e-03
2.194579329999999970e+02 6.642154109999999501e-02 -2.491556030000000119e-03 4.448116970000000336e-02 4.621994790000000242e-02 -1.540473740000000008e-02 2.460619870000000167e-02
2.221669330000000002e+02 6.097860480000000249e-02 -3.716622129999999961e-04 5.061897430000000114e-02 9.815584339999999797e-02 1.248426109999999957e-02 1.761109220000000100e-02
2.248731520000000046e+02 6.178544440000000026e-02 -7.439183250000000122e-03 5.330751789999999685e-02 1.015430060000000086e-02 -5.918312769999999751e-03 4.741892880000000282e-02
2.275825269999999989e+02 5.383419390000000054e-02 1.347884730000000050e-03 5.575087730000000130e-02 1.615278750000000152e-02 2.577186689999999905e-02 3.918698660000000111e-02
2.302912300000000130e+02 6.294999010000000561e-02 6.570791159999999666e-03 5.521335299999999974e-02 -5.170105619999999791e-02 -2.703487920000000044e-02 5.406856110000000243e-03
2.329885580000000118e+02 6.147637410000000163e-02 2.368446949999999853e-03 5.263987839999999946e-02 -4.133576499999999654e-02 6.982227910000000405e-03 -5.401022109999999675e-03
2.356874019999999916e+02 5.767116729999999941e-02 -4.757168069999999707e-03 5.917190519999999954e-02 3.048172010000000168e-02 -9.241098799999999946e-03 6.438483449999999990e-03
2.383794019999999989e+02 5.463871530000000143e-02 -8.868838319999999137e-03 6.439843180000000278e-02 4.159579050000000028e-02 1.039864530000000030e-02 6.521863140000000447e-02
2.410842609999999979e+02 5.199416679999999819e-02 -6.813114890000000236e-03 5.631982809999999673e-02 7.690493430000000519e-02 -6.822153489999999848e-03 1.981833259999999947e-03
2.437787610000000029e+02 6.263529149999999546e-02 -1.337202080000000036e-02 5.475842840000000322e-02 6.565958880000000164e-02 8.600080180000000546e-03 4.328167380000000342e-02
2.464867299999999943e+02 6.533928790000000097e-02 -1.646283150000000042e-02 5.961487330000000279e-02 3.558776159999999661e-02 1.453091190000000039e-02 3.902701549999999797e-02
2.491925889999999981e+02 5.632563210000000181e-02 -1.004374599999999923e-02 6.292447839999999737e-02 4.694883559999999886e-04 -8.176570399999999461e-03 1.222786129999999926e-03
2.518946359999999913e+02 5.268412139999999882e-02 -1.067369429999999973e-02 6.322632949999999752e-02 4.353435230000000239e-02 2.217086199999999951e-02 4.818506320000000287e-02
2.546060109999999952e+02 4.872732700000000083e-02 -3.885046129999999986e-03 6.880462889999999776e-02 1.468275580000000073e-02 2.174073760000000063e-02 -1.512439720000000043e-02
2.573145269999999982e+02 4.281596840000000126e-02 -1.048827370000000002e-02 6.752397890000000347e-02 -1.087864579999999956e-02 -2.357061870000000045e-02 -1.520894710000000004e-02
2.600071990000000142e+02 4.673084009999999705e-02 -1.211257169999999973e-02 6.419897180000000425e-02 -1.677999039999999954e-03 -5.824040379999999989e-02 -2.577948580000000156e-02
2.627150270000000205e+02 4.773923120000000270e-02 -9.424302679999999738e-03 5.787891819999999715e-02 4.112858569999999769e-02 -1.822473729999999920e-03 -6.766496499999999359e-02
2.654011209999999892e+02 6.047606540000000086e-02 -3.449184939999999817e-03 5.041501539999999892e-02 1.720640970000000131e-02 2.239168579999999999e-03 7.349170490000000132e-03
2.681104439999999727e+02 6.941479100000000346e-02 -1.176685740000000093e-03 5.633023549999999907e-02 -1.539423099999999921e-04 1.621078119999999970e-02 -1.684196639999999828e-02
