# a=0.06383823850443021, b=-147.02335651107614, c=-0.0013975664739010016, xi=11.163324907556254
6.847975090000000264e-01 7.227054739999999589e-02 9.084077939999999143e-03 6.019793450000000129e-02 3.181099719999999891e-03 -1.860913590000000048e-02 1.672963489999999831e-02
3.388604350000000043e+00 7.686059459999999843e-02 1.094273660000000085e-02 4.788671080000000274e-02 1.247855410000000068e-02 3.496165529999999827e-02 1.017305760000000031e-03
6.076245909999999917e+00 7.759546609999999622e-02 8.343202379999999432e-03 3.599471519999999924e-02 5.097267529999999908e-02 3.270441620000000271e-02 2.974047559999999993e-02
8.775404500000000496e+00 7.954909450000000048e-02 2.035217900000000149e-02 1.101768950000000039e-02 -6.355125389999999840e-03 2.650856489999999996e-02 3.596841419999999984e-02
1.146399609999999925e+01 8.442327249999999339e-02 2.610684159999999976e-02 -1.770240719999999907e-02 2.011879800000000024e-02 -2.569453699999999993e-03 5.038013949999999713e-02
1.414745390000000036e+01 7.538634700000000632e-02 2.505872829999999940e-02 -3.398869210000000224e-02 4.015101940000000147e-02 -1.628484490000000132e-02 2.749148040000000057e-02
1.685204759999999879e+01 7.991269010000000284e-02 2.145346650000000063e-02 -3.059653229999999974e-02 5.749454040000000037e-03 4.772968370000000085e-03 -1.654735829999999996e-03
1.955471950000000092e+01 7.361228089999999336e-02 1.181982929999999925e-02 -4.223324679999999887e-02 1.632513709999999915e-03 2.075549609999999962e-02 3.571090309999999917e-03
2.225254449999999906e+01 6.878209150000000327e-02 1.103481429999999923e-02 -4.785098220000000291e-02 -5.189718010000000242e-03 1.588038209999999978e-02 5.364248260000000108e-03
2.495999450000000053e+01 6.062786629999999954e-02 8.114573599999999262e-03 -5.937553889999999668e-02 1.476879199999999934e-02 5.070384359999999951e-02 -3.368877559999999827e-02
2.766918670000000091e+01 5.840384970000000314e-02 7.498946999999999731e-03 -6.842060880000000456e-02 4.936225810000000047e-02 4.367983269999999724e-02 -1.321214100000000016e-02
3.036717889999999898e+01 5.356261140000000143e-02 2.935890610000000192e-03 -6.151814969999999660e-02 9.179347250000000069e-02 1.952564249999999904e-02 2.501208259999999906e-02
3.307553670000000068e+01 5.094869700000000112e-02 4.568207170000000288e-05 -6.333274649999999506e-02 3.964890740000000247e-02 1.689617939999999915e-02 4.423779020000000173e-02
3.578300699999999779e+01 5.998522910000000236e-02 -4.303163809999999731e-04 -7.087750140000000088e-02 4.378495250000000172e-02 -7.906379559999999335e-03 -2.022453740000000090e-03
3.848124450000000252e+01 5.768263519999999867e-02 -1.422692889999999967e-02 -7.492727949999999915e-02 5.656911719999999782e-02 3.470257680000000261e-02 -5.248155959999999814e-02
4.119449449999999757e+01 5.855622950000000104e-02 -9.028846470000000818e-03 -6.647552989999999662e-02 3.556946579999999830e-02 1.813714890000000038e-02 -3.496633600000000064e-02
4.388346330000000250e+01 5.528090360000000036e-02 -1.412024870000000085e-02 -6.583628319999999812e-02 2.551372290000000070e-02 1.845371720000000063e-02 5.462917739999999939e-03
4.659294140000000084e+01 5.863578740000000011e-02 -3.969582129999999626e-03 -6.247395179999999659e-02 6.615860609999999614e-03 -2.131601660000000120e-02 -1.154863069999999964e-02
4.928326950000000295e+01 6.346968640000000272e-02 -3.014687619999999852e-04 -6.891573339999999825e-02 -1.158129279999999895e-03 5.505884959999999585e-03 1.389149079999999967e-02
5.199172579999999755e+01 5.874703459999999766e-02 3.381329770000000151e-03 -6.405261669999999519e-02 1.898094369999999906e-02 -4.009861549999999691e-02 3.075952959999999833e-02
5.470132420000000195e+01 5.716443940000000279e-02 -6.597609250000000024e-04 -6.709206859999999883e-02 2.915971109999999922e-02 -2.441528650000000106e-02 -5.804033590000000353e-03
5.740794449999999927e+01 5.743796579999999735e-02 -9.180924870000000239e-04 -6.949424980000000474e-02 1.966738900000000040e-02 -1.571389299999999961e-02 2.898238480000000020e-02
6.010595860000000101e+01 5.364809450000000007e-02 -2.159483719999999961e-03 -7.452142439999999424e-02 7.869660289999999558e-02 -2.137233440000000165e-02 1.699475259999999946e-02
6.281548829999999839e+01 5.537509609999999999e-02 -6.369171340000000237e-03 -7.766894530000000019e-02 1.132049580000000014e-02 -7.774895119999999937e-03 -5.693862200000000123e-02
6.550853669999999340e+01 5.288468550000000046e-02 1.472495799999999991e-04 -7.270024780000000630e-02 6.910597799999999846e-02 -1.560613769999999977e-02 -5.631185140000000144e-02
6.820802109999999630e+01 5.723942929999999846e-02 -2.331260600000000134e-03 -7.765532980000000585e-02 -2.451993040000000068e-02 3.491415380000000013e-02 -5.006194999999999742e-03
7.090206949999999608e+01 6.599495780000000367e-02 7.424704239999999761e-03 -6.310622589999999310e-02 7.063377680000000602e-02 -2.760448730000000100e-02 4.219964180000000133e-04
7.359230080000000385e+01 6.369742529999999903e-02 4.396904959999999724e-03 -6.282238589999999956e-02 9.236035139999999866e-02 1.222372470000000072e-02 1.001459700000000008e-02
7.630216950000000509e+01 6.194800190000000067e-02 7.088989070000000121e-03 -5.473946910000000027e-02 1.412810419999999956e-01 -2.303224140000000031e-02 1.021090390000000021e-02
7.899877730000000042e+01 6.322207920000000314e-02 4.270830580000000050e-03 -5.832302579999999737e-02 1.072239670000000034e-01 -2.566260269999999857e-02 1.176988500000000076e-02
8.170559609999999395e+01 6.757502919999999746e-02 6.406335840000000094e-03 -6.848360920000000351e-02 8.853074099999999613e-02 -1.376559049999999916e-02 9.095558030000000863e-03
8.440389919999999790e+01 6.339419479999999774e-02 2.841047819999999949e-03 -7.097433429999999710e-02 5.719438350000000115e-02 -1.378636289999999980e-02 3.623691630000000150e-03
8.710438510000000178e+01 5.962746740000000184e-02 8.116836570000000861e-03 -6.248182990000000075e-02 3.373503550000000323e-02 -1.426942460000000037e-02 -1.502961870000000047e-02
8.979969450000000109e+01 5.579369580000000106e-02 1.682869219999999846e-02 -7.344697819999999877e-02 4.267528030000000000e-02 1.975034650000000169e-02 -3.285693139999999735e-02
9.250257580000000246e+01 5.696402849999999962e-02 1.961103120000000019e-02 -6.744512789999999869e-02 3.266664860000000059e-02 -1.026975899999999983e-02 -1.303560160000000016e-02
9.518835079999999493e+01 5.247238449999999665e-02 1.197956409999999944e-02 -6.897383270000000122e-02 4.947794769999999676e-02 -2.349377719999999874e-03 3.305920400000000176e-02
9.788976479999999469e+01 6.331777809999999951e-02 1.058467119999999956e-02 -6.900838250000000673e-02 5.189015760000000033e-02 1.297005430000000049e-02 6.311425730000000400e-03
1.005826799999999963e+02 6.505968959999999801e-02 3.780966389999999930e-03 -6.932970509999999975e-02 7.344087000000000531e-02 7.271674609999999837e-03 6.728330379999999597e-03
1.032795399999999972e+02 6.660422940000000624e-02 1.134491020000000065e-02 -6.086784430000000135e-02 5.912524870000000071e-02 1.887637060000000103e-02 8.011529990000000254e-03
1.059844769999999983e+02 7.209662990000000049e-02 -5.702823559999999591e-04 -5.662595160000000183e-02 6.366607759999999561e-02 2.666776159999999923e-02 -5.106645139999999722e-02
1.086828990000000061e+02 7.459403940000000621e-02 -8.842628910000000647e-03 -5.238962199999999680e-02 2.388687050000000076e-02 -2.323746529999999935e-02 -5.624402939999999934e-02
1.113826959999999957e+02 7.342629130000000170e-02 -9.100874510000000681e-03 -5.381128470000000330e-02 6.347315600000000280e-02 4.624712329999999989e-03 -3.783206559999999913e-02
1.140838519999999932e+02 6.114562850000000022e-02 -7.899423779999999520e-03 -6.718460889999999797e-02 5.828787989999999891e-02 -2.617385369999999933e-02 -4.000151879999999660e-02
1.167834930000000071e+02 5.896432380000000278e-02 1.995684880000000126e-03 -6.622177320000000034e-02 5.393237210000000059e-02 -5.407649240000000218e-02 -9.685062319999999947e-03
1.194896800000000070e+02 6.150635420000000186e-02 2.522252259999999829e-03 -6.213520940000000214e-02 6.600000299999999633e-03 -9.195002100000000331e-03 -2.926860959999999859e-02
1.221997429999999980e+02 6.526284799999999831e-02 7.768707169999999884e-03 -6.280440610000000146e-02 2.783373650000000102e-02 -1.499477410000000024e-02 -2.793197349999999857e-02
1.249015710000000041e+02 6.027988380000000312e-02 8.839203699999999275e-03 -7.276231789999999811e-02 2.442467640000000120e-02 2.828660590000000013e-03 -1.442673570000000023e-02
1.276027899999999988e+02 5.352129719999999813e-02 5.215304119999999988e-03 -7.078778400000000637e-02 3.301759769999999816e-02 -4.227285019999999817e-03 1.694959279999999971e-02
1.303059460000000058e+02 5.335601630000000317e-02 5.057050220000000422e-03 -6.495799069999999564e-02 4.232908789999999949e-03 4.380554350000000208e-02 -1.280421410000000086e-02
1.330073519999999974e+02 6.196599369999999940e-02 1.828248219999999971e-03 -5.516603390000000134e-02 1.554352059999999924e-02 3.046858430000000048e-02 -5.136619640000000125e-02
1.356993840000000091e+02 6.600753739999999647e-02 1.376261150000000072e-02 -5.275962099999999960e-02 1.058654619999999970e-02 3.914840619999999938e-02 -5.879336680000000342e-02
1.384019619999999975e+02 6.747728040000000593e-02 2.585438580000000083e-03 -3.534606819999999705e-02 3.343925770000000242e-02 4.121057189999999953e-02 -4.975914449999999795e-02
1.411027269999999874e+02 7.713030960000000213e-02 4.544294899999999811e-03 -2.694476729999999848e-02 3.927519499999999886e-02 4.901147620000000094e-02 -1.479611179999999922e-02
1.437931649999999877e+02 7.474295229999999846e-02 1.293119859999999942e-03 -1.295469859999999994e-02 2.136450209999999836e-02 1.301805879999999929e-02 4.198043180000000235e-02
1.464951959999999929e+02 7.028495190000000337e-02 6.600700529999999761e-03 -7.373025119999999585e-03 -1.375711339999999977e-02 -3.020521660000000108e-02 1.303752610000000027e-02
1.491991960000000006e+02 6.233194520000000238e-02 1.662717769999999887e-02 -1.589464880000000021e-03 -1.605009160000000004e-02 -2.103352220000000161e-02 -3.382717560000000206e-02
1.518995089999999948e+02 7.048891820000000030e-02 1.555052680000000055e-02 2.157550600000000124e-02 -2.973343010000000213e-03 -3.296466530000000117e-02 1.775818740000000007e-02
1.546007899999999893e+02 7.460713010000000200e-02 7.586454500000000024e-03 3.989181280000000246e-02 -1.033587889999999961e-02 -1.717202290000000020e-02 -1.311311499999999984e-02
1.572941179999999974e+02 7.249154260000000016e-02 7.339508889999999709e-03 5.501038440000000085e-02 -3.570309180000000304e-02 1.931283170000000146e-02 1.640539480000000050e-02
1.599980869999999982e+02 6.524620729999999758e-02 3.665316599999999831e-03 5.040449059999999731e-02 -5.516238159999999925e-03 -4.440938710000000289e-02 1.533617699999999945e-02
1.626950089999999989e+02 6.014142210000000127e-02 4.812539200000000295e-03 5.399579229999999785e-02 -2.810449619999999885e-02 1.138241920000000046e-02 3.467182540000000174e-02
1.653932739999999910e+02 5.347706049999999961e-02 5.007906839999999582e-03 6.268531489999999706e-02 1.190585710000000019e-02 1.616593909999999856e-02 2.888516119999999868e-02
1.681047120000000064e+02 6.284402440000000367e-02 5.777144199999999750e-03 5.494911379999999762e-02 -7.699970209999999586e-03 -1.110236189999999970e-02 6.992502579999999683e-03
1.707971489999999903e+02 7.298945569999999716e-02 5.906378619999999580e-03 6.094556190000000040e-02 1.185530239999999999e-02 2.141086730000000063e-02 4.441930329999999733e-02
1.735045869999999866e+02 6.864757770000000370e-02 5.953608489999999767e-03 5.582832840000000185e-02 7.166471399999999915e-03 -2.919604780000000042e-03 3.167133009999999887e-03
1.762145399999999995e+02 6.956057810000000619e-02 -1.777909249999999912e-03 6.350526870000000601e-02 -1.419889109999999954e-02 1.158151609999999963e-02 2.396125010000000125e-02
1.789036179999999945e+02 6.977804519999999955e-02 -7.245594939999999880e-03 5.921329100000000123e-02 -3.945459770000000338e-02 2.044953580000000160e-02 6.534780869999999575e-02
1.816022429999999872e+02 6.831903659999999379e-02 -5.872610620000000238e-04 7.031212359999999828e-02 2.167894199999999966e-02 -3.327936450000000025e-03 7.148160000000000625e-02
1.842915399999999977e+02 6.283895609999999576e-02 -2.393264810000000214e-03 6.720698190000000405e-02 3.549792520000000229e-02 1.292406200000000005e-02 6.465636410000000223e-02
1.869927120000000116e+02 6.662043049999999411e-02 -2.857677590000000118e-03 6.307616319999999333e-02 1.538283309999999987e-02 -2.902135210000000159e-02 9.767474619999999552e-02
1.897001019999999869e+02 6.934226479999999748e-02 -1.118974160000000065e-02 6.130817119999999731e-02 3.867983609999999656e-02 9.932663879999999515e-03 5.766456799999999938e-02
1.924020089999999925e+02 5.979170999999999792e-02 -4.494002139999999854e-03 6.275867479999999721e-02 1.343677809999999952e-02 1.084314200000000006e-02 3.662820099999999912e-02
1.951021340000000066e+02 6.102732169999999789e-02 -5.734216099999999913e-03 5.649975250000000004e-02 -6.458780800000000176e-03 7.817783899999999897e-03 1.553124300000000013e-02
1.978077429999999879e+02 6.873886699999999517e-02 -1.201077950000000068e-02 5.514784689999999850e-02 -9.616018980000000035e-03 -7.687222209999999660e-03 2.060060819999999862e-02
2.004943839999999966e+02 7.179018759999999943e-02 -1.273230480000000012e-03 5.712352670000000326e-02 9.099384190000000400e-03 4.210925010000000218e-02 5.564602290000000145e-02
2.031893990000000088e+02 6.943427570000000604e-02 1.194318709999999967e-03 5.175199379999999988e-02 6.937691549999999707e-03 3.901703470000000146e-02 7.006273379999999884e-02
2.058812120000000050e+02 6.921756149999999663e-02 6.608348840000000113e-03 5.807283149999999811e-02 -4.745434300000000299e-03 4.871179519999999791e-02 7.224334359999999566e-02
2.085794769999999971e+02 6.560207249999999712e-02 8.076482799999999684e-03 5.841836250000000119e-02 4.754382070000000293e-03 3.300772290000000136e-02 5.582973229999999704e-02
2.112757119999999986e+02 6.246893509999999761e-02 2.057625000000000079e-02 5.880900659999999808e-02 -8.486032940000000704e-03 1.208528780000000039e-02 3.742439630000000267e-02
2.139792590000000132e+02 6.140437549999999689e-02 4.550525720000000302e-03 6.156739449999999725e-02 -7.151292889999999979e-03 1.223580829999999960e-02 5.724865149999999736e-02
2.166789770000000033e+02 6.255009599999999947e-02 5.976939500000000294e-03 6.346005829999999681e-02 1.414746740000000051e-02 5.200774689999999867e-02 5.321233759999999952e-02
2.193726020000000005e+02 5.828044610000000098e-02 -2.048242379999999814e-03 6.821210090000000281e-02 3.673771029999999688e-02 1.277011439999999921e-02 8.389819610000000261e-02
2.220744929999999897e+02 5.909085239999999767e-02 5.209041789999999637e-03 6.700163859999999638e-02 -1.949165400000000018e-03 5.155440740000000188e-02 3.702407600000000298e-02
2.247779459999999858e+02 5.485746159999999733e-02 8.761093929999999932e-03 7.024585190000000312e-02 6.198244379999999672e-03 -2.216673289999999963e-02 1.715145869999999944e-03
2.274784769999999980e+02 5.601700309999999711e-02 8.157389899999999139e-03 7.566857820000000290e-02 8.441842139999999189e-03 -1.391617449999999964e-02 7.711245320000000014e-02
2.301857119999999952e+02 6.227741960000000160e-02 5.842827099999999690e-03 7.166111140000000490e-02 2.336509529999999946e-02 4.742483320000000051e-03 8.283284729999999818e-02
2.328815869999999961e+02 5.630742209999999720e-02 -1.931298060000000106e-03 7.548511889999999502e-02 -9.441933959999999210e-03 9.709809340000000177e-03 9.528444640000000021e-02
2.356010090000000048e+02 5.387961000000000139e-02 2.491012749999999953e-03 6.911602579999999441e-02 3.455677570000000032e-02 -1.722442329999999966e-02 6.850827870000000515e-04
2.383021650000000022e+02 6.395992209999999678e-02 2.254031630000000175e-03 6.412639779999999845e-02 -1.244613850000000042e-02 2.222589670000000087e-02 3.335515370000000090e-02
2.410220089999999971e+02 6.372205029999999937e-02 -4.158674809999999590e-03 6.215965970000000146e-02 2.120100250000000065e-03 9.954698669999999597e-03 -1.258956819999999983e-02
2.437078209999999956e+02 6.789532759999999945e-02 -2.693356479999999865e-03 7.261026859999999972e-02 -2.336457020000000037e-02 2.146032250000000016e-02 5.753775719999999760e-02
2.464061649999999872e+02 6.548930599999999713e-02 8.886760420000000549e-03 7.644757300000000477e-02 -2.084124639999999917e-02 4.321454009999999707e-02 4.923097659999999681e-02
2.491028839999999889e+02 5.979139139999999769e-02 4.765922229999999642e-03 6.865505959999999852e-02 6.993608880000000069e-03 6.001630709999999924e-02 2.446401310000000107e-02
2.518110399999999913e+02 5.484328110000000200e-02 1.537622280000000043e-02 7.287115199999999460e-02 8.441518679999999303e-03 1.053553640000000000e-02 1.051801659999999916e-02
2.545198990000000094e+02 5.921507570000000137e-02 1.299441070000000031e-02 6.297081990000000240e-02 8.044794010000000037e-04 1.066326050000000053e-03 4.356923499999999783e-02
2.572082899999999768e+02 5.715239929999999663e-02 1.335849780000000070e-02 6.577233749999999990e-02 2.654168599999999836e-02 -2.239834510000000140e-03 1.018308019999999980e-01
2.599176340000000209e+02 6.133342540000000231e-02 1.058066579999999979e-02 6.817442799999999525e-02 -1.291522550000000040e-02 1.595561120000000069e-02 5.252242549999999732e-02
2.626181179999999813e+02 6.261965860000000272e-02 9.103470509999999488e-03 6.428172869999999872e-02 3.083935629999999886e-02 -1.126677690000000079e-02 4.415276080000000297e-02
2.653214770000000158e+02 7.531603729999999941e-02 1.701738900000000082e-02 6.281377770000000360e-02 -2.434324549999999920e-02 -2.357706890000000124e-02 4.456036719999999923e-02
2.680234810000000039e+02 7.186023469999999747e-02 1.120809640000000086e-02 6.081001400000000251e-02 -2.469290000000000027e-02 3.336297690000000066e-03 3.548701259999999941e-02
