# a=0.059843255517783474, b=-127.22791920406878, c=-0.0018985240058794143, xi=4.352540713296651
6.760804700000000445e-01 8.795380989999999899e-02 2.899365440000000187e-04 -2.585161710000000168e-02 -2.241102530000000075e-03 7.320591419999999613e-03 1.914324319999999996e-02
3.382049120000000020e+00 8.025069009999999392e-02 -8.124921940000000373e-04 -4.794909740000000142e-02 -7.028327880000000139e-02 -5.360042579999999696e-02 -8.448795090000000771e-03
6.078927710000000317e+00 7.031592940000000458e-02 1.268736699999999931e-03 -4.995915360000000027e-02 -3.608808239999999889e-02 -1.214248149999999984e-02 6.976230550000000336e-03
8.771834430000000182e+00 6.426968939999999630e-02 -3.226391419999999951e-03 -6.619381509999999746e-02 -3.518048809999999721e-02 -5.140165780000000018e-02 -7.636485759999999713e-03
1.147137629999999930e+01 6.412238939999999332e-02 1.650707099999999990e-03 -7.206252109999999877e-02 -2.525809500000000124e-02 -3.255274240000000183e-03 -1.175582019999999936e-02
1.417054820000000070e+01 6.267108170000000589e-02 -8.345800200000000509e-04 -7.047625459999999620e-02 -1.412366840000000082e-02 8.420405029999999610e-03 2.258900599999999828e-02
1.688524969999999925e+01 6.545028910000000311e-02 4.446337209999999887e-03 -6.501798529999999743e-02 6.897391719999999837e-03 -1.713604729999999854e-02 3.542959899999999912e-02
1.958423880000000139e+01 6.313024450000000176e-02 -3.824532690000000124e-03 -4.308089770000000235e-02 -4.930603150000000142e-05 9.236002800000000373e-03 4.454445340000000308e-02
2.228344819999999871e+01 5.803093830000000120e-02 8.676672079999999537e-03 -3.832770519999999931e-02 3.872798660000000177e-03 -1.091077560000000037e-02 2.979861849999999868e-02
2.498576849999999894e+01 5.804063570000000255e-02 1.253714059999999934e-03 -3.826866040000000135e-02 3.005490280000000167e-02 -1.754493929999999952e-03 3.346305080000000053e-03
2.769862790000000174e+01 6.693906639999999686e-02 6.046182140000000080e-03 -3.794464379999999692e-02 -4.441415609999999764e-02 -2.173880889999999996e-02 1.571325990000000099e-03
3.039976379999999878e+01 7.157234379999999341e-02 5.980491279999999854e-03 -4.403235710000000247e-02 -1.604821879999999978e-02 1.873795019999999895e-02 2.340813850000000168e-02
3.309692009999999840e+01 6.620357179999999953e-02 2.371081760000000142e-03 -4.867195939999999915e-02 -1.729218160000000129e-02 -4.085493390000000113e-02 -1.384859939999999977e-02
3.579464819999999747e+01 6.778211450000000415e-02 -6.650910119999999578e-05 -5.631362460000000070e-02 1.842222359999999993e-03 -4.287456889999999993e-02 2.271389060000000154e-02
3.848893720000000229e+01 6.511411279999999857e-02 2.977155259999999821e-03 -5.934308580000000055e-02 -3.145524079999999917e-02 -3.404378300000000107e-02 4.912427260000000288e-03
4.120070909999999742e+01 6.416245260000000283e-02 2.762893269999999995e-03 -5.929574189999999717e-02 -1.182648229999999981e-02 5.271356320000000067e-03 -2.468501130000000029e-02
4.390032010000000184e+01 5.725936300000000062e-02 1.456196960000000001e-04 -6.708484559999999819e-02 -7.239187139999999666e-03 -2.899628200000000083e-03 1.605884679999999842e-02
4.659396069999999668e+01 6.035190690000000191e-02 4.082384540000000110e-03 -6.199268349999999955e-02 5.561206309999999764e-02 -9.750371339999999373e-03 6.731306759999999834e-02
4.929927940000000319e+01 5.816679830000000273e-02 -6.776557939999999607e-04 -5.506201100000000098e-02 3.355060669999999912e-02 1.101479409999999923e-02 2.645889660000000018e-02
5.199635760000000317e+01 5.847643450000000048e-02 4.150491360000000155e-04 -5.123307979999999762e-02 2.208380570000000043e-02 -2.185735200000000003e-02 4.846844210000000354e-03
5.467886380000000202e+01 5.946791419999999939e-02 5.222559990000000263e-03 -5.406103190000000058e-02 5.679834210000000300e-02 -1.509763010000000037e-02 3.871894969999999797e-02
5.738337789999999927e+01 7.491152349999999349e-02 -3.430232000000000073e-03 -5.769278180000000228e-02 -1.747690099999999955e-02 4.023326710000000119e-04 7.972999810000000812e-03
6.007755290000000059e+01 7.678559510000000643e-02 -1.031119770000000005e-03 -5.671555290000000055e-02 4.098893210000000009e-02 3.268417520000000114e-03 -1.439406000000000019e-02
6.276941219999999788e+01 6.687802669999999561e-02 -1.592101920000000073e-03 -5.738623040000000175e-02 4.951822809999999880e-02 1.767304149999999975e-03 1.651789000000000035e-02
6.546236380000000565e+01 6.807410160000000598e-02 4.640164410000000104e-04 -5.308217760000000229e-02 9.591796530000000487e-02 -2.708417720000000015e-02 1.325237670000000085e-03
6.816671069999999588e+01 6.105366830000000244e-02 -4.391223879999999608e-03 -4.911525769999999791e-02 -4.484320079999999653e-02 9.275262010000000223e-03 -5.222881830000000031e-02
7.085422160000000247e+01 5.255593850000000317e-02 1.086601310000000035e-03 -4.654973290000000152e-02 -2.375534250000000194e-03 -1.891290489999999892e-03 -1.434049530000000051e-02
7.356354969999999582e+01 4.983929869999999956e-02 -5.452060219999999881e-03 -5.295828290000000049e-02 -1.176648750000000056e-02 -1.087261989999999991e-02 -3.781235320000000261e-02
7.627184189999999830e+01 5.453535450000000090e-02 -8.474309710000000814e-03 -6.268876689999999807e-02 3.169502439999999800e-03 1.263952909999999964e-02 -1.493994340000000080e-02
7.897957470000000058e+01 5.930510750000000247e-02 -3.895657409999999949e-03 -6.549857109999999982e-02 2.629238910000000068e-02 2.168512610000000035e-02 8.638410620000000137e-03
8.169590909999999440e+01 5.421059720000000193e-02 -3.443513339999999985e-03 -7.099771209999999888e-02 5.089001519999999945e-02 -8.236800330000000267e-03 7.761132839999999693e-03
8.440398879999999338e+01 5.087819610000000187e-02 -6.168475539999999663e-04 -6.889623540000000546e-02 4.154522670000000001e-02 -4.579295259999999895e-02 1.642792939999999924e-02
8.710918879999999831e+01 5.079850240000000072e-02 3.620932940000000030e-03 -7.166455230000000343e-02 4.210206870000000184e-02 2.950033260000000171e-02 2.393158080000000118e-02
8.981518099999999549e+01 4.232254299999999719e-02 8.172619270000000546e-03 -6.028047109999999653e-02 4.641576869999999681e-03 1.105301139999999988e-02 -1.259343179999999939e-03
9.252479970000000264e+01 4.478796709999999931e-02 5.537137969999999729e-03 -6.405702909999999584e-02 2.457679180000000088e-02 -6.583314649999999837e-03 -3.479417679999999985e-02
9.522829819999999756e+01 5.497590849999999668e-02 1.969017769999999948e-03 -6.707055289999999670e-02 -1.614259980000000037e-03 8.523968590000000067e-03 8.712666670000000779e-03
9.792649190000000203e+01 5.543596130000000288e-02 -2.953847260000000158e-03 -5.212611389999999983e-02 4.246831799999999796e-02 -1.026766689999999982e-02 1.261891000000000054e-02
1.006261889999999966e+02 5.741976060000000132e-02 -1.282022560000000040e-02 -5.845525050000000000e-02 7.914744630000000118e-04 2.088293880000000047e-02 -2.758434350000000049e-02
1.033155639999999948e+02 6.270786009999999855e-02 -9.874930949999999319e-03 -6.225617809999999669e-02 2.303730630000000099e-02 2.973613859999999984e-02 -2.676861119999999952e-03
1.060120950000000022e+02 6.478209660000000536e-02 -1.285139050000000047e-02 -6.215231250000000096e-02 3.769837639999999712e-02 -1.116118099999999919e-02 -2.814294649999999828e-02
1.087112979999999993e+02 5.855996349999999934e-02 -5.491314090000000252e-03 -6.116646640000000107e-02 4.519412700000000060e-02 -1.202460900000000034e-02 -3.751945109999999667e-02
1.114248290000000026e+02 5.114054739999999988e-02 -2.697333780000000028e-03 -7.213490490000000477e-02 8.505613880000000362e-03 -1.863477720000000087e-02 -3.883823899999999663e-02
1.141148290000000003e+02 4.356460959999999827e-02 1.775366599999999998e-03 -6.728351259999999778e-02 3.000716930000000074e-02 9.342871209999999149e-03 3.721221959999999884e-02
1.168179540000000003e+02 4.879588790000000120e-02 -9.288641299999999710e-04 -6.344843629999999401e-02 7.443051650000000186e-02 -3.635775769999999990e-02 3.524504130000000179e-02
1.195118609999999961e+02 5.445716849999999998e-02 -4.192989779999999750e-03 -5.921157700000000135e-02 5.500353589999999737e-02 -2.229868999999999948e-02 4.800503689999999907e-02
1.222094539999999938e+02 6.523404539999999585e-02 -2.236886170000000184e-03 -3.959139579999999825e-02 6.568354760000000292e-02 -1.364910010000000042e-02 5.751905279999999614e-03
1.249059230000000014e+02 6.623614410000000507e-02 -4.583704509999999774e-03 -3.264403500000000180e-02 1.357274770000000070e-03 5.890848860000000298e-02 1.112462729999999945e-03
1.276101259999999940e+02 7.046485560000000092e-02 1.416311250000000044e-03 4.798173409999999966e-04 -7.313793039999999523e-02 8.499038659999999523e-03 -5.281938010000000044e-02
1.302848759999999970e+02 7.572624610000000533e-02 -4.938735439999999630e-03 3.126548559999999671e-02 -8.282963570000000109e-02 7.655575450000000337e-03 -1.599695459999999833e-02
1.329924230000000023e+02 6.357277159999999427e-02 4.476588689999999940e-03 5.289639919999999940e-02 -1.074059660000000055e-01 2.070472530000000075e-02 -3.687627560000000110e-02
1.356859080000000120e+02 5.958534029999999759e-02 -7.366445000000000111e-04 7.533973150000000674e-02 -6.549125069999999979e-03 2.915018440000000099e-02 3.288550860000000035e-04
1.383900010000000123e+02 5.831379629999999814e-02 -2.305780089999999970e-03 6.571499540000000361e-02 1.392411389999999999e-02 5.252467470000000103e-03 -6.873845610000000120e-03
1.410984080000000063e+02 5.958896660000000123e-02 -2.185740700000000057e-03 5.835992649999999921e-02 -5.241140860000000068e-03 -3.093478170000000041e-02 -1.596658310000000081e-02
1.437916580000000124e+02 5.531135980000000119e-02 3.666090849999999852e-04 7.153861529999999691e-02 -2.638251700000000116e-02 1.573770279999999909e-03 -1.610212670000000026e-02
1.464849700000000041e+02 5.184077430000000319e-02 9.627761309999999934e-03 7.445663299999999429e-02 -9.259239739999999483e-03 1.061023479999999991e-02 5.273162800000000261e-02
1.491971729999999923e+02 5.740845420000000032e-02 1.220280750000000058e-03 7.106238920000000625e-02 4.514747630000000289e-02 -2.059984689999999966e-02 4.929011359999999758e-02
1.518984389999999962e+02 5.536375240000000059e-02 7.704392949999999685e-03 6.463059879999999424e-02 1.038187890000000051e-02 -2.305016229999999958e-02 5.395182810000000162e-02
1.545918760000000134e+02 6.063473269999999915e-02 9.177637000000000642e-03 6.058610489999999987e-02 -5.026794299999999896e-03 -2.231322200000000061e-02 1.695277090000000056e-02
1.572858760000000018e+02 6.076599070000000130e-02 1.231539230000000019e-02 6.355422360000000104e-02 8.737674850000000035e-03 -1.085931639999999920e-02 5.881190619999999980e-02
1.599836420000000032e+02 6.855308720000000133e-02 7.050999940000000216e-03 6.502036830000000600e-02 1.859303329999999893e-02 -5.882239069999999764e-02 3.255707900000000266e-02
1.626852829999999983e+02 7.313450729999999844e-02 -2.001654229999999958e-04 5.318156660000000063e-02 2.119735669999999947e-02 -1.093524870000000052e-02 2.391456020000000057e-02
1.653950169999999957e+02 7.451942690000000480e-02 -4.857957750000000026e-03 4.642806440000000340e-02 4.241624959999999722e-02 -3.850335460000000199e-03 -1.788849740000000160e-02
1.681046890000000076e+02 6.005111500000000213e-02 -1.139818899999999998e-03 4.828832450000000026e-02 5.437178759999999889e-02 -3.191198960000000279e-02 1.561504690000000035e-02
1.708097510000000057e+02 5.886456880000000280e-02 -8.142912119999999934e-03 4.391460059999999915e-02 1.335447329999999919e-02 1.664086860000000070e-02 -9.238812440000000736e-03
1.735078919999999982e+02 6.539698350000000548e-02 -1.894027690000000012e-03 4.773644190000000259e-02 -7.063393460000000172e-03 -1.704471520000000115e-02 4.871099650000000267e-03
1.762043610000000058e+02 6.907627280000000480e-02 -1.157003040000000038e-03 4.398578110000000291e-02 -1.599976499999999913e-02 8.203495139999999325e-03 -3.332256659999999898e-02
1.788947670000000016e+02 7.261670609999999748e-02 2.336985399999999893e-03 4.460253250000000003e-02 1.961810649999999948e-02 2.741640039999999889e-03 -1.606849109999999858e-02
1.815824079999999867e+02 6.930249110000000212e-02 6.232732250000000244e-03 4.205774699999999949e-02 -4.158474490000000322e-03 -1.178475409999999932e-02 -4.160935260000000330e-02
1.842786110000000122e+02 6.307908190000000026e-02 -3.498664759999999961e-04 5.157801349999999868e-02 1.084787150000000031e-04 2.404401910000000114e-02 -4.419791210000000026e-02
1.869813289999999881e+02 5.878115879999999682e-02 9.885828739999999795e-04 5.646058729999999665e-02 -6.388037689999999792e-05 -1.564836239999999913e-03 -3.682277829999999752e-02
1.896853759999999909e+02 6.107829430000000226e-02 -2.673727940000000022e-03 5.611886790000000097e-02 5.561932640000000379e-03 8.244580989999999998e-03 -9.803349879999999350e-03
1.923785169999999880e+02 6.442385859999999465e-02 -1.710950790000000023e-03 5.626669759999999854e-02 -1.436019989999999915e-03 -1.417555589999999928e-02 2.796693800000000021e-02
1.950764079999999865e+02 6.368354800000000648e-02 -3.976704359999999605e-03 6.674138690000000484e-02 9.104031160000000287e-04 -3.165892299999999897e-04 1.013424589999999993e-02
1.977867830000000140e+02 4.876574189999999948e-02 -3.349192180000000116e-03 6.464740239999999805e-02 1.329904699999999960e-02 -2.810128010000000065e-02 9.480635299999999946e-03
2.004877040000000079e+02 5.025046989999999714e-02 1.940061810000000102e-03 6.097508930000000021e-02 3.493147149999999840e-02 1.130354199999999976e-02 1.691546169999999863e-02
2.031914229999999861e+02 5.419038649999999985e-02 4.442790119999999801e-03 5.530790079999999692e-02 -2.929167759999999968e-02 9.314978510000000364e-03 1.564299460000000142e-02
2.059081260000000100e+02 6.661747690000000000e-02 7.100299370000000276e-03 5.905933349999999832e-02 1.506306680000000023e-02 -1.025108159999999977e-02 -4.357916249999999742e-03
2.086094390000000089e+02 6.481702709999999368e-02 1.988308240000000171e-02 5.945999729999999761e-02 -5.556830690000000295e-03 -3.271340130000000013e-02 -3.168589859999999814e-02
2.113065009999999972e+02 5.113278260000000269e-02 1.690435850000000101e-02 5.648230320000000027e-02 3.005013180000000103e-03 -4.995882769999999626e-03 -9.066617699999999710e-03
2.140121890000000064e+02 5.036420810000000192e-02 6.851355929999999698e-03 5.639445530000000012e-02 7.933883330000000497e-03 -4.503947839999999925e-02 -3.278727149999999951e-02
2.167109230000000082e+02 4.856823899999999916e-02 1.904192309999999926e-03 4.942356550000000237e-02 -1.133138710000000096e-03 -8.235103010000000522e-04 2.058020179999999963e-02
2.194150480000000130e+02 4.263485289999999900e-02 6.641132519999999768e-03 4.417003399999999691e-02 1.941399450000000013e-02 -4.664778250000000369e-03 1.404721710000000033e-02
2.221133609999999976e+02 3.931819360000000235e-02 2.932576890000000019e-03 5.193423319999999899e-02 -1.577750689999999831e-02 -2.008465470000000042e-04 3.647178520000000229e-02
2.248292669999999873e+02 4.467685930000000333e-02 -6.400499020000000386e-04 6.598479409999999379e-02 1.250970009999999993e-02 -1.871573160000000041e-02 2.731129709999999960e-02
2.275223919999999964e+02 5.470233979999999940e-02 2.851823920000000085e-03 7.446949830000000603e-02 -6.993703799999999825e-03 1.346480939999999960e-02 6.848049629999999888e-02
2.302146109999999908e+02 5.190223199999999953e-02 -5.824689509999999779e-03 7.038990920000000318e-02 -8.624549730000000136e-03 3.482464389999999962e-03 8.060575329999999927e-02
2.329094080000000133e+02 5.803338450000000009e-02 -2.145008800000000170e-03 5.656334419999999724e-02 -1.783083510000000108e-02 -1.662579780000000146e-02 2.576826410000000039e-02
2.356097829999999931e+02 4.841553910000000183e-02 5.968069299999999994e-03 5.326191389999999914e-02 -1.235918010000000046e-02 -5.005430219999999764e-02 1.820411900000000124e-02
2.383093289999999911e+02 4.587055570000000276e-02 4.666870499999999783e-03 5.173966559999999826e-02 7.598356540000000131e-03 -2.904659069999999954e-02 2.195606940000000007e-02
2.409977670000000103e+02 5.368337100000000056e-02 9.908739800000000014e-03 5.556484290000000131e-02 -1.794644589999999998e-02 -4.110905950000000308e-02 5.402233330000000278e-02
2.436987509999999872e+02 6.278695730000000141e-02 9.597121000000000124e-03 5.359624989999999672e-02 -1.999790270000000036e-02 8.881000280000000621e-03 -6.789993109999999804e-03
2.463963449999999966e+02 6.052877549999999968e-02 7.266746699999999948e-03 6.823514090000000476e-02 -1.402542109999999932e-02 -5.990128420000000002e-03 2.886928449999999827e-02
2.491003139999999973e+02 6.102813869999999807e-02 8.525337670000000811e-03 6.448864490000000282e-02 -1.745651789999999939e-02 1.265663539999999955e-02 3.548968499999999998e-02
2.517945009999999968e+02 6.107184859999999910e-02 -1.755211279999999976e-03 6.492123689999999836e-02 -1.709675639999999955e-02 1.869663389999999883e-02 5.899403310000000261e-02
2.544978920000000073e+02 6.062557360000000312e-02 1.296086399999999870e-04 6.585614839999999470e-02 -4.903173369999999642e-03 1.643521599999999902e-02 5.882560929999999799e-02
2.571945329999999785e+02 6.117677469999999867e-02 3.793457610000000027e-04 5.751617650000000193e-02 3.651482580000000016e-03 1.516299710000000057e-02 8.682344840000000286e-02
2.599032670000000280e+02 6.500096980000000246e-02 -1.335881089999999992e-03 4.747017230000000199e-02 6.099103239999999725e-03 -6.780526840000000374e-03 1.138456669999999976e-01
2.626046890000000076e+02 6.699436020000000547e-02 -3.657288539999999869e-03 2.661503700000000111e-02 -3.179596700000000137e-02 -1.178115410000000075e-03 5.909033820000000187e-02
2.653063290000000052e+02 7.336843969999999604e-02 2.456220969999999872e-03 8.396725179999999997e-03 1.217305349999999939e-02 2.323720749999999904e-02 4.883384939999999702e-02
2.680197130000000243e+02 8.645922139999999423e-02 1.480419910000000121e-04 -1.468584139999999996e-02 -4.031599470000000324e-02 -1.161868989999999963e-02 -4.830850850000000321e-03
