# a=0.06603428207728357, b=-128.75176163534846, c=0.00017305317655044676, xi=11.532104019842622
6.917161550000000547e-01 6.463115540000000103e-02 -2.105152880000000018e-02 3.990552900000000208e-02 3.947370619999999997e-02 -1.194709300000000064e-02 2.495394890000000171e-02
3.389517530000000001e+00 6.507227020000000417e-02 -2.093473170000000050e-02 3.085651739999999837e-02 2.664983469999999965e-02 3.739029740000000129e-03 -2.334035350000000092e-02
6.084939249999999689e+00 7.208152369999999698e-02 -1.405274909999999940e-02 1.256837109999999966e-02 -9.564510280000000642e-03 2.750645830000000153e-02 -2.458492480000000133e-02
8.777747689999999992e+00 7.840306610000000176e-02 -1.406927919999999971e-02 -3.743990239999999900e-03 -5.740134899999999735e-02 4.410230510000000270e-02 8.420373349999999563e-03
1.146739960000000025e+01 7.341215980000000141e-02 -8.140685430000000819e-03 -2.713744300000000068e-02 -5.525302420000000048e-02 5.443293810000000149e-02 3.889415990000000267e-02
1.415796360000000043e+01 6.584923569999999449e-02 -1.187421439999999939e-02 -4.332519449999999717e-02 -3.271626390000000051e-02 6.122712920000000086e-02 2.356990289999999835e-02
1.686140580000000000e+01 6.060006899999999946e-02 -1.491743560000000058e-04 -6.365823060000000422e-02 -1.924058340000000047e-02 2.531971900000000095e-02 -8.391148430000000200e-03
1.956462610000000168e+01 6.009604500000000071e-02 -1.871116639999999970e-03 -6.314108429999999716e-02 -3.995021089999999803e-02 2.207103960000000170e-02 2.045509620000000167e-02
2.227054019999999923e+01 5.818456279999999897e-02 -4.415120369999999848e-04 -6.421116070000000564e-02 -4.002349880000000137e-02 8.463182349999999465e-02 1.925546989999999889e-02
2.497858079999999958e+01 6.707924649999999489e-02 9.067954959999999503e-05 -6.551810919999999372e-02 -1.409007909999999975e-02 5.901305039999999759e-03 2.369181520000000069e-02
2.768541049999999970e+01 6.853005530000000345e-02 4.920418699999999992e-03 -5.431246239999999725e-02 -3.134481719999999885e-03 9.012196099999999696e-03 2.806388350000000101e-02
3.039019490000000090e+01 6.969944420000000196e-02 1.996288579999999993e-03 -5.868295230000000057e-02 -2.607046130000000017e-02 -4.922851350000000126e-02 3.505166629999999922e-02
3.309601359999999914e+01 6.786858540000000051e-02 5.780543679999999851e-04 -6.388957609999999787e-02 -1.231131139999999983e-03 -4.887157460000000203e-02 5.300134089999999909e-02
3.580075889999999816e+01 6.740703989999999313e-02 -7.761776140000000053e-04 -6.137333829999999657e-02 1.532466290000000049e-03 -2.332608369999999987e-02 4.366832880000000305e-02
3.849680270000000348e+01 6.703049930000000434e-02 1.594425219999999997e-03 -5.959897399999999901e-02 -1.904218019999999977e-03 3.963564620000000274e-03 3.777971539999999684e-02
4.118737769999999898e+01 6.041165219999999891e-02 4.721929060000000337e-03 -5.386730239999999725e-02 -3.539248059999999807e-03 -4.898351120000000308e-02 2.080897400000000091e-02
4.388188710000000015e+01 5.895342879999999897e-02 8.938716200000000264e-03 -6.007711980000000201e-02 -2.060583569999999837e-02 -3.198521330000000246e-02 4.971718409999999894e-02
4.657962770000000319e+01 6.172672910000000235e-02 6.112662429999999626e-03 -6.052616699999999877e-02 -1.303641950000000022e-02 -1.296876069999999912e-03 1.724753290000000105e-02
4.927772459999999910e+01 6.796847899999999831e-02 5.847420170000000063e-03 -6.529101910000000009e-02 -2.220760930000000022e-02 1.426572190000000018e-02 4.161153189999999835e-02
5.197305889999999806e+01 7.163481359999999964e-02 1.173664110000000038e-02 -6.596658440000000012e-02 -1.800975910000000152e-02 4.765111100000000294e-02 1.104637449999999917e-02
5.467452459999999803e+01 7.309702129999999520e-02 7.571581959999999605e-03 -6.594020609999999560e-02 -8.091263819999999773e-03 2.677068050000000130e-02 -1.321273740000000058e-02
5.738148240000000300e+01 6.432293969999999805e-02 3.813581339999999858e-03 -6.465748940000000389e-02 -1.035176990000000012e-02 -1.911360190000000131e-04 1.281791770000000052e-02
6.007244800000000140e+01 6.543840659999999865e-02 4.419038810000000365e-03 -6.373738909999999980e-02 -1.121172909999999974e-02 -3.000384780000000043e-02 3.076697039999999952e-02
6.278044020000000103e+01 7.020757969999999459e-02 7.601209280000000013e-03 -6.382243869999999764e-02 -1.753144880000000053e-03 -3.814200300000000071e-02 1.605704280000000081e-02
6.547621049999999343e+01 6.767473300000000080e-02 8.160305769999999168e-03 -6.238163890000000128e-02 4.497453989999999728e-03 -8.510497909999999513e-03 3.112189849999999827e-02
6.816938079999999900e+01 6.470876629999999796e-02 5.135648230000000418e-03 -6.626341239999999910e-02 2.021082219999999902e-02 -1.824773760000000106e-02 3.918156939999999783e-02
7.086217919999999992e+01 6.586993239999999750e-02 1.124554479999999995e-02 -6.909660160000000162e-02 3.095051160000000107e-02 -3.013746930000000060e-02 2.681510679999999855e-02
7.355539170000000126e+01 6.705285689999999910e-02 5.021653790000000367e-03 -7.275377689999999731e-02 2.965512220000000171e-02 -3.731643629999999850e-02 8.466098370000000282e-04
7.625046360000000334e+01 6.151664980000000338e-02 5.008320739999999778e-03 -6.959789669999999484e-02 2.066874590000000039e-02 -8.639812789999999632e-03 -2.765370149999999902e-02
7.894366829999999879e+01 6.439921319999999949e-02 8.880432549999999923e-04 -5.984065060000000325e-02 6.692298349999999639e-03 -1.571091830000000134e-02 -2.284035400000000021e-02
8.164886210000000233e+01 6.735227450000000338e-02 5.567048919999999582e-03 -5.695065590000000094e-02 -3.618709639999999946e-03 1.418135109999999963e-02 -1.075525469999999949e-02
8.435576670000000377e+01 6.394457720000000511e-02 5.902507769999999938e-03 -6.555998529999999824e-02 -4.329389270000000289e-02 6.358356509999999601e-03 -7.336334620000000036e-03
8.706419490000000394e+01 6.641314980000000145e-02 7.338607219999999584e-03 -6.987933270000000474e-02 -5.097336219999999696e-02 2.984826969999999913e-03 -3.118557959999999907e-02
8.976285420000000670e+01 6.699043209999999693e-02 6.388369060000000273e-03 -7.405720520000000362e-02 -4.448253330000000172e-02 6.447712359999999837e-03 -6.320703280000000181e-03
9.246564960000000610e+01 6.328505750000000540e-02 7.236805370000000057e-03 -7.068826420000000332e-02 -1.440390010000000033e-02 1.570672940000000101e-02 3.992568660000000297e-02
9.516197769999999423e+01 6.361677159999999664e-02 6.074379710000000175e-03 -7.358179759999999847e-02 -7.847847309999999438e-03 2.010139120000000151e-03 3.403619289999999797e-02
9.786127140000000679e+01 6.020307519999999746e-02 5.278071030000000378e-03 -7.038987709999999787e-02 5.490931010000000070e-03 2.119862399999999892e-04 3.000253240000000030e-02
1.005592759999999970e+02 6.383926310000000159e-02 -2.699748750000000117e-03 -6.703649540000000684e-02 9.487019699999999986e-03 -6.214555130000000427e-03 -1.751970220000000078e-02
1.032659009999999995e+02 6.610525529999999872e-02 -8.813854150000000141e-04 -5.480789109999999881e-02 -7.776973650000000397e-03 -3.110084709999999877e-02 -6.658398660000000580e-02
1.059754949999999951e+02 5.448959779999999753e-02 -6.230011639999999754e-03 -5.197050720000000179e-02 -5.494003539999999658e-02 -4.521060829999999642e-03 -4.924530700000000205e-02
1.086730730000000023e+02 5.821470530000000254e-02 -4.716532929999999596e-03 -5.672992749999999917e-02 -3.552305790000000185e-02 2.422843170000000071e-04 -5.554312050000000285e-03
1.113793540000000064e+02 6.989887279999999758e-02 -5.506807419999999904e-03 -5.143376420000000254e-02 -1.041912610000000038e-02 2.882059530000000147e-02 7.507091720000000183e-03
1.140760259999999988e+02 7.406333260000000362e-02 -5.712937969999999990e-03 -4.620983349999999851e-02 -7.915182859999999807e-03 2.813588760000000112e-03 6.686768529999999669e-03
1.167809790000000021e+02 7.425100269999999891e-02 -9.172618719999999296e-03 -5.287539559999999972e-02 1.247523159999999916e-02 8.551890519999999149e-03 2.456858220000000120e-02
1.194777919999999938e+02 7.799619439999999626e-02 -1.130374900000000009e-02 -4.766558650000000258e-02 1.067939080000000068e-02 -3.430764020000000303e-02 6.561886909999999897e-04
1.221781349999999975e+02 8.338052869999999783e-02 -6.654487459999999625e-03 -4.174454209999999693e-02 -1.755450130000000067e-02 -4.329724229999999674e-02 -2.839992610000000028e-02
1.248774169999999941e+02 8.247813019999999939e-02 -5.917421610000000130e-03 -2.537964889999999932e-02 -3.079425980000000118e-02 -5.597880549999999927e-02 1.037192760000000061e-02
1.275714480000000037e+02 8.257989189999999369e-02 -1.144257589999999984e-02 -2.273448050000000196e-03 -3.462030900000000189e-02 -5.151889999999999942e-02 -1.150015480000000055e-02
1.302621980000000121e+02 7.498426140000000184e-02 -1.214230510000000041e-02 7.978551559999999890e-03 3.284033530000000055e-03 3.665024370000000142e-02 -3.871196260000000187e-03
1.329638070000000027e+02 8.023981019999999742e-02 -5.893757749999999941e-03 1.976951069999999949e-02 -1.376707890000000017e-02 4.538806189999999852e-02 4.521203640000000246e-02
1.356590099999999950e+02 7.506010629999999850e-02 -3.110547160000000193e-03 3.652529580000000303e-02 -1.838078229999999882e-02 -1.174425590000000019e-02 2.290602079999999943e-02
1.383531199999999899e+02 7.932305339999999594e-02 2.733770859999999983e-03 5.287707729999999856e-02 -2.242368620000000090e-02 -3.031245629999999858e-02 -3.474793279999999901e-02
1.410617599999999925e+02 7.382659210000000471e-02 3.461362510000000076e-03 6.055640329999999877e-02 -4.569213340000000297e-03 -6.243990380000000173e-02 -3.718818930000000050e-02
1.437684950000000015e+02 6.536296939999999833e-02 6.155147340000000078e-03 6.003344299999999883e-02 -6.280955310000000021e-03 -1.229426829999999936e-02 -1.349445919999999952e-02
1.464774950000000047e+02 6.232653750000000104e-02 1.133326639999999996e-02 5.635189890000000257e-02 -4.824889610000000079e-02 3.497671390000000116e-03 -3.334616129999999797e-03
1.491729009999999960e+02 6.737225650000000510e-02 1.689748929999999871e-02 6.120935539999999841e-02 -1.898551600000000089e-02 2.851813270000000053e-02 8.536336990000000652e-03
1.518752289999999903e+02 7.098062139999999909e-02 1.564987270000000111e-02 5.236898239999999982e-02 -1.968586370000000030e-02 3.148416389999999978e-03 1.610274149999999915e-03
1.545727919999999926e+02 7.080181609999999792e-02 1.292837879999999932e-02 5.748555100000000279e-02 5.551203030000000094e-03 -2.855448210000000042e-03 -3.462884849999999914e-03
1.572668850000000020e+02 7.176541020000000437e-02 1.377581660000000083e-02 5.616527109999999712e-02 4.637878950000000333e-02 -3.019048229999999819e-03 1.801645840000000096e-02
1.599717760000000055e+02 5.698444250000000294e-02 1.367154020000000032e-02 6.083367370000000024e-02 2.276098509999999880e-02 -6.552901379999999387e-02 1.810789020000000069e-02
1.626644009999999980e+02 5.371838489999999910e-02 9.502046479999999920e-03 5.959733910000000051e-02 1.576614490000000091e-02 -6.679396199999999839e-02 -1.894831110000000027e-02
1.653595259999999882e+02 5.799189190000000188e-02 3.958115350000000233e-03 5.958366610000000174e-02 -5.961439449999999520e-04 -2.655410659999999853e-02 -4.714844530000000117e-02
1.680549479999999960e+02 5.859544240000000292e-02 3.611060570000000029e-03 5.762087059999999872e-02 1.288043810000000060e-02 1.852120189999999916e-02 -4.258831789999999867e-02
1.707511979999999880e+02 6.188515850000000235e-02 -1.145816619999999930e-03 5.909125540000000065e-02 2.028390089999999868e-02 1.030397239999999992e-02 -2.183694850000000159e-02
1.734484640000000013e+02 6.845462089999999888e-02 -4.240465690000000398e-03 6.047712129999999880e-02 -1.481656930000000046e-02 -2.536014090000000137e-03 -3.477425630000000045e-02
1.761533070000000123e+02 6.272398429999999359e-02 -6.626691130000000006e-03 6.660241070000000319e-02 -2.842773159999999882e-02 -6.365314710000000153e-03 -2.659016549999999868e-02
1.788537599999999941e+02 6.027688889999999883e-02 -8.365491370000000329e-03 6.316412740000000581e-02 1.484538619999999955e-02 -3.212444109999999797e-02 -3.579322299999999901e-02
1.815570099999999911e+02 6.369743360000000576e-02 -1.392260860000000015e-03 7.289664580000000671e-02 2.168297890000000019e-02 -6.894121729999999615e-02 -5.528877480000000261e-02
1.842596039999999959e+02 6.731329819999999631e-02 -1.221025599999999919e-03 6.709378879999999823e-02 5.621681889999999814e-03 -5.847788290000000000e-02 -7.904333299999999340e-02
1.869555259999999919e+02 6.440014489999999758e-02 2.070943249999999871e-03 6.916640840000000401e-02 3.882193580000000213e-03 7.430081510000000403e-03 -4.974104759999999764e-02
1.896551039999999944e+02 6.063660839999999996e-02 4.113281600000000086e-03 6.626768069999999788e-02 -4.232778610000000052e-02 3.521377910000000194e-02 -2.118002459999999976e-02
1.923452139999999986e+02 5.458369949999999915e-02 5.810311240000000203e-04 7.446283039999999909e-02 -5.728698900000000344e-02 1.408491509999999954e-02 1.902528820000000051e-02
1.950427290000000085e+02 4.997161669999999889e-02 1.554766119999999915e-03 7.554193920000000506e-02 8.160308950000000339e-03 4.320666709999999855e-02 6.686296880000000553e-02
1.977325260000000071e+02 5.427308420000000189e-02 7.740862569999999721e-03 7.002666779999999758e-02 8.774751000000000078e-02 4.126807440000000021e-02 7.331213429999999809e-02
2.004336509999999976e+02 5.488336409999999832e-02 2.594140339999999930e-03 6.528575329999999899e-02 7.547261239999999982e-02 -2.362505059999999921e-02 6.078702920000000204e-02
2.031383539999999925e+02 7.051556080000000171e-02 -1.559914070000000073e-03 5.860934770000000155e-02 2.404653069999999893e-02 -1.743480080000000057e-02 2.545497789999999830e-02
2.058335730000000012e+02 7.428748209999999630e-02 1.755806130000000078e-03 6.548005160000000546e-02 8.341544169999999536e-03 -4.637362469999999764e-03 -5.770917710000000173e-02
2.085295729999999992e+02 7.638119799999999737e-02 3.418398630000000094e-03 5.927987109999999921e-02 5.953189000000000440e-04 1.306431050000000059e-02 -4.345533399999999824e-02
2.112184640000000115e+02 6.847225939999999900e-02 4.672868919999999954e-03 5.903497459999999808e-02 1.894058959999999833e-02 2.859667150000000033e-02 3.006033179999999944e-02
2.139145420000000115e+02 6.456830850000000455e-02 -2.324658050000000134e-04 6.032902810000000116e-02 -1.191803620000000084e-02 4.402466359999999967e-02 -8.965919030000000026e-03
2.166136669999999924e+02 7.044874639999999799e-02 3.867764770000000057e-03 7.123950330000000664e-02 -1.790980959999999983e-02 -2.620128639999999912e-02 -2.321756540000000091e-02
2.193090420000000051e+02 6.126671870000000020e-02 5.409505509999999913e-03 7.653855040000000221e-02 -1.693291900000000114e-02 -1.109740409999999955e-02 -7.236085820000000279e-02
2.220170730000000106e+02 5.622647089999999875e-02 -4.541381120000000213e-04 8.110787449999999621e-02 -7.284251959999999901e-03 6.124706530000000211e-03 -6.426941059999999317e-02
2.247189170000000047e+02 4.675598870000000074e-02 1.594548319999999908e-03 8.041713960000000661e-02 1.645492210000000163e-02 6.230940729999999601e-03 -5.093084750000000105e-02
2.274228850000000079e+02 4.582232139999999759e-02 1.309917369999999892e-03 7.876905680000000076e-02 2.472138020000000033e-02 4.456769719999999907e-02 -5.050105499999999782e-03
2.301259169999999870e+02 4.475607310000000172e-02 -4.462998959999999772e-03 6.833319779999999510e-02 2.187433700000000064e-02 -2.571862839999999959e-03 2.380812950000000053e-02
2.328395730000000015e+02 5.146111849999999988e-02 -6.387537989999999936e-03 6.913972109999999560e-02 -2.776148390000000160e-02 5.149115790000000428e-03 3.723300169999999715e-02
2.355390419999999949e+02 4.925346939999999951e-02 -5.650512330000000312e-03 7.513315569999999555e-02 -3.505004789999999898e-02 2.011289960000000113e-02 2.533080659999999845e-02
2.382377610000000061e+02 5.228465720000000094e-02 -5.842082079999999858e-03 7.630916479999999558e-02 -1.550478519999999930e-02 -1.857613279999999895e-02 3.307249079999999980e-02
2.409413230000000112e+02 5.439939750000000185e-02 -1.102380719999999925e-02 7.138230780000000275e-02 -4.423790570000000338e-02 1.424476270000000003e-02 5.046092010000000072e-02
2.436338069999999902e+02 5.164467949999999863e-02 -1.449434269999999927e-02 7.023593740000000363e-02 -1.839548189999999986e-02 6.705350599999999883e-03 7.203616540000000457e-02
2.463450259999999901e+02 4.594445550000000184e-02 -9.734090549999999467e-03 7.417706259999999607e-02 -2.523474059999999963e-02 9.633463459999999992e-03 2.172968639999999993e-02
2.490367449999999963e+02 4.917273059999999890e-02 -1.477747610000000079e-02 6.759396780000000160e-02 6.962396590000000107e-02 2.322459069999999962e-03 -3.381973330000000166e-02
2.517454950000000053e+02 4.742297930000000106e-02 -2.046970010000000173e-02 6.534956040000000632e-02 1.020431670000000041e-01 1.842500539999999964e-02 2.921575390000000216e-03
2.544457600000000070e+02 4.451735760000000153e-02 -2.038995420000000100e-02 6.517250439999999756e-02 7.793929900000000355e-02 3.320988899999999938e-02 -1.105235830000000051e-02
2.571511669999999867e+02 4.972449269999999755e-02 -1.682992909999999828e-02 6.942596319999999599e-02 4.649068680000000009e-02 -1.197928969999999954e-02 3.797093619999999947e-02
2.598494479999999953e+02 5.349833229999999967e-02 -9.236533590000000141e-03 6.626763369999999487e-02 4.016128699999999691e-03 -1.767569960000000065e-02 -3.980410040000000038e-03
2.625620569999999816e+02 5.352152639999999822e-02 -1.060721629999999971e-02 7.081017959999999500e-02 -2.657775709999999833e-02 1.243387890000000008e-03 3.281503240000000193e-03
2.652653849999999807e+02 6.279338040000000121e-02 -1.095721820000000041e-02 6.943142939999999430e-02 -2.314227370000000034e-02 5.739017869999999896e-03 4.000194549999999682e-02
2.679621389999999792e+02 6.700353800000000137e-02 -1.462428110000000073e-02 6.046971939999999657e-02 8.503118460000000378e-03 2.223779130000000132e-04 4.710355969999999864e-02
