# a=0.06159215810456007, b=-146.02862688908314, c=-0.002066286809894764, xi=8.188438299710711
6.942821630000000077e-01 6.057284839999999698e-02 -7.612285209999999913e-03 4.938523260000000220e-02 6.012557229999999919e-03 5.080455299999999882e-03 -1.881382289999999902e-02
3.382555899999999838e+00 6.160269310000000137e-02 -4.084222939999999913e-03 5.077781729999999993e-02 -8.282492319999999394e-03 -1.943873570000000106e-02 1.221687679999999940e-04
6.078193090000000076e+00 6.326319369999999775e-02 -6.214909589999999609e-03 4.954817339999999931e-02 1.138246650000000054e-02 -3.468889370000000083e-02 4.888338879999999664e-02
8.778732780000000346e+00 6.168901260000000247e-02 -4.025881050000000160e-04 4.312198340000000102e-02 -6.980184329999999937e-03 -1.705061800000000002e-02 3.837530260000000110e-02
1.147596399999999939e+01 6.440134629999999527e-02 3.269353210000000044e-03 4.574787389999999954e-02 -1.827984350000000022e-02 2.204323910000000053e-02 4.807967740000000309e-03
1.417530780000000057e+01 6.427349779999999568e-02 -2.809692569999999810e-03 5.275042960000000253e-02 2.713661769999999984e-03 6.263176980000000060e-03 4.306372650000000329e-02
1.687686719999999951e+01 6.119335549999999763e-02 -1.909272729999999954e-03 6.146314349999999760e-02 -1.089284849999999985e-02 -2.259001719999999963e-02 5.018769170000000196e-02
1.958012809999999959e+01 6.368543470000000151e-02 -4.424615679999999683e-03 5.521203250000000090e-02 2.807980109999999845e-03 -1.677168709999999827e-02 4.977336040000000100e-02
2.227963120000000075e+01 6.722557029999999545e-02 3.268273300000000027e-03 5.214272300000000193e-02 -2.238981140000000092e-02 -3.934733919999999839e-04 2.077663100000000027e-02
2.497515309999999999e+01 6.927455059999999831e-02 -8.323862019999999501e-03 5.921723200000000159e-02 -3.435623719999999787e-03 -9.027990430000000510e-03 6.809430950000000538e-02
2.767022499999999852e+01 7.086119070000000686e-02 -3.540877720000000159e-03 5.112567710000000265e-02 -5.207521399999999814e-03 7.631886210000000080e-03 6.871499570000000334e-02
3.037019220000000175e+01 7.016583460000000438e-02 -4.751999300000000342e-03 3.553445899999999741e-02 -5.124448630000000282e-03 -2.215190750000000167e-02 4.514965420000000007e-02
3.308603120000000075e+01 7.259360210000000146e-02 2.132264210000000130e-05 -4.032209170000000328e-03 1.461940010000000074e-02 -6.150135549999999687e-03 -5.851240349999999859e-04
3.579609680000000083e+01 7.430600869999999525e-02 3.699786579999999898e-03 -2.850294459999999988e-02 1.254966290000000080e-03 -1.046661970000000060e-02 -1.856104839999999853e-02
3.849169220000000280e+01 7.735681340000000183e-02 9.496945379999999909e-03 -4.474685789999999913e-02 -2.898248779999999889e-03 -5.337047789999999590e-03 -4.267804530000000179e-02
4.119609530000000319e+01 6.301006589999999519e-02 1.526871980000000031e-02 -6.075801060000000225e-02 2.281412580000000134e-02 -2.339054050000000107e-02 -8.616816600000000437e-03
4.388347180000000236e+01 6.259323199999999865e-02 9.534299079999999232e-03 -6.197967270000000195e-02 2.401933409999999856e-03 -5.698397539999999588e-03 -7.458907629999999948e-03
4.658507809999999694e+01 6.009271990000000091e-02 7.534013689999999840e-03 -6.037688830000000062e-02 4.100126780000000297e-03 -5.067352530000000278e-03 -6.880688499999999992e-03
4.928727969999999914e+01 6.152613280000000101e-02 -3.652620220000000074e-03 -5.498488110000000068e-02 1.321685680000000062e-03 -2.734833970000000170e-02 -4.359452960000000099e-02
5.197888749999999902e+01 6.446405319999999606e-02 -2.165186229999999882e-03 -4.698771000000000198e-02 -1.247067500000000051e-02 3.961046380000000228e-02 -2.767491609999999866e-02
5.468893429999999967e+01 5.740659800000000312e-02 -2.569712410000000134e-03 -5.079120420000000219e-02 2.199504269999999831e-02 -1.557380929999999976e-02 -3.420125830000000228e-02
5.738176250000000067e+01 4.647028410000000193e-02 4.896762959999999883e-04 -5.250869930000000296e-02 -1.072825059999999928e-02 -8.634481649999999411e-03 -8.035274319999999608e-04
6.008745150000000024e+01 5.282105200000000028e-02 4.434599099999999607e-03 -6.095584710000000184e-02 1.470096780000000082e-02 3.307521929999999999e-02 -2.305471070000000150e-02
6.278856720000000280e+01 5.391343309999999805e-02 7.588312790000000148e-03 -6.833178119999999689e-02 9.804668219999999879e-03 -5.049617380000000384e-03 -2.936965929999999989e-02
6.548819369999999651e+01 5.931433939999999905e-02 7.128985150000000277e-03 -6.174572560000000238e-02 -1.487321720000000028e-02 8.632397919999999780e-03 -1.406058680000000019e-02
6.818443279999999618e+01 5.019266490000000303e-02 6.818973219999999863e-03 -6.720165919999999959e-02 -1.927260949999999931e-02 -2.729596180000000080e-02 -4.383958159999999660e-02
7.087918899999999667e+01 5.815842179999999861e-02 6.338879470000000245e-03 -6.382526299999999320e-02 -2.560303029999999938e-02 -3.568312120000000087e-03 -6.075794239999999721e-03
7.357765000000000555e+01 5.281800620000000335e-02 2.500902289999999868e-03 -6.142392919999999784e-02 -1.343406670000000039e-02 3.155187970000000036e-02 -2.841728940000000023e-02
7.627981870000000697e+01 5.896368710000000207e-02 -6.716437490000000225e-03 -6.554609649999999788e-02 -1.434650269999999950e-02 3.810459420000000125e-02 1.189428940000000073e-02
7.898041870000000131e+01 6.764900810000000486e-02 5.188343980000000195e-03 -6.926673340000000234e-02 -2.624179769999999880e-03 -1.245500729999999938e-02 -3.134022589999999747e-02
8.168545000000000300e+01 5.833839760000000124e-02 8.574204269999999989e-03 -7.278105049999999965e-02 -1.587287300000000045e-03 1.113670080000000095e-03 -5.270911030000000053e-02
8.438950619999999958e+01 5.150732069999999774e-02 -4.094106469999999991e-03 -7.702707150000000225e-02 2.304759920000000201e-03 -4.740702129999999764e-02 -7.189183259999999687e-02
8.708239369999999724e+01 5.109615230000000285e-02 -4.255606309999999948e-03 -7.491310860000000016e-02 -8.131549190000000177e-03 -4.536021560000000341e-02 -3.525715630000000097e-03
8.978333899999999801e+01 4.700022269999999669e-02 -4.458401530000000342e-03 -7.596384009999999909e-02 3.968540980000000162e-02 -1.882423410000000005e-02 -2.429630500000000068e-02
9.248909679999999867e+01 5.912957840000000048e-02 -3.824278909999999799e-03 -6.696463010000000549e-02 -1.567001979999999928e-03 -2.120214310000000102e-02 3.369916340000000260e-02
9.518652029999999797e+01 5.194165619999999844e-02 -1.037740659999999981e-02 -6.777988270000000204e-02 -1.510700469999999920e-02 1.291778870000000017e-02 -9.873760840000000635e-03
9.789045620000000270e+01 6.124124019999999807e-02 -9.799488590000000540e-03 -6.869840789999999420e-02 -5.185562569999999788e-03 3.412567530000000082e-03 1.572988009999999950e-02
1.005835110000000014e+02 5.770989270000000115e-02 -4.609602949999999644e-03 -6.668294389999999960e-02 2.760493819999999907e-03 -1.747746840000000135e-02 -4.090757230000000022e-02
1.032765420000000063e+02 6.284367690000000617e-02 -5.941134419999999881e-03 -6.149828739999999710e-02 -2.874700559999999929e-03 -3.341515880000000150e-03 -4.622567789999999788e-02
1.059626049999999964e+02 5.304632189999999858e-02 -1.266809160000000045e-02 -6.757797390000000459e-02 -6.511465049999999935e-03 -8.245271369999999586e-03 -2.849035789999999901e-02
1.086808079999999990e+02 6.083242679999999875e-02 -6.172124079999999867e-03 -6.491675809999999935e-02 2.283904260000000144e-02 -1.355921109999999943e-02 -3.876627939999999911e-02
1.113774020000000036e+02 5.569537539999999676e-02 -1.881776769999999894e-03 -5.973900850000000290e-02 -8.178880289999999192e-03 7.254874639999999743e-03 -3.175480239999999704e-02
1.140806359999999984e+02 5.921785899999999769e-02 2.552240570000000215e-03 -5.700493129999999881e-02 2.382262320000000030e-03 -2.967558619999999953e-02 4.050581739999999792e-03
1.167836669999999941e+02 5.575059610000000082e-02 9.817096359999999411e-03 -5.134516070000000321e-02 -2.169418710000000153e-02 5.884024590000000096e-03 -3.996984650000000305e-02
1.194681199999999990e+02 6.468264669999999883e-02 9.243174130000000183e-03 -4.764262830000000337e-02 -1.626072859999999967e-02 1.816655350000000169e-02 9.436715840000000147e-03
1.221718390000000056e+02 7.144226589999999599e-02 5.570684020000000146e-03 -5.496148919999999799e-02 2.935343899999999853e-03 3.669994139999999821e-02 -3.567107049999999890e-02
1.248623079999999987e+02 7.607516029999999985e-02 2.938691209999999814e-03 -5.535773740000000248e-02 -1.036664550000000046e-02 1.309147150000000009e-02 1.130767439999999947e-03
1.275741519999999980e+02 7.297737640000000192e-02 9.670371369999999911e-03 -5.800375110000000056e-02 1.679478809999999933e-02 -1.287810799999999922e-02 -4.773897759999999602e-03
1.302694020000000137e+02 7.159117630000000343e-02 2.875713519999999884e-03 -4.928944090000000194e-02 1.234534150000000073e-02 1.197705469999999980e-02 1.572123619999999874e-02
1.329778080000000102e+02 6.496427640000000669e-02 -1.951655700000000078e-03 -5.127190560000000064e-02 2.034710209999999932e-03 9.676094130000000015e-03 -2.863440949999999929e-02
1.356718549999999937e+02 6.397196500000000563e-02 -7.870017249999999853e-03 -5.106599130000000208e-02 1.517932689999999980e-02 7.617331479999999572e-03 -2.832721690000000042e-02
1.383718389999999943e+02 6.890843219999999436e-02 -1.965319910000000035e-04 -4.565653969999999839e-02 1.709028110000000017e-02 -3.423137480000000067e-04 -2.961461149999999876e-02
1.410749329999999873e+02 6.763698719999999831e-02 -1.513437490000000066e-04 -4.422180889999999948e-02 -1.091460869999999993e-02 -3.036666619999999969e-02 -4.245673130000000156e-02
1.437677449999999908e+02 6.996360409999999308e-02 -7.707422490000000008e-03 -2.727328739999999863e-02 -4.693201299999999812e-04 -5.949131419999999920e-02 -3.708372559999999901e-02
1.464781670000000133e+02 6.500451490000000443e-02 -3.571595080000000005e-03 3.363603330000000148e-03 -3.332498619999999662e-02 -2.981700849999999875e-02 1.253399430000000023e-02
1.491724330000000123e+02 6.390456599999999598e-02 -9.481854050000000297e-03 2.763940399999999936e-02 -2.721831289999999959e-02 -4.979181369999999968e-02 4.939764750000000260e-02
1.518842139999999858e+02 7.146316599999999464e-02 -1.208253899999999978e-02 4.250677779999999933e-02 -1.486843239999999927e-02 1.071569279999999916e-02 1.421736499999999917e-02
1.545853700000000117e+02 6.678836900000000021e-02 -2.439738160000000117e-03 4.485375510000000343e-02 -3.373368999999999673e-02 2.496840540000000094e-02 -4.404304750000000157e-02
1.572899480000000096e+02 5.467499730000000002e-02 7.416251270000000229e-03 4.821389539999999807e-02 -2.273569229999999886e-02 -1.176366820000000063e-02 -8.469094650000000279e-02
1.599831829999999968e+02 6.096244359999999918e-02 1.251332599999999996e-02 5.385412070000000079e-02 -7.688333220000000308e-04 -9.886661740000000226e-03 -2.494581330000000124e-02
1.626892300000000091e+02 6.221505670000000016e-02 1.425721519999999937e-02 4.858992300000000014e-02 2.280949659999999962e-02 2.411450880000000005e-02 -7.453625709999999946e-03
1.653944639999999993e+02 5.684987410000000296e-02 1.205684339999999952e-02 4.677420179999999816e-02 7.909168189999999515e-03 6.998563920000000493e-02 6.644992659999999704e-03
1.680990889999999922e+02 5.875735249999999854e-02 7.606937030000000127e-03 5.543678590000000045e-02 2.214203919999999885e-03 1.569862680000000052e-02 3.128834429999999972e-02
1.707916979999999967e+02 5.807746689999999934e-02 8.295010999999999704e-03 5.923645470000000329e-02 1.266122939999999968e-02 -6.061523969999999678e-02 4.753003320000000198e-02
1.734905109999999979e+02 5.185109019999999819e-02 -3.129943359999999911e-03 6.009158540000000132e-02 2.897668669999999870e-03 -6.490815180000000188e-04 3.981153650000000127e-02
1.761901980000000094e+02 5.913641010000000170e-02 9.781602469999999341e-04 6.195317079999999865e-02 5.637010750000000063e-03 -3.626209980000000277e-02 1.831256189999999964e-02
1.788905890000000056e+02 6.105284829999999691e-02 -3.055617800000000111e-04 5.725852480000000189e-02 -2.223872069999999895e-02 -1.747660950000000032e-02 2.004086769999999934e-02
1.815924329999999998e+02 6.581409589999999421e-02 -1.017103419999999987e-02 6.429136130000000227e-02 -2.941576279999999835e-02 1.725762429999999972e-02 -1.257678310000000070e-02
1.842939949999999953e+02 6.263297090000000122e-02 -1.212053589999999986e-02 6.270103239999999523e-02 -5.453546160000000143e-02 7.299299939999999431e-02 4.131203590000000203e-02
1.869928079999999966e+02 6.136822549999999821e-02 -8.867386359999999967e-03 6.477677860000000121e-02 -4.445660480000000053e-02 5.786612110000000087e-02 1.306439499999999948e-02
1.896986520000000098e+02 6.251345789999999958e-02 -6.017617010000000238e-03 7.010687349999999984e-02 -4.935338429999999721e-02 -6.965109609999999875e-03 6.426549010000000284e-02
1.923910730000000058e+02 5.935775969999999846e-02 -2.231547070000000112e-03 6.348462820000000395e-02 2.986869439999999959e-02 -9.941659199999999461e-03 4.870159140000000081e-02
1.950972610000000032e+02 5.743131960000000258e-02 -3.089955839999999811e-03 5.421122689999999938e-02 2.725215220000000091e-02 7.015307010000000317e-04 3.662034349999999938e-02
1.978024330000000077e+02 6.776553700000000069e-02 -5.141668319999999869e-03 6.373104720000000167e-02 3.060643089999999858e-02 7.490014629999999785e-03 4.932761680000000148e-02
2.004983229999999992e+02 6.534535639999999868e-02 -7.521514699999999783e-03 5.460822910000000252e-02 8.082351859999999805e-03 -4.236402990000000257e-02 5.696818139999999635e-03
2.031996200000000101e+02 6.932768540000000534e-02 -4.549156749999999985e-03 4.401151989999999709e-02 -2.415018440000000089e-03 -1.822083739999999855e-02 -1.322940109999999961e-02
2.059034640000000138e+02 6.918709530000000107e-02 -4.941848139999999862e-03 4.292212849999999663e-02 -1.075792109999999975e-02 -4.325297809999999882e-02 -1.261835369999999949e-02
2.086056979999999896e+02 6.739492029999999412e-02 -7.595589699999999618e-03 4.402281560000000094e-02 -2.075008060000000168e-02 -6.017609480000000316e-02 1.489661289999999992e-02
2.113153079999999875e+02 6.996897030000000239e-02 -7.825666519999999876e-03 4.404284339999999659e-02 -2.812862039999999841e-02 -2.661240470000000163e-02 1.911813009999999841e-02
2.140114949999999965e+02 6.880579330000000104e-02 -3.081035700000000002e-03 4.878766519999999662e-02 -5.499176199999999959e-02 1.381273820000000069e-02 -1.966513279999999864e-02
2.167180730000000040e+02 5.340873110000000229e-02 1.990669119999999986e-03 5.585497569999999662e-02 -4.506811559999999994e-02 1.393187109999999979e-02 -5.872898049999999981e-02
2.194025890000000061e+02 5.068787470000000323e-02 1.114727820000000012e-03 5.649487859999999945e-02 -4.161797369999999802e-02 -1.926657660000000161e-02 -7.016028619999999799e-03
2.220992610000000127e+02 5.073550229999999883e-02 -1.537239990000000087e-03 5.473170139999999906e-02 3.016806790000000141e-02 -1.668118479999999848e-02 -2.115612529999999838e-02
2.248124950000000126e+02 5.306449900000000108e-02 3.518098790000000198e-03 4.137782110000000346e-02 -6.008637509999999876e-02 5.470039839999999570e-03 -1.207298419999999935e-02
2.275194329999999923e+02 5.560707029999999856e-02 8.244827729999999397e-03 5.150261290000000131e-02 -3.303307560000000309e-02 -1.632181289999999965e-02 -3.309822679999999823e-02
2.302180730000000040e+02 6.085367760000000292e-02 3.119160709999999927e-03 4.336710700000000196e-02 -3.963995440000000342e-02 -3.166725190000000117e-03 -5.004294339999999786e-03
2.329085579999999993e+02 6.084777019999999814e-02 2.546267070000000216e-03 5.799617850000000213e-02 1.546230139999999961e-02 -1.908373169999999855e-02 6.098427170000000203e-03
2.356066199999999924e+02 5.294225729999999658e-02 1.109463060000000049e-02 5.998241239999999724e-02 1.708848480000000128e-02 -5.987185059999999663e-03 3.571763239999999756e-02
2.383129480000000058e+02 5.242447699999999711e-02 9.332859599999999978e-03 5.903707040000000239e-02 3.619139190000000145e-02 -3.457869310000000196e-03 1.945428310000000063e-02
2.410255109999999945e+02 4.890108829999999934e-02 8.570668939999999750e-03 6.001801789999999803e-02 2.306882899999999903e-02 -9.525234670000000403e-03 -1.917978639999999915e-02
2.437231979999999965e+02 5.987078319999999954e-02 4.254557100000000425e-03 5.556505269999999913e-02 -2.737031679999999897e-02 -4.560822610000000131e-03 -3.566328130000000207e-02
2.464278860000000009e+02 5.988284289999999677e-02 4.334134419999999960e-03 6.045043650000000296e-02 -4.432881689999999819e-02 1.791675350000000028e-02 -4.960420980000000007e-02
2.491252139999999997e+02 5.525502820000000037e-02 1.809257579999999947e-03 4.999838479999999669e-02 -1.897785550000000154e-02 -1.725551419999999878e-02 -6.346405889999999494e-02
2.518218860000000063e+02 5.536065379999999952e-02 4.109098289999999973e-03 5.683550820000000253e-02 -7.652373879999999594e-03 -1.278391480000000066e-02 -2.283430789999999974e-02
2.545286519999999939e+02 6.279765969999999420e-02 4.551798810000000362e-03 5.621222149999999945e-02 -7.678860349999999668e-02 -7.907737850000000693e-03 2.841717589999999925e-03
2.572330580000000282e+02 6.755273209999999862e-02 6.875239939999999716e-03 6.580101759999999744e-02 -6.436835640000000691e-02 8.558805569999999516e-03 1.414497179999999951e-02
2.599334329999999795e+02 5.789523950000000085e-02 8.747238790000000375e-03 6.521608619999999523e-02 -7.446268770000000203e-02 -1.889626360000000102e-02 1.685811469999999937e-02
2.626252299999999877e+02 5.369568140000000045e-02 1.367091280000000061e-02 6.575204510000000335e-02 -1.227248010000000014e-02 -1.569498719999999972e-02 5.127525570000000116e-02
2.653197139999999763e+02 5.808746540000000319e-02 4.756091690000000330e-03 5.484912759999999859e-02 -1.389420849999999964e-02 1.932152189999999936e-02 3.476136219999999971e-02
2.680161570000000211e+02 4.900383099999999770e-02 -5.595965240000000396e-03 5.119085310000000277e-02 -1.060228749999999991e-02 3.037072210000000064e-02 1.671981780000000167e-02
