# a=0.061381469784197895, b=-146.49288902007916, c=0.003194027440565716, xi=10.395954785713622
6.998422669999999624e-01 5.968138619999999867e-02 1.694390609999999885e-04 6.359136349999999771e-02 3.689338679999999704e-02 1.855445459999999908e-02 2.642377999999999914e-03
3.387469279999999916e+00 5.982307619999999854e-02 4.428991210000000206e-04 5.320660840000000086e-02 1.320380590000000062e-02 -7.571784120000000194e-03 5.369757409999999925e-02
6.092873960000000366e+00 6.442045400000000199e-02 1.632348810000000061e-03 5.229593579999999853e-02 1.496774969999999962e-02 4.021713060000000305e-03 9.318644700000000558e-02
8.784897720000000021e+00 6.669549299999999459e-02 -8.711158939999999809e-03 4.951792680000000058e-02 1.401229730000000048e-02 1.433531589999999939e-02 6.776844569999999901e-02
1.148675880000000049e+01 7.120452239999999766e-02 -9.783567859999999991e-03 3.890188599999999663e-02 7.169720539999999663e-03 1.317021089999999978e-02 4.156651919999999889e-02
1.419744159999999944e+01 7.566551259999999834e-02 -1.202596749999999999e-02 3.105842929999999905e-02 1.011703559999999925e-02 8.322111289999999800e-03 2.513846650000000141e-02
1.690382599999999869e+01 8.356760000000000577e-02 -1.360790379999999959e-02 1.717225039999999842e-02 2.018430380000000093e-02 2.404367860000000169e-03 1.845325039999999930e-02
1.958954629999999852e+01 8.391499189999999941e-02 -5.065817910000000070e-03 2.017418310000000051e-03 -1.169528690000000079e-02 5.633189539999999829e-03 3.657971329999999688e-02
2.229728539999999981e+01 8.453380300000000458e-02 -1.088453460000000060e-02 -2.320123849999999877e-02 9.342090440000000787e-03 -1.705630190000000102e-02 -4.956153199999999842e-02
2.499622289999999936e+01 7.477751439999999472e-02 -3.515146409999999905e-03 -4.575873739999999912e-02 -4.894894379999999677e-03 -1.545580929999999971e-02 -6.064057829999999760e-02
2.768776510000000002e+01 6.579045940000000092e-02 -1.827136459999999935e-02 -5.830750140000000303e-02 -4.600585150000000012e-02 -2.453495019999999902e-03 -9.763133769999999753e-03
3.040329630000000094e+01 5.554591600000000073e-02 -1.052786929999999926e-02 -5.763318430000000103e-02 7.922843479999999976e-04 6.638516300000000224e-03 -5.540602619999999978e-02
3.310413539999999699e+01 5.686352149999999994e-02 -1.079935079999999950e-02 -6.157694229999999963e-02 -9.133631760000000127e-03 2.004273989999999853e-02 -4.587546270000000120e-02
3.579512439999999884e+01 5.364902390000000215e-02 -1.912221320000000169e-02 -5.756164529999999863e-02 -1.095248289999999937e-02 1.783481010000000089e-02 -4.414700010000000008e-02
3.850122600000000261e+01 4.779523990000000139e-02 -1.379432820000000073e-02 -5.836271519999999824e-02 -2.198619460000000164e-02 2.280173049999999896e-02 -1.797827299999999948e-02
4.120398850000000124e+01 5.218593109999999924e-02 -1.125389109999999984e-02 -6.586670429999999521e-02 -8.997718010000000863e-03 -2.137643839999999948e-02 -5.649537799999999887e-02
4.390129319999999780e+01 5.450143240000000083e-02 -4.109431319999999783e-03 -6.470653449999999585e-02 2.364880220000000182e-03 2.524868400000000040e-02 -3.812340620000000124e-02
4.659912599999999827e+01 4.526719650000000233e-02 -2.000151309999999988e-03 -6.672172930000000446e-02 -1.241507830000000007e-02 -2.472476330000000083e-02 -5.617601490000000142e-02
4.930275730000000323e+01 3.593149279999999918e-02 -1.438552379999999929e-02 -6.539112669999999627e-02 1.912258819999999859e-02 -1.742529489999999903e-02 5.758370449999999571e-03
5.199523690000000187e+01 4.006328680000000031e-02 -1.230741859999999986e-02 -6.462461199999999795e-02 -2.721421499999999993e-02 1.591771209999999839e-02 -6.207040500000000210e-03
5.470699319999999943e+01 5.663261829999999969e-02 -4.824042189999999848e-03 -6.218102839999999770e-02 -8.930374779999999957e-03 -1.650228390000000071e-03 -1.346478320000000020e-02
5.740339790000000164e+01 5.990600070000000332e-02 -3.060721169999999942e-03 -6.878049699999999600e-02 -4.753295679999999801e-02 -1.059853990000000044e-02 -3.726613759999999886e-02
6.011059480000000121e+01 6.158622059999999815e-02 -8.668405880000000507e-03 -6.796135490000000667e-02 1.269954059999999982e-02 -2.787091950000000068e-02 5.125839909999999923e-03
6.280533220000000227e+01 5.685965800000000042e-02 -4.633754210000000373e-03 -5.669878340000000100e-02 4.813027150000000372e-03 -8.963034879999999885e-03 -2.674283239999999864e-03
6.551128540000000555e+01 5.096206369999999736e-02 -9.555124769999999434e-03 -5.560604909999999901e-02 -1.048988789999999970e-02 -1.340214799999999915e-02 -2.970173619999999862e-02
6.821666820000000087e+01 5.136527459999999656e-02 -2.650609410000000048e-03 -5.916981260000000326e-02 2.088864369999999995e-03 3.015758459999999790e-03 -1.505253169999999988e-02
7.091593070000000409e+01 6.120500909999999906e-02 -8.895743399999999496e-03 -5.578261589999999881e-02 -5.767037360000000328e-03 1.530991219999999937e-02 -3.806401260000000231e-02
7.361838849999999468e+01 7.099752950000000340e-02 -7.528418190000000371e-03 -6.045691730000000291e-02 -1.302629040000000083e-03 6.048180329999999771e-03 -2.291679029999999992e-02
7.632336820000000444e+01 6.798549750000000558e-02 -4.300422509999999622e-03 -5.811783660000000018e-02 -3.427060020000000139e-04 -1.863207650000000062e-02 1.474329649999999922e-03
7.903325259999999730e+01 6.399422139999999537e-02 -2.217966119999999989e-03 -6.203408800000000112e-02 -1.654081429999999971e-03 4.486310369999999687e-02 -2.534179350000000108e-02
8.173115730000000667e+01 6.176585180000000036e-02 5.366420549999999755e-03 -5.889320210000000000e-02 -2.615108370000000099e-02 -6.162201629999999875e-02 -1.787133919999999918e-02
8.443332909999999458e+01 6.607498430000000034e-02 6.662619390000000009e-03 -6.351023409999999314e-02 7.656058060000000068e-03 -4.041586090000000298e-02 -2.479977540000000147e-02
8.712278229999999724e+01 5.241486769999999934e-02 5.758678960000000215e-03 -6.429662660000000363e-02 -3.470827600000000318e-02 -1.139468920000000045e-02 -3.084254469999999845e-02
8.981869009999999776e+01 4.830104069999999888e-02 1.937135989999999933e-03 -5.852639660000000243e-02 -3.323232599999999953e-02 -3.752274299999999990e-03 -1.672742630000000064e-02
9.251851510000000189e+01 6.022018800000000088e-02 -1.903760970000000028e-03 -5.187430419999999875e-02 -1.340445669999999929e-02 -1.609886110000000037e-02 1.820610399999999986e-03
9.520965259999999830e+01 5.634050079999999849e-02 -9.650057659999999177e-03 -5.476586750000000253e-02 -3.457032890000000247e-02 -1.201836040000000064e-02 8.870229360000000604e-03
9.790024630000000627e+01 5.204293959999999747e-02 -3.809254849999999838e-03 -5.787872840000000269e-02 -5.716845429999999929e-03 -1.028402349999999951e-02 6.044435399999999875e-02
1.006162369999999981e+02 4.733551429999999921e-02 -5.542440249999999909e-03 -5.953270699999999721e-02 -2.064604559999999936e-02 -1.891851580000000060e-02 -2.430889870000000133e-02
1.033161280000000062e+02 4.630799000000000026e-02 7.866412510000000058e-04 -5.966311369999999920e-02 -5.767205450000000011e-03 -3.226231279999999813e-02 1.932969309999999982e-02
1.060180959999999999e+02 5.289248879999999819e-02 -5.784897639999999827e-03 -6.235072519999999840e-02 -2.292038100000000009e-02 -1.485614359999999981e-02 -6.451193380000000421e-02
1.087261429999999933e+02 4.504118029999999717e-02 2.510726300000000119e-03 -6.338528089999999338e-02 -1.003783949999999953e-02 8.856823419999999836e-03 -1.723148619999999992e-02
1.114217989999999929e+02 5.234629989999999705e-02 4.853391949999999976e-03 -7.181944070000000069e-02 -2.378300740000000024e-02 -4.554074160000000197e-03 -2.700324429999999970e-02
1.141242060000000009e+02 5.099664369999999669e-02 5.231878290000000278e-03 -6.637411819999999851e-02 -2.432648520000000106e-02 -6.775505349999999712e-03 2.051117409999999967e-03
1.168242209999999943e+02 5.997456090000000128e-02 7.152135470000000293e-03 -6.337745899999999710e-02 4.804559719999999638e-03 1.675098859999999898e-02 -3.470947549999999805e-03
1.195357840000000067e+02 6.764027279999999809e-02 8.237372349999999219e-03 -4.951298149999999731e-02 -1.908247259999999897e-03 2.748265199999999978e-02 -1.622845350000000006e-02
1.222325649999999939e+02 6.532542550000000614e-02 2.506310940000000022e-03 -4.639162940000000207e-02 2.772298380000000079e-03 -1.641988100000000075e-03 -3.387976830000000161e-02
1.249309240000000045e+02 6.263111540000000643e-02 7.278525450000000035e-03 -3.703967779999999682e-02 -2.052396540000000005e-02 -4.204917090000000190e-02 -6.988798650000000064e-03
1.276360810000000043e+02 6.314116279999999748e-02 4.680462489999999594e-03 -4.522822280000000222e-02 -7.693216109999999677e-03 -3.118108010000000124e-02 -3.693532509999999935e-02
1.303504709999999989e+02 7.137837269999999790e-02 6.836999600000000059e-03 -4.857917650000000143e-02 -1.197722059999999956e-02 -3.687275400000000064e-02 -7.805290950000000338e-02
1.330396590000000003e+02 7.970934420000000409e-02 3.098948060000000001e-03 -4.408081910000000159e-02 -4.217722250000000006e-02 -1.479240289999999951e-02 -2.978702680000000144e-02
1.357409240000000068e+02 8.223665800000000414e-02 -1.988550830000000106e-03 -4.498278800000000271e-02 2.273134039999999845e-03 1.010622459999999979e-02 -3.083722380000000068e-02
1.384310959999999966e+02 7.508572650000000515e-02 5.997428990000000341e-03 -4.261756740000000043e-02 -7.002162160000000371e-03 1.150367390000000059e-02 1.570296900000000065e-02
1.411373930000000030e+02 7.295062389999999730e-02 -4.547388840000000411e-03 -2.972650270000000081e-02 3.880217750000000080e-03 2.109287610000000132e-02 -1.365271040000000033e-02
1.438355650000000026e+02 7.662368799999999536e-02 -8.928335610000000299e-04 -1.737212620000000082e-02 -4.592892230000000277e-03 5.692103569999999897e-03 7.135314430000000256e-03
1.465407989999999927e+02 7.307529270000000243e-02 6.512873940000000333e-03 3.270146580000000101e-03 2.232188700000000206e-03 4.486237509999999734e-02 1.142704909999999949e-02
1.492438779999999952e+02 6.965474130000000319e-02 8.006884520000000227e-03 2.301588159999999952e-02 3.656575389999999759e-02 2.911271149999999919e-02 2.335857090000000025e-02
1.519415649999999971e+02 6.874028579999999500e-02 8.390332579999999763e-03 3.237679959999999885e-02 1.542744840000000086e-03 2.342700569999999968e-02 1.668592530000000129e-02
1.546496280000000070e+02 5.792443950000000091e-02 1.182617270000000005e-02 4.834228089999999950e-02 -4.936883429999999739e-02 -3.326524969999999914e-02 -5.836649190000000285e-03
1.573420959999999980e+02 5.421605029999999881e-02 1.702599089999999940e-02 5.569549750000000327e-02 -3.015218530000000115e-03 -2.521306939999999955e-02 -5.064586320000000197e-02
1.600346120000000099e+02 5.320765520000000220e-02 1.255969219999999997e-02 5.941907519999999748e-02 -1.025442950000000041e-02 -3.041315949999999838e-02 -1.351476769999999938e-02
1.627408460000000048e+02 5.600439539999999689e-02 1.173122279999999976e-02 5.799883110000000203e-02 -4.875099370000000182e-02 -1.983829250000000016e-02 6.912786469999999614e-03
1.654387989999999888e+02 5.875939060000000269e-02 4.760479950000000293e-03 5.804587869999999761e-02 -4.934446259999999973e-02 -2.242142050000000067e-02 4.957954409999999756e-02
1.681402840000000083e+02 5.809168180000000292e-02 8.347589529999999494e-03 5.090330099999999802e-02 6.260678759999999989e-03 -1.148900979999999995e-02 8.688164319999999718e-02
1.708313149999999894e+02 5.536850740000000271e-02 8.569133989999999992e-03 5.117096880000000098e-02 5.260438210000000121e-03 1.278231569999999963e-02 1.300585870000000033e-01
1.735422680000000071e+02 5.801888680000000242e-02 4.212667059999999995e-04 5.760923309999999714e-02 -6.306671449999999568e-02 -1.024581289999999985e-02 7.318990470000000248e-02
1.762432369999999935e+02 5.888142600000000060e-02 3.997750080000000115e-03 6.068878269999999908e-02 -5.085115230000000069e-02 -1.147814940000000013e-02 5.815976110000000473e-04
1.789275810000000035e+02 6.071458319999999825e-02 5.508061219999999848e-03 6.241284899999999941e-02 -1.661185340000000121e-02 2.055752870000000093e-02 6.255851970000000234e-03
1.816244399999999928e+02 5.265751700000000091e-02 6.981927889999999665e-03 6.828756360000000358e-02 -1.341081879999999997e-02 1.974294750000000001e-02 1.738300890000000001e-02
1.843250180000000000e+02 4.936967309999999720e-02 6.553126840000000376e-03 7.249833270000000107e-02 -3.068729079999999929e-02 -1.515100659999999919e-02 2.157074180000000119e-02
1.870237529999999992e+02 4.629568380000000094e-02 9.760188569999999827e-04 6.521208320000000669e-02 -7.266031209999999907e-02 -3.178832089999999999e-02 3.251270440000000178e-02
1.897367989999999907e+02 3.548029340000000142e-02 3.173470859999999883e-03 6.748673249999999346e-02 -6.182672849999999720e-02 -1.275338699999999971e-02 -4.349203010000000230e-02
1.924314239999999927e+02 4.479158700000000076e-02 -5.297895989999999895e-03 6.789478240000000608e-02 -7.513683649999999825e-02 -2.221323060000000155e-02 -1.133606160000000078e-02
1.951319709999999930e+02 4.256353129999999874e-02 5.044820779999999692e-03 6.471192050000000584e-02 7.956536910000000865e-03 2.726077730000000046e-02 1.105533470000000067e-02
1.978329090000000008e+02 3.806735130000000328e-02 -1.660693509999999892e-03 6.994465950000000598e-02 3.884066840000000020e-02 2.291865649999999879e-02 -8.970429749999999855e-03
2.005384239999999920e+02 2.620425209999999866e-02 -1.528636199999999952e-03 6.976460360000000249e-02 3.640964010000000139e-02 4.155539810000000167e-02 4.440945470000000339e-02
2.032363929999999925e+02 3.675894760000000122e-02 3.318682809999999898e-04 6.834889930000000169e-02 4.355522319999999975e-02 8.828819999999999377e-03 1.090078880000000007e-02
2.059445029999999974e+02 5.212574820000000220e-02 -8.182562949999999669e-03 6.255110210000000559e-02 1.447891070000000002e-02 7.384700039999999958e-03 7.828118170000000417e-03
2.086449709999999982e+02 4.581499039999999828e-02 -4.843404079999999619e-03 6.699718329999999888e-02 -5.151400779999999908e-03 1.012377830000000048e-02 8.833687399999999926e-03
2.113509870000000035e+02 4.721626889999999688e-02 -8.667933859999999227e-03 6.456400310000000309e-02 1.507011880000000068e-02 3.269418109999999711e-02 -1.631919979999999978e-02
2.140562209999999936e+02 5.653295159999999903e-02 -2.172866030000000174e-03 5.425507670000000171e-02 -2.971228559999999908e-02 -3.780389720000000044e-03 -5.037087439999999965e-03
2.167582529999999963e+02 4.888372579999999967e-02 -1.755129939999999951e-03 5.554047520000000154e-02 2.911383920000000167e-02 -4.939687220000000536e-04 -8.003459580000000162e-04
2.194622530000000040e+02 5.816146240000000245e-02 4.958359309999999919e-04 5.006744140000000259e-02 -2.593915830000000089e-02 -1.784762469999999837e-02 -1.387721360000000043e-02
2.221533929999999941e+02 5.169448410000000022e-02 2.588931139999999919e-03 5.770560250000000141e-02 2.898061840000000153e-02 4.435540269999999757e-02 6.894966340000000145e-03
2.248508930000000134e+02 5.570336189999999799e-02 4.650555169999999981e-03 6.235024630000000206e-02 -6.842866440000000550e-02 -4.827675800000000295e-03 3.622470679999999915e-02
2.275532990000000098e+02 5.389271670000000264e-02 3.367206800000000031e-03 5.954967509999999770e-02 2.084966320000000012e-02 1.738130460000000127e-02 1.282044480000000056e-02
2.302541119999999921e+02 5.675595349999999761e-02 3.462365480000000051e-03 6.091735139999999993e-02 -2.906361459999999911e-02 2.281363410000000064e-02 1.935812530000000087e-02
2.329482529999999940e+02 5.804906189999999716e-02 4.464882350000000215e-04 6.198012729999999998e-02 1.614294390000000148e-02 3.101685770000000078e-02 2.206891680000000119e-02
2.356459240000000079e+02 6.076019669999999789e-02 4.876724069999999753e-04 5.626914709999999986e-02 -1.122134049999999952e-02 1.253369300000000026e-02 2.469296160000000045e-02
2.383499559999999917e+02 6.081794089999999903e-02 -2.148485339999999942e-04 5.695458710000000230e-02 -4.744135200000000087e-03 4.216650120000000126e-03 1.266326289999999966e-02
2.410362210000000118e+02 5.755140520000000259e-02 5.328615249999999956e-03 5.325687640000000000e-02 5.233930070000000073e-02 1.787420060000000088e-02 2.425188220000000158e-02
2.437465650000000039e+02 6.018291290000000321e-02 -6.778508700000000168e-04 5.296515770000000123e-02 1.957395669999999893e-02 2.082110920000000004e-02 1.979127619999999921e-02
2.464526899999999898e+02 6.200774340000000245e-02 -6.144826920000000161e-04 5.701980660000000034e-02 2.788603309999999891e-02 9.669253629999999267e-03 8.766176360000000820e-03
2.491680650000000128e+02 5.887942869999999995e-02 -5.990177509999999872e-03 5.692161750000000048e-02 -3.636302789999999990e-03 5.144676909999999770e-02 -7.980473740000000593e-03
2.518769240000000025e+02 5.545169519999999797e-02 -4.301326169999999819e-04 5.524761560000000099e-02 -2.967775840000000040e-02 4.486669950000000268e-02 -1.217431140000000030e-02
2.545739560000000097e+02 5.064361259999999865e-02 -3.221586550000000212e-03 4.642507450000000341e-02 -3.995569539999999781e-02 -3.444478569999999840e-03 7.713239159999999567e-03
2.572707369999999969e+02 4.828666060000000315e-02 -3.412039029999999838e-03 6.341506650000000578e-02 -3.048750390000000074e-02 -1.446594569999999982e-02 7.747555910000000420e-03
2.599727530000000115e+02 5.084084309999999801e-02 -2.307066979999999965e-03 6.310083910000000018e-02 3.693860560000000043e-02 -1.145325820000000008e-02 -1.376115080000000004e-02
2.626761589999999842e+02 5.427458360000000231e-02 -4.588863539999999894e-03 5.871386840000000079e-02 2.376503699999999927e-02 -1.000283790000000041e-02 1.358067339999999984e-02
2.653824240000000145e+02 5.519078749999999783e-02 3.948760760000000268e-04 5.693601060000000325e-02 3.090664229999999860e-02 -1.567648650000000050e-03 -1.869736090000000128e-02
2.680905450000000201e+02 6.213631160000000070e-02 -9.804042290000000368e-03 6.454931140000000345e-02 4.308764219999999812e-02 -1.470721290000000063e-02 1.507060290000000052e-02
