# a=0.06557229590674252, b=-136.0838820568907, c=-0.000829698376954543, xi=4.921309967942996
6.609266499999999489e-01 7.256985500000000255e-02 -1.642855829999999989e-02 3.126566089999999968e-03 1.821031840000000152e-02 2.254052629999999877e-02 8.592451910000000132e-04
3.358338310000000160e+00 7.419932529999999360e-02 -1.492677539999999990e-02 -2.395697440000000081e-02 -1.406449750000000019e-02 -4.117858210000000310e-03 3.020096790000000031e-02
6.043550019999999634e+00 7.205771049999999678e-02 -1.129655199999999964e-02 -5.055850719999999826e-02 -1.752467920000000054e-02 -2.706841299999999950e-02 2.280695099999999892e-02
8.737700639999999908e+00 6.268652900000000472e-02 -1.397798079999999950e-02 -5.798261610000000205e-02 -5.742045510000000005e-03 4.452711820000000015e-02 2.704368520000000053e-02
1.142985709999999955e+01 6.781798460000000583e-02 -1.094778100000000018e-02 -6.322063079999999669e-02 -7.823765079999999567e-03 8.973696470000000480e-02 4.384681619999999773e-03
1.413687269999999963e+01 6.537522789999999917e-02 -5.221008610000000237e-03 -6.558242309999999520e-02 -2.539478959999999855e-02 2.045485569999999989e-02 2.740272449999999957e-02
1.683472580000000107e+01 6.431056649999999930e-02 -1.009828819999999960e-02 -7.659506729999999985e-02 7.254410850000000271e-03 -1.430537259999999956e-02 2.988209990000000038e-02
1.953700860000000006e+01 6.316384329999999436e-02 -7.584796419999999609e-03 -7.203276040000000657e-02 3.500084049999999808e-02 -4.136857740000000373e-03 2.302270749999999963e-02
2.223858990000000091e+01 6.578265569999999784e-02 -8.406076670000000098e-03 -6.776977509999999871e-02 4.719029520000000283e-02 -3.948486849999999909e-02 7.428448049999999622e-03
2.493998200000000054e+01 5.913071009999999739e-02 -4.804939979999999812e-03 -6.425063979999999508e-02 3.951648779999999972e-02 2.847092719999999924e-02 -2.362972249999999858e-02
2.764236959999999854e+01 5.632085509999999740e-02 -4.819546119999999594e-03 -6.057226200000000171e-02 1.811604979999999893e-02 2.316247709999999863e-02 -5.626772649999999681e-02
3.034708050000000057e+01 6.287467480000000219e-02 -3.872300180000000001e-04 -6.484544829999999704e-02 1.654463850000000014e-02 4.369917009999999685e-02 -7.666585269999999508e-02
3.304679139999999649e+01 6.824148309999999995e-02 3.243576450000000121e-03 -6.371041909999999864e-02 1.251230310000000026e-02 2.717409980000000044e-02 -5.059781780000000007e-02
3.574676949999999920e+01 6.862953189999999870e-02 -3.610912459999999873e-03 -6.687072600000000533e-02 -1.995125590000000181e-03 3.673199299999999751e-02 2.612883720000000118e-02
3.844800550000000072e+01 6.689255310000000176e-02 -3.670535119999999898e-03 -6.923238060000000416e-02 8.940423810000000526e-03 1.664707619999999944e-02 3.941604769999999987e-03
4.114562740000000218e+01 6.268454730000000419e-02 -7.843512270000000189e-03 -7.267202200000000278e-02 4.952229889999999746e-03 -1.148103670000000069e-02 -3.931073310000000182e-02
4.385150550000000180e+01 5.649328499999999725e-02 -6.820349229999999804e-03 -7.722197729999999427e-02 3.238844259999999753e-02 -2.099659040000000088e-02 -5.145203269999999718e-02
4.655777890000000241e+01 6.151984740000000090e-02 -5.555965290000000091e-03 -7.308736150000000320e-02 1.888100129999999849e-02 -5.940036220000000089e-03 -2.475646069999999990e-02
4.926242109999999741e+01 5.948853800000000053e-02 -5.463561890000000372e-03 -7.245181689999999342e-02 2.469734999999999986e-02 -6.878043490000000128e-03 -3.223099769999999975e-02
5.197503830000000136e+01 6.046507880000000223e-02 -1.261761699999999937e-02 -7.283494270000000215e-02 -4.889901260000000145e-03 -2.685391440000000143e-02 -2.271815929999999872e-02
5.467161169999999970e+01 6.886460630000000582e-02 -8.577564899999999201e-03 -6.729159749999999440e-02 6.877220709999999626e-03 -5.333937169999999894e-02 -2.621432330000000172e-02
5.737147579999999891e+01 7.148477270000000439e-02 -4.640335770000000165e-03 -6.279744669999999529e-02 3.544422850000000097e-02 -6.016262160000000053e-02 -1.848004170000000154e-02
6.006071639999999690e+01 7.013627320000000165e-02 -7.163440109999999646e-03 -6.213368100000000310e-02 3.210381660000000137e-02 -8.918551530000000394e-02 -3.053098959999999903e-02
6.275893049999999818e+01 7.295254889999999715e-02 -9.351594740000000044e-03 -5.706118770000000173e-02 2.537728969999999973e-02 -8.700067129999999871e-02 -4.642791599999999963e-02
6.546001800000000515e+01 7.196971420000000674e-02 -8.426903899999999351e-03 -5.274120150000000118e-02 2.000532439999999981e-02 -4.017790610000000068e-02 -3.320008609999999805e-02
6.815924920000000498e+01 7.072783350000000357e-02 -7.210485889999999898e-03 -5.232776599999999778e-02 -3.923426219999999812e-03 3.911337039999999987e-02 -6.425358230000000059e-02
7.086119449999999631e+01 6.709366810000000347e-02 -1.087800059999999985e-02 -5.998675800000000113e-02 -4.087360840000000065e-03 5.968199970000000187e-02 -4.502060139999999877e-02
7.356214610000000675e+01 7.027938659999999338e-02 -1.216235579999999997e-02 -5.866440390000000199e-02 -1.367541580000000007e-02 1.133989579999999942e-02 -1.083689860000000039e-02
7.627074299999999596e+01 7.164277380000000361e-02 -4.423475320000000086e-03 -6.338753880000000396e-02 -1.451166689999999933e-02 -1.050579609999999914e-02 6.797173370000000360e-03
7.896782890000000066e+01 6.290685529999999470e-02 -3.934700339999999685e-03 -7.071069570000000637e-02 -1.812056130000000084e-02 -5.017563630000000142e-03 -4.118171999999999805e-02
8.166568990000000383e+01 6.200949339999999727e-02 5.911774860000000315e-04 -7.558489979999999386e-02 4.445886080000000028e-04 -3.468103560000000089e-03 -2.461909270000000108e-02
8.437166960000000415e+01 5.369369789999999670e-02 1.748369500000000005e-03 -6.675487430000000277e-02 3.102777799999999978e-03 -1.113314320000000079e-02 -2.337648499999999893e-02
8.708271170000000438e+01 5.929145050000000222e-02 -1.048580570000000019e-03 -6.398926670000000538e-02 1.842895589999999847e-02 2.112750799999999970e-02 -2.743772859999999911e-02
8.978404770000000212e+01 6.590921710000000044e-02 -8.414950080000000582e-03 -7.008481430000000623e-02 3.709462179999999804e-02 2.758579590000000137e-02 -2.792862699999999927e-03
9.249016489999999635e+01 6.102578119999999690e-02 -3.287510600000000203e-03 -6.219309519999999952e-02 2.696033080000000137e-02 1.033258039999999933e-02 4.664402759999999870e-02
9.519798360000000059e+01 6.408302690000000634e-02 -3.741727450000000184e-03 -6.384814630000000546e-02 -1.012946690000000004e-02 -2.965745279999999848e-03 3.549163909999999977e-02
9.789545699999999329e+01 5.987820549999999659e-02 -4.201023849999999983e-03 -7.008965350000000150e-02 -3.300246479999999986e-03 1.097118419999999935e-02 -1.728693580000000007e-02
1.006004460000000051e+02 7.471211329999999373e-02 -7.915157679999999807e-03 -6.324034879999999859e-02 -4.712348150000000152e-03 -2.460459309999999886e-02 -2.622216980000000031e-02
1.033007740000000041e+02 7.564825729999999360e-02 -2.792076619999999797e-03 -6.239764729999999759e-02 -2.055528620000000167e-03 2.407759920000000081e-02 -1.152688779999999982e-02
1.059959460000000036e+02 7.909407579999999660e-02 -5.391286549999999879e-03 -6.876740550000000340e-02 1.067264469999999917e-02 3.316418329999999692e-02 -8.205099270000000208e-03
1.086894769999999966e+02 6.552147279999999407e-02 -1.308754340000000023e-03 -7.450912839999999926e-02 1.011050139999999931e-02 3.619775979999999976e-02 3.021477319999999866e-03
1.113856490000000008e+02 6.650055770000000421e-02 -4.686856310000000157e-03 -6.823181300000000227e-02 4.574489129999999640e-03 -1.220762249999999931e-02 -1.137610229999999958e-02
1.140862120000000033e+02 6.063376370000000265e-02 -1.105763079999999956e-03 -6.722024470000000085e-02 1.162063189999999920e-02 -4.322752230000000140e-02 -4.373205930000000075e-02
1.167770399999999995e+02 5.409481879999999965e-02 1.643558800000000097e-03 -7.006257700000000088e-02 1.846764199999999939e-02 -3.901163910000000207e-02 -4.116922809999999655e-02
1.194717590000000058e+02 4.639676470000000247e-02 5.279937519999999829e-03 -7.319344379999999373e-02 2.575924829999999902e-02 -3.288746699999999662e-02 -1.365534279999999941e-02
1.221726019999999977e+02 5.194423890000000182e-02 8.772339659999999623e-03 -6.566271849999999466e-02 4.585986699999999860e-02 -1.396841530000000019e-02 1.188712180000000077e-02
1.248711650000000049e+02 5.921883919999999801e-02 4.772289499999999608e-03 -6.464925750000000138e-02 2.527500079999999913e-03 9.603992940000000145e-03 1.390879629999999985e-02
1.275644620000000060e+02 6.820717179999999380e-02 4.583122030000000117e-03 -6.314404690000000042e-02 -4.769903410000000260e-02 2.033032980000000142e-02 -4.221524439999999739e-02
1.302464929999999868e+02 7.049102290000000548e-02 5.600054850000000216e-03 -6.058488880000000021e-02 -1.245995670000000013e-02 6.640722949999999791e-02 -1.015260580000000024e-01
1.329508989999999926e+02 7.192845420000000545e-02 8.870798720000000210e-04 -3.510017609999999816e-02 -1.204187770000000011e-02 4.698282749999999758e-02 -9.513270829999999345e-02
1.356431340000000034e+02 8.247079309999999497e-02 -5.560188920000000423e-03 -5.383388329999999784e-03 -1.566027299999999886e-02 1.105858709999999953e-02 -8.747882290000000283e-02
1.383398210000000006e+02 8.280055620000000005e-02 -7.919742809999999814e-03 2.706490450000000048e-02 -1.440890449999999989e-02 3.354103709999999711e-02 -3.248686810000000341e-02
1.410376339999999971e+02 8.012895899999999960e-02 -7.559637749999999733e-03 4.728783210000000320e-02 -1.430824449999999921e-02 5.054252869999999870e-02 -2.340909420000000015e-03
1.437320400000000120e+02 6.784233739999999402e-02 -6.048681739999999842e-03 5.472580490000000103e-02 -4.455546000000000333e-03 -1.696189249999999898e-02 -4.463670799999999717e-02
1.464299770000000080e+02 5.938698130000000242e-02 -4.209854719999999578e-03 6.649521110000000679e-02 3.252329469999999667e-02 -2.086766820000000161e-02 -1.061475499999999933e-01
1.491277900000000045e+02 5.560378619999999800e-02 -1.961975360000000213e-03 7.186174219999999502e-02 5.943463129999999872e-02 1.820337240000000079e-02 -3.876472549999999961e-02
1.518374929999999949e+02 6.049654539999999719e-02 -6.563168809999999666e-03 7.350602750000000130e-02 2.730974950000000095e-02 5.790413950000000004e-02 7.040400500000000561e-02
1.545427589999999896e+02 5.874666630000000000e-02 -4.139696150000000269e-03 6.933551189999999365e-02 1.815073340000000063e-02 1.129432749999999958e-02 5.328418630000000128e-02
1.572373519999999871e+02 5.924558550000000312e-02 5.885774420000000357e-04 6.177714360000000071e-02 4.394887539999999676e-02 1.186316089999999920e-02 -3.896828930000000024e-02
1.599451799999999935e+02 6.012259729999999691e-02 4.019181020000000062e-03 6.064491999999999799e-02 6.804807920000000183e-03 1.489147790000000006e-02 3.602168709999999975e-03
1.626433989999999881e+02 6.217082659999999955e-02 3.617311849999999863e-03 6.680710289999999829e-02 -3.277141410000000005e-02 -1.784820839999999922e-02 -1.161291939999999946e-02
1.653437429999999893e+02 6.394618600000000208e-02 1.269099750000000080e-05 6.329298580000000674e-02 -3.428948390000000068e-02 -2.797625000000000112e-02 4.370693710000000259e-02
1.680496960000000115e+02 6.156419469999999811e-02 -3.646708749999999846e-03 6.797411009999999865e-02 -3.417814369999999657e-02 2.751645269999999921e-02 2.297808470000000172e-02
1.707531960000000026e+02 6.817132979999999953e-02 1.038437909999999961e-03 6.482685639999999361e-02 -1.369320949999999933e-02 7.207952280000000378e-02 1.569670830000000072e-02
1.734616489999999942e+02 6.166974220000000229e-02 -2.436528739999999950e-03 6.829880739999999451e-02 -6.593889299999999799e-04 2.815490060000000114e-02 -1.369852660000000014e-02
1.761579930000000047e+02 6.999007690000000337e-02 -1.755035069999999996e-03 6.578242269999999559e-02 3.516721390000000086e-02 8.898282139999999854e-03 -7.165047360000000032e-02
1.788599460000000079e+02 6.323794350000000453e-02 -1.018453930000000080e-03 6.426431109999999891e-02 6.864530550000000342e-02 3.940721769999999853e-03 -7.531011149999999876e-02
1.815639150000000086e+02 6.415429979999999477e-02 1.715435829999999954e-04 5.519649170000000271e-02 7.940743969999999874e-02 1.157328229999999951e-02 -5.267667630000000267e-02
1.842670090000000016e+02 6.591078870000000034e-02 6.852577829999999606e-03 5.890278150000000101e-02 7.671395880000000077e-03 5.130998559999999653e-02 3.400552619999999953e-03
1.869662899999999865e+02 6.532364229999999827e-02 1.171243070000000004e-02 6.902301680000000328e-02 -8.474319089999999763e-03 4.588017179999999938e-03 7.259465869999999488e-02
1.896681179999999927e+02 6.941580569999999950e-02 6.060623630000000310e-03 6.300691170000000119e-02 -3.982467569999999929e-02 6.813189909999999710e-03 6.019150680000000253e-02
1.923626490000000047e+02 6.825323930000000427e-02 1.309438519999999925e-02 6.466171119999999939e-02 -6.188863120000000217e-02 1.736025269999999857e-02 6.263155950000000305e-02
1.950697120000000098e+02 6.617929259999999481e-02 1.246433079999999943e-02 6.925321140000000042e-02 -7.245084400000000036e-02 -3.382916810000000107e-02 4.561756599999999828e-02
1.977725240000000042e+02 6.206651869999999654e-02 2.167255170000000064e-03 6.954564909999999545e-02 -4.145289600000000296e-02 -7.222351389999999427e-02 2.300508160000000121e-02
2.004796800000000019e+02 6.054491249999999908e-02 4.234929519999999781e-03 6.710717650000000423e-02 -3.241491120000000031e-02 -1.118734690000000066e-02 1.665667779999999848e-02
2.031785549999999887e+02 6.016034879999999918e-02 -3.099341140000000231e-04 7.055782260000000028e-02 -1.450551499999999964e-03 -1.090260179999999988e-02 1.695783550000000070e-02
2.058735869999999863e+02 6.503768329999999598e-02 1.873054450000000018e-03 6.723249800000000165e-02 1.077896109999999970e-02 -4.694974710000000134e-02 -4.069634289999999634e-03
2.085753990000000044e+02 6.069772799999999940e-02 -4.977569650000000269e-03 5.835049249999999660e-02 -1.671185130000000033e-02 -1.999629080000000017e-02 -1.302909929999999938e-02
2.112689619999999877e+02 6.263236760000000236e-02 -2.291590750000000072e-03 5.113820790000000310e-02 -1.753068710000000099e-02 -2.443564579999999917e-03 9.544717600000000293e-04
2.139512269999999887e+02 6.124012549999999916e-02 -4.485264860000000124e-03 5.595308479999999696e-02 1.209464849999999925e-02 6.927044680000000142e-03 -4.438172230000000246e-02
2.166462270000000103e+02 6.492982910000000274e-02 -3.074293129999999992e-03 6.011418889999999710e-02 1.592335430000000078e-03 -5.929913850000000271e-03 -1.602760259999999951e-02
2.193356799999999964e+02 6.342021489999999373e-02 -8.058439880000000527e-03 6.661958469999999799e-02 1.451462759999999977e-02 -4.055325060000000009e-02 2.633360380000000084e-02
2.220444300000000055e+02 6.340271969999999868e-02 4.111555420000000301e-03 6.527642429999999663e-02 -3.869892650000000128e-02 -1.051061170000000024e-02 6.380490869999999592e-02
2.247389770000000055e+02 5.989057230000000009e-02 4.009788539999999818e-03 6.964975750000000632e-02 -2.239445199999999872e-02 -2.758685339999999812e-03 9.185526520000000805e-03
2.274421340000000100e+02 5.865770249999999880e-02 8.065152119999999649e-04 6.323127309999999890e-02 5.040687430000000309e-03 -4.191204350000000273e-02 2.116567020000000021e-02
2.301398680000000070e+02 6.421463040000000011e-02 2.228718609999999923e-03 6.996498619999999558e-02 8.038531959999999435e-03 -1.450502839999999894e-03 1.600389320000000087e-02
2.328340090000000089e+02 6.354102130000000015e-02 -5.282643610000000442e-04 6.584907710000000025e-02 2.515105390000000121e-02 -6.113914039999999647e-03 5.074861619999999907e-02
2.355352120000000014e+02 6.370679819999999771e-02 -3.711760000000000146e-03 6.857027599999999945e-02 4.544590949999999935e-02 1.787303509999999982e-03 1.089053670000000029e-01
2.382381799999999998e+02 5.706149330000000186e-02 -1.424779819999999909e-03 6.120754319999999887e-02 7.690538090000000049e-02 3.261908229999999770e-02 3.838639769999999812e-02
2.409459929999999872e+02 6.015129159999999670e-02 5.282216969999999762e-03 5.727104749999999828e-02 9.384349420000000219e-02 -2.149266749999999976e-03 2.043317700000000028e-03
2.436513840000000073e+02 6.392541810000000602e-02 2.086536370000000203e-03 4.973344069999999922e-02 4.695293300000000225e-02 -2.922388069999999963e-02 -1.914462800000000034e-02
2.463605550000000051e+02 6.858410269999999642e-02 6.665637660000000263e-03 5.757551870000000155e-02 3.229494779999999882e-04 2.074934200000000048e-02 -3.561761249999999962e-02
2.490550090000000125e+02 7.074651780000000556e-02 6.989509669999999578e-03 5.783904770000000001e-02 -5.762644679999999811e-03 2.118514479999999978e-02 -4.189268659999999950e-02
2.517607120000000123e+02 8.188447860000000467e-02 7.584761130000000108e-03 4.818293380000000098e-02 -1.764810140000000124e-02 8.550412049999999223e-03 -1.439950679999999969e-02
2.544498370000000023e+02 7.986664670000000188e-02 1.618241749999999902e-03 4.403020380000000067e-02 2.928701480000000038e-02 -3.981181210000000331e-02 -4.559168770000000120e-02
2.571467739999999935e+02 7.971848439999999758e-02 -4.650168649999999668e-03 4.761158549999999767e-02 4.624849729999999659e-02 -1.965044130000000167e-02 -1.191797940000000056e-02
2.598283210000000167e+02 7.949857429999999947e-02 2.841695639999999853e-05 4.447402859999999986e-02 6.152128629999999848e-02 1.829343090000000102e-02 4.442369410000000102e-02
2.625315400000000068e+02 7.815120620000000351e-02 -5.206550429999999910e-03 4.225656569999999834e-02 3.481605759999999855e-02 -1.756010829999999842e-02 2.951555999999999971e-02
2.652266339999999900e+02 8.232511670000000614e-02 -9.655458029999999456e-03 3.545471680000000098e-02 3.568454969999999837e-02 1.229984790000000034e-03 -4.131564269999999685e-03
2.679270399999999768e+02 8.148686139999999911e-02 -1.708795260000000107e-02 2.103959019999999958e-02 2.625858000000000012e-02 8.439567270000000038e-03 -1.536171910000000071e-02
