# a=0.05825435936684042, b=-131.8064537352492, c=0.004335421109984074, xi=6.2665808430544105
6.757842630000000517e-01 7.110071480000000610e-02 -4.948265240000000427e-04 5.057116579999999806e-02 1.824577369999999879e-02 3.797201540000000319e-02 6.080174070000000236e-02
3.371768330000000091e+00 8.032297300000000584e-02 3.706644930000000011e-03 2.573385610000000073e-02 -4.045817549999999874e-02 2.785698290000000049e-02 2.578013159999999887e-02
6.072757239999999612e+00 7.705369230000000402e-02 7.239602599999999701e-03 1.092161000000000000e-02 -3.321754379999999895e-02 1.302489570000000098e-03 6.749927699999999642e-02
8.761497399999999658e+00 7.523694969999999982e-02 5.713174439999999660e-03 -1.280686810000000037e-02 -6.081021789999999788e-02 1.751473359999999868e-02 1.481584700000000004e-02
1.145711290000000027e+01 7.530350769999999416e-02 1.766655589999999924e-04 -3.003286020000000070e-02 -3.861275239999999859e-02 -8.629005239999999397e-03 4.268067240000000297e-03
1.415494409999999981e+01 6.981373899999999966e-02 -3.426484850000000113e-03 -4.101140930000000268e-02 -4.497570299999999882e-02 -4.847614459999999986e-02 1.122963939999999973e-02
1.685703940000000145e+01 6.264326100000000563e-02 -1.127993669999999976e-02 -6.072735550000000343e-02 -3.381944230000000218e-02 -3.845618230000000248e-02 1.992480900000000068e-04
1.954890659999999869e+01 5.303718780000000327e-02 -3.637116379999999916e-03 -6.206618800000000130e-02 -1.586746060000000097e-02 -2.869824970000000100e-02 2.020001550000000146e-02
2.225847219999999993e+01 4.300359239999999861e-02 -7.193243579999999623e-03 -6.708023019999999337e-02 -2.881048879999999895e-02 -2.111104990000000139e-02 -2.170043610000000137e-03
2.495429100000000133e+01 5.167293690000000078e-02 2.578837210000000085e-03 -7.055773340000000282e-02 -1.969604299999999988e-02 -7.331793149999999912e-03 5.870393029999999672e-03
2.765051289999999895e+01 6.215405980000000136e-02 -2.767304160000000172e-03 -6.684191080000000118e-02 -3.542672709999999947e-02 3.051029920000000034e-02 -7.634059579999999748e-03
3.035092219999999941e+01 6.422042890000000115e-02 6.174546030000000255e-03 -6.240703310000000198e-02 2.554730839999999961e-02 6.073204849999999655e-02 1.228782540000000062e-02
3.304340659999999730e+01 5.202928490000000017e-02 7.561139679999999592e-03 -5.905574670000000165e-02 1.959976410000000089e-03 3.691714680000000165e-02 -7.026968150000000024e-03
3.574620660000000072e+01 4.122463660000000307e-02 7.155392800000000275e-03 -6.376530269999999834e-02 7.274511979999999378e-02 3.406807059999999998e-02 4.663948279999999974e-03
3.846558470000000085e+01 5.364007829999999782e-02 9.322214020000000462e-03 -6.499719969999999403e-02 -4.117764940000000033e-03 8.472699329999999751e-03 -3.278923689999999752e-02
4.117297849999999926e+01 5.833841339999999709e-02 1.104513659999999987e-02 -6.718305909999999770e-02 6.594914809999999350e-02 -3.615046099999999832e-03 -2.077388659999999942e-02
4.388411909999999949e+01 4.669047180000000102e-02 2.502701290000000113e-03 -6.700161030000000018e-02 -1.558516430000000084e-02 -2.457119769999999842e-02 -2.265673220000000154e-03
4.660366439999999955e+01 3.925176920000000153e-02 7.990928729999999258e-03 -7.965370639999999614e-02 -1.040887029999999942e-02 1.165829179999999972e-02 -3.427984309999999868e-02
4.929305349999999919e+01 3.889979319999999768e-02 -5.015986400000000192e-03 -7.203832089999999411e-02 -3.229959730000000334e-02 5.546439289999999939e-03 -9.364260390000000295e-03
5.200938469999999825e+01 2.757620230000000158e-02 -6.468623080000000282e-03 -8.376059939999999648e-02 6.330074089999999931e-02 -1.928405829999999942e-03 -3.914116220000000285e-02
5.470260969999999645e+01 3.251405680000000326e-02 -1.116434319999999938e-02 -8.129331689999999555e-02 2.973877949999999964e-02 -3.886826399999999959e-02 9.470129510000000004e-04
5.741078470000000067e+01 4.191178980000000165e-02 -1.048035259999999941e-02 -6.980886699999999667e-02 7.658242329999999376e-02 -5.545281390000000171e-02 7.795804929999999681e-03
6.011006600000000333e+01 5.085969829999999886e-02 -1.526086010000000069e-02 -5.491766380000000225e-02 2.272238359999999985e-02 3.906293029999999972e-02 1.502163180000000084e-02
6.281482689999999991e+01 5.975344130000000142e-02 -8.178391979999999686e-03 -5.249969720000000062e-02 5.783320699999999759e-02 1.468234399999999995e-02 -1.454778680000000032e-02
6.552770820000000640e+01 5.222712549999999898e-02 -1.184985229999999980e-02 -5.511739580000000333e-02 8.063038780000000372e-04 1.868034949999999861e-02 -1.068718400000000061e-02
6.823498159999999757e+01 6.458034699999999628e-02 -8.438143009999999472e-03 -4.791192799999999946e-02 9.902228940000000479e-03 -1.944318650000000093e-02 -2.265938730000000012e-02
7.093662070000000597e+01 6.502342939999999905e-02 -5.554628479999999639e-03 -4.992562009999999828e-02 -5.826360059999999980e-02 3.343292099999999739e-02 1.295862220000000044e-02
7.363063160000000096e+01 6.414667990000000319e-02 1.827848229999999921e-03 -4.758726700000000254e-02 -5.828729700000000180e-03 -5.605249639999999693e-03 3.967325320000000127e-02
7.632431130000000508e+01 6.276489720000000272e-02 5.698773919999999653e-03 -4.810091760000000105e-02 -2.273117360000000142e-02 6.973891959999999925e-03 -8.491934640000000506e-03
7.902675969999999950e+01 6.423105010000000614e-02 1.718815440000000033e-03 -4.957559219999999739e-02 3.644523370000000290e-02 2.726608120000000024e-02 -1.870328170000000109e-02
8.172985350000000437e+01 5.728400749999999764e-02 5.738436139999999845e-03 -5.848357249999999730e-02 1.571851189999999912e-02 2.853713800000000009e-02 -1.683581450000000077e-02
8.443240040000000590e+01 6.359031519999999715e-02 3.071916239999999965e-03 -4.869212789999999985e-02 1.863014680000000048e-02 2.603699240000000026e-02 1.352115289999999970e-02
8.712635190000000307e+01 7.233655890000000033e-02 6.309321070000000267e-03 -4.628458800000000151e-02 2.760686190000000151e-02 -9.714763140000000265e-04 -8.468260340000000400e-03
8.982532689999999320e+01 6.793370849999999517e-02 1.108830000000000059e-02 -4.695370199999999994e-02 -9.514993150000000070e-04 -6.959752310000000101e-03 -2.062222749999999966e-02
9.253383320000000367e+01 6.700310489999999897e-02 7.884138750000000209e-03 -4.769380799999999726e-02 1.970332630000000071e-02 -2.049667009999999942e-02 -5.738758139999999841e-02
9.521710190000000296e+01 7.000134310000000193e-02 1.127194859999999972e-02 -4.824315660000000339e-02 5.534512290000000168e-02 -3.953492379999999640e-03 -1.126622990000000074e-02
9.790799880000000144e+01 7.518550150000000154e-02 1.237525909999999917e-02 -4.821361560000000240e-02 8.513946710000000473e-02 -1.801483010000000037e-02 4.314408930000000059e-02
1.006136249999999990e+02 6.983153179999999904e-02 -2.067092349999999877e-03 -4.869958189999999687e-02 1.872274820000000006e-02 -9.317868700000000656e-03 9.501287879999999490e-04
1.033134220000000028e+02 5.865443750000000345e-02 5.035693109999999934e-04 -6.031144580000000199e-02 1.932119269999999986e-02 -3.602991440000000156e-02 -2.215913599999999942e-02
1.059971249999999969e+02 4.886175830000000220e-02 5.369491609999999839e-03 -5.379039210000000071e-02 1.923532719999999918e-02 -1.324446999999999951e-02 -4.349429519999999799e-02
1.087040779999999955e+02 5.105621600000000149e-02 2.538119360000000001e-03 -5.942725459999999987e-02 1.712099049999999886e-02 2.744709719999999936e-02 -4.802867090000000061e-02
1.113969220000000035e+02 4.780137150000000196e-02 9.085882199999999187e-03 -6.923679770000000511e-02 2.544690120000000014e-02 -7.393698479999999580e-03 -1.340599559999999975e-02
1.141019689999999969e+02 3.988880549999999914e-02 1.391071150000000069e-03 -6.721766479999999322e-02 -2.595278029999999875e-02 -2.346472479999999958e-02 4.561706290000000150e-03
1.168023280000000028e+02 4.904720960000000241e-02 2.264298850000000165e-03 -6.847798639999999604e-02 2.089787660000000033e-02 1.506797579999999935e-02 3.398529670000000058e-02
1.195069689999999980e+02 5.349221049999999811e-02 -6.254859570000000308e-04 -6.317527539999999442e-02 -1.597317850000000081e-02 -3.787057060000000117e-03 -1.613126999999999964e-02
1.222199690000000061e+02 6.291315919999999895e-02 2.581431539999999927e-04 -4.919652029999999759e-02 5.868479990000000091e-02 -8.756465349999999204e-03 1.089008210000000018e-02
1.249193910000000045e+02 6.312679290000000609e-02 5.342366799999999707e-03 -4.179631870000000138e-02 2.952963880000000069e-02 -7.301403139999999847e-02 5.229881749999999718e-02
1.276247029999999967e+02 6.695716969999999935e-02 7.780009190000000165e-03 -2.644885469999999975e-02 2.715246829999999958e-02 -2.424516050000000145e-02 1.211963230000000051e-02
1.303266250000000070e+02 7.156140260000000419e-02 1.280850459999999941e-02 -5.996919340000000237e-03 -2.557455850000000044e-02 -3.585165960000000207e-02 5.087046629999999667e-03
1.330294690000000060e+02 7.051895530000000523e-02 1.329085690000000007e-02 1.335377060000000025e-02 -3.958594569999999979e-02 -4.673155140000000152e-02 -2.523124239999999935e-02
1.357245780000000082e+02 6.179962540000000226e-02 1.787905069999999944e-02 3.538963359999999780e-02 -3.416991479999999942e-02 -3.885289580000000215e-02 -4.341393639999999859e-02
1.384203280000000120e+02 5.067390229999999690e-02 9.377489390000000313e-03 4.903956949999999787e-02 -7.950451629999999437e-02 -4.112175009999999992e-02 1.460408709999999957e-02
1.411139070000000117e+02 4.828324550000000215e-02 5.499583429999999745e-03 5.523086020000000235e-02 1.054059910000000079e-02 1.478097960000000072e-02 3.957982790000000306e-02
1.438211410000000114e+02 5.975771740000000026e-02 6.948785770000000250e-03 6.262083350000000048e-02 -6.068506629999999985e-02 2.859284350000000034e-03 2.274110869999999840e-02
1.465210629999999981e+02 5.928197989999999667e-02 5.550192500000000403e-03 6.700606759999999662e-02 -9.984818799999999744e-03 3.852518740000000080e-02 6.622484580000000121e-02
1.492093600000000038e+02 6.773435170000000061e-02 3.986412069999999662e-03 5.246683109999999983e-02 1.100850339999999948e-02 2.317269950000000120e-02 3.034708969999999964e-02
1.519128910000000019e+02 7.106071229999999517e-02 5.166067839999999778e-04 5.260164950000000006e-02 1.976741510000000132e-02 2.715794590000000092e-02 1.707950180000000068e-02
1.546139850000000138e+02 6.123670080000000182e-02 1.257658250000000082e-02 5.274602070000000004e-02 2.647703360000000158e-02 -4.928694820000000150e-03 1.067706920000000004e-02
1.573193129999999940e+02 3.734570029999999957e-02 7.826569820000000427e-03 6.348847659999999615e-02 5.486740040000000207e-02 1.134851580000000026e-02 4.256162460000000036e-02
1.600186410000000024e+02 4.377026440000000157e-02 1.003331369999999924e-02 6.342194210000000332e-02 1.088334730000000035e-02 -8.480287229999999496e-03 6.999517999999999712e-03
1.627226100000000031e+02 4.493560180000000237e-02 2.004684940000000214e-03 6.674973770000000584e-02 1.114598919999999944e-02 2.937167229999999851e-02 -1.502558960000000042e-03
1.654207189999999912e+02 4.096546809999999927e-02 8.015232630000000691e-03 7.329781250000000359e-02 4.461799130000000148e-03 5.081853110000000145e-02 7.741377560000000171e-03
1.681081250000000011e+02 4.379610259999999755e-02 1.353797059999999920e-02 7.436867070000000024e-02 -6.283639799999999991e-03 7.576586779999999743e-02 3.396393980000000229e-02
1.708262499999999875e+02 4.442897950000000012e-02 1.607057989999999964e-02 7.502550950000000385e-02 1.345686649999999936e-02 1.782169520000000118e-02 -2.715206520000000047e-03
1.735209069999999940e+02 4.202274019999999860e-02 7.604981920000000034e-03 7.288632220000000606e-02 5.007691340000000255e-03 3.270208499999999879e-03 5.961472479999999768e-02
1.762348910000000046e+02 4.255493929999999703e-02 1.438872260000000070e-02 6.873767749999999677e-02 1.121501960000000075e-02 -2.249073110000000125e-02 7.052536059999999635e-03
1.789294219999999882e+02 3.509353109999999859e-02 2.337685259999999873e-04 6.972493209999999775e-02 2.331280109999999805e-03 3.368791659999999851e-03 7.240493509999999799e-02
1.816261570000000063e+02 4.210396500000000014e-02 -1.706819779999999964e-03 6.740033350000000645e-02 -1.413207640000000050e-02 -3.442901450000000058e-02 5.406120419999999732e-02
1.843352189999999950e+02 4.885569690000000215e-02 -3.531176449999999956e-03 6.948909440000000659e-02 1.093252800000000038e-02 -5.868723070000000236e-02 4.864750489999999927e-02
1.870402970000000096e+02 2.988454620000000062e-02 -5.563480289999999696e-03 6.519776670000000662e-02 3.334925329999999938e-02 -3.784059280000000303e-02 5.227585380000000087e-02
1.897390469999999993e+02 2.508261230000000119e-02 -8.573620679999999564e-03 6.889536949999999771e-02 -1.305146519999999914e-02 -3.564439450000000259e-02 -2.430068330000000054e-02
1.924384379999999908e+02 9.446398870000000808e-03 -1.131185669999999928e-02 6.653793349999999329e-02 -1.204923029999999985e-02 1.133308520000000062e-02 2.441299220000000061e-02
1.951509849999999915e+02 1.545395370000000011e-02 -1.581070669999999970e-02 6.906218199999999974e-02 -4.080614609999999934e-03 -1.048058929999999903e-03 -2.504279369999999963e-02
1.978531720000000007e+02 1.708087319999999909e-02 -1.078074090000000033e-02 6.511229030000000029e-02 -2.369291059999999866e-02 -7.805669050000000123e-03 1.712957730000000053e-02
2.005533440000000098e+02 3.098000130000000060e-02 -1.267877690000000085e-02 7.058124650000000000e-02 -8.903612360000000281e-03 -2.901384950000000101e-02 -2.905753490000000105e-02
2.032524689999999907e+02 4.021187579999999789e-02 -1.109966899999999951e-02 6.410402430000000651e-02 -2.584086080000000049e-02 -3.344389469999999726e-02 1.546477840000000034e-02
2.059588129999999921e+02 4.162375780000000108e-02 -1.869866179999999864e-02 4.656455030000000023e-02 -1.342925820000000041e-02 -1.200224849999999982e-02 -4.463482719999999765e-02
2.086484529999999893e+02 4.715307989999999866e-02 -2.097578539999999866e-02 4.291039449999999728e-02 -1.411045860000000041e-02 5.083854349999999966e-02 -2.115284460000000158e-02
2.113533749999999998e+02 5.911948239999999938e-02 -2.375051930000000172e-02 4.474204569999999659e-02 -2.983593960000000163e-03 1.885487110000000008e-02 2.655895360000000080e-02
2.140564219999999978e+02 5.251535250000000099e-02 -2.232906349999999943e-02 4.225521470000000168e-02 2.405276940000000002e-02 6.095129989999999859e-02 2.479792619999999885e-03
2.167531099999999924e+02 4.635463229999999685e-02 -2.323092209999999894e-02 5.010077880000000233e-02 -2.557713480000000164e-02 -2.584522850000000194e-03 -2.157022080000000133e-02
2.194718599999999924e+02 4.473923020000000056e-02 -1.672384860000000056e-02 6.308038259999999842e-02 5.380364349999999796e-03 -5.408564090000000241e-02 6.794418420000000042e-03
2.221690470000000062e+02 5.079074089999999903e-02 -1.872025709999999843e-02 6.787718450000000681e-02 3.055748750000000097e-03 1.943824140000000034e-02 2.390341810000000053e-02
2.248614689999999996e+02 4.687034529999999782e-02 -3.514509849999999935e-03 6.218436859999999788e-02 1.185959730000000004e-02 -1.033985100000000103e-03 3.684883669999999833e-02
2.275642819999999915e+02 4.286434320000000187e-02 5.134663969999999841e-03 6.064902469999999823e-02 2.148736339999999991e-03 -6.294350909999999605e-03 3.487968419999999681e-02
2.302591250000000116e+02 4.560444999999999777e-02 1.140505669999999916e-02 6.371663700000000652e-02 -9.174992380000000086e-03 2.831370130000000068e-02 2.052597169999999943e-02
2.329503750000000082e+02 4.974827610000000233e-02 9.151187490000000507e-03 6.931620380000000359e-02 -1.753017510000000020e-04 1.429614969999999999e-02 1.352954410000000059e-02
2.356492819999999995e+02 4.463135420000000075e-02 -1.931520049999999955e-03 6.794987289999999958e-02 2.186850259999999907e-02 -2.218500879999999939e-02 6.547984169999999937e-02
2.383525319999999965e+02 4.780844780000000072e-02 -9.919507529999999768e-03 6.937040799999999452e-02 2.993600819999999926e-02 2.212240249999999908e-02 2.358890160000000000e-02
2.410440159999999992e+02 4.895738129999999827e-02 -1.849192930000000124e-02 7.250810729999999926e-02 6.335016320000000194e-03 -1.918448969999999925e-03 8.049429789999999751e-02
2.437411250000000109e+02 5.239685790000000315e-02 -4.127753229999999579e-03 6.355561619999999801e-02 5.499386729999999890e-03 5.467589450000000066e-03 1.445968039999999920e-02
2.464532030000000020e+02 6.217003539999999689e-02 3.891908459999999809e-03 5.953749740000000013e-02 3.307373019999999830e-02 -3.014834679999999975e-03 6.598640930000000682e-02
2.491550630000000126e+02 6.383826720000000676e-02 1.615876640000000076e-03 4.813524789999999720e-02 8.526116829999999536e-03 1.251105199999999994e-02 6.673418650000000063e-02
2.518682970000000125e+02 6.527944770000000674e-02 2.219167140000000062e-03 5.163777910000000304e-02 2.334574349999999840e-02 1.021471950000000031e-02 5.289896489999999785e-02
2.545682970000000012e+02 6.429418589999999489e-02 2.104319869999999888e-03 5.134407810000000266e-02 6.052162540000000264e-03 -1.036042619999999990e-02 1.308459590000000082e-02
2.572789220000000228e+02 6.042559029999999831e-02 3.406176849999999982e-03 5.842326390000000119e-02 -3.350225310000000140e-03 -2.422775439999999905e-02 1.009199440000000010e-02
2.599751880000000028e+02 6.435121709999999662e-02 -6.201864419999999697e-03 5.820454829999999885e-02 -7.041725080000000095e-03 -3.433187640000000262e-02 4.756133750000000188e-02
2.626758909999999787e+02 6.567489040000000500e-02 -6.491175069999999790e-03 4.645101089999999905e-02 1.386146150000000001e-02 1.452999729999999989e-02 -1.113206060000000025e-03
2.653742819999999938e+02 6.287614090000000211e-02 -6.234728160000000373e-03 4.817123489999999841e-02 -1.074250310000000007e-02 -1.527897649999999941e-02 -7.743854429999999685e-03
2.680698070000000257e+02 6.506805229999999829e-02 -5.360407089999999833e-03 4.379100519999999663e-02 -2.060919339999999975e-02 4.563012850000000044e-03 3.304367720000000314e-02
