# a=0.06713316001457949, b=-132.13251937018129, c=-0.001852465252448015, xi=11.363908140778374
6.515329509999999713e-01 7.492092799999999775e-02 -8.656742710000000021e-03 1.810864280000000102e-03 -1.490485910000000080e-02 9.187485250000000311e-03 -8.452851129999999422e-03
3.349744289999999847e+00 7.900877850000000147e-02 -7.401757650000000133e-03 -1.332404740000000046e-02 -2.448431599999999903e-02 -2.924017729999999968e-02 2.368593089999999901e-02
6.050446009999999930e+00 7.417977750000000203e-02 -3.598456460000000207e-03 -3.297073699999999996e-02 -1.291605730000000042e-02 3.551185809999999796e-04 3.336628850000000063e-02
8.757962109999999356e+00 6.496711820000000692e-02 -7.448282649999999651e-03 -4.537044970000000260e-02 -9.411608930000000747e-03 -1.587497469999999897e-02 4.029797940000000300e-02
1.146129370000000058e+01 6.778379539999999925e-02 -8.499676200000000348e-03 -4.697356479999999918e-02 -2.339873179999999928e-02 -5.132553699999999747e-02 3.553265390000000072e-03
1.415050300000000050e+01 6.722561900000000035e-02 -8.950619689999999781e-04 -5.535069799999999679e-02 -1.557803620000000090e-03 -5.159624179999999782e-02 -4.312247090000000116e-02
1.685339839999999967e+01 5.748195240000000122e-02 -2.091228990000000044e-03 -5.530968339999999678e-02 -8.455284130000000758e-03 -6.362685640000000087e-02 8.251439429999999969e-04
1.955243739999999875e+01 5.755337900000000173e-02 3.476866219999999886e-03 -5.671570509999999954e-02 -2.636186299999999927e-02 -6.289166179999999828e-02 3.419344760000000288e-02
2.225226869999999835e+01 6.110991679999999704e-02 3.776864919999999796e-03 -5.830754719999999697e-02 -1.666174750000000079e-02 -1.742927049999999992e-02 5.193379029999999758e-02
2.494449840000000052e+01 6.301810989999999391e-02 1.055831670000000055e-03 -6.353659799999999969e-02 -2.115715820000000150e-02 7.417423750000000067e-04 -1.629686129999999983e-02
2.764758739999999904e+01 5.920021069999999858e-02 -7.137511400000000165e-03 -6.738362999999999992e-02 -2.236987450000000113e-02 -6.748975410000000036e-03 -3.095847809999999894e-02
3.034477959999999896e+01 5.839728579999999697e-02 -7.586080589999999631e-03 -6.899494929999999693e-02 -4.514256240000000253e-02 1.187893039999999949e-02 -4.727113289999999857e-02
3.305417020000000150e+01 6.184836409999999729e-02 4.076673690000000012e-04 -7.371515039999999852e-02 -6.092632899999999609e-03 2.654991079999999976e-02 1.914214020000000113e-02
3.575349839999999801e+01 6.462515159999999981e-02 -3.666140950000000131e-03 -7.122329739999999632e-02 1.463688049999999942e-02 2.593652470000000140e-02 5.400017349999999827e-02
3.845841399999999766e+01 5.933587299999999731e-02 7.115755379999999866e-03 -6.936141090000000342e-02 2.510305009999999962e-02 4.380377559999999899e-03 4.613387969999999810e-02
4.116020770000000084e+01 5.783171919999999938e-02 1.923167610000000097e-03 -6.281327139999999531e-02 8.850606069999999298e-03 3.422598889999999699e-02 2.439097269999999928e-02
4.386497020000000191e+01 6.693665220000000193e-02 6.706742100000000380e-03 -6.377577669999999477e-02 1.771952580000000013e-02 5.009759729999999772e-02 1.324304150000000027e-02
4.656696709999999939e+01 7.631382740000000608e-02 9.415330850000000473e-03 -6.269061260000000080e-02 -1.837671269999999885e-02 5.235494830000000238e-02 -4.405129239999999724e-03
4.926647650000000311e+01 7.132476899999999620e-02 8.536440989999999687e-03 -6.807034700000000327e-02 -2.853860800000000003e-02 5.333238149999999789e-02 1.373688869999999985e-02
5.196639989999999898e+01 6.670608499999999830e-02 5.516054030000000150e-03 -7.391242770000000517e-02 -2.967187740000000115e-02 3.084674630000000008e-03 1.821708030000000061e-02
5.466656090000000034e+01 7.103488830000000143e-02 4.927354630000000194e-03 -6.980756859999999453e-02 -4.480201150000000243e-02 3.616345700000000302e-02 1.242635299999999936e-02
5.736197489999999988e+01 6.648526559999999586e-02 5.387530629999999834e-03 -6.963183970000000333e-02 -2.904877369999999889e-02 2.605463889999999963e-02 9.841860480000000702e-03
6.006258119999999678e+01 5.707387369999999960e-02 2.110813699999999817e-03 -7.591182559999999635e-02 -1.681738689999999828e-02 1.372065299999999932e-02 -2.300031480000000114e-02
6.276469840000000033e+01 5.537152759999999785e-02 5.432097260000000359e-04 -7.354374299999999476e-02 -1.183182600000000015e-02 1.664963770000000079e-02 -5.358163359999999764e-02
6.546554050000000302e+01 5.374028129999999792e-02 6.197137640000000176e-03 -7.267838779999999388e-02 -2.305016049999999983e-02 5.529062719999999764e-02 -4.068829189999999957e-02
6.817197489999999505e+01 5.490950199999999892e-02 9.246180079999999357e-03 -7.614115359999999721e-02 -3.032707230000000059e-02 3.084005039999999920e-02 -1.055746460000000098e-03
7.087891550000000507e+01 5.465734810000000277e-02 8.601102260000000055e-03 -7.884529160000000592e-02 -2.043945330000000032e-02 4.206891400000000066e-03 8.279472850000000467e-04
7.357206709999999816e+01 6.248338779999999815e-02 4.783771539999999607e-03 -7.488773179999999585e-02 -2.984482169999999948e-02 3.448143929999999968e-02 7.843559249999999816e-03
7.627612019999999404e+01 6.513098850000000051e-02 6.360733650000000364e-03 -6.634194109999999589e-02 -2.284863330000000067e-02 3.396090090000000034e-02 3.448528879999999963e-02
7.897606869999999901e+01 7.197888040000000043e-02 5.252083509999999969e-03 -6.050509390000000098e-02 -1.074015310000000015e-02 -5.561999360000000059e-03 -1.380477279999999928e-03
8.167588120000000629e+01 7.521597630000000090e-02 6.303516670000000252e-03 -6.433343939999999761e-02 -1.033792310000000020e-02 -4.233848770000000344e-02 -1.889773989999999834e-02
8.436842339999999751e+01 7.283649389999999335e-02 3.270732479999999970e-03 -5.615216130000000305e-02 -9.233261189999999660e-03 -1.199679730000000055e-02 -3.716617519999999841e-02
8.707438740000000621e+01 6.634988299999999839e-02 3.663650059999999826e-03 -5.617803610000000197e-02 -1.902175669999999971e-02 8.346633129999999484e-03 -1.304334820000000068e-02
8.977328590000000474e+01 6.782458619999999494e-02 -1.768764869999999974e-04 -6.474384680000000447e-02 -2.197826270000000082e-02 6.260442179999999891e-03 2.398759079999999988e-03
9.247463120000000458e+01 6.822179720000000336e-02 2.591935259999999901e-03 -7.369053289999999423e-02 -1.627097980000000166e-02 1.405847260000000001e-02 -1.190127210000000053e-02
9.517412179999999466e+01 6.325897269999999906e-02 2.748242040000000081e-04 -7.223308929999999739e-02 1.259208870000000022e-02 -4.054449570000000225e-02 -1.398667959999999946e-02
9.787198589999999854e+01 5.829397339999999733e-02 1.446692330000000056e-03 -7.363321779999999761e-02 -1.055015989999999980e-02 -7.332314950000000386e-02 -3.109649780000000099e-02
1.005800660000000022e+02 5.056303399999999976e-02 -5.226297960000000041e-03 -7.372999939999999586e-02 -2.084130110000000091e-02 -2.037750080000000005e-02 -8.403001979999999774e-03
1.032782059999999973e+02 5.583812669999999728e-02 -4.686476729999999868e-03 -7.628763260000000213e-02 1.467779000000000002e-03 -1.013980360000000039e-02 4.171581990000000108e-03
1.059840030000000013e+02 5.260245129999999852e-02 -6.641288660000000364e-03 -7.728697669999999575e-02 4.430569780000000180e-02 5.631754640000000145e-02 2.896289180000000130e-02
1.086941439999999943e+02 5.660668459999999846e-02 -3.007061430000000125e-03 -6.907532210000000283e-02 2.817034430000000048e-02 4.994989910000000033e-02 2.224929780000000148e-02
1.113910659999999950e+02 6.002327980000000257e-02 -2.702996259999999873e-03 -6.265262230000000210e-02 -4.485115169999999776e-03 6.409835469999999868e-02 -1.723204810000000115e-02
1.140892220000000066e+02 7.509982900000000683e-02 -1.254520820000000047e-03 -5.827370369999999855e-02 1.495340470000000024e-03 3.671223590000000092e-02 -2.381433360000000110e-02
1.167870970000000028e+02 7.408481790000000233e-02 -1.249428500000000026e-04 -5.367665159999999991e-02 1.001812950000000035e-02 -4.946648260000000366e-03 -9.557939699999999476e-04
1.194727840000000043e+02 7.660133519999999530e-02 1.316460129999999951e-04 -4.977514489999999847e-02 3.859014759999999933e-02 -8.269704259999999946e-03 8.578207140000000328e-03
1.221661589999999933e+02 7.593507979999999935e-02 -8.110873819999999540e-03 -4.585101159999999815e-02 7.326391540000000251e-03 -1.037031639999999935e-02 2.092474539999999994e-02
1.248587370000000050e+02 8.189930539999999703e-02 -7.233555990000000400e-03 -4.406659520000000274e-02 2.773207499999999839e-02 -1.280858210000000025e-02 -2.923748040000000159e-03
1.275580190000000016e+02 8.565850099999999800e-02 -7.327330939999999668e-03 -3.476081079999999990e-02 3.448566370000000214e-02 -1.296525379999999977e-02 -2.647832619999999915e-02
1.302575190000000021e+02 8.310542999999999403e-02 -5.014500919999999654e-03 -1.235166069999999935e-02 1.590424810000000064e-02 -1.699541480000000063e-02 -3.781093569999999932e-02
1.329587840000000085e+02 8.458801000000000514e-02 -3.311608330000000155e-03 4.124797099999999959e-03 -9.805315829999999497e-03 -7.327824709999999908e-03 -2.806331420000000160e-02
1.356560029999999983e+02 7.997441989999999612e-02 -2.409581840000000162e-03 1.700724740000000151e-02 -4.377579349999999835e-03 2.146723019999999954e-02 -5.210485079999999797e-02
1.383530810000000031e+02 7.404457729999999738e-02 3.656344479999999991e-03 3.451134759999999885e-02 1.627113369999999906e-02 -3.036340150000000054e-03 -9.318926180000000614e-02
1.410568939999999998e+02 6.950910890000000508e-02 5.098393180000000257e-04 4.468820710000000196e-02 -2.839024119999999842e-03 1.078252009999999990e-02 -1.694227980000000133e-02
1.437539720000000045e+02 6.278255230000000242e-02 2.781912899999999865e-04 5.076094929999999672e-02 -2.056411080000000030e-02 4.820019210000000068e-03 -2.144299070000000099e-02
1.464531589999999994e+02 6.435904809999999643e-02 -5.739184490000000249e-04 5.102340450000000110e-02 2.440813309999999986e-02 -2.893350230000000037e-02 -4.773393769999999953e-02
1.491548160000000109e+02 6.997323410000000354e-02 -1.434067179999999955e-03 5.806358360000000302e-02 3.365432559999999990e-02 -1.030032550000000054e-02 6.690232869999999943e-03
1.518592999999999904e+02 6.642559929999999890e-02 1.265004010000000088e-03 6.200623169999999740e-02 1.352846350000000072e-02 9.049695320000000417e-03 1.012637390000000054e-01
1.545588940000000093e+02 6.578199079999999532e-02 2.797727529999999904e-03 6.274207760000000134e-02 -3.132546409999999865e-02 3.820348059999999907e-02 9.325383289999999992e-02
1.572587059999999894e+02 6.646238320000000255e-02 -9.593274300000000153e-05 6.369348110000000451e-02 -3.835869349999999900e-02 3.449895060000000152e-02 2.925205189999999927e-02
1.599529719999999884e+02 6.580720330000000562e-02 -4.516130830000000297e-03 7.006200229999999529e-02 -6.381663909999999926e-03 4.166093750000000179e-02 -7.358172790000000463e-02
1.626528309999999919e+02 6.818958420000000020e-02 -1.290000629999999999e-03 6.934696369999999999e-02 -3.639597310000000120e-03 7.142361290000000251e-02 -4.341627120000000201e-02
1.653505030000000033e+02 6.513710709999999404e-02 5.709024499999999780e-03 7.137388090000000573e-02 4.483844699999999656e-03 6.415924700000000258e-02 -5.269075940000000208e-02
1.680495809999999892e+02 7.049635769999999801e-02 6.311321760000000378e-03 6.162585500000000022e-02 2.087081749999999958e-02 1.471447730000000065e-02 -6.271570329999999471e-02
1.707525809999999922e+02 6.756752950000000091e-02 6.494722419999999705e-03 6.223628390000000149e-02 -4.253409139999999970e-03 3.015316330000000072e-02 -6.839701450000000571e-02
1.734493940000000123e+02 6.618362889999999943e-02 3.269473259999999999e-03 6.519109979999999915e-02 2.425780519999999954e-02 3.664837080000000330e-02 -4.163297960000000159e-02
1.761509560000000079e+02 5.896775349999999749e-02 7.985250719999999885e-03 7.135078050000000227e-02 9.790319949999999258e-03 -9.500086979999999154e-03 -3.131384949999999751e-02
1.788533620000000042e+02 5.791321270000000104e-02 3.114537750000000160e-03 6.315460709999999589e-02 2.426562720000000062e-02 -5.342929939999999794e-02 -3.051897069999999837e-02
1.815628780000000120e+02 6.154968239999999979e-02 6.515751789999999627e-03 6.248064620000000347e-02 2.615444850000000002e-02 1.265012960000000105e-03 1.734769909999999988e-03
1.842687369999999873e+02 6.094090879999999877e-02 1.775801839999999925e-03 7.029183020000000226e-02 4.369735000000000286e-02 -4.216253229999999963e-02 5.924543889999999910e-03
1.869734559999999988e+02 5.814293730000000271e-02 2.995220559999999758e-04 6.521042970000000272e-02 2.000879839999999965e-02 -3.566151580000000154e-02 2.670274350000000074e-02
1.896750030000000038e+02 6.369965510000000219e-02 -6.487347459999999975e-03 6.794372590000000156e-02 5.070366100000000230e-03 -3.740971970000000341e-02 7.162491410000000093e-03
1.923765030000000138e+02 6.675616680000000247e-02 -4.730138600000000255e-04 6.267065820000000675e-02 -1.058929160000000001e-02 4.621337100000000135e-03 -1.289464859999999921e-02
1.950734410000000025e+02 6.325746390000000496e-02 2.757134640000000105e-03 6.543458539999999490e-02 1.335615820000000085e-02 4.172220019999999668e-02 -8.322970869999999841e-03
1.977679410000000075e+02 6.777970199999999723e-02 2.421297120000000160e-03 6.284334719999999652e-02 -2.364825060000000020e-02 5.590711210000000320e-02 -3.237466630000000040e-02
2.004637370000000089e+02 6.674596450000000458e-02 4.214446069999999885e-03 6.147151969999999771e-02 -4.511166219999999949e-02 3.789528040000000181e-02 2.445967600000000051e-03
2.031600339999999960e+02 6.680744969999999339e-02 3.878478219999999862e-03 6.164473990000000209e-02 -2.581215859999999931e-02 2.408407679999999967e-02 5.687627609999999778e-02
2.058602999999999952e+02 6.498225870000000348e-02 5.592735449999999657e-03 6.131547839999999805e-02 -5.180390099999999942e-02 4.204275080000000053e-02 7.048800780000000210e-02
2.085618159999999932e+02 5.840523809999999955e-02 3.543101089999999963e-03 5.940015740000000044e-02 -7.008365900000000648e-02 -1.797227690000000044e-02 3.874593970000000248e-02
2.112599559999999883e+02 5.350976810000000056e-02 8.476480749999999384e-03 6.236485209999999973e-02 -2.737945379999999831e-02 -4.619117530000000325e-03 1.869307829999999893e-02
2.139579090000000008e+02 6.391681429999999942e-02 7.440461930000000397e-03 6.447839360000000297e-02 -3.594330079999999861e-03 -2.331811459999999850e-02 2.935635119999999848e-02
2.166538470000000132e+02 6.325349519999999559e-02 4.251393109999999573e-03 6.888316930000000504e-02 4.505001510000000015e-02 6.778637960000000184e-03 3.878676109999999733e-02
2.193551750000000027e+02 6.495863879999999591e-02 9.788974509999999896e-04 6.628700710000000329e-02 5.201822879999999996e-03 3.905989840000000102e-02 7.758951960000000370e-02
2.220487060000000099e+02 6.737532749999999848e-02 4.083646749999999951e-04 6.535737619999999748e-02 -3.285671459999999888e-03 2.924275789999999930e-02 1.990394870000000010e-02
2.247451749999999890e+02 6.789261200000000496e-02 -5.982115270000000311e-04 6.397427379999999497e-02 -3.058975380000000105e-02 6.177812209999999568e-03 9.617226910000000253e-03
2.274485659999999996e+02 7.084244759999999697e-02 -2.395841839999999796e-03 6.893843800000000466e-02 -4.569713830000000226e-02 2.168765870000000096e-02 2.560522159999999853e-02
2.301374409999999955e+02 6.619872329999999805e-02 4.292979429999999735e-03 6.485809950000000212e-02 2.584897889999999976e-02 1.007667909999999901e-03 -9.019288970000000766e-03
2.328364249999999913e+02 6.063745870000000066e-02 8.859868249999999779e-03 6.403049049999999520e-02 8.267673879999999642e-02 -1.236895179999999983e-02 2.222208029999999876e-02
2.355419719999999870e+02 5.280937559999999975e-02 2.552531649999999815e-03 5.707650050000000197e-02 7.335023690000000429e-02 -2.136229869999999899e-03 7.077244189999999657e-02
2.382442529999999863e+02 5.197179560000000226e-02 -7.556109370000000346e-04 6.444908019999999460e-02 2.096303789999999848e-02 4.263620190000000192e-03 3.511593100000000300e-02
2.409461279999999874e+02 5.717362279999999713e-02 -1.748025789999999935e-03 6.679934849999999424e-02 -3.336797290000000082e-02 1.004481689999999969e-02 1.472377079999999915e-02
2.436469559999999888e+02 6.186086040000000202e-02 -8.669243050000000755e-03 6.916554860000000138e-02 8.919677540000000432e-03 -5.674820919999999658e-02 3.033757059999999880e-02
2.463440659999999980e+02 5.185519360000000189e-02 -7.445884720000000428e-03 7.407139129999999738e-02 3.942561180000000304e-02 -6.830710060000000361e-02 -3.516052299999999908e-02
2.490523939999999925e+02 4.749570029999999887e-02 -1.142809740000000004e-02 6.676455420000000640e-02 -7.737512139999999650e-03 -1.775381839999999947e-02 -3.968944409999999867e-02
2.517517220000000009e+02 4.950321450000000345e-02 -1.265383100000000080e-02 6.313924329999999474e-02 -5.099103580000000080e-02 4.743716359999999681e-03 -2.358893449999999864e-02
2.544516120000000114e+02 5.573823540000000243e-02 -1.552681789999999992e-02 6.791780560000000577e-02 -3.609647459999999752e-02 -4.981538590000000183e-02 -2.414512640000000127e-02
2.571459090000000174e+02 5.650003139999999757e-02 -1.430759359999999973e-02 7.157235829999999965e-02 7.994766239999999413e-03 -2.526426130000000020e-02 1.977221159999999894e-02
2.598384090000000128e+02 6.450912559999999463e-02 -1.061087229999999916e-02 6.357679639999999632e-02 6.953048050000000535e-02 1.114681449999999942e-02 3.296489770000000236e-02
2.625315969999999766e+02 6.076780190000000137e-02 -1.095310019999999954e-02 5.158784589999999837e-02 4.631243060000000272e-02 3.235356300000000185e-02 5.787885569999999882e-03
2.652269410000000107e+02 7.052021799999999563e-02 -1.048695770000000055e-02 3.187353340000000090e-02 2.097660910000000156e-02 6.771094610000000236e-03 1.281635400000000029e-02
2.679185800000000199e+02 7.469421360000000343e-02 -1.303672959999999971e-02 1.549793560000000021e-02 -1.616125939999999914e-02 2.147490499999999899e-02 1.013824309999999951e-02
