# a=0.06392552222363938, b=-137.1862440649578, c=-0.0010710472352364647, xi=12.071648254862694
6.888310239999999585e-01 6.546780530000000098e-02 4.995705270000000246e-03 5.477507029999999916e-02 -6.748892220000000247e-03 -1.444508930000000003e-02 8.930755060000000051e-03
3.388095190000000034e+00 6.449867950000000294e-02 3.537254630000000177e-03 5.806031849999999939e-02 1.205356959999999943e-02 -2.982510910000000029e-02 -2.532298620000000139e-02
6.097940809999999878e+00 5.826118219999999737e-02 2.726218749999999909e-03 5.915893819999999692e-02 1.821396570000000104e-02 -2.826789580000000149e-02 2.214675409999999900e-02
8.795891279999999313e+00 7.341726460000000398e-02 3.066077290000000094e-03 5.895190580000000263e-02 -1.786268380000000100e-02 -2.038860990000000012e-02 6.991692950000000413e-03
1.151592160000000042e+01 6.662286089999999716e-02 4.609784730000000136e-03 5.934630800000000039e-02 3.041971959999999892e-02 -1.381735800000000007e-02 -3.920837810000000166e-03
1.420376850000000069e+01 6.963118029999999792e-02 7.316328629999999632e-03 4.357546179999999963e-02 -2.291422140000000038e-02 2.077012329999999851e-02 5.629540360000000188e-02
1.690370599999999968e+01 7.708594650000000215e-02 6.137682959999999840e-03 2.916750289999999954e-02 9.101020309999999225e-03 1.659325299999999878e-02 -9.324382049999999783e-03
1.959914660000000097e+01 8.290154140000000060e-02 1.522418159999999916e-02 2.318790020000000007e-02 -1.380915610000000085e-02 -3.554233720000000291e-02 1.654964930000000015e-02
2.229210439999999949e+01 7.937662689999999688e-02 4.354488709999999874e-03 -3.592150530000000168e-03 -3.096127090000000068e-02 -3.999641820000000153e-02 -2.982969220000000060e-02
2.498483879999999857e+01 7.846575640000000296e-02 1.034409539999999947e-02 -2.142082359999999963e-02 -4.261060750000000147e-03 -1.397639489999999950e-02 -2.814607619999999911e-03
2.768039190000000005e+01 6.874681400000000331e-02 2.112324660000000024e-03 -4.357546550000000046e-02 -4.721308960000000191e-04 -6.690042240000000640e-02 -4.393066059999999745e-02
3.037834189999999879e+01 5.922195229999999838e-02 8.337309080000000327e-04 -6.220346840000000321e-02 2.861258509999999901e-04 -2.761088540000000008e-02 -4.552757389999999987e-02
3.308285750000000291e+01 5.129183949999999853e-02 5.829719239999999608e-03 -5.873999769999999759e-02 1.579898760000000152e-02 1.785898940000000060e-02 -4.714927089999999821e-02
3.577394970000000285e+01 6.049907840000000314e-02 -6.113024160000000116e-03 -6.857755990000000135e-02 -4.425512579999999786e-03 2.027021730000000063e-02 -7.587650320000000059e-02
3.847569819999999652e+01 6.548070649999999937e-02 -7.068392140000000039e-03 -6.163629109999999717e-02 1.264137780000000079e-02 2.756329659999999862e-02 -4.422969699999999837e-02
4.117833879999999880e+01 6.409365429999999697e-02 -9.267988729999999259e-03 -6.322741599999999462e-02 -2.609995690000000215e-03 -4.026994409999999983e-03 -4.164685559999999759e-02
4.388448249999999717e+01 6.198367369999999849e-02 -7.044915960000000185e-03 -6.013072049999999835e-02 -1.256062250000000019e-02 4.164141910000000030e-02 -1.830416730000000020e-02
4.659854349999999812e+01 5.895244930000000105e-02 -1.172338749999999978e-02 -6.827040410000000115e-02 -4.777577039999999706e-03 4.502853180000000038e-02 -7.798086649999999564e-02
4.928442940000000050e+01 6.301556229999999426e-02 -1.461338000000000047e-02 -6.772090329999999603e-02 -2.284257259999999956e-02 -5.266145590000000098e-03 -2.787593429999999858e-02
5.198186849999999737e+01 5.861027679999999962e-02 -1.148756280000000005e-02 -6.818229330000000199e-02 -8.657655599999999549e-03 -1.648334889999999997e-02 -7.016982709999999845e-02
5.468059190000000314e+01 5.215252859999999768e-02 -4.749665250000000005e-03 -4.952546630000000116e-02 -1.217809840000000018e-02 7.272407229999999778e-03 -2.742486749999999834e-02
5.738584029999999814e+01 6.015083050000000209e-02 -1.069778319999999984e-03 -6.381164039999999427e-02 -9.715252109999999303e-03 4.979041489999999799e-03 -7.119780350000000368e-02
6.008061849999999993e+01 5.920096989999999726e-02 7.821118440000000144e-03 -7.029363880000000231e-02 -1.795883170000000043e-02 -4.751515280000000174e-02 -4.984304810000000224e-02
6.277422159999999707e+01 5.604137540000000278e-02 3.088819300000000129e-03 -5.290194100000000094e-02 -1.833949650000000001e-02 1.170683110000000048e-02 -2.263814340000000133e-02
6.547160130000000322e+01 5.277806990000000198e-02 -3.271028690000000105e-04 -6.074031230000000170e-02 -1.484942000000000033e-02 8.735302080000000025e-03 -6.779697410000000207e-04
6.818160129999999697e+01 4.846476849999999809e-02 6.889641779999999653e-03 -5.546499519999999878e-02 3.982131080000000413e-03 1.479938469999999943e-02 -2.021354620000000157e-02
7.087397629999999538e+01 4.863130639999999755e-02 1.119509729999999988e-02 -6.483127410000000257e-02 -1.755888940000000084e-03 -1.757407420000000123e-02 -7.107900920000000122e-02
7.357424349999999436e+01 5.597179900000000263e-02 1.073070370000000009e-02 -5.995608060000000294e-02 -1.471122350000000044e-02 -6.577359029999999733e-04 -9.051221830000000246e-02
7.627348569999999484e+01 5.537004470000000261e-02 1.680114989999999947e-02 -5.542779459999999658e-02 -7.679814910000000352e-04 1.060312319999999996e-02 -1.822122959999999958e-02
7.896379349999999420e+01 6.386399650000000594e-02 9.997650550000000691e-03 -5.432478670000000232e-02 -2.675039090000000050e-02 2.504391669999999834e-02 -2.566015279999999798e-03
8.167303880000000049e+01 5.998309210000000308e-02 4.118437640000000011e-03 -5.695469050000000200e-02 -3.208362370000000102e-02 -1.905434220000000109e-02 -2.141971549999999863e-02
8.436483719999999664e+01 5.576478619999999942e-02 3.647444100000000154e-03 -5.372368940000000342e-02 -2.558473929999999924e-02 1.170393330000000023e-02 -5.982127079999999958e-02
8.707288099999999531e+01 5.185511360000000236e-02 4.377869719999999778e-04 -6.567654350000000363e-02 9.963080109999999587e-03 -3.043448759999999812e-03 -7.918050899999999614e-02
8.977365600000000256e+01 4.772535819999999818e-02 4.758094990000000094e-04 -6.680580519999999856e-02 1.650518039999999964e-02 1.239849449999999922e-02 -9.757110060000000196e-02
9.246856999999999971e+01 5.599180329999999678e-02 -9.836476079999999927e-04 -6.730648429999999682e-02 -1.915439510000000031e-03 2.868877430000000076e-02 -5.320408010000000215e-02
9.516800910000000613e+01 4.604907490000000048e-02 -4.235399709999999700e-03 -7.357108930000000324e-02 -3.997644239999999759e-03 8.693382700000000171e-03 -8.883947420000000428e-02
9.787524349999999629e+01 4.824363279999999837e-02 -4.395441059999999692e-03 -7.593223999999999807e-02 -6.502231650000000031e-04 -1.757190520000000145e-02 -3.804443889999999800e-02
1.005779540000000054e+02 3.796386909999999865e-02 -4.417276919999999938e-04 -8.300042859999999523e-02 -1.002798310000000033e-02 1.487958340000000018e-02 -8.247708130000000470e-02
1.032644229999999936e+02 3.454070699999999688e-02 -1.103990219999999994e-03 -7.393464589999999836e-02 -4.196531350000000209e-03 -3.731022040000000345e-02 -1.077777159999999956e-02
1.059702510000000046e+02 4.426426480000000135e-02 4.557372859999999672e-03 -7.209709579999999673e-02 -9.559948480000000220e-04 -1.214231510000000035e-02 -2.894635989999999950e-02
1.086739230000000020e+02 5.669110039999999962e-02 7.075289220000000219e-03 -6.885143280000000088e-02 4.657912860000000196e-03 -2.200091809999999912e-02 -5.885588790000000070e-02
1.113896890000000042e+02 5.859422570000000219e-02 3.495355070000000057e-03 -6.940044939999999440e-02 -1.372299769999999960e-03 -3.726289599999999674e-02 -9.281580559999999536e-02
1.140978139999999996e+02 6.380716300000000007e-02 -1.346050180000000042e-03 -6.337399500000000241e-02 4.166199510000000161e-02 5.911800350000000377e-04 -5.589066439999999802e-02
1.167941890000000029e+02 6.418411229999999856e-02 -3.741816480000000056e-03 -5.711749630000000078e-02 3.781850300000000331e-02 -1.542920119999999923e-02 3.629729869999999935e-03
1.194979230000000001e+02 6.272176250000000008e-02 -8.971189549999999610e-03 -5.546649969999999791e-02 1.313488770000000028e-02 1.029304919999999950e-02 -8.570628130000000622e-03
1.221981420000000043e+02 6.318183809999999845e-02 -4.859850070000000348e-03 -5.253922459999999656e-02 -9.328007040000000846e-03 -4.978672439999999935e-03 -9.316567439999999534e-03
1.248945329999999956e+02 6.933428730000000539e-02 -2.543564099999999929e-03 -3.908588550000000050e-02 -1.602831340000000077e-02 -3.073171920000000029e-02 2.390573899999999877e-02
1.275989229999999992e+02 8.056721549999999732e-02 1.381026229999999990e-03 -4.021154340000000077e-02 -1.159861220000000040e-02 2.453664620000000143e-02 -6.382232629999999574e-02
1.302942199999999957e+02 8.116884920000000392e-02 -1.077969540000000030e-03 -2.608512909999999990e-02 -3.659643490000000221e-02 -1.606037360000000039e-02 -7.407835080000000315e-03
1.329982510000000104e+02 7.319012860000000120e-02 -4.818387210000000392e-03 -3.033133949999999857e-02 -2.896277260000000098e-04 -2.769480950000000052e-02 -7.038901140000000667e-02
1.356922199999999918e+02 7.154796480000000236e-02 -1.356475510000000086e-02 -1.409094290000000027e-02 -1.702522969999999830e-02 -3.433297750000000037e-02 -1.605709469999999943e-03
1.383857040000000040e+02 6.940631819999999730e-02 -2.355815080000000020e-02 -1.726788200000000002e-03 -2.381055240000000059e-02 -3.636520280000000299e-02 -4.650823450000000220e-02
1.410732040000000040e+02 6.775166820000000367e-02 -1.776167260000000025e-02 2.393059820000000004e-02 -1.184875329999999930e-03 2.210687210000000097e-02 4.051173970000000041e-02
1.437776110000000074e+02 6.962654940000000126e-02 -2.780190689999999937e-02 2.750574880000000028e-02 -7.423461600000000327e-03 -4.128097570000000167e-03 1.642306530000000112e-02
1.464692510000000141e+02 6.808063940000000369e-02 -2.382448579999999969e-02 3.804900779999999955e-02 2.355744840000000007e-02 1.660772409999999866e-02 1.943628970000000136e-02
1.491710009999999897e+02 7.344553260000000194e-02 -1.768985240000000084e-02 5.076704370000000022e-02 -1.495437999999999976e-02 -6.816511600000000129e-03 1.180068719999999988e-02
1.518732200000000034e+02 6.892041070000000380e-02 -1.406903619999999924e-02 6.155562109999999920e-02 -3.448298600000000019e-02 -1.611642450000000046e-02 -4.403435810000000047e-03
1.545788760000000082e+02 6.304256240000000178e-02 -1.517380689999999963e-02 5.462280919999999707e-02 -1.891836159999999920e-02 2.479178119999999805e-03 -2.866236700000000109e-02
1.572725330000000099e+02 6.672753280000000287e-02 -9.644989350000000849e-03 6.091091719999999765e-02 -2.280827930000000128e-02 5.230397610000000336e-02 9.802968500000000182e-03
1.599724860000000035e+02 5.444326449999999790e-02 -6.358932759999999865e-03 6.584057109999999491e-02 -6.055601499999999776e-02 1.216048959999999936e-02 -2.126480639999999908e-02
1.626716260000000034e+02 5.559379899999999930e-02 -3.183444259999999946e-03 6.508023949999999780e-02 -4.289976969999999973e-02 -7.393693009999999753e-03 -2.544269949999999891e-02
1.653768450000000030e+02 5.595822479999999766e-02 -6.509117309999999657e-03 7.127143199999999568e-02 -1.471123480000000039e-02 -3.434728729999999858e-03 -4.489519649999999806e-02
1.680777830000000108e+02 6.202306820000000331e-02 2.034416409999999925e-03 6.739017499999999661e-02 -1.948311219999999955e-02 1.194137529999999940e-02 -9.333836539999999663e-04
1.707850640000000055e+02 5.605859640000000060e-02 1.904163539999999960e-03 6.315222280000000465e-02 1.108941079999999947e-02 -7.276235300000000357e-03 7.316187009999999998e-03
1.734970480000000066e+02 5.666097469999999831e-02 -3.775009000000000177e-03 5.973301190000000066e-02 1.219454409999999904e-03 4.068162689999999665e-02 2.904030449999999873e-04
1.762175169999999866e+02 5.869528920000000038e-02 -3.796721649999999868e-03 5.950247830000000154e-02 -8.638829120000000167e-03 4.117263560000000017e-02 -3.747221659999999677e-02
1.789237669999999980e+02 5.844076260000000134e-02 2.092635289999999950e-03 6.353543920000000178e-02 -4.872201119999999830e-02 9.072107260000000090e-03 -3.254310140000000323e-02
1.816222359999999867e+02 5.631689959999999773e-02 -1.622979810000000050e-04 6.721405460000000331e-02 -9.091396090000000360e-03 -3.109471210000000138e-02 2.104673489999999911e-02
1.843175640000000044e+02 5.259686930000000149e-02 7.187971970000000058e-03 6.589120480000000557e-02 -1.404460710000000022e-02 -3.182048529999999958e-02 4.106672000000000100e-02
1.870174389999999960e+02 4.989414479999999819e-02 1.128465510000000067e-02 6.789148790000000544e-02 -2.933409500000000100e-02 -3.732389529999999983e-02 2.967043579999999875e-02
1.897235009999999988e+02 5.512910540000000303e-02 8.593425119999999542e-03 7.691136169999999994e-02 -6.159173460000000322e-02 -2.433076130000000076e-03 -2.097825270000000172e-02
1.924176420000000007e+02 5.540121800000000207e-02 7.560350510000000100e-03 7.101927710000000005e-02 -5.245556140000000311e-02 6.394302390000000322e-03 -2.245492669999999899e-02
1.951077510000000075e+02 5.497782209999999697e-02 7.005745980000000275e-03 7.589626659999999803e-02 1.951113289999999861e-02 -3.423810780000000054e-02 -2.013451590000000027e-02
1.978060169999999971e+02 4.948500659999999912e-02 1.125806249999999897e-03 5.743104289999999973e-02 1.789735740000000103e-02 -4.875712890000000188e-02 -2.519573450000000062e-02
2.005111890000000017e+02 4.909495440000000155e-02 4.331553499999999876e-03 5.153658230000000146e-02 1.829892990000000011e-02 -3.039342169999999926e-02 -2.597476660000000090e-02
2.032180329999999913e+02 6.578000999999999987e-02 2.808476769999999813e-03 5.046122580000000218e-02 -6.324991459999999843e-02 -3.784427180000000251e-02 -3.315477879999999961e-02
2.059084540000000061e+02 6.992003980000000007e-02 4.439373470000000112e-04 5.445307320000000034e-02 -5.759360329999999592e-04 5.972371479999999573e-03 -9.114996009999999302e-03
2.086184230000000071e+02 6.577949719999999501e-02 -3.137117469999999887e-04 6.155159150000000245e-02 2.937792650000000056e-04 1.789177980000000029e-02 -1.269448339999999960e-02
2.113154230000000098e+02 6.591170070000000603e-02 4.006176020000000101e-03 6.003922059999999838e-02 -2.033400709999999903e-02 1.942510440000000047e-02 3.272563540000000132e-02
2.140213610000000131e+02 6.997385109999999797e-02 9.177806999999999632e-03 5.504754540000000168e-02 -3.250013759999999946e-02 1.541521579999999975e-02 1.875507599999999900e-02
2.167243290000000115e+02 7.529559289999999960e-02 1.117199060000000077e-02 5.405004590000000303e-02 -1.951627529999999991e-04 -2.503307940000000162e-02 4.045903640000000218e-02
2.194224389999999971e+02 7.529354039999999748e-02 1.581875059999999925e-03 5.623376659999999860e-02 9.061235830000000102e-03 -4.794975380000000148e-02 8.908327420000000663e-02
2.221174540000000093e+02 5.866776850000000182e-02 4.825017969999999615e-03 5.900628699999999754e-02 3.956228760000000261e-02 -8.085533310000000279e-03 5.575324489999999855e-02
2.248228760000000079e+02 4.460715569999999797e-02 5.834099569999999816e-04 5.981444410000000267e-02 2.657486159999999931e-02 -3.594528049999999846e-03 4.937193480000000301e-02
2.275189860000000124e+02 5.221697969999999911e-02 -4.671497160000000377e-03 6.000248810000000099e-02 4.353098820000000230e-02 -1.061250069999999934e-02 -8.962077179999999865e-03
2.302332040000000006e+02 5.154451799999999750e-02 1.304059460000000104e-03 6.465448340000000405e-02 -6.798784149999999825e-03 2.290319639999999907e-02 -1.531001520000000067e-02
2.329411729999999920e+02 5.267588559999999975e-02 1.195202740000000105e-03 6.592518990000000023e-02 -3.872859099999999971e-02 2.542299940000000008e-02 -5.019262819999999875e-02
2.356320790000000045e+02 5.058365060000000191e-02 3.580906030000000117e-04 6.030836049999999809e-02 -7.241657070000000022e-03 1.165264029999999937e-02 -5.022958460000000180e-02
2.383146889999999871e+02 5.142379200000000289e-02 -4.465366789999999572e-03 5.458513739999999725e-02 -6.028064129999999993e-02 -1.958997380000000038e-02 5.024338209999999749e-03
2.410105480000000000e+02 4.894737350000000209e-02 -2.469722509999999847e-03 6.004879040000000306e-02 -1.399241269999999988e-02 -2.455127320000000113e-02 -2.348794920000000196e-03
2.437016260000000045e+02 4.981752130000000056e-02 -7.429635290000000114e-03 6.090753150000000060e-02 -1.076985280000000017e-02 -1.624238230000000019e-02 1.519545140000000058e-02
2.464102200000000096e+02 5.507519660000000095e-02 -6.049953990000000222e-04 5.484117389999999814e-02 -6.766840060000000288e-03 -1.428919029999999946e-03 -2.209884709999999919e-02
2.491113760000000070e+02 6.393405580000000032e-02 3.976066870000000315e-03 5.490009529999999999e-02 -6.386004550000000390e-02 2.595369469999999831e-02 -5.206209249999999705e-02
2.518186259999999947e+02 6.292520980000000652e-02 4.749048480000000322e-03 5.971601990000000026e-02 -2.536443089999999845e-02 2.974646679999999946e-02 -7.114813509999999910e-03
2.545188760000000059e+02 6.142381040000000070e-02 1.001977310000000052e-02 6.121433040000000270e-02 -4.508849840000000303e-02 1.518476939999999914e-02 9.818544400000000366e-03
2.572234080000000063e+02 5.550498920000000030e-02 6.214600750000000284e-03 5.890544179999999963e-02 -4.787356610000000068e-02 -2.810195290000000110e-02 5.236093750000000296e-02
2.599233140000000049e+02 5.454947839999999687e-02 5.300012189999999887e-03 6.273863550000000067e-02 -4.247350190000000192e-02 -2.144790090000000052e-02 2.306204090000000054e-02
2.626355330000000095e+02 5.924841310000000111e-02 6.487917660000000128e-03 6.392008059999999825e-02 1.155200810000000036e-02 -1.202721319999999934e-02 1.409898249999999922e-02
2.653221110000000067e+02 6.059387809999999819e-02 9.295838900000000585e-03 6.540134029999999932e-02 -1.885867990000000133e-02 -2.798187109999999977e-02 1.004913729999999950e-01
2.680306570000000193e+02 6.529201040000000289e-02 6.395540239999999814e-03 5.555517530000000231e-02 -2.967112579999999986e-02 -3.701774320000000146e-02 9.977171970000000417e-03
