# a=0.06275135586073484, b=-150.05202063479442, c=0.0005276560903313164, xi=7.199801209466015
6.990972530000000296e-01 8.596286009999999644e-02 2.537116339999999793e-03 4.027515319999999677e-02 -1.262854390000000063e-02 -1.049975280000000049e-03 3.696254420000000002e-03
3.393294860000000135e+00 8.672423360000000581e-02 2.693078150000000059e-03 3.210936329999999894e-02 2.254592119999999922e-02 9.103555609999999451e-03 3.714571230000000140e-02
6.090057200000000392e+00 8.291350349999999925e-02 3.203169650000000073e-03 7.129225060000000079e-03 7.020909240000000606e-02 -3.491391469999999969e-02 -9.031208739999999416e-03
8.787909069999999545e+00 8.937399170000000226e-02 8.605353359999999910e-03 3.941533999999999793e-04 2.374196110000000026e-02 -2.462646190000000040e-02 -2.694993980000000115e-03
1.148514699999999955e+01 8.465636329999999543e-02 8.667292450000000856e-03 -5.534329139999999599e-03 1.386822820000000074e-02 1.189991540000000063e-02 -2.689013260000000169e-02
1.418671110000000013e+01 8.258090860000000255e-02 9.859737900000000235e-03 -2.061645169999999985e-02 1.911136260000000087e-02 8.645118179999999528e-03 -4.057724680000000111e-02
1.687870489999999890e+01 6.935318220000000200e-02 5.970431489999999779e-03 -3.190581690000000165e-02 1.070269960000000062e-03 4.076029510000000328e-02 9.075627180000000321e-03
1.957082049999999995e+01 7.032205419999999763e-02 3.952381080000000151e-03 -5.345109950000000165e-02 1.018369929999999972e-02 4.334634549999999940e-03 6.836646299999999711e-03
2.226843609999999885e+01 5.689730219999999949e-02 7.377061569999999969e-04 -5.764081749999999671e-02 1.198971809999999950e-02 -3.706989299999999959e-02 2.814621250000000005e-02
2.496515799999999885e+01 5.577038849999999687e-02 -3.174691329999999867e-03 -5.695417669999999766e-02 3.145822639999999726e-02 3.749547399999999912e-03 -1.499114959999999983e-02
2.766475170000000006e+01 5.726247229999999883e-02 -3.893575910000000081e-03 -6.694018479999999660e-02 -1.358563909999999965e-02 8.002893469999999496e-03 -2.268259610000000065e-02
3.036615169999999964e+01 6.088236069999999889e-02 3.630115019999999705e-05 -6.120789299999999933e-02 4.631176680000000101e-02 3.464858839999999940e-02 -3.141697260000000241e-02
3.305938139999999947e+01 5.852431350000000115e-02 -2.549478379999999824e-07 -6.968930360000000213e-02 7.033403850000000124e-02 3.973104539999999796e-02 -6.477997280000000191e-02
3.577298919999999782e+01 6.175104719999999908e-02 -4.885554079999999966e-03 -5.812892020000000326e-02 3.246939869999999895e-02 2.816908629999999997e-02 -8.554087740000000661e-02
3.847855640000000221e+01 6.223917030000000045e-02 -4.643014499999999732e-03 -6.158210819999999919e-02 -1.468679789999999957e-02 1.684552200000000166e-02 -4.117396450000000013e-02
4.117659239999999699e+01 6.195032279999999891e-02 -9.115619059999999912e-03 -5.868282920000000152e-02 5.000056370000000028e-02 1.283409079999999966e-02 -1.860051189999999827e-02
4.387364550000000207e+01 6.243115330000000018e-02 -2.293480489999999861e-03 -6.213514430000000033e-02 1.941475669999999940e-03 9.922018399999999599e-03 2.376772879999999866e-02
4.657694699999999699e+01 6.283046150000000385e-02 -5.874357359999999618e-03 -7.081870160000000580e-02 1.792639470000000068e-02 -8.397236690000000475e-03 2.660979139999999910e-02
4.926426889999999759e+01 5.397558289999999925e-02 -7.086891789999999990e-03 -7.209836249999999891e-02 5.384258570000000077e-02 1.892056350000000109e-02 2.501296340000000104e-02
5.195673610000000053e+01 4.672649529999999690e-02 -3.314311040000000180e-03 -7.247935369999999877e-02 5.493791230000000247e-02 -1.693048889999999862e-02 1.281591879999999933e-02
5.466464080000000081e+01 5.461245060000000096e-02 2.209559350000000165e-03 -6.818127979999999422e-02 2.080334740000000168e-02 -5.140863749999999982e-02 -3.310202050000000257e-02
5.735732360000000085e+01 6.109843630000000303e-02 -3.950360190000000091e-03 -6.808984270000000005e-02 3.546669969999999977e-02 -4.782680429999999761e-02 -4.337541589999999864e-02
6.005642830000000032e+01 5.833463359999999792e-02 -5.082823890000000115e-03 -6.987268239999999686e-02 5.804158820000000080e-02 1.946761600000000020e-04 -5.901565029999999989e-02
6.275895169999999723e+01 6.046943879999999716e-02 1.051964350000000013e-02 -6.435059540000000189e-02 -2.878670360000000136e-03 3.997008960000000138e-02 -3.393160060000000033e-02
6.545848770000000627e+01 6.278887469999999693e-02 8.694293949999999313e-03 -6.469115109999999669e-02 6.901306220000000269e-02 4.360533049999999571e-03 -4.935685969999999839e-02
6.816965170000000285e+01 6.583656050000000204e-02 1.103964179999999962e-02 -6.354318439999999402e-02 -1.222751960000000027e-02 2.121495719999999877e-02 -2.417919040000000158e-02
7.088325799999999788e+01 6.696769599999999323e-02 9.073609280000000457e-03 -6.253295389999999343e-02 -1.923401530000000068e-02 1.630254100000000025e-02 -3.629158319999999799e-02
7.358112049999999726e+01 6.209347929999999710e-02 1.571831699999999901e-02 -6.747082090000000587e-02 -5.935131419999999797e-02 1.904220109999999952e-02 -3.667391030000000107e-02
7.626547050000000638e+01 6.378663769999999567e-02 1.497190470000000009e-02 -6.293588029999999667e-02 2.282350589999999901e-02 9.726681830000000195e-03 -1.045067790000000010e-02
7.896310800000000540e+01 5.396834279999999928e-02 8.877274399999999371e-03 -6.860510120000000434e-02 2.932338630000000043e-02 -2.412298079999999900e-02 -5.685443130000000095e-02
8.166482670000000610e+01 5.867085699999999987e-02 1.748464460000000165e-02 -7.174748960000000564e-02 1.106717620000000069e-02 -2.443163940000000079e-03 -3.999955429999999673e-02
8.437207050000000663e+01 5.795721210000000234e-02 1.614013809999999965e-02 -6.702860250000000630e-02 -4.762791750000000199e-03 -2.665227109999999955e-02 -4.746713260000000323e-02
8.708173299999999983e+01 6.200267710000000043e-02 2.327290279999999836e-02 -6.523908289999999499e-02 -3.805142880000000200e-02 -2.305124290000000117e-02 -5.533911700000000017e-02
8.978506579999999815e+01 6.082885970000000142e-02 1.086680580000000049e-02 -6.898322299999999629e-02 9.002517649999999816e-03 1.419445039999999922e-02 1.660687500000000011e-02
9.249049390000000415e+01 6.398798029999999692e-02 9.650862180000000651e-03 -6.843058559999999624e-02 5.904409409999999969e-02 1.641419610000000029e-02 2.224750080000000019e-02
9.518909700000000385e+01 5.612168420000000074e-02 1.134651910000000069e-02 -5.995428159999999923e-02 9.069561110000000370e-02 3.401536919999999936e-02 2.635306030000000160e-02
9.789891579999999749e+01 6.038297680000000167e-02 2.200878859999999895e-03 -6.310154210000000485e-02 1.514302179999999984e-02 2.187902109999999983e-02 8.305994969999999297e-03
1.005997500000000002e+02 6.433711729999999629e-02 -9.882374500000000363e-04 -6.113423650000000126e-02 -1.831988509999999890e-02 -2.209131220000000104e-02 -2.561457379999999839e-02
1.032986559999999940e+02 6.867777889999999996e-02 2.841541920000000172e-03 -5.592058009999999885e-02 -1.405767710000000066e-02 6.472023430000000375e-03 -4.290954279999999871e-02
1.059889529999999951e+02 6.325827069999999386e-02 2.823219599999999847e-03 -5.610859950000000179e-02 -1.214190189999999996e-02 4.531217769999999756e-02 2.881193909999999955e-02
1.086811100000000039e+02 5.840652779999999655e-02 4.707948580000000278e-03 -5.697033650000000310e-02 3.380716500000000013e-02 -1.155596939999999941e-02 7.015252190000000054e-02
1.113823129999999964e+02 5.645501709999999757e-02 -6.918379949999999782e-04 -5.940270289999999981e-02 4.782480470000000095e-02 -1.007761870000000066e-02 3.183079629999999854e-02
1.140897030000000001e+02 6.147486679999999981e-02 -1.856713440000000047e-03 -5.142025719999999966e-02 -1.239021499999999956e-02 -1.222090380000000025e-02 1.628745549999999903e-02
1.167875939999999986e+02 7.481774169999999557e-02 -8.174867279999999473e-03 -5.744605769999999723e-02 1.146918849999999969e-02 1.875804140000000148e-02 -4.107973320000000289e-02
1.194873750000000001e+02 6.758371950000000017e-02 8.770145989999999538e-04 -5.945029880000000239e-02 1.682209499999999872e-02 1.229123350000000010e-02 -2.390834979999999915e-02
1.221965629999999976e+02 6.281124350000000245e-02 -7.071599840000000357e-04 -6.357054099999999430e-02 2.563511900000000135e-02 -4.120253000000000110e-02 -2.732937670000000138e-02
1.249069850000000059e+02 6.976559320000000342e-02 2.586325710000000086e-04 -6.430081549999999702e-02 2.028113790000000104e-03 -1.968856839999999844e-02 -2.297773490000000127e-02
1.275910939999999982e+02 6.520275379999999898e-02 -4.699180770000000243e-03 -6.010598319999999745e-02 9.322774440000000662e-02 -3.244827200000000023e-02 -3.268845570000000148e-03
1.302902809999999931e+02 5.458995130000000168e-02 1.941566800000000094e-03 -5.602062919999999807e-02 3.532867459999999848e-02 2.126017360000000134e-02 2.335836109999999896e-02
1.329815940000000012e+02 5.401413750000000347e-02 -1.464593500000000098e-03 -6.918554940000000431e-02 4.787828499999999959e-02 9.260261449999999603e-03 2.460563270000000122e-02
1.356796410000000037e+02 6.500659109999999685e-02 -1.742534289999999935e-03 -6.523133720000000302e-02 4.250095269999999703e-02 2.479614440000000100e-02 -3.852494960000000211e-04
1.383755779999999902e+02 7.454718009999999895e-02 -5.860037119999999752e-03 -5.141072099999999950e-02 1.104226940000000018e-01 -1.605240219999999954e-02 7.512297719999999970e-03
1.410756560000000093e+02 7.387994019999999384e-02 -8.665171450000000095e-03 -4.247343530000000089e-02 5.265999369999999763e-02 7.419544309999999768e-04 -4.337010139999999958e-03
1.437701099999999883e+02 6.740666180000000340e-02 -1.560869800000000071e-02 -4.139759059999999907e-02 1.130660879999999952e-01 -1.946176410000000079e-03 -2.321772399999999861e-02
1.464807659999999885e+02 6.817801099999999670e-02 -1.369089440000000046e-02 -3.476080430000000332e-02 -7.661322859999999957e-03 -4.203664700000000337e-02 -7.583131009999999339e-02
1.491866100000000017e+02 7.011447319999999928e-02 -1.273366960000000062e-02 -9.047438189999999769e-03 7.884933959999999853e-03 -3.233723749999999758e-02 -3.678673880000000312e-02
1.518848439999999869e+02 6.985266569999999675e-02 -1.260961059999999960e-02 1.842445239999999929e-02 1.915194640000000142e-02 1.275970929999999982e-02 -3.375982930000000215e-02
1.545939529999999991e+02 7.444062860000000281e-02 -3.826062629999999951e-03 3.423728580000000299e-02 -7.864521580000000470e-03 1.050115509999999946e-02 -9.166650000000000145e-03
1.572877499999999884e+02 7.157500040000000507e-02 -1.042111100000000026e-02 4.989758130000000041e-02 8.954899940000000252e-03 6.978787379999999534e-04 2.550690229999999850e-02
1.599865310000000136e+02 6.955237379999999747e-02 -9.779991139999999472e-03 5.994482219999999750e-02 8.921675029999999451e-03 -5.476332250000000290e-02 6.225020290000000261e-02
1.627038279999999872e+02 6.595797570000000443e-02 2.742040479999999767e-04 6.115268489999999696e-02 -2.555621819999999867e-03 -2.084196300000000154e-02 4.024376179999999970e-02
1.653883749999999964e+02 6.630198460000000238e-02 -1.647647950000000021e-03 6.181577030000000306e-02 -1.788299570000000116e-02 -1.622734800000000081e-03 6.457654370000000255e-02
1.680908750000000111e+02 6.166785600000000006e-02 5.563137559999999614e-03 5.934208369999999927e-02 -2.003692160000000028e-02 -1.902222289999999996e-02 8.124577460000000084e-02
1.707929530000000113e+02 5.854824160000000194e-02 -5.234541500000000278e-03 6.487808829999999749e-02 2.409672839999999969e-02 5.733013420000000054e-02 5.594606319999999994e-02
1.734959690000000023e+02 6.126616089999999820e-02 -6.425400129999999863e-03 6.375661459999999725e-02 1.298317010000000007e-02 -2.106145550000000210e-03 7.026229809999999520e-02
1.761951249999999902e+02 5.914544669999999976e-02 -3.915955219999999598e-03 6.363823379999999919e-02 -3.443206030000000185e-03 9.271839340000000845e-03 3.670755710000000310e-02
1.788924220000000105e+02 6.488660599999999945e-02 -2.082431209999999894e-02 6.382615460000000407e-02 1.625103519999999968e-02 -1.579960639999999916e-02 2.864351799999999976e-02
1.815906559999999956e+02 7.342079869999999786e-02 -4.688477289999999631e-03 6.735913809999999335e-02 -1.399312889999999908e-03 9.363304790000000558e-03 4.325928510000000282e-02
1.842841099999999983e+02 7.218526259999999417e-02 -5.821477979999999802e-03 6.280340889999999621e-02 -1.702161840000000065e-02 -9.629779689999999615e-03 5.067169710000000299e-02
1.869760780000000011e+02 7.144763129999999463e-02 -7.652658550000000087e-03 6.272084980000000587e-02 2.009228469999999912e-03 -8.195127420000000024e-03 8.611032400000000198e-02
1.896812659999999937e+02 6.434364979999999956e-02 3.863975719999999993e-07 6.702303299999999575e-02 2.082035449999999899e-02 -2.454568940000000001e-03 9.056524230000000120e-02
1.924034379999999942e+02 6.677067200000000313e-02 3.595703180000000155e-03 6.606709619999999450e-02 2.858996949999999954e-02 4.651928319999999728e-02 6.750982540000000087e-02
1.951099059999999952e+02 6.842368299999999903e-02 5.506235049999999749e-03 6.350559849999999618e-02 2.199791239999999981e-02 3.392919689999999988e-02 4.544433030000000207e-02
1.978116559999999993e+02 6.931581529999999991e-02 1.068148550000000072e-02 5.429052880000000136e-02 1.143512659999999966e-02 -3.422164590000000136e-04 5.237067000000000111e-02
2.005187029999999879e+02 7.040395200000000575e-02 1.625349280000000160e-02 6.048186049999999814e-02 2.643486230000000048e-02 2.519921169999999808e-03 7.916604700000000328e-02
2.032156559999999956e+02 6.178982160000000279e-02 1.104666470000000011e-02 5.705283039999999722e-02 -2.976175309999999977e-02 1.267097789999999981e-02 4.547839310000000024e-02
2.059122969999999953e+02 6.330426120000000323e-02 6.258684379999999818e-03 5.352052899999999724e-02 -7.105761730000000054e-03 3.459382490000000032e-02 2.460590769999999872e-02
2.086056409999999914e+02 6.114273259999999932e-02 6.292298739999999634e-03 5.711327690000000262e-02 -1.586881650000000060e-02 3.780420329999999857e-02 5.793740750000000300e-02
2.113153279999999938e+02 5.853337439999999753e-02 5.732197100000000108e-03 6.065190560000000009e-02 1.940913309999999902e-03 9.616817799999999999e-03 4.517885359999999906e-02
2.140122499999999945e+02 6.351767749999999435e-02 1.556163749999999986e-03 5.747296259999999657e-02 8.196669380000000393e-03 -5.848049529999999746e-03 7.237664609999999721e-02
2.167069850000000031e+02 5.229239270000000245e-02 6.079339409999999673e-03 5.747382969999999952e-02 -2.370201729999999937e-02 7.219602010000000271e-03 4.169766020000000017e-02
2.194122030000000052e+02 4.843696740000000278e-02 9.599539030000000129e-04 6.410800299999999674e-02 2.671940960000000059e-02 -2.048003040000000163e-02 4.107582440000000223e-02
2.221165939999999921e+02 5.985994990000000071e-02 -6.924839579999999759e-03 6.941920930000000656e-02 -9.121276030000000090e-03 1.450838160000000009e-02 3.045512610000000037e-02
2.248246560000000045e+02 5.957378399999999768e-02 -6.821815390000000347e-03 7.466306000000000331e-02 3.450167130000000165e-02 7.926051400000000066e-03 7.832595489999999439e-02
2.275212500000000091e+02 6.054863609999999730e-02 -1.442080769999999970e-02 7.686691199999999558e-02 3.443066790000000321e-02 2.900326279999999868e-02 6.313940530000000662e-02
2.302230940000000032e+02 5.598568760000000033e-02 -1.107183989999999986e-02 7.082140189999999724e-02 3.105208799999999852e-02 -1.389726709999999964e-03 8.352876509999999921e-02
2.329235470000000134e+02 5.653397119999999804e-02 -1.462240690000000086e-02 6.888643710000000309e-02 6.326702329999999569e-03 -3.095204049999999985e-02 5.791260029999999864e-02
2.356165630000000135e+02 6.467660209999999410e-02 -1.802830370000000140e-02 6.855203129999999645e-02 -2.274879080000000164e-02 -1.844168180000000171e-02 7.014115840000000046e-02
2.383168909999999983e+02 6.642185139999999544e-02 -5.609228620000000082e-03 6.841176810000000608e-02 -2.431537459999999831e-02 6.102518710000000290e-02 4.298334639999999707e-02
2.410135160000000099e+02 6.555060440000000377e-02 -8.375759559999999479e-03 6.622279729999999698e-02 -1.870594730000000108e-02 3.860869549999999817e-02 2.841889330000000116e-02
2.436961410000000114e+02 7.074474449999999803e-02 -6.755418949999999687e-03 6.643436419999999842e-02 -9.438242350000000669e-03 1.747551769999999925e-03 8.184383050000000603e-02
2.463902349999999899e+02 6.798595390000000682e-02 -2.350663199999999866e-03 5.667488739999999858e-02 2.157280760000000047e-02 2.434493789999999866e-02 7.931540160000000173e-02
2.490867969999999900e+02 6.132732359999999716e-02 -8.191201310000000013e-03 6.121469460000000112e-02 2.325707739999999940e-02 -3.120155529999999941e-03 4.373008169999999944e-02
2.517808750000000089e+02 6.308563609999999489e-02 8.303633219999999922e-04 6.153234090000000295e-02 2.640659730000000094e-02 2.108895170000000055e-02 4.293395049999999824e-02
2.544831409999999892e+02 5.905355550000000037e-02 -1.125114139999999936e-02 6.106513119999999739e-02 5.833066340000000322e-02 1.506789210000000073e-02 2.915550769999999785e-03
2.571792810000000031e+02 5.736982470000000223e-02 -3.473798479999999980e-03 6.772185099999999958e-02 3.482211639999999858e-02 3.636354110000000056e-02 4.412459180000000147e-02
2.598893279999999777e+02 5.742429820000000129e-02 -2.519551780000000001e-03 6.594608609999999538e-02 1.109205830000000066e-02 3.392822079999999879e-02 1.634830700000000116e-04
2.625861879999999928e+02 5.879002199999999734e-02 5.886465750000000052e-03 7.796669609999999639e-02 4.009756910000000091e-02 1.821313160000000153e-02 3.803250319999999796e-02
2.652957499999999982e+02 6.218258399999999908e-02 1.326259729999999977e-02 5.905495200000000083e-02 3.527636549999999677e-02 7.554276290000000102e-03 -2.740644500000000150e-04
2.680117260000000101e+02 7.398551550000000143e-02 5.522064430000000156e-03 6.052107889999999712e-02 6.688438280000000291e-02 2.545532409999999926e-02 -1.656317989999999893e-02
