# a=0.06187630471555755, b=-147.42574725994828, c=0.0002951893323831162, xi=8.967596337707949
7.057388730000000443e-01 7.806024529999999739e-02 3.782225849999999810e-03 4.683466249999999886e-02 1.937682619999999941e-03 1.159585249999999998e-02 2.096062920000000065e-02
3.397854059999999787e+00 7.570793670000000586e-02 3.852851630000000104e-03 5.383516659999999787e-02 -6.451740519999999736e-03 1.572520980000000068e-02 5.554208979999999962e-02
6.099366400000000077e+00 7.189972599999999714e-02 1.420138420000000012e-02 5.878313959999999921e-02 -8.628907400000000033e-03 -2.849570389999999797e-03 -9.410935550000000017e-04
8.791816089999999306e+00 6.876677309999999765e-02 1.184863419999999945e-02 6.293656579999999667e-02 8.625634380000000295e-03 -9.885441579999999437e-03 1.318173249999999956e-02
1.148848049999999965e+01 6.916174099999999880e-02 -1.735660609999999928e-03 5.583454809999999907e-02 2.040500140000000087e-02 -1.345545620000000026e-02 -8.466573709999999572e-03
1.418747890000000034e+01 5.948704999999999965e-02 -6.446528259999999809e-03 5.344183789999999712e-02 1.266929120000000013e-02 -5.903041299999999686e-02 -5.092703419999999696e-03
1.687996169999999907e+01 5.866070859999999998e-02 -2.949426839999999897e-03 5.854295780000000338e-02 3.221951499999999979e-03 -2.146948460000000156e-02 2.378849250000000110e-02
1.957904449999999841e+01 6.719993280000000069e-02 -7.900797430000000218e-03 5.453277179999999752e-02 1.269883299999999965e-02 -2.754222079999999752e-04 5.707532619999999834e-02
2.229040859999999924e+01 6.613207079999999793e-02 -9.452151589999999159e-03 3.986814310000000305e-02 2.144107890000000044e-02 -7.861199770000000531e-03 2.668841620000000046e-03
2.498302729999999983e+01 7.273131780000000046e-02 -1.820305640000000058e-02 3.346898529999999677e-02 1.994774590000000097e-02 8.116653539999999292e-03 7.755839840000000596e-02
2.767787579999999892e+01 8.373136520000000471e-02 -3.358026120000000021e-04 8.278985949999999663e-03 -9.837858559999999170e-03 -4.578346429999999995e-02 4.403229480000000334e-02
3.037474299999999872e+01 7.539534450000000276e-02 4.174636520000000323e-03 -7.354834929999999951e-03 1.219571589999999921e-02 -2.604648559999999877e-02 3.598688979999999787e-02
3.307150699999999688e+01 7.762226429999999344e-02 3.868245399999999893e-03 -2.765793880000000024e-02 -2.467042840000000133e-03 -1.745409629999999934e-02 2.069623159999999830e-03
3.578208980000000139e+01 7.379395310000000374e-02 7.187304359999999691e-03 -4.714212500000000000e-02 3.346385830000000311e-02 1.748947820000000021e-03 -6.269616710000000537e-02
3.847120079999999831e+01 6.948906850000000079e-02 5.368737609999999893e-04 -5.194051880000000176e-02 -9.129375360000000633e-03 3.202144410000000072e-04 -3.245641999999999971e-03
4.117741170000000039e+01 6.716176749999999696e-02 3.020727750000000000e-03 -5.425865640000000073e-02 4.381367800000000000e-03 -3.415377120000000211e-02 -7.216106049999999883e-02
4.388163980000000208e+01 6.205659320000000284e-02 5.671097079999999624e-03 -6.753389229999999521e-02 4.510604639999999700e-03 -5.443877949999999938e-02 -4.731966819999999796e-02
4.656738829999999751e+01 5.637236989999999670e-02 4.994623909999999951e-03 -6.831281790000000298e-02 -2.258340210000000028e-02 -4.109796109999999669e-02 -5.207000780000000176e-03
4.926890389999999798e+01 5.138880419999999893e-02 3.326182640000000055e-03 -7.307135950000000213e-02 2.819663940000000178e-03 -2.739795589999999975e-03 -1.872571719999999856e-02
5.197001170000000059e+01 6.047903939999999673e-02 4.121069130000000122e-03 -6.647256049999999972e-02 4.464557820000000093e-02 -4.202442009999999770e-03 3.540823859999999833e-03
5.466844300000000345e+01 6.847395500000000301e-02 5.816191610000000234e-03 -7.002746740000000136e-02 -2.760950180000000011e-03 1.442933960000000043e-02 -1.308326779999999939e-02
5.736926640000000077e+01 5.615757810000000100e-02 -2.010848429999999938e-04 -5.937146730000000122e-02 -2.309597110000000120e-02 -3.292900280000000263e-02 -1.313359889999999967e-02
6.006851950000000073e+01 5.486236989999999925e-02 3.172671130000000086e-03 -6.003483219999999898e-02 -9.203470470000000778e-03 -2.331188030000000064e-02 -2.315439639999999910e-02
6.276431170000000037e+01 6.421000220000000480e-02 -5.708253289999999647e-03 -6.609241559999999571e-02 -1.811913440000000042e-02 -3.642251800000000160e-04 -4.479176669999999916e-02
6.545816019999999469e+01 6.630714270000000188e-02 -6.973018259999999927e-03 -6.690696429999999639e-02 -2.410610780000000015e-03 -6.620492139999999831e-03 -3.065312040000000085e-02
6.815710550000000012e+01 6.547761130000000207e-02 -4.775058500000000164e-03 -6.132397330000000091e-02 2.536571370000000047e-02 -1.948833799999999969e-04 -6.817835650000000393e-03
7.085840079999999830e+01 6.654043669999999688e-02 -1.230331230000000081e-02 -6.300733590000000273e-02 8.617558589999999366e-03 4.017858230000000141e-02 -2.980150780000000166e-02
7.355972889999999609e+01 6.782650219999999952e-02 -7.377456479999999935e-03 -5.616735710000000242e-02 -3.367360050000000032e-04 5.117300939999999687e-03 -2.629218779999999839e-02
7.626408360000000641e+01 6.538765570000000527e-02 -3.789638829999999840e-03 -6.270407690000000256e-02 5.964595330000000035e-03 1.354738429999999966e-02 -6.324637430000000504e-02
7.895978979999999581e+01 6.656982390000000527e-02 -8.828216700000000514e-03 -5.964430760000000165e-02 -1.037220169999999997e-02 2.133350070000000070e-02 -5.162738940000000110e-02
8.164814450000000079e+01 6.091117179999999687e-02 -4.089482850000000259e-03 -6.481812139999999778e-02 -1.665818280000000082e-02 2.773721980000000073e-02 -2.545156070000000048e-02
8.434560550000000489e+01 5.126876269999999791e-02 -5.863364729999999934e-03 -6.558188060000000319e-02 1.521969949999999946e-02 -1.640566629999999984e-02 -2.984174840000000141e-03
8.705817580000000078e+01 6.041906629999999750e-02 -8.345258989999999877e-03 -5.881350700000000098e-02 -6.468192319999999801e-03 -1.519085579999999991e-02 -1.534468490000000067e-02
8.976321640000000457e+01 6.236941160000000067e-02 -1.255101519999999964e-02 -4.811765040000000326e-02 -1.553843450000000001e-02 1.881707529999999962e-02 -2.062554689999999968e-02
9.246704760000000078e+01 6.783286589999999727e-02 -1.251749559999999935e-02 -5.590942749999999739e-02 4.587844819999999969e-03 3.371344949999999924e-02 -1.058329510000000084e-02
9.516413520000000403e+01 5.932971680000000136e-02 -4.964737399999999586e-03 -5.818033510000000103e-02 6.066235490000000327e-03 -4.189987709999999817e-03 -4.519736829999999872e-02
9.786898360000000707e+01 6.041934250000000062e-02 -3.636275670000000044e-04 -5.798666710000000002e-02 -2.097332669999999854e-03 6.654317399999999660e-02 -2.547636309999999973e-02
1.005714289999999949e+02 5.471169830000000012e-02 2.569469860000000039e-03 -5.468549300000000168e-02 -1.344190269999999930e-02 6.870315720000000348e-02 -5.150051149999999855e-02
1.032784130000000005e+02 6.175171150000000053e-02 6.341538869999999856e-03 -6.384054810000000524e-02 -2.246179320000000080e-03 8.154225850000000261e-03 -7.389724429999999789e-02
1.059770230000000026e+02 6.721410819999999731e-02 -1.486901589999999919e-03 -7.100269800000000298e-02 -3.330624000000000084e-02 5.607243040000000310e-03 -9.137951440000000036e-02
1.086807569999999998e+02 6.025081680000000245e-02 -2.857575580000000070e-03 -7.224370600000000475e-02 -5.964901049999999684e-03 1.594984160000000040e-02 -9.271296240000000133e-02
1.113770849999999939e+02 6.094415079999999929e-02 -6.182870600000000237e-03 -7.883550929999999513e-02 -8.759216429999999373e-03 1.090123659999999925e-02 -8.778739019999999560e-02
1.140788040000000052e+02 6.290758970000000228e-02 -8.915705260000000160e-03 -6.495672460000000148e-02 1.986577730000000166e-02 -6.590239850000000413e-03 -4.333363590000000043e-02
1.167807569999999942e+02 6.746852500000000141e-02 -2.683659630000000216e-03 -6.148966110000000235e-02 -7.042391819999999601e-03 -4.181829380000000318e-02 -7.977557959999999337e-02
1.194852259999999973e+02 6.162965930000000037e-02 -4.558334249999999692e-03 -6.421389819999999415e-02 -3.042399709999999910e-02 5.400699210000000153e-03 -1.553054109999999974e-02
1.221829129999999992e+02 5.243945089999999670e-02 5.514242489999999705e-03 -5.889139139999999967e-02 -4.824863490000000192e-03 1.006767599999999936e-02 -5.295633510000000155e-02
1.248908820000000048e+02 5.204253570000000328e-02 3.264023489999999788e-03 -4.778954070000000082e-02 -6.250953370000000321e-03 2.688629069999999913e-02 -2.349392449999999910e-02
1.275867570000000057e+02 5.980314719999999667e-02 -5.030072790000000328e-03 -5.475624309999999745e-02 -1.330512849999999914e-02 1.709667789999999923e-02 -7.338457959999999947e-02
1.302800229999999999e+02 6.432904550000000110e-02 3.876982580000000022e-03 -5.233375459999999729e-02 -2.824156710000000174e-03 8.541299540000000037e-03 -2.229435249999999966e-02
1.329879909999999938e+02 6.635019729999999671e-02 -5.042572890000000287e-03 -5.677320959999999916e-02 -3.870170259999999862e-03 -1.766094619999999948e-02 -6.599658610000000425e-02
1.356926159999999868e+02 7.247115029999999514e-02 6.335703140000000129e-03 -6.337192319999999934e-02 1.225466249999999924e-02 1.035770100000000041e-02 -6.990334830000000110e-02
1.383817730000000097e+02 6.249119300000000043e-02 -5.092714919999999715e-03 -5.958201309999999751e-02 4.160961359999999776e-03 7.290725809999999869e-03 -5.090009119999999720e-02
1.410863819999999862e+02 6.013572660000000153e-02 4.049002430000000347e-03 -3.776068350000000295e-02 -7.496833970000000083e-03 3.220204789999999827e-03 -3.813129319999999933e-02
1.437991790000000094e+02 6.641974389999999451e-02 6.296081549999999784e-03 -1.674089260000000134e-02 9.825966209999999808e-04 4.932628919999999806e-02 -2.644993019999999917e-02
1.465032099999999957e+02 6.835366249999999533e-02 5.729145409999999820e-03 -1.428464609999999897e-03 -1.935413799999999990e-02 2.983358170000000031e-02 -5.418825120000000245e-02
1.492079290000000071e+02 6.717185189999999584e-02 1.183116900000000075e-02 1.582982880000000092e-02 -1.503400019999999969e-02 5.881398329999999904e-03 -3.738595880000000066e-02
1.519043979999999863e+02 7.558571640000000258e-02 1.270842449999999915e-02 2.218273139999999907e-02 -2.211171569999999947e-02 -3.819676789999999766e-02 -2.088293930000000020e-02
1.546051630000000046e+02 7.430179160000000005e-02 1.191772169999999985e-02 4.056964810000000116e-02 -1.561306569999999956e-02 -9.016535310000000497e-03 2.498505659999999962e-02
1.573003980000000013e+02 6.634745490000000523e-02 8.249184610000000065e-04 4.829881910000000111e-02 9.563755769999999698e-03 5.658088549999999717e-02 2.947603110000000110e-02
1.600056789999999864e+02 5.890921579999999769e-02 2.968494050000000141e-03 5.541652319999999798e-02 -3.275568680000000288e-02 2.534568870000000057e-02 3.529796040000000162e-02
1.627017409999999984e+02 6.048718320000000259e-02 2.809011560000000077e-03 5.511694839999999734e-02 -5.165656689999999912e-02 -1.652697239999999929e-02 2.385277610000000048e-02
1.654057259999999872e+02 6.365598579999999507e-02 -1.653472750000000054e-03 6.163318069999999815e-02 -7.458328190000000635e-02 -1.470798729999999929e-02 8.812801989999999829e-04
1.681041950000000043e+02 7.332639990000000552e-02 -1.122027899999999924e-03 5.908788269999999676e-02 -6.356639829999999325e-02 -2.489691319999999888e-02 -5.793087899999999763e-02
1.707956949999999949e+02 6.847823429999999600e-02 -1.021052929999999997e-02 5.819317350000000055e-02 -1.724102140000000061e-02 1.555187859999999922e-02 -4.623641109999999943e-02
1.735012879999999882e+02 5.948713619999999869e-02 -8.331650870000000333e-03 6.170600090000000204e-02 -4.981302340000000328e-02 -3.854547120000000049e-02 -4.705341880000000337e-02
1.762002880000000005e+02 6.030282829999999983e-02 -1.574438699999999858e-02 6.113320130000000213e-02 -4.703591270000000157e-02 -9.892262619999999881e-03 4.527981309999999995e-03
1.788981479999999920e+02 6.805495309999999576e-02 -1.374367550000000007e-02 5.722071990000000136e-02 -3.900404140000000158e-02 5.885926369999999741e-02 3.581735479999999944e-02
1.816048820000000035e+02 6.220599179999999895e-02 -1.071008399999999992e-02 6.594782840000000534e-02 -5.735051540000000309e-02 -2.383062100000000062e-03 -4.091693430000000430e-03
1.843083819999999946e+02 5.517649630000000249e-02 -6.250036490000000257e-03 6.177982139999999706e-02 -3.197999960000000308e-02 -1.912316790000000155e-02 -1.041281969999999918e-02
1.870006630000000030e+02 5.530232739999999675e-02 6.237323210000000158e-04 6.248516509999999663e-02 -7.786731520000000385e-03 -2.040020819999999874e-02 -3.485523499999999830e-02
1.897032729999999958e+02 5.520329940000000268e-02 3.801455220000000013e-03 6.479446140000000298e-02 -3.357340310000000300e-02 1.065127809999999974e-02 -5.581690629999999653e-02
1.924029909999999859e+02 5.307332459999999918e-02 7.717917609999999651e-03 5.666423159999999654e-02 -5.752777530000000028e-02 5.727451609999999887e-02 4.200114530000000068e-03
1.951012409999999875e+02 5.635191099999999759e-02 1.066235500000000010e-02 6.022438559999999941e-02 -4.537325910000000045e-02 -2.345456959999999910e-02 -1.940768949999999854e-02
1.978055380000000127e+02 5.594031909999999663e-02 1.572297790000000070e-02 6.895810650000000486e-02 -1.688920929999999931e-02 -1.721195429999999860e-02 -3.254940900000000137e-02
2.005063979999999901e+02 5.519193520000000019e-02 8.037788560000000068e-03 7.112110250000000522e-02 -8.151752859999999556e-04 -1.728456589999999987e-02 4.374489609999999973e-02
2.032053659999999979e+02 5.922409669999999932e-02 4.370413880000000137e-04 6.990966160000000595e-02 -1.783734929999999941e-02 -1.772854599999999911e-03 1.653290560000000159e-02
2.059100540000000024e+02 5.346974649999999829e-02 -9.603121569999999510e-03 6.673425389999999846e-02 -2.889539930000000183e-03 -2.279480099999999995e-03 -3.540904379999999796e-02
2.086125539999999887e+02 4.852508610000000333e-02 -1.097879489999999993e-02 7.011162610000000461e-02 7.489843179999999649e-03 3.371175719999999851e-03 -4.501685379999999931e-02
2.113182569999999885e+02 5.177329600000000337e-02 -1.414162859999999917e-02 6.491863380000000017e-02 -8.091877310000000420e-03 3.364559839999999719e-02 3.626528620000000341e-02
2.140049290000000042e+02 5.752017870000000060e-02 -1.239460189999999976e-02 6.407232579999999622e-02 -1.204530879999999964e-02 2.487606889999999932e-02 8.265206910000000295e-02
2.167045699999999897e+02 5.784725429999999780e-02 -5.619066100000000286e-03 6.528768410000000688e-02 1.407904769999999972e-02 -1.665366990000000103e-02 7.825223950000000095e-02
2.193989449999999977e+02 6.452136109999999369e-02 2.641050060000000015e-03 6.363570649999999995e-02 5.345959740000000293e-02 1.399912529999999952e-03 5.392187839999999788e-02
2.221012880000000109e+02 7.135274969999999550e-02 -1.654479379999999932e-03 6.243486859999999861e-02 1.796859229999999905e-02 1.793426650000000053e-02 4.963093999999999839e-02
2.248042570000000069e+02 6.178525440000000313e-02 2.362445830000000063e-03 5.789756000000000069e-02 1.106494409999999977e-02 1.754812470000000069e-02 3.174086680000000327e-02
2.275084449999999947e+02 5.660606230000000266e-02 1.706569750000000050e-03 5.651197499999999901e-02 -3.993805730000000304e-02 9.044519460000000760e-03 4.345022590000000018e-02
2.302181319999999971e+02 6.124373980000000217e-02 7.905709299999999148e-03 5.627393330000000221e-02 -5.335735419999999840e-02 -2.516566279999999864e-02 3.950969700000000334e-02
2.329165849999999978e+02 5.472343899999999872e-02 5.974535460000000332e-03 6.228709379999999851e-02 -3.202457620000000171e-02 -5.309631559999999917e-02 4.334625269999999725e-03
2.356238979999999970e+02 5.111865480000000322e-02 8.486576929999999769e-03 5.848507309999999987e-02 -3.677096049999999811e-02 -4.405480900000000033e-02 8.408596399999999221e-03
2.383276160000000061e+02 5.209197969999999900e-02 7.095446919999999838e-03 5.596621580000000346e-02 6.052941350000000387e-03 -9.716130209999999934e-03 -3.945618060000000149e-02
2.410313979999999958e+02 4.883461669999999977e-02 1.305429729999999997e-02 5.706708669999999844e-02 1.621700729999999910e-02 -9.593056850000000052e-03 -2.586863009999999970e-03
2.437452570000000094e+02 5.714039159999999978e-02 4.367983490000000406e-03 6.440547359999999888e-02 1.546007249999999979e-02 3.609713889999999984e-03 3.104452809999999965e-02
2.464490539999999896e+02 5.791353650000000131e-02 7.098323079999999813e-03 6.717035150000000288e-02 -2.952657759999999937e-02 -1.840650660000000063e-02 3.048483299999999938e-02
2.491560699999999997e+02 6.321594640000000043e-02 -4.780769960000000318e-03 7.472128070000000344e-02 5.518220000000000069e-02 7.881506749999999534e-03 5.599513789999999852e-03
2.518498199999999940e+02 6.539647810000000228e-02 2.465775789999999790e-03 6.355858329999999889e-02 4.382855029999999791e-02 5.702558449999999696e-02 2.922857129999999887e-02
2.545535230000000126e+02 5.279915260000000304e-02 7.783817690000000445e-04 5.929204779999999730e-02 4.418864339999999807e-02 -7.055960089999999650e-03 3.356502060000000204e-02
2.572533510000000092e+02 6.129102630000000246e-02 -1.880745199999999924e-03 5.803284040000000060e-02 -1.082181389999999944e-02 1.214645399999999924e-02 3.063472449999999833e-02
2.599625070000000164e+02 6.310195439999999323e-02 -3.795593160000000003e-04 5.708819090000000207e-02 4.133120779999999855e-02 -1.816305890000000089e-02 1.939992030000000159e-02
2.626468510000000265e+02 6.507716980000000095e-02 -4.965267029999999651e-03 5.630432149999999719e-02 -3.594168769999999975e-03 -4.541024369999999838e-02 5.553734099999999702e-02
2.653410230000000070e+02 7.569900159999999600e-02 -7.331797079999999821e-03 5.304249269999999905e-02 -1.169039799999999941e-02 -6.181463540000000333e-03 3.453694649999999866e-02
2.680355040000000031e+02 7.345450350000000406e-02 3.202971720000000037e-04 4.777217889999999662e-02 -8.384441759999999855e-03 -9.098996760000000253e-03 8.077768109999999835e-02
