# a=0.058079499150263746, b=-133.78283661924377, c=0.0026883495074289656, xi=9.51141084704102
6.608186179999999688e-01 8.108691919999999609e-02 -7.249202379999999946e-03 -5.009773769999999876e-03 -3.007518370000000080e-02 3.201994519999999678e-02 2.216971330000000115e-02
3.360887439999999948e+00 7.501396109999999839e-02 -9.812719739999999774e-03 -1.939860499999999932e-02 1.496474819999999914e-02 8.117746900000000210e-03 -3.192766819999999853e-03
6.059652759999999638e+00 6.954565810000000459e-02 -7.230618369999999677e-03 -4.106037540000000152e-02 -1.148238759999999949e-02 3.222948189999999893e-03 1.882482140000000083e-03
8.756993380000000826e+00 6.558050499999999727e-02 -2.842945319999999739e-04 -4.446230369999999710e-02 -5.729037260000000020e-03 3.900575399999999665e-02 1.884850449999999830e-02
1.146528340000000057e+01 6.094791239999999832e-02 6.760687439999999576e-03 -4.201499200000000100e-02 -2.552061029999999966e-02 8.790954599999999466e-03 -2.330909189999999867e-02
1.416446780000000061e+01 5.505375779999999858e-02 7.442550630000000118e-03 -4.586332480000000072e-02 -7.907439719999999339e-03 -6.090945220000000375e-03 -1.384899690000000044e-02
1.686994899999999831e+01 5.683922300000000122e-02 1.572710750000000032e-02 -4.391244019999999970e-02 -3.426608450000000194e-02 -1.379993780000000024e-02 -2.565850630000000160e-02
1.956657709999999994e+01 6.725884079999999710e-02 1.164728590000000015e-02 -6.083432269999999864e-02 -8.522296559999999882e-03 -3.294169660000000055e-02 -2.605705310000000149e-02
2.227596150000000108e+01 6.311094100000000373e-02 1.471037310000000015e-02 -6.517775130000000305e-02 -2.537313940000000129e-02 -4.097850389999999760e-02 -4.801378170000000084e-02
2.497230370000000121e+01 5.306679489999999860e-02 1.750782480000000023e-03 -6.539845090000000194e-02 -2.718647750000000030e-02 -2.959786900000000256e-04 -3.860315059999999687e-02
2.767279119999999892e+01 5.823472319999999786e-02 3.416410999999999840e-04 -6.421172460000000581e-02 1.227378559999999993e-02 1.801059760000000079e-02 -4.136816270000000240e-02
3.037276930000000164e+01 5.532490329999999873e-02 -8.604251250000000129e-03 -6.346931749999999706e-02 1.971824169999999987e-02 2.787411650000000060e-02 1.202200359999999919e-02
3.306799900000000036e+01 5.355849530000000164e-02 -8.033068489999999756e-03 -6.170662779999999681e-02 4.294907690000000083e-02 6.497612110000000607e-02 2.697505240000000123e-02
3.577725989999999712e+01 5.314765450000000224e-02 -4.884632390000000039e-03 -6.622247520000000554e-02 -6.794472969999999779e-03 1.878480559999999924e-02 1.593286190000000116e-02
3.847630370000000255e+01 6.362155059999999307e-02 -9.475543870000000327e-03 -5.768917009999999929e-02 1.517525840000000063e-02 9.850059830000000571e-03 -2.048527349999999976e-03
4.117671620000000132e+01 5.180786949999999919e-02 -8.638114380000000772e-03 -6.386012609999999756e-02 3.146226700000000209e-02 -4.340225260000000335e-03 2.895383170000000173e-02
4.388636619999999766e+01 5.724441730000000284e-02 -1.029912239999999923e-02 -6.041643680000000072e-02 -8.839170329999999909e-03 -3.469088900000000253e-02 -1.462832679999999949e-03
4.658725530000000248e+01 5.288973289999999994e-02 -8.206661020000000431e-03 -6.089013530000000202e-02 1.005236900000000023e-02 7.997661660000000491e-03 -5.991726709999999761e-02
4.928660680000000127e+01 6.257450979999999718e-02 -9.312167539999999244e-03 -5.506741949999999913e-02 1.568099229999999830e-02 -1.231761810000000026e-02 -3.284297180000000232e-02
5.198808809999999880e+01 6.692655009999999571e-02 -5.743703680000000061e-03 -4.257744940000000172e-02 3.182237399999999789e-03 2.900407170000000173e-02 -5.617048060000000113e-03
5.468784430000000185e+01 5.500357289999999871e-02 1.443980770000000062e-05 -5.301954379999999911e-02 -6.288346529999999830e-03 -5.426441500000000334e-03 7.809474549999999814e-03
5.739758960000000343e+01 4.309728069999999717e-02 -7.924014270000000063e-04 -6.393532120000000596e-02 2.910603850000000048e-02 -2.156031070000000160e-02 -2.069414249999999844e-02
6.010738810000000143e+01 3.381608719999999735e-02 6.035580100000000059e-03 -6.464237170000000643e-02 1.138394250000000080e-02 1.149966619999999960e-02 -1.199982659999999923e-02
6.282314900000000080e+01 3.596638309999999894e-02 -1.317918989999999901e-03 -6.563591600000000248e-02 -4.327731940000000173e-03 1.707684279999999860e-02 -2.213053389999999898e-02
6.552201460000000566e+01 4.426568599999999853e-02 3.722346129999999989e-03 -6.329263039999999396e-02 -2.690220279999999860e-03 2.074105479999999863e-02 -2.257792720000000031e-02
6.822367869999999357e+01 5.710834540000000320e-02 -8.471032959999999501e-03 -6.559286290000000685e-02 1.865253419999999933e-03 -1.741284350000000050e-02 -8.559826350000000750e-03
7.091864280000000065e+01 6.588470709999999508e-02 -7.190315319999999663e-03 -6.592706869999999386e-02 -7.371571040000000213e-03 7.899944609999999187e-03 -3.427982569999999882e-03
7.361247090000000526e+01 6.551671389999999540e-02 -1.929896329999999938e-02 -5.101114870000000162e-02 7.944888190000000752e-03 -1.761006470000000060e-02 2.273984519999999818e-03
7.631616780000000233e+01 6.343759509999999380e-02 -1.197502989999999976e-02 -5.276226889999999919e-02 -1.825347600000000112e-02 2.043117040000000037e-02 -3.733685020000000049e-02
7.901611459999999454e+01 6.331324870000000493e-02 -8.493823899999999177e-03 -4.254641910000000332e-02 1.966831059999999808e-03 4.684340110000000112e-02 -2.396993310000000016e-02
8.170568810000000326e+01 6.380497170000000440e-02 -1.471436360000000091e-03 -4.732749640000000202e-02 4.087623750000000250e-02 1.837290889999999843e-02 -5.940580069999999713e-03
8.440860990000000186e+01 6.672304810000000141e-02 -5.703363390000000099e-04 -4.966647779999999734e-02 4.909465290000000065e-02 -7.293832269999999882e-03 -3.326714310000000036e-02
8.710322089999999662e+01 5.942001040000000067e-02 1.905474299999999985e-03 -5.339904510000000049e-02 2.059783349999999916e-02 -9.430370739999999197e-03 2.108309010000000011e-02
8.980390060000000574e+01 5.280194609999999678e-02 5.197572660000000094e-03 -5.395385500000000195e-02 2.222605479999999883e-02 6.928714229999999828e-03 9.305527500000000674e-03
9.250190209999999524e+01 4.458017320000000339e-02 1.657261409999999976e-04 -7.083337480000000130e-02 -6.854540719999999837e-03 4.684149270000000087e-03 -2.621269739999999848e-02
9.520477710000000116e+01 4.434138430000000158e-02 4.821129210000000415e-03 -6.364263089999999679e-02 3.207209650000000106e-02 -1.402768289999999952e-02 -2.509395589999999926e-02
9.790365839999999764e+01 5.276256790000000141e-02 2.693811239999999857e-03 -6.378084879999999790e-02 1.531605940000000006e-02 -5.007028840000000286e-02 2.091199370000000005e-03
1.005951620000000020e+02 5.564965849999999742e-02 -5.645931360000000163e-03 -5.845028060000000136e-02 3.309578120000000040e-02 -7.437201570000000379e-03 6.042879190000000067e-02
1.033075209999999942e+02 5.956835819999999754e-02 2.246617560000000163e-03 -5.495045569999999768e-02 1.235600769999999939e-02 -1.795295439999999854e-02 1.218840880000000067e-03
1.060132710000000031e+02 6.115421919999999845e-02 -6.384373869999999604e-03 -5.238200080000000175e-02 1.367493219999999995e-02 -5.516124189999999962e-03 -1.614577879999999979e-02
1.087196299999999951e+02 6.850483879999999526e-02 -1.466605290000000091e-03 -5.068739220000000045e-02 1.548602629999999919e-03 2.347514699999999829e-02 -6.371935989999999439e-02
1.114261300000000006e+02 7.166089380000000009e-02 1.360705509999999945e-03 -4.593927929999999660e-02 8.016106510000000837e-03 -3.164420290000000135e-02 -4.056233310000000036e-02
1.141247549999999933e+02 6.330976839999999384e-02 5.558872190000000400e-03 -4.431421470000000001e-02 2.703347449999999978e-03 3.039779659999999797e-03 -5.661164999999999947e-02
1.168265829999999994e+02 6.203196829999999690e-02 1.254315950000000094e-03 -5.370117640000000164e-02 -1.461539010000000027e-02 2.141393330000000012e-02 -2.979511979999999866e-02
1.195215210000000070e+02 6.458852230000000638e-02 3.168637690000000035e-03 -5.091859730000000001e-02 3.821786810000000340e-02 -1.044399950000000042e-02 8.909427290000000721e-03
1.222174119999999959e+02 6.992314500000000599e-02 1.303679290000000005e-03 -4.955640769999999917e-02 2.224168829999999958e-02 2.780972729999999990e-02 3.396686399999999939e-02
1.249250210000000010e+02 6.566751260000000534e-02 7.178757780000000156e-04 -3.921863629999999823e-02 -1.566912999999999986e-02 -6.368003690000000050e-02 1.144694840000000033e-02
1.276239740000000040e+02 6.874232610000000077e-02 -3.881089409999999990e-03 -3.304006000000000304e-02 4.727846760000000391e-03 -3.267441769999999968e-02 -1.983217409999999889e-02
1.303198020000000099e+02 7.550054509999999663e-02 -8.313332600000000738e-03 -1.746927839999999968e-02 -4.329047460000000347e-02 -5.444423999999999791e-02 -1.092990379999999977e-02
1.330076929999999891e+02 8.165172839999999821e-02 -1.806365249999999966e-03 6.389133869999999958e-03 1.700347899999999843e-02 -4.473322889999999802e-02 -4.804701500000000368e-03
1.357092399999999941e+02 7.501039800000000590e-02 -1.088675400000000022e-02 9.039228419999999903e-03 -7.448578749999999749e-02 -3.086809139999999868e-02 2.312391670000000024e-02
1.384095370000000003e+02 7.347389540000000274e-02 -4.626656100000000292e-03 2.665520019999999962e-02 -5.666203189999999973e-02 -4.746952339999999972e-03 1.574245269999999947e-02
1.410985680000000002e+02 7.393050830000000295e-02 -6.008392950000000093e-03 3.610152240000000234e-02 -3.902249139999999783e-02 3.512579469999999732e-02 2.209503150000000082e-02
1.437933179999999993e+02 5.973538860000000145e-02 -4.262980260000000243e-03 5.018854939999999737e-02 1.080612880000000019e-02 1.297948020000000077e-02 3.956113769999999863e-02
1.464878649999999993e+02 6.467382909999999652e-02 9.041014759999999777e-04 5.434572180000000335e-02 -7.634917390000000139e-04 6.406878789999999844e-03 3.006639989999999873e-02
1.491795679999999891e+02 6.338705980000000628e-02 -2.449655939999999948e-03 6.781476309999999452e-02 -9.994247879999999459e-03 1.406894170000000041e-02 4.044936169999999859e-02
1.518778650000000141e+02 5.650944260000000108e-02 2.004444870000000184e-03 6.179769189999999995e-02 4.198949419999999620e-03 5.136423889999999770e-02 3.679965729999999657e-02
1.545819899999999905e+02 5.080108679999999904e-02 -2.080729679999999797e-03 6.115881179999999723e-02 4.874179409999999935e-02 2.532683009999999943e-03 3.729603100000000032e-02
1.572829120000000103e+02 5.365819899999999670e-02 5.727670759999999809e-04 5.550763410000000148e-02 3.852411170000000218e-02 -1.665642900000000037e-02 -3.832203939999999885e-03
1.599846459999999979e+02 5.691510119999999839e-02 -4.023029220000000003e-03 5.096888089999999927e-02 -9.241736650000000400e-03 3.163602880000000034e-02 5.972012639999999678e-03
1.626889899999999898e+02 5.509756820000000221e-02 -1.182118880000000011e-02 4.507404870000000091e-02 -6.833788210000000390e-03 5.480386429999999781e-02 -1.039177909999999989e-02
1.653976299999999924e+02 5.765989340000000213e-02 -1.085917810000000018e-02 6.075995409999999930e-02 -1.131375949999999892e-03 3.229703810000000147e-02 -2.255372760000000018e-02
1.681043329999999969e+02 5.394697209999999715e-02 -1.241825920000000014e-02 7.124436820000000503e-02 -2.104359650000000095e-03 5.721512410000000048e-02 4.574981930000000287e-03
1.708138649999999927e+02 5.792552709999999883e-02 -1.086633950000000064e-02 7.224393079999999467e-02 2.858281609999999834e-02 2.052223629999999979e-02 3.621922560000000180e-02
1.735093329999999980e+02 5.217151550000000138e-02 -3.160882869999999834e-03 6.789434490000000044e-02 1.692985240000000058e-02 1.886360880000000073e-02 -1.139721399999999926e-02
1.762144429999999886e+02 3.715050100000000244e-02 -5.142195779999999931e-03 5.937465480000000267e-02 1.229580419999999966e-02 -1.965472639999999924e-02 6.329298529999999312e-02
1.789133649999999989e+02 3.045686109999999960e-02 -1.193153030000000062e-03 6.192163170000000022e-02 -1.020459430000000053e-03 -1.315153800000000081e-02 -7.556892729999999635e-03
1.816220370000000059e+02 3.508110219999999863e-02 1.782268959999999897e-03 7.028765050000000680e-02 1.186906710000000011e-02 -6.172669220000000234e-02 3.912576000000000248e-02
1.843303799999999910e+02 4.707977759999999734e-02 -1.118301429999999947e-03 7.824015099999999390e-02 2.368855099999999866e-02 -2.984142500000000128e-02 1.947788329999999846e-02
1.870284739999999886e+02 4.682658609999999777e-02 -2.390815640000000172e-03 6.832837549999999649e-02 1.970693369999999833e-02 4.963271239999999911e-03 4.813017769999999862e-02
1.897336770000000001e+02 4.769401580000000307e-02 -8.198383709999999824e-03 5.344371829999999823e-02 3.056794640000000049e-02 -3.531784949999999812e-02 6.346137150000000227e-02
1.924360519999999894e+02 4.706780609999999809e-02 -1.727490170000000116e-02 4.284325220000000101e-02 1.806724120000000045e-02 -8.284728189999999992e-03 2.087719860000000066e-02
1.951422399999999868e+02 4.731660759999999771e-02 -1.986510299999999854e-02 4.977959390000000206e-02 -2.831061870000000161e-03 -1.355108200000000075e-02 -7.523056339999999696e-03
1.978335989999999924e+02 4.792460269999999911e-02 -1.791243539999999926e-02 5.028230949999999699e-02 2.784801170000000131e-02 7.965093750000000819e-03 -4.775711170000000380e-03
2.005295989999999904e+02 5.638731500000000035e-02 -1.981706600000000124e-02 5.743899680000000285e-02 9.026463909999999161e-03 -1.565812009999999893e-02 1.779565459999999863e-02
2.032330829999999935e+02 4.288617780000000129e-02 -1.536017880000000065e-02 6.072327570000000257e-02 1.252602430000000072e-02 -8.657790619999999535e-03 -2.010507389999999922e-02
2.059247080000000096e+02 2.996804679999999846e-02 -2.297136430000000160e-02 6.961531079999999649e-02 -1.926563010000000020e-02 8.004824359999999223e-03 -1.475234830000000073e-02
2.086185519999999940e+02 1.913695090000000140e-02 -1.683440099999999884e-02 5.564916830000000286e-02 2.823224790000000012e-02 5.511410249999999789e-02 1.052934460000000058e-03
2.113251459999999895e+02 2.773002160000000160e-02 -1.728710300000000158e-02 5.390837279999999981e-02 1.239975779999999937e-02 -9.075422850000000596e-03 -4.109394410000000164e-02
2.140243490000000008e+02 3.789444129999999800e-02 -8.156801829999999268e-03 6.863400790000000196e-02 2.178085579999999855e-02 4.390373000000000192e-02 -5.232736939999999698e-03
2.167158489999999915e+02 5.895401499999999850e-02 -6.468558189999999795e-04 6.821235150000000413e-02 -2.413557950000000038e-04 3.108353180000000132e-02 3.042189660000000143e-02
2.194095989999999858e+02 5.832164330000000341e-02 3.983361359999999796e-03 5.652148659999999686e-02 -1.373750340000000000e-02 1.403164299999999989e-02 4.953995199999999821e-02
2.221080829999999935e+02 6.263140239999999415e-02 -8.528586419999999516e-03 5.652368640000000194e-02 -6.958239049999999978e-04 -2.606119510000000014e-02 6.760483019999999343e-02
2.248095680000000129e+02 6.479334159999999843e-02 -9.806812170000000009e-03 6.178468799999999733e-02 2.361626169999999844e-02 -3.394787650000000157e-02 7.322756689999999902e-02
2.275157240000000058e+02 6.039002050000000232e-02 4.565743380000000145e-04 5.730684700000000104e-02 2.378143240000000005e-02 6.787618109999999597e-04 1.325498720000000026e-02
2.302245519999999885e+02 5.482402880000000062e-02 -2.367996299999999919e-03 6.089970869999999925e-02 9.912490120000000751e-03 2.983160129999999979e-02 -5.050406959999999973e-03
2.329372710000000097e+02 6.447109149999999400e-02 -2.261003470000000001e-03 5.843133980000000255e-02 1.335298790000000006e-02 4.075349500000000416e-03 -2.194800850000000123e-02
2.356388489999999933e+02 7.130308650000000137e-02 -1.252428699999999897e-03 6.238882440000000085e-02 -5.143508209999999789e-03 3.352990139999999925e-02 -1.513637480000000002e-03
2.383368649999999889e+02 6.833048199999999794e-02 -7.559676960000000050e-03 5.954854970000000164e-02 -1.565723930000000041e-02 1.912114560000000019e-02 5.742764040000000042e-02
2.410417239999999879e+02 6.856845520000000305e-02 -3.244736739999999880e-03 6.336514259999999343e-02 -8.079667409999999675e-03 1.741417840000000078e-02 3.874028129999999848e-02
2.437370209999999986e+02 6.013183879999999676e-02 -1.177827340000000070e-02 6.574314729999999884e-02 -3.751449109999999837e-02 6.438626319999999834e-03 7.869043019999999444e-02
2.464437550000000101e+02 5.096363450000000045e-02 -9.985958890000000421e-04 6.049940609999999996e-02 2.302239329999999917e-02 -1.148139079999999958e-02 4.095212520000000161e-02
2.491358799999999860e+02 5.399743359999999853e-02 -8.912625380000000624e-03 5.465328879999999806e-02 -2.003377549999999993e-02 7.305806809999999991e-03 3.682298640000000040e-02
2.518362079999999992e+02 5.619059330000000102e-02 -1.306241690000000018e-02 5.194177259999999824e-02 -2.500000139999999926e-02 -2.364808649999999932e-03 5.455198420000000048e-02
2.545375679999999932e+02 5.236577979999999799e-02 -7.220222600000000303e-03 6.037322989999999862e-02 -2.243908829999999993e-02 4.682283159999999986e-03 1.196026549999999918e-02
2.572313330000000065e+02 6.181868850000000332e-02 -2.811856880000000117e-03 6.560253309999999893e-02 -1.367674840000000086e-02 -1.504442570000000083e-02 3.820503690000000285e-02
2.599178019999999947e+02 6.472862879999999319e-02 8.335525939999999592e-03 5.724068119999999732e-02 -2.829320529999999889e-02 -3.843354069999999761e-02 1.068658729999999966e-02
2.626200210000000084e+02 8.188288670000000435e-02 1.466583760000000035e-03 4.177718849999999956e-02 6.181753529999999691e-02 6.155820369999999604e-03 1.401855679999999913e-03
2.653117240000000265e+02 8.080526250000000243e-02 1.090458149999999930e-03 2.560915240000000148e-02 4.848496669999999807e-03 -5.786937479999999627e-03 4.708250299999999777e-02
2.680160890000000222e+02 8.613306540000000011e-02 -3.919084379999999979e-03 2.371763539999999833e-03 3.172424220000000239e-02 4.242453010000000156e-03 3.389747580000000010e-02
