# a=0.054096197671346095, b=-140.22451115046871, c=-0.0025233628335011404, xi=7.916268355937871
7.033359439999999907e-01 5.505613110000000254e-02 -6.372757609999999892e-03 5.430209849999999977e-02 4.031800470000000171e-03 -2.224665790000000115e-02 6.608552040000000016e-03
3.395964779999999905e+00 5.616495619999999772e-02 -1.528026239999999945e-02 4.772425500000000015e-02 -1.734055240000000053e-02 -4.094219310000000132e-03 -1.081801590000000014e-02
6.095417750000000190e+00 6.764104190000000405e-02 -1.034375679999999936e-02 4.721940320000000274e-02 -8.437542399999999401e-03 2.188253739999999892e-02 1.300812500000000059e-02
8.801246029999999720e+00 7.446613520000000541e-02 -7.682013799999999962e-03 4.219361309999999921e-02 -1.012098209999999932e-03 9.279469769999999784e-03 -3.889754710000000240e-04
1.148730059999999931e+01 7.270460169999999611e-02 -9.806113000000000416e-04 4.677244130000000194e-02 -4.528144089999999733e-02 -2.475064329999999979e-02 6.355968950000000228e-02
1.419695530000000083e+01 7.036185000000000356e-02 2.768119360000000171e-03 2.875972150000000171e-02 -3.727819520000000275e-02 4.231280230000000059e-02 -5.839140269999999744e-02
1.688904429999999834e+01 7.166336090000000048e-02 8.446401589999999460e-03 2.239309589999999989e-02 -2.062363370000000126e-02 3.447511479999999795e-02 -2.476927400000000085e-02
1.958751150000000152e+01 8.227050769999999513e-02 1.272901679999999952e-02 1.654415840000000165e-02 -4.854167969999999971e-02 2.549405549999999784e-03 -4.002665219999999857e-02
2.228363489999999913e+01 8.618635560000000029e-02 1.106689920000000077e-02 5.693597790000000207e-03 -3.143481310000000029e-02 5.909589929999999568e-03 6.794986390000000431e-03
2.496143490000000043e+01 7.967274389999999540e-02 1.103611850000000075e-02 -7.423211989999999602e-04 -2.158482969999999876e-02 -6.170821499999999682e-03 1.427821959999999932e-02
2.766562709999999825e+01 8.190639780000000258e-02 4.820840449999999784e-03 -1.734641829999999940e-02 -1.244117030000000020e-02 4.644668809999999599e-03 -3.895981240000000179e-02
3.037490839999999892e+01 7.438311290000000631e-02 6.558016950000000386e-03 -3.512161719999999654e-02 -9.285751599999999412e-03 -2.181550839999999922e-02 -5.088230490000000134e-02
3.306670520000000124e+01 6.343091800000000280e-02 4.234703850000000325e-03 -5.979047340000000210e-02 8.753995670000000451e-03 -9.457823520000000275e-03 -4.525711350000000133e-02
3.577631149999999849e+01 5.996861309999999834e-02 1.640426759999999949e-03 -6.335849670000000267e-02 1.487574330000000083e-02 -1.304548510000000036e-02 -4.920703700000000208e-02
3.847542870000000192e+01 6.893039369999999499e-02 -6.955373390000000114e-03 -6.047507049999999856e-02 -1.440689190000000097e-03 -2.959187669999999853e-02 -4.280467789999999745e-02
4.117095059999999762e+01 6.495583929999999839e-02 -4.229716859999999717e-03 -4.123742379999999902e-02 -2.689869539999999865e-02 -1.825309790000000099e-02 5.276668080000000011e-02
4.386950989999999706e+01 6.139254009999999678e-02 -2.628344250000000208e-03 -4.715508040000000040e-02 1.233456800000000127e-04 -3.780756379999999917e-02 -6.251902230000000449e-02
4.655585059999999942e+01 6.665223430000000171e-02 -2.263155419999999824e-03 -4.642168809999999701e-02 -4.901532989999999625e-03 -3.206283339999999732e-02 2.259055379999999960e-02
4.926010840000000002e+01 6.105306280000000196e-02 -2.326564089999999790e-03 -4.759684320000000246e-02 1.608146160000000142e-05 -1.968255110000000085e-02 -4.728623459999999751e-02
5.196562560000000275e+01 6.675622770000000372e-02 -5.539331479999999586e-03 -4.843302959999999657e-02 9.894689709999999680e-03 2.745039529999999950e-02 7.374098489999999714e-03
5.467082239999999871e+01 5.754211819999999894e-02 2.927934059999999852e-03 -6.122416950000000163e-02 1.152852019999999963e-02 3.692705090000000107e-02 -1.997292739999999983e-03
5.736261929999999865e+01 4.993589949999999861e-02 -4.129534459999999814e-04 -6.452402629999999528e-02 -1.902750710000000040e-02 1.619049629999999920e-02 2.532232259999999888e-02
6.007065680000000185e+01 5.948792139999999756e-02 3.334960320000000117e-03 -6.447940630000000006e-02 9.015958669999999189e-03 2.311676450000000119e-02 -2.637628570000000172e-02
6.277009739999999738e+01 5.632104620000000228e-02 3.893446139999999934e-03 -6.549360140000000385e-02 -1.197243630000000003e-02 1.215285089999999964e-02 -1.777048320000000061e-03
6.547876150000000450e+01 5.993873599999999940e-02 -8.195591020000000254e-03 -6.674765470000000589e-02 3.072882919999999837e-02 3.678204320000000305e-02 -6.980114449999999526e-02
6.818076460000000338e+01 5.048371969999999875e-02 3.273782560000000185e-03 -6.071811349999999691e-02 8.380303789999999850e-03 -9.515226640000000805e-03 -4.813460840000000074e-02
7.087987710000000163e+01 5.726928249999999748e-02 -7.260573830000000353e-03 -6.772619820000000401e-02 1.871580020000000039e-02 -4.015197159999999875e-04 -5.131088119999999836e-02
7.358369430000000477e+01 6.511667299999999992e-02 -4.798150059999999918e-03 -7.135234779999999333e-02 -7.082917709999999971e-03 1.265743429999999919e-02 -7.796517969999999798e-02
7.629510059999999783e+01 6.710006540000000574e-02 -6.628205380000000077e-03 -6.496105509999999805e-02 8.755592510000000106e-03 -4.325759249999999744e-04 -4.561705380000000143e-02
7.899365989999999726e+01 6.573761729999999526e-02 -7.793734979999999632e-03 -5.640604330000000000e-02 3.157107829999999862e-03 -1.134396200000000084e-02 -6.822359560000000600e-02
8.169584430000000452e+01 6.320850849999999632e-02 -2.684530110000000070e-03 -4.996735950000000259e-02 -1.003051980000000017e-03 -1.856161409999999845e-02 -1.368540629999999945e-02
8.441213489999999808e+01 6.437142740000000030e-02 -9.134211910000000420e-03 -5.131834760000000134e-02 1.469828190000000041e-02 -1.069207110000000051e-02 -1.291770149999999992e-02
8.710128179999999531e+01 6.721453989999999490e-02 -5.776914549999999718e-03 -5.595923810000000276e-02 1.367427939999999982e-03 9.678331599999999424e-03 -1.884809020000000014e-03
8.981307710000000100e+01 6.802868149999999337e-02 -4.626819669999999822e-03 -5.056633230000000256e-02 -2.364692250000000051e-02 -2.634521429999999928e-02 -2.240994149999999893e-02
9.250892869999999846e+01 6.267725089999999499e-02 -3.603960059999999996e-03 -5.310570059999999981e-02 -6.285860689999999730e-03 -7.646012379999999990e-03 -3.946053509999999931e-02
9.520440209999999581e+01 7.074349350000000425e-02 2.757738679999999915e-03 -6.061638669999999673e-02 -8.845067070000000448e-03 -1.368154000000000071e-02 -5.389959329999999965e-02
9.789591310000000135e+01 6.695684970000000125e-02 5.438134269999999638e-03 -5.661296269999999825e-02 1.271250959999999965e-02 -8.983039599999999292e-03 3.514875169999999958e-03
1.006007510000000025e+02 5.773149949999999836e-02 1.086227600000000057e-02 -5.271930489999999969e-02 3.720043890000000048e-03 -3.948037930000000348e-03 6.174510599999999579e-04
1.032937349999999981e+02 6.394532899999999520e-02 1.130488340000000008e-02 -4.645326689999999814e-02 1.249736039999999916e-02 5.086172849999999988e-03 -4.692155580000000048e-02
1.059811409999999938e+02 6.722833960000000608e-02 6.601623539999999617e-03 -4.620801189999999836e-02 -1.380966680000000023e-02 -3.664141800000000199e-02 -2.943763970000000049e-02
1.086800319999999971e+02 6.194279309999999733e-02 5.656178819999999746e-03 -5.666765940000000057e-02 -1.213659689999999937e-02 -9.132309070000000500e-03 -2.767768329999999860e-02
1.113817509999999942e+02 5.823311870000000279e-02 7.492140109999999558e-04 -5.445809399999999856e-02 -1.208893850000000020e-02 3.051645589999999950e-02 1.474932930000000079e-02
1.140791410000000070e+02 5.571090189999999831e-02 -3.260625789999999947e-03 -6.411648840000000460e-02 -1.022829129999999927e-02 1.242283379999999972e-02 -2.929700569999999990e-02
1.167830009999999987e+02 6.324407930000000566e-02 -5.333329400000000071e-04 -5.139505130000000116e-02 1.940605080000000135e-02 3.184127149999999712e-02 -1.445953349999999984e-02
1.194892040000000009e+02 6.454512780000000449e-02 -8.785078549999999955e-04 -6.479548760000000684e-02 -7.120295829999999729e-03 -3.405925540000000196e-03 -9.497961189999999665e-02
1.221871720000000039e+02 5.753952569999999656e-02 -1.365402300000000037e-03 -6.345608910000000158e-02 -1.188157639999999973e-02 2.169631240000000072e-02 -2.055402690000000115e-02
1.248872659999999968e+02 5.339559099999999919e-02 3.604500369999999888e-03 -5.187279310000000171e-02 4.635619809999999910e-03 5.906169590000000420e-03 -7.903518170000000190e-03
1.275946260000000052e+02 5.698328929999999654e-02 4.132565090000000010e-03 -4.898819289999999799e-02 6.545544220000000350e-03 -1.244848739999999954e-02 2.610434160000000073e-02
1.303040320000000065e+02 6.064361039999999897e-02 4.650363549999999777e-03 -4.515935129999999742e-02 2.034782149999999831e-02 2.171905760000000102e-02 -1.016699060000000009e-02
1.329881880000000081e+02 6.599262359999999439e-02 2.391428660000000095e-03 -3.603714749999999828e-02 2.878516810000000033e-03 3.637408439999999937e-02 2.285112590000000152e-02
1.356863130000000126e+02 7.553223579999999993e-02 4.776825000000000168e-03 -2.798694280000000104e-02 -5.675425320000000023e-03 7.806516829999999608e-03 -1.310153560000000030e-02
1.383958130000000040e+02 7.572654230000000486e-02 9.787092409999999937e-03 -1.278897290000000075e-02 1.692161699999999991e-02 2.711461899999999953e-03 1.946559850000000036e-02
1.410902350000000069e+02 6.833851579999999926e-02 -2.174234389999999892e-03 -4.883833399999999887e-03 3.422865159999999990e-03 -1.611489249999999845e-02 2.192781439999999960e-03
1.438023289999999861e+02 7.203094290000000566e-02 -4.581247109999999657e-03 1.330976250000000076e-02 7.759440690000000106e-03 4.768284090000000225e-02 1.553676339999999925e-04
1.465032040000000109e+02 7.233143229999999813e-02 -6.227152429999999704e-03 3.105142509999999842e-02 -2.529561099999999910e-02 1.829716519999999985e-02 -6.429031830000000135e-03
1.492025010000000123e+02 5.811584219999999662e-02 5.067928680000000508e-04 5.377282989999999929e-02 5.426886449999999973e-02 -2.855276610000000159e-02 -2.540770380000000137e-03
1.519285629999999969e+02 4.787679999999999714e-02 4.840015869999999588e-03 5.978168799999999949e-02 -4.790727530000000317e-02 -5.124172589999999999e-02 -1.695082729999999871e-02
1.546278599999999983e+02 4.737249150000000242e-02 7.058955010000000398e-03 6.141770039999999709e-02 3.961299459999999620e-03 5.835634779999999619e-03 -4.069910940000000255e-02
1.573397820000000138e+02 5.654488209999999904e-02 9.060004539999999551e-03 4.805139559999999782e-02 -7.137902360000000085e-03 1.538778350000000010e-02 -4.161370090000000160e-02
1.600445159999999873e+02 6.392989340000000686e-02 2.247615429999999873e-02 4.463187760000000143e-02 3.116269630000000068e-02 4.299652479999999805e-02 -3.154626609999999949e-03
1.627435319999999876e+02 6.735445589999999871e-02 1.437735769999999927e-02 4.585109400000000196e-02 2.243751589999999976e-02 -4.358153990000000061e-02 -4.652839460000000177e-02
1.654425630000000069e+02 7.071059720000000270e-02 1.072930209999999919e-02 4.425744360000000155e-02 -4.260473480000000202e-02 -2.198184820000000095e-02 -5.158808690000000335e-02
1.681547040000000095e+02 6.873819019999999336e-02 6.330120130000000192e-03 5.021733009999999886e-02 -5.799265530000000113e-02 6.200368060000000132e-03 -3.979294900000000107e-02
1.708448290000000043e+02 7.256598849999999767e-02 1.984073749999999865e-03 4.701842569999999805e-02 -4.162254919999999747e-02 -1.970208160000000083e-02 -3.815861150000000087e-03
1.735413130000000024e+02 7.988020599999999527e-02 -9.837476629999999380e-05 3.655202329999999999e-02 2.602120629999999952e-03 1.311865119999999947e-02 -1.512474509999999980e-02
1.762315790000000106e+02 8.702868660000000200e-02 5.050553640000000205e-03 3.107906430000000053e-02 3.076355910000000068e-02 2.652544059999999843e-02 -4.900908169999999842e-02
1.789361570000000086e+02 7.255244499999999319e-02 1.685929720000000015e-03 3.679014700000000221e-02 -2.237159730000000055e-02 3.054887569999999858e-02 -3.191376580000000046e-02
1.816256879999999967e+02 7.805001820000000146e-02 -1.040793439999999984e-04 5.236689790000000067e-02 5.031038980000000251e-03 2.308948029999999957e-02 9.869054400000000504e-03
1.843295320000000004e+02 6.599558129999999467e-02 -1.003379930000000003e-02 4.795403510000000036e-02 -3.137071799999999883e-02 4.987755550000000371e-03 2.776306480000000076e-02
1.870265469999999937e+02 5.594138070000000129e-02 -1.598044620000000152e-02 5.149503390000000069e-02 2.873797910000000164e-02 2.197111889999999942e-02 2.443145769999999911e-02
1.897342820000000074e+02 4.794700259999999659e-02 -1.318402949999999962e-02 4.943968700000000299e-02 -1.701546539999999885e-02 1.074346080000000009e-02 5.791533940000000331e-03
1.924442349999999919e+02 5.102085989999999988e-02 -9.507950160000000484e-03 4.890827169999999863e-02 -5.713676270000000307e-02 4.829069739999999888e-02 -1.214794180000000091e-03
1.951400629999999978e+02 5.597061989999999737e-02 -4.803227969999999784e-03 5.287833580000000228e-02 -2.950813089999999861e-02 9.583192140000000234e-03 1.500772979999999944e-02
1.978354689999999891e+02 6.080149569999999948e-02 -3.947377660000000142e-03 5.021547209999999845e-02 -1.869697669999999950e-02 3.602361059999999865e-02 5.120171429999999767e-03
2.005469380000000115e+02 6.460537580000000335e-02 -2.395546149999999968e-03 5.413989539999999878e-02 -4.702167749999999757e-03 6.368599519999999618e-03 -4.007221829999999679e-02
2.032327970000000050e+02 5.797560570000000191e-02 1.151291479999999937e-02 6.145327579999999845e-02 -1.934295269999999900e-02 2.085429310000000078e-02 -9.077350609999999820e-03
2.059317969999999889e+02 5.318503000000000119e-02 4.818533550000000248e-03 5.670680169999999659e-02 4.315882850000000298e-02 -2.545503249999999870e-02 -1.954716509999999963e-02
2.086311410000000137e+02 5.566324140000000059e-02 1.538876250000000088e-03 5.626649770000000106e-02 3.782210770000000305e-02 -4.778857499999999980e-02 -1.194139590000000035e-02
2.113367509999999925e+02 4.384311889999999851e-02 3.179638060000000016e-03 5.555036630000000086e-02 4.916990930000000176e-02 -2.661871190000000137e-02 7.092968790000000155e-03
2.140383909999999901e+02 4.536172029999999827e-02 2.797970549999999855e-03 5.037497269999999944e-02 6.763678959999999685e-02 -3.095140370000000127e-02 -2.387060980000000124e-02
2.167365470000000016e+02 5.110357590000000338e-02 -2.398360400000000016e-04 5.020367989999999919e-02 7.409906859999999991e-03 -4.301398520000000031e-02 6.673167509999999728e-04
2.194487349999999992e+02 6.195089570000000129e-02 5.595846669999999514e-04 5.829133949999999731e-02 -3.331574000000000232e-04 1.281078910000000085e-02 4.117840210000000244e-03
2.221561100000000124e+02 6.462873859999999915e-02 6.532815259999999805e-03 6.219238729999999882e-02 -1.488908040000000085e-02 -7.009797229999999851e-03 -3.947369949999999725e-03
2.248633289999999931e+02 7.070414140000000347e-02 6.783846120000000014e-03 6.113225559999999753e-02 -3.388015810000000183e-02 5.817272529999999685e-03 -1.553088229999999986e-02
2.275673909999999864e+02 6.734833769999999664e-02 -1.047949199999999911e-03 5.801127679999999731e-02 -1.120788129999999994e-02 3.203414110000000342e-02 -2.662944529999999865e-02
2.302650160000000028e+02 5.841839940000000120e-02 -8.265977230000000689e-03 6.779545350000000525e-02 3.086278730000000144e-03 2.300737259999999923e-02 2.180894339999999917e-02
2.329612659999999948e+02 4.372317070000000111e-02 -2.786727440000000104e-03 6.257938590000000634e-02 6.409161709999999790e-02 -2.148693020000000051e-02 1.579094500000000068e-02
2.356675940000000082e+02 4.480879420000000168e-02 -3.351522610000000173e-03 5.860020280000000081e-02 -2.278762219999999963e-02 -2.080054750000000056e-03 2.676717559999999938e-04
2.383877190000000041e+02 5.668462390000000156e-02 4.294254420000000118e-04 6.724258480000000482e-02 -3.560249220000000214e-02 -4.052269680000000068e-02 -4.465109209999999773e-02
2.410995470000000012e+02 6.535660919999999874e-02 2.353090630000000041e-03 6.510300509999999985e-02 -8.396867469999999556e-02 -7.606184630000000294e-03 3.298742620000000032e-03
2.438072510000000079e+02 6.463071539999999671e-02 1.730277919999999910e-03 5.589849169999999701e-02 -7.520071670000000319e-02 -1.680520760000000016e-02 3.780992029999999827e-03
2.465119379999999865e+02 6.571377009999999907e-02 8.848656229999999831e-04 4.933630709999999725e-02 -5.045010700000000098e-02 -1.316335419999999957e-02 -6.432870159999999615e-03
2.492076570000000117e+02 6.945891440000000194e-02 -1.613268800000000006e-03 5.177535409999999699e-02 -5.722837929999999990e-02 1.616991560000000105e-02 6.011104300000000289e-03
2.518983440000000087e+02 6.334800340000000529e-02 -4.252908219999999677e-03 5.490825020000000140e-02 1.765573319999999904e-03 -1.619776930000000129e-02 2.893256270000000088e-03
2.545952969999999880e+02 5.318023360000000144e-02 -1.129618689999999960e-02 6.277445119999999767e-02 -4.264278469999999849e-02 -2.048173610000000172e-02 5.046026259999999986e-02
2.572947819999999979e+02 4.946742459999999703e-02 -3.571945490000000192e-03 6.404769309999999716e-02 -2.844309990000000107e-02 3.165172469999999807e-03 4.147582930000000279e-02
2.599995789999999829e+02 4.369124189999999686e-02 -1.254670230000000039e-02 7.106509179999999370e-02 -2.537782550000000116e-03 1.238328810000000058e-02 1.368233249999999991e-02
2.626827969999999937e+02 3.665402899999999770e-02 -7.668877969999999752e-03 6.242414570000000273e-02 -2.579461239999999989e-02 1.347764719999999979e-02 5.171671060000000014e-02
2.653994690000000105e+02 3.971099609999999974e-02 -1.110300200000000070e-02 6.295807470000000516e-02 -5.965458009999999832e-03 2.184537760000000023e-02 2.056687350000000088e-03
2.680913689999999860e+02 5.063784810000000053e-02 -2.190492499999999870e-02 6.981810759999999838e-02 -2.309452899999999906e-02 3.048012619999999895e-02 -1.669646509999999848e-02
