# a=0.06437271204947996, b=-146.62721463312113, c=0.0014716455896935118, xi=7.314804871308363
6.942925300000000188e-01 5.104572050000000250e-02 7.118265849999999507e-05 6.391087819999999309e-02 -2.897058779999999931e-02 -3.767152210000000029e-02 5.849961730000000082e-02
3.404382529999999907e+00 5.775287440000000105e-02 -1.969737330000000120e-02 6.087342720000000346e-02 1.009315509999999909e-03 2.250436109999999837e-02 4.886196940000000349e-03
6.100748170000000137e+00 5.539587349999999799e-02 -1.393786110000000064e-02 6.923137540000000312e-02 -6.989322390000000029e-04 3.515343320000000049e-02 3.830923559999999811e-02
8.800961600000000828e+00 5.962800649999999703e-02 -1.945204890000000117e-02 6.639373279999999378e-02 -3.719139289999999921e-03 -1.692718660000000139e-02 -3.883432110000000024e-03
1.150193050000000028e+01 6.144016559999999905e-02 -1.518851319999999991e-02 6.335624110000000198e-02 5.224879170000000170e-03 -6.635936739999999390e-02 1.305664800000000056e-02
1.419213049999999932e+01 6.085948420000000109e-02 -1.420968310000000033e-02 6.736942810000000337e-02 -1.132904109999999936e-02 -2.531464959999999917e-02 1.915653280000000069e-02
1.689327580000000140e+01 6.407226709999999659e-02 -1.777154399999999893e-03 5.883525640000000084e-02 5.987201319999999743e-04 4.953041220000000029e-03 1.962217819999999974e-02
1.958932739999999839e+01 6.093963549999999868e-02 6.681967779999999947e-03 5.442339880000000157e-02 -7.459092589999999877e-03 -1.149187890000000038e-02 2.144360240000000098e-02
2.228111020000000053e+01 5.860794879999999679e-02 1.655590300000000072e-03 4.251182829999999857e-02 -7.897583470000000411e-03 -2.780884850000000033e-02 6.056518290000000027e-02
2.498502579999999895e+01 7.432154609999999662e-02 -7.657689060000000270e-03 4.395119249999999977e-02 -3.616920660000000343e-02 -3.498754269999999889e-02 1.227200240000000074e-02
2.768059930000000080e+01 7.485505289999999645e-02 1.043147969999999938e-03 3.684559429999999941e-02 1.488380660000000050e-02 -1.870767109999999997e-02 8.754378740000000325e-02
3.036708210000000108e+01 8.524931299999999323e-02 -5.923383820000000140e-03 1.107054420000000081e-02 -1.469529030000000028e-02 -4.007027090000000319e-02 6.390211259999999636e-03
3.306808519999999874e+01 8.139512770000000008e-02 -5.447416430000000080e-03 -1.017536859999999994e-02 2.398805700000000013e-02 4.106095790000000023e-03 3.545301139999999795e-02
3.575721020000000294e+01 7.673945910000000425e-02 -1.080794239999999934e-02 -3.309999710000000039e-02 -1.172002060000000047e-02 -1.004094160000000048e-02 -1.136550159999999941e-02
3.846531490000000275e+01 7.457557310000000050e-02 -8.683318779999999251e-03 -5.335970889999999689e-02 3.419046810000000037e-03 -4.509310250000000270e-02 -2.770791280000000148e-02
4.116854610000000037e+01 6.410103379999999851e-02 -1.109355899999999936e-02 -5.392214590000000279e-02 3.258549040000000008e-02 -3.732956140000000256e-02 -4.413830500000000268e-02
4.386112430000000018e+01 7.531943200000000560e-02 -8.702598730000000310e-03 -5.217704470000000122e-02 1.368465590000000030e-02 -4.811013530000000232e-02 -2.944539880000000137e-02
4.656485080000000210e+01 6.565487050000000380e-02 -9.486692810000000795e-03 -6.348292899999999350e-02 1.886451369999999836e-02 3.633472860000000254e-04 -4.266101769999999793e-02
4.926422889999999910e+01 6.423667099999999519e-02 -1.488827510000000076e-02 -6.086349900000000146e-02 2.895829210000000140e-02 -3.185546689999999709e-02 -5.447242120000000271e-02
5.196482269999999914e+01 7.240753819999999619e-02 -1.487091469999999964e-02 -5.842057829999999785e-02 -7.843755609999999295e-03 -1.708716799999999980e-02 -1.336326390000000010e-02
5.467797889999999938e+01 6.352393369999999317e-02 -1.074780929999999933e-02 -5.395168990000000220e-02 3.290669150000000154e-02 1.852922359999999982e-03 -6.372224210000000666e-02
5.737848209999999938e+01 6.851850669999999532e-02 -1.852257189999999970e-02 -6.356435600000000241e-02 -8.677333699999999553e-03 2.746398410000000165e-02 -2.640793560000000151e-02
6.008798989999999662e+01 5.828614430000000207e-02 -1.251936810000000080e-02 -6.618453339999999518e-02 2.194629539999999948e-02 1.809337230000000046e-02 -6.551615269999999658e-02
6.277569460000000134e+01 5.958422869999999844e-02 -5.770645040000000302e-03 -5.093491779999999997e-02 3.132973360000000131e-03 -3.807033320000000054e-02 -2.205173859999999975e-03
6.545784299999999689e+01 6.403130619999999884e-02 -7.366158549999999791e-03 -4.737053969999999864e-02 -7.708356319999999998e-03 2.681673689999999888e-02 6.225571010000000016e-03
6.815796960000000126e+01 6.784249650000000187e-02 -4.460220400000000120e-03 -5.444553619999999844e-02 2.142874410000000091e-02 -1.197643370000000054e-02 -8.102696470000000234e-03
7.086602739999999301e+01 6.934664100000000053e-02 -1.842214989999999952e-03 -6.293131540000000690e-02 1.358502299999999989e-02 -1.401049449999999981e-02 -6.575227270000000290e-02
7.356880390000000602e+01 6.676933109999999560e-02 -1.393405790000000000e-03 -6.866974450000000452e-02 2.173474870000000059e-02 -1.993143359999999947e-02 -4.975757120000000311e-02
7.626437110000000530e+01 5.649741760000000224e-02 4.695045929999999874e-03 -7.324999359999999349e-02 2.943147969999999891e-02 2.317544079999999881e-02 -3.405149410000000293e-02
7.896588359999999795e+01 6.593031300000000428e-02 1.734963819999999933e-03 -7.237404590000000304e-02 3.075850159999999993e-03 -3.887421619999999883e-02 -1.794423699999999830e-02
8.166468989999999906e+01 6.385163000000000644e-02 2.337743419999999822e-03 -6.963131870000000001e-02 8.685276000000000454e-03 8.380509569999999853e-03 -5.239783180000000262e-02
8.437799769999999455e+01 6.069896849999999872e-02 4.631444200000000254e-03 -6.990058559999999532e-02 -7.991769080000000677e-03 -3.023692609999999864e-02 -3.548495900000000342e-02
8.707654770000000610e+01 6.476274510000000484e-02 7.235529650000000097e-03 -5.608339860000000066e-02 -1.296209939999999963e-02 -3.901289389999999802e-02 -2.597142759999999939e-02
8.978472580000000391e+01 6.581427400000000594e-02 1.359480079999999917e-02 -5.901600879999999855e-02 -2.959525550000000147e-03 -1.492831780000000025e-02 -2.743511679999999925e-02
9.248075710000000527e+01 6.756349030000000089e-02 1.462431890000000061e-02 -6.859733179999999431e-02 -1.701897470000000162e-02 -1.421911059999999942e-02 -1.863783399999999896e-02
9.517420239999999865e+01 6.589082179999999900e-02 2.132772390000000143e-02 -6.713006809999999547e-02 -1.875323530000000058e-02 5.045741449999999878e-02 4.731637349999999811e-03
9.787106330000000298e+01 6.535631579999999496e-02 1.830721810000000144e-02 -6.354175700000000426e-02 -2.210722019999999954e-02 5.539230160000000250e-03 -4.150071319999999730e-02
1.005678269999999941e+02 6.862240590000000251e-02 2.104618330000000009e-02 -5.950073339999999850e-02 -2.967117070000000172e-03 -9.104747340000000216e-03 -8.778990809999999770e-03
1.032752019999999931e+02 7.263825429999999639e-02 1.101656110000000070e-02 -5.307436690000000290e-02 1.053298480000000072e-03 2.470049870000000196e-03 -4.543190989999999763e-02
1.059779369999999972e+02 7.382718620000000564e-02 1.390938610000000061e-02 -5.253848400000000335e-02 1.413056399999999997e-02 -1.064641049999999999e-02 -7.336037820000000653e-02
1.086803429999999935e+02 6.554952799999999580e-02 6.776809689999999803e-03 -5.651608469999999662e-02 -7.205707759999999996e-03 -1.988451009999999894e-02 -3.260762629999999773e-02
1.113738900000000029e+02 6.707536070000000294e-02 9.390517920000000796e-03 -6.084907529999999953e-02 -1.571378110000000092e-02 1.563342189999999965e-02 -6.553399480000000367e-03
1.140728119999999990e+02 6.374033880000000429e-02 8.037912689999999333e-03 -5.968347310000000211e-02 -1.091128079999999917e-02 2.195653070000000082e-02 -6.775731570000000092e-02
1.167666090000000025e+02 7.217285149999999594e-02 6.331002670000000429e-03 -6.561281469999999394e-02 5.694689349999999643e-03 1.472099689999999995e-02 -2.747115060000000081e-02
1.194615309999999937e+02 6.889628729999999757e-02 3.242488989999999915e-03 -7.165789949999999686e-02 -1.250306699999999965e-02 9.975442710000000796e-03 -9.581507170000000406e-02
1.221670929999999942e+02 5.908772119999999850e-02 1.543480330000000051e-03 -6.739028669999999610e-02 2.780596660000000161e-03 2.406329499999999844e-02 -1.220545810000000023e-02
1.248752810000000011e+02 5.585800729999999825e-02 -4.431178719999999752e-03 -5.843868180000000301e-02 3.131980069999999727e-02 3.224882610000000260e-02 -2.572274069999999982e-02
1.275884839999999940e+02 5.161186300000000088e-02 -1.807399029999999865e-02 -5.574751380000000228e-02 1.411630839999999942e-02 2.916907209999999862e-02 -2.501320339999999962e-02
1.302877180000000124e+02 6.146431160000000171e-02 1.393173580000000005e-03 -6.359572920000000629e-02 -9.829680829999999647e-03 -1.766022160000000132e-02 -2.241413299999999928e-02
1.329914679999999976e+02 6.719447420000000670e-02 -5.395804209999999733e-03 -6.145976150000000138e-02 -5.397966669999999627e-03 -3.665074019999999683e-02 -5.687661060000000213e-02
1.356860770000000116e+02 7.353873730000000386e-02 -1.501573200000000038e-03 -5.224223239999999796e-02 -6.152056529999999548e-04 -4.399884980000000334e-02 -4.357337549999999726e-02
1.383984839999999963e+02 7.667862659999999386e-02 -6.452766680000000289e-03 -4.900773060000000042e-02 -1.426188060000000042e-02 -1.079691099999999931e-02 -7.377975890000000592e-02
1.411045310000000086e+02 7.436232419999999621e-02 -9.323683340000000087e-04 -3.723637140000000262e-02 -1.385139230000000023e-03 3.503498780000000035e-02 -6.387411279999999358e-02
1.437977960000000053e+02 7.421672830000000665e-02 3.718885580000000184e-03 -2.762683689999999997e-02 -1.837510950000000032e-02 6.764864789999999739e-02 -4.423253149999999828e-02
1.464959839999999929e+02 7.006172389999999750e-02 -4.543711980000000178e-03 3.524620889999999923e-03 8.475422700000000489e-03 2.481022579999999852e-02 8.539520510000000661e-03
1.492005929999999978e+02 6.134415039999999847e-02 -8.844553600000000862e-03 1.795778699999999936e-02 -2.590040470000000081e-02 2.741363029999999840e-02 -3.567674340000000222e-02
1.519054370000000063e+02 5.750328579999999801e-02 -1.286566700000000077e-03 4.360566290000000150e-02 -5.406486960000000258e-02 1.098749419999999963e-02 -1.406890069999999987e-03
1.546093590000000120e+02 5.849627500000000035e-02 -1.782417440000000092e-03 5.857363139999999940e-02 -3.188593490000000280e-02 2.781467500000000051e-02 -2.086609060000000140e-02
1.573095930000000067e+02 6.183764030000000328e-02 1.054500119999999923e-02 6.245645150000000284e-02 -3.283520110000000269e-02 2.218668390000000032e-02 3.086712919999999929e-02
1.600101089999999999e+02 6.086965280000000006e-02 5.837660700000000397e-03 5.999034880000000264e-02 1.672418159999999876e-02 3.102942800000000126e-02 4.332174860000000127e-02
1.627235310000000084e+02 5.780670389999999909e-02 6.896273320000000095e-03 5.543602970000000019e-02 -1.074682819999999914e-02 1.182845870000000070e-02 -8.196763129999999620e-03
1.654225150000000042e+02 6.504039339999999336e-02 3.753166269999999843e-03 5.997010989999999875e-02 -6.615019680000000513e-02 -1.737020270000000019e-02 -4.285760570000000241e-02
1.681259059999999863e+02 6.354476509999999745e-02 5.866519859999999760e-03 6.523646589999999856e-02 -5.104759529999999997e-03 -5.014241879999999964e-03 -4.772399110000000166e-02
1.708201400000000092e+02 6.418015069999999378e-02 1.126320129999999926e-02 7.168878839999999475e-02 -5.001593680000000069e-02 4.655530029999999618e-03 -4.218557979999999763e-02
1.735186869999999999e+02 5.443781500000000051e-02 2.677057349999999950e-03 6.913683850000000575e-02 -3.147796650000000279e-02 4.568782109999999959e-03 1.015680140000000016e-02
1.762212340000000097e+02 6.075400279999999820e-02 4.040592529999999585e-03 6.389417569999999991e-02 -6.300543610000000627e-02 -8.522530219999999396e-05 6.306564140000000054e-03
1.789210459999999898e+02 6.527456389999999886e-02 1.806108939999999993e-03 6.734157910000000691e-02 -5.158910340000000261e-02 3.979714759999999907e-02 1.085998080000000025e-02
1.816142810000000054e+02 5.976243039999999673e-02 -1.079480249999999935e-03 6.676168529999999823e-02 -7.006837940000000542e-02 -9.700728959999999892e-04 2.301053759999999865e-02
1.843049369999999954e+02 5.985429450000000207e-02 5.334493189999999939e-04 6.900126939999999542e-02 -3.472650780000000048e-02 -4.772302190000000076e-03 -1.264022350000000051e-02
1.870076090000000022e+02 6.083003380000000238e-02 -4.576530480000000345e-03 6.275693970000000010e-02 -5.538390020000000247e-02 -1.630456570000000070e-03 -5.308543109999999676e-02
1.896975620000000049e+02 6.451840420000000409e-02 -7.796478029999999795e-03 6.350526380000000304e-02 -3.753915299999999872e-02 -2.576664360000000074e-03 -4.357237929999999843e-02
1.923935459999999864e+02 6.514997059999999562e-02 -1.041149799999999993e-02 6.293177660000000284e-02 3.690555030000000191e-03 4.925070420000000199e-02 -4.851280730000000208e-02
1.950959060000000136e+02 6.913258110000000678e-02 -1.144944149999999917e-02 6.600283540000000115e-02 -2.986320140000000081e-02 -7.653240839999999635e-03 -7.653980999999999806e-03
1.977912959999999885e+02 5.999027490000000129e-02 -7.547203820000000568e-05 7.147059000000000051e-02 1.641785340000000148e-02 -2.332397439999999919e-02 5.517786670000000143e-03
2.004915149999999926e+02 5.647979029999999900e-02 2.685231770000000122e-03 7.646232760000000461e-02 -3.378757300000000130e-02 -9.079340269999999768e-03 -5.977274680000000187e-03
2.031958270000000084e+02 5.885239679999999807e-02 1.424962069999999997e-02 6.378219620000000201e-02 -1.047350650000000022e-02 -1.868159809999999895e-03 -1.991322129999999885e-02
2.059009059999999920e+02 5.904653619999999936e-02 1.426040989999999981e-02 6.040210580000000135e-02 -1.834449620000000057e-03 -3.987887400000000165e-02 -7.611562709999999954e-02
2.085938429999999926e+02 5.229272869999999906e-02 1.732291420000000096e-02 6.271288449999999626e-02 -3.604819259999999820e-03 -7.866403149999999511e-03 -2.909950489999999987e-02
2.112930619999999919e+02 4.715406290000000167e-02 1.565914269999999983e-02 5.733044739999999806e-02 -8.048831560000000579e-03 1.434993589999999930e-02 3.756228250000000213e-02
2.139917649999999867e+02 4.752792869999999947e-02 1.046604590000000008e-02 6.376323109999999794e-02 -4.789056619999999993e-03 -3.037543209999999869e-02 7.729893220000000342e-02
2.166948899999999867e+02 4.834631250000000213e-02 9.242508800000000246e-03 6.371608289999999841e-02 2.805265789999999808e-03 -2.408657620000000110e-02 6.594696060000000692e-02
2.194044989999999871e+02 4.711120550000000295e-02 7.312014799999999766e-03 7.039007179999999531e-02 -1.359717050000000017e-02 8.449645889999999465e-03 5.977374629999999966e-02
2.221078899999999976e+02 4.444301610000000319e-02 4.098132519999999647e-03 7.324629929999999789e-02 -1.177536300000000050e-02 -1.549784000000000057e-02 4.488051719999999745e-02
2.248220310000000097e+02 3.428778870000000201e-02 4.795634889999999921e-03 6.767813529999999744e-02 -7.885430790000000009e-03 3.332762019999999797e-02 5.785215359999999751e-02
2.275287959999999998e+02 3.486025749999999840e-02 -1.159243809999999921e-03 6.362211380000000471e-02 3.119099269999999965e-03 -4.303360020000000091e-02 5.831685780000000346e-02
2.302235149999999919e+02 4.474656280000000041e-02 6.154040890000000291e-03 6.172127489999999772e-02 -9.609889519999999588e-03 -9.548365930000000251e-03 5.103511749999999764e-02
2.329409060000000125e+02 5.179397749999999773e-02 -6.917785239999999988e-03 6.423383700000000196e-02 -6.020200020000000124e-02 -4.563699940000000288e-02 1.948128439999999989e-02
2.356359989999999982e+02 4.742661480000000263e-02 -4.164129240000000046e-04 6.383169510000000213e-02 -2.888912399999999867e-02 -6.331033739999999965e-02 -2.544709560000000051e-02
2.383394989999999893e+02 5.033061929999999712e-02 -5.774679470000000300e-04 5.737240980000000296e-02 -3.999365440000000188e-02 -4.741004609999999869e-02 2.377023639999999854e-02
2.410367019999999911e+02 5.810171470000000116e-02 -7.004743780000000260e-03 5.998591989999999680e-02 -1.449462879999999926e-02 -3.635621959999999972e-03 2.567322979999999907e-02
2.437433739999999887e+02 5.192466720000000341e-02 -2.275544640000000049e-03 6.598615680000000094e-02 -7.287080680000000352e-03 -2.673267340000000034e-02 1.380005720000000019e-02
2.464365459999999928e+02 6.177010460000000036e-02 -4.820138930000000040e-04 6.479573060000000384e-02 5.816266450000000428e-03 2.274245750000000038e-02 3.777857939999999803e-02
2.491345619999999883e+02 6.680683910000000114e-02 9.476235799999999793e-03 6.356932690000000052e-02 2.506709470000000051e-03 -9.665433609999999481e-03 3.225573720000000227e-02
2.518371559999999931e+02 6.503893539999999751e-02 1.215283410000000085e-02 6.050357340000000334e-02 1.255942820000000015e-02 5.966386629999999823e-03 1.468210170000000016e-02
2.545307650000000024e+02 6.130701449999999969e-02 1.181918860000000064e-02 6.103720609999999797e-02 2.035546649999999888e-02 2.821999960000000016e-02 1.829268759999999952e-02
2.572377020000000130e+02 5.894241029999999770e-02 1.135545150000000052e-02 5.420488829999999675e-02 3.867689570000000000e-03 -4.148928250000000206e-02 3.331025499999999695e-02
2.599284369999999740e+02 6.350216209999999528e-02 8.927108269999999360e-03 5.950552769999999797e-02 5.943919579999999703e-02 5.919430829999999984e-03 5.628232179999999654e-03
2.626295769999999834e+02 6.417896739999999489e-02 8.406460069999999868e-03 6.521653909999999832e-02 7.616897359999999506e-04 -6.756859589999999853e-03 4.162173959999999895e-02
2.653404059999999731e+02 6.132494010000000273e-02 3.046463130000000036e-03 6.466182169999999674e-02 -5.927667200000000247e-03 -1.574294060000000148e-02 5.981584360000000156e-02
2.680420050000000174e+02 6.287853829999999478e-02 5.044517610000000263e-03 6.219419179999999964e-02 -6.051122840000000037e-03 -1.047836689999999968e-03 -1.427385129999999940e-02
