# a=0.059081722287565204, b=-131.88880572195845, c=-0.0018843822876111298, xi=13.665094227670513
6.475209210000000271e-01 7.451918899999999957e-02 -1.477533000000000058e-03 -3.469521009999999850e-02 -1.079218430000000034e-02 -3.948130779999999701e-02 -1.357895209999999964e-02
3.361647959999999991e+00 7.797647389999999568e-02 2.527725289999999906e-03 -4.903169289999999986e-02 3.461038470000000339e-02 -4.392420340000000034e-02 -1.991916419999999882e-02
6.056207180000000356e+00 7.129314979999999691e-02 -6.054699729999999877e-03 -5.024067279999999691e-02 4.765983380000000241e-02 -1.272676640000000060e-02 -2.314988730000000147e-02
8.758318739999999991e+00 7.573179789999999467e-02 -1.881220060000000048e-03 -4.257956090000000055e-02 8.063826579999999744e-02 -4.003068249999999773e-02 -8.879985280000000578e-03
1.146250170000000068e+01 7.965826380000000373e-02 -5.007003529999999938e-03 -4.146232059999999803e-02 3.922790999999999778e-02 -2.072732379999999916e-02 -5.496994940000000419e-03
1.416286730000000027e+01 8.444907699999999739e-02 4.136460090000000081e-04 -3.112554550000000073e-02 4.315378279999999844e-02 1.005648100000000079e-02 4.525434600000000085e-02
1.686235329999999877e+01 7.889706539999999380e-02 5.269817690000000053e-04 -3.524973940000000056e-02 5.668807909999999672e-02 2.470357180000000083e-02 2.364739440000000054e-02
1.955436260000000104e+01 6.534511810000000198e-02 7.426998479999999576e-03 -3.636311870000000224e-02 3.336165800000000237e-02 2.780193090000000061e-02 5.788585190000000019e-02
2.227486259999999874e+01 5.651116280000000047e-02 -2.145643430000000046e-03 -4.704665870000000055e-02 3.045320639999999843e-02 5.107254980000000295e-04 2.225571999999999967e-02
2.496671890000000005e+01 5.364817470000000227e-02 4.567867740000000273e-03 -5.030938089999999890e-02 3.788099760000000066e-02 -1.212917799999999914e-02 2.810642910000000008e-02
2.767661730000000020e+01 5.317008270000000286e-02 1.428104280000000101e-03 -5.868795870000000081e-02 1.705773520000000015e-02 -5.169715159999999782e-02 8.689900999999999875e-03
3.038400479999999959e+01 5.538558829999999655e-02 1.995530149999999968e-03 -6.602572950000000496e-02 -6.610879689999999906e-03 -1.490757759999999932e-02 -1.707993329999999907e-02
3.308193299999999937e+01 6.350774959999999636e-02 -5.002282650000000261e-03 -6.451971750000000394e-02 3.800064350000000035e-02 -6.597045109999999379e-02 -5.025182589999999810e-02
3.578478919999999874e+01 6.066671989999999903e-02 -4.345549689999999611e-03 -6.477767339999999929e-02 -8.711456169999999555e-03 -1.066923049999999977e-02 -3.772009270000000001e-03
3.848106419999999872e+01 6.189410859999999737e-02 -5.835019099999999917e-03 -6.545993249999999819e-02 4.710976520000000056e-02 1.216812140000000063e-02 -2.328970660000000137e-02
4.119360480000000280e+01 7.132342249999999717e-02 -9.597583260000000071e-04 -6.412754569999999654e-02 -1.556714919999999981e-02 1.388082170000000046e-02 -4.326672869999999976e-02
4.388529700000000133e+01 7.133077499999999904e-02 -3.122566350000000133e-03 -4.916706049999999828e-02 7.786949730000000680e-02 1.325924550000000084e-02 -1.984059950000000017e-02
4.658403760000000204e+01 7.033970350000000316e-02 -8.198114819999999595e-03 -4.938936129999999675e-02 5.215813749999999999e-02 -1.721394099999999996e-02 2.887966000000000144e-02
4.928476580000000240e+01 6.103322530000000051e-02 -6.529623539999999601e-03 -4.492243330000000173e-02 4.448941379999999876e-03 3.291170670000000131e-02 4.016752610000000334e-02
5.198901260000000235e+01 5.652528860000000099e-02 -9.649587489999999611e-04 -6.423202170000000266e-02 -3.270567869999999738e-02 -7.976982869999999642e-03 -5.158254589999999862e-02
5.468597199999999958e+01 5.809101609999999666e-02 -8.145000490000000107e-03 -6.325128489999999604e-02 -2.832152809999999993e-02 5.104901620000000355e-03 -2.698539729999999831e-02
5.738723759999999885e+01 6.167396990000000023e-02 -3.061886220000000196e-03 -6.026279860000000044e-02 -2.388848379999999882e-02 1.158983010000000022e-02 -1.114735050000000005e-02
6.009021729999999906e+01 5.633465070000000241e-02 -1.961595740000000084e-03 -6.688265059999999596e-02 -1.906027969999999835e-02 -3.620205440000000274e-02 5.046279669999999794e-03
6.278768139999999676e+01 5.566747959999999995e-02 1.049808689999999983e-04 -6.787916509999999959e-02 7.195685520000000279e-02 -2.933762100000000123e-02 4.912526360000000342e-02
6.549665009999999654e+01 4.839525050000000050e-02 -4.969170749999999789e-03 -6.065396149999999903e-02 6.308963280000000340e-02 -1.812305720000000064e-02 4.208902560000000320e-02
6.821002520000000402e+01 4.647980399999999956e-02 2.315567340000000088e-03 -5.272640580000000077e-02 1.044731009999999918e-02 3.565044089999999666e-02 1.047015739999999917e-02
7.091387360000000228e+01 5.330698989999999721e-02 -5.608211230000000047e-03 -5.581819720000000262e-02 9.568405559999999810e-03 -8.250211279999999231e-03 -2.165204159999999795e-03
7.360914230000000202e+01 5.644669079999999756e-02 4.820832019999999642e-03 -6.058012539999999696e-02 2.357663650000000125e-02 7.513179330000000020e-04 2.908864289999999863e-03
7.631058760000000518e+01 5.765160510000000293e-02 -9.410342760000000792e-03 -6.471608950000000415e-02 2.028588690000000111e-02 -1.523880969999999967e-02 1.460114510000000074e-02
7.901031580000000076e+01 5.500693759999999988e-02 -1.547574139999999959e-02 -6.386917089999999408e-02 1.453012029999999934e-03 2.225482960000000135e-02 5.232860400000000078e-02
8.170638920000000383e+01 6.074662649999999775e-02 -1.247253140000000038e-02 -5.871616300000000177e-02 9.639336420000000141e-03 2.280636899999999995e-02 2.996036239999999920e-02
8.440006110000000206e+01 5.710974419999999968e-02 -5.121133959999999569e-03 -4.870534249999999843e-02 -3.398572049999999678e-02 2.046905469999999935e-02 4.275552669999999750e-02
8.709659080000000131e+01 5.731338009999999844e-02 -3.437141099999999928e-03 -5.280650070000000168e-02 -2.533131419999999981e-02 2.226526419999999909e-02 1.997044729999999935e-02
8.979121109999999817e+01 6.004560309999999734e-02 -6.796995790000000433e-03 -5.768670199999999942e-02 -2.547015240000000125e-02 -2.773357159999999960e-02 -4.346001170000000219e-02
9.249232510000000218e+01 5.518617919999999760e-02 -2.011299700000000051e-03 -6.470993710000000343e-02 -3.429253919999999956e-02 6.248752479999999596e-03 -5.657344439999999891e-03
9.519209700000000396e+01 4.701842960000000154e-02 -3.804407120000000055e-03 -7.086807820000000369e-02 2.748301759999999955e-02 9.009087889999999521e-04 5.453160409999999875e-02
9.790509699999999782e+01 3.837743259999999712e-02 -1.193116460000000038e-02 -7.277858090000000058e-02 -1.639003090000000148e-02 2.581315940000000059e-02 3.314475100000000007e-02
1.006065889999999996e+02 5.316740489999999958e-02 -1.550590660000000093e-03 -6.829517490000000524e-02 5.235613859999999758e-02 -2.531072919999999976e-02 -1.487239710000000034e-02
1.033317449999999980e+02 6.030984340000000027e-02 -7.110535179999999573e-03 -6.413544089999999309e-02 1.570432589999999975e-02 -2.247829529999999937e-02 -4.575599030000000039e-02
1.060230889999999988e+02 6.253578349999999730e-02 6.514419970000000053e-03 -5.890090199999999804e-02 4.637024270000000142e-02 -4.499744899999999839e-03 2.673091060000000116e-02
1.087220580000000041e+02 6.528028119999999823e-02 4.945657899999999878e-03 -5.644548640000000145e-02 4.246865200000000257e-02 -8.757857949999999642e-03 5.528609629999999692e-02
1.114176669999999945e+02 5.916445299999999879e-02 5.371809770000000352e-03 -6.434960210000000014e-02 4.933821459999999937e-02 4.262200780000000196e-03 5.292752819999999719e-02
1.141212139999999948e+02 7.239349009999999918e-02 2.623941839999999973e-03 -5.080409550000000024e-02 8.560129269999999790e-02 9.377659349999999464e-03 2.838286439999999911e-02
1.168206359999999933e+02 7.835512619999999984e-02 6.936227519999999978e-05 -4.525130339999999807e-02 3.606240110000000221e-02 -3.819036239999999693e-02 -1.388920189999999976e-03
1.195214490000000040e+02 7.604312309999999853e-02 -4.117022080000000243e-03 -3.361352279999999665e-02 1.400713230000000080e-02 -5.877556130000000101e-02 -3.800947190000000114e-02
1.222155269999999945e+02 6.995650170000000667e-02 -5.516910960000000370e-03 -2.701598289999999902e-02 3.086590289999999875e-02 -2.015025960000000130e-02 -2.624363340000000072e-02
1.249050419999999946e+02 7.994225239999999677e-02 -5.544530399999999908e-03 -2.334327259999999932e-02 6.928443130000000449e-02 1.261803050000000030e-02 3.844430859999999756e-02
1.276079950000000025e+02 7.737467500000000387e-02 -5.472363679999999939e-03 -2.276406580000000027e-02 4.084910330000000173e-02 1.711707070000000053e-02 -2.475871110000000055e-02
1.303004950000000122e+02 7.491295900000000119e-02 -4.994898119999999740e-03 -2.500488730000000048e-02 -2.668737970000000046e-03 2.828902820000000085e-03 -6.119754140000000127e-03
1.330087770000000091e+02 7.154147930000000211e-02 -1.384417309999999915e-02 -8.202723179999999586e-03 9.648332480000000599e-03 1.122669129999999925e-02 -2.174980840000000082e-02
1.357019490000000133e+02 8.014106790000000147e-02 -8.753910009999999256e-03 1.279485149999999918e-02 6.660203240000000299e-04 2.331592080000000067e-02 1.361289559999999919e-02
1.383925419999999917e+02 7.811270750000000318e-02 -1.359895520000000031e-02 3.804695169999999793e-02 5.744827379999999789e-02 -6.618723910000000451e-04 3.819329680000000098e-04
1.410860419999999920e+02 7.383475200000000349e-02 -5.842949969999999653e-03 3.932022980000000195e-02 -8.744474589999999548e-02 1.204752350000000069e-02 -4.270995519999999743e-04
1.437834640000000093e+02 8.289838709999999833e-02 -4.387117450000000210e-03 4.513247320000000201e-02 -1.055072659999999919e-02 -5.922531509999999673e-03 -1.269040630000000010e-02
1.464759640000000047e+02 8.025238899999999342e-02 -3.790691059999999873e-03 3.635324689999999692e-02 -3.921144290000000247e-03 -1.654006540000000150e-02 -3.150370980000000154e-02
1.491778390000000059e+02 6.857511110000000243e-02 2.483635459999999993e-03 4.061925250000000126e-02 -1.280937270000000010e-02 -3.784348130000000227e-02 2.980764170000000171e-02
1.518824329999999918e+02 6.679506339999999320e-02 -3.456368149999999861e-03 4.996250730000000029e-02 -2.724322469999999798e-03 -2.153910469999999883e-02 -9.281261080000000399e-03
1.545785419999999988e+02 6.831092079999999400e-02 -1.316492739999999915e-03 6.538691110000000029e-02 -1.614933259999999995e-02 2.126304689999999886e-02 5.151767809999999864e-02
1.572889949999999999e+02 6.652894659999999960e-02 -1.180276660000000033e-02 6.448779910000000670e-02 1.606394410000000147e-02 4.760678000000000132e-02 2.761138869999999954e-02
1.599885739999999998e+02 6.368704740000000197e-02 -1.152803439999999964e-02 5.959669620000000029e-02 -1.166959579999999989e-02 -4.444065359999999770e-02 3.481882990000000067e-02
1.626894169999999917e+02 5.855280389999999863e-02 -9.499287259999999317e-03 4.825343769999999866e-02 -9.262809880000000273e-03 -2.292982439999999983e-02 -2.628327819999999940e-02
1.653854949999999917e+02 5.676018260000000037e-02 -9.076139520000000085e-03 4.535383789999999915e-02 1.814750769999999916e-03 -5.634611380000000003e-02 4.743906039999999658e-02
1.680832609999999931e+02 6.252762019999999477e-02 -6.534866460000000182e-03 5.102710729999999917e-02 1.853874770000000106e-03 -4.248038159999999869e-02 -2.916340629999999989e-02
1.707926050000000089e+02 4.199236609999999759e-02 -4.093561009999999861e-03 6.098401319999999931e-02 -3.218936209999999961e-03 8.885688520000000618e-03 6.947257790000000398e-03
1.734884639999999933e+02 3.037151860000000120e-02 -1.104222070000000083e-02 6.127000560000000345e-02 -1.638018210000000141e-02 -1.745171100000000169e-02 -1.063412600000000069e-02
1.762003390000000138e+02 4.151427060000000002e-02 -7.142407459999999819e-03 7.116157989999999378e-02 5.029591279999999671e-03 2.479603290000000071e-02 1.623991240000000058e-02
1.788978079999999977e+02 5.408170240000000073e-02 -8.202754090000000109e-03 6.579422170000000236e-02 1.271698339999999955e-02 2.556844000000000131e-02 -2.248580099999999971e-02
1.816011829999999918e+02 5.948994960000000137e-02 -9.851320999999999689e-03 6.095140620000000231e-02 -5.094349720000000345e-03 2.086173410000000117e-02 1.467394590000000061e-02
1.843070889999999906e+02 6.300303109999999540e-02 -1.193895189999999960e-02 5.343837900000000113e-02 1.334127490000000006e-02 3.739676989999999885e-03 4.178480999999999862e-02
1.870159800000000132e+02 6.666583040000000071e-02 -1.359713100000000015e-02 4.658364229999999856e-02 -2.181724060000000097e-03 -2.185796140000000054e-02 -3.935418630000000334e-02
1.897172610000000077e+02 7.312130270000000154e-02 -1.970885660000000136e-02 4.854196959999999839e-02 -1.530351259999999936e-02 -5.340094299999999759e-03 2.077096209999999832e-02
1.924252299999999991e+02 6.810518640000000345e-02 -1.288075670000000082e-02 4.439423609999999798e-02 -8.634671470000000737e-03 -1.024385010000000013e-02 1.329154360000000005e-03
1.951145270000000096e+02 6.642054429999999510e-02 -1.233399060000000061e-02 4.882943780000000011e-02 -3.185241109999999848e-02 -2.002432430000000013e-02 2.838205679999999953e-02
1.978168860000000109e+02 5.631642240000000327e-02 -6.478528189999999999e-03 4.160800669999999840e-02 -3.285452290000000219e-02 -3.025864870000000151e-02 1.520640290000000068e-02
2.005226199999999892e+02 4.511116429999999927e-02 -8.591432759999999974e-03 5.749059890000000200e-02 -1.301488590000000022e-02 2.064827669999999907e-02 -3.543532270000000067e-02
2.032118859999999927e+02 4.451542010000000132e-02 -4.971878649999999893e-03 5.723956849999999735e-02 -3.774219079999999865e-02 2.384946459999999838e-02 -1.733256199999999927e-02
2.059163859999999886e+02 3.111743510000000018e-02 2.295824540000000139e-03 5.829493279999999750e-02 7.803570400000000261e-03 -1.117336730000000056e-02 -4.182052840000000105e-02
2.086034019999999884e+02 2.671394939999999912e-02 -4.961668530000000292e-03 7.256136840000000643e-02 -2.168272879999999861e-02 -3.147432110000000088e-02 1.038633300000000063e-03
2.113057609999999897e+02 3.182958240000000050e-02 -5.792811400000000277e-03 7.482577690000000170e-02 -2.382016879999999948e-02 2.356994390000000106e-02 -8.627296939999999290e-03
2.140106989999999882e+02 3.881046469999999832e-02 -1.436059110000000028e-02 6.481647409999999332e-02 -1.474767050000000109e-04 -2.805261309999999841e-02 2.604686590000000052e-02
2.167168700000000001e+02 4.764855249999999653e-02 -1.816656029999999880e-02 5.875173150000000122e-02 -1.525814550000000047e-02 1.251957180000000088e-03 2.091489199999999830e-03
2.194216830000000016e+02 5.195538520000000243e-02 -1.633884130000000032e-02 6.460394999999999333e-02 -9.402252190000000374e-04 2.753777849999999860e-03 -2.499908710000000103e-02
2.221198699999999917e+02 5.654909870000000144e-02 -1.655894239999999894e-03 5.684283309999999673e-02 2.866839219999999921e-03 4.359944880000000272e-02 -1.779437619999999984e-02
2.248231830000000002e+02 5.200044949999999694e-02 1.452570920000000043e-02 4.939211229999999897e-02 1.184424119999999934e-02 -2.568997239999999856e-03 -3.701258030000000032e-02
2.275280419999999992e+02 5.669557459999999965e-02 1.115226870000000058e-02 4.291518419999999778e-02 -3.980168360000000370e-03 8.492726140000000229e-03 -4.490707769999999904e-02
2.302263079999999889e+02 6.126194210000000112e-02 1.461958770000000053e-02 4.613488290000000019e-02 8.563981700000000696e-03 -5.690266349999999890e-02 -4.705548020000000289e-03
2.329208390000000009e+02 5.802704489999999798e-02 3.576175290000000156e-03 5.316076139999999922e-02 5.027719620000000063e-03 4.763349339999999781e-05 2.200882679999999897e-02
2.356302139999999952e+02 5.515317179999999764e-02 -4.879391339999999792e-03 5.462499080000000201e-02 5.527474339999999611e-03 -4.645555390000000173e-02 1.429335200000000049e-02
2.383335270000000037e+02 5.068269429999999742e-02 -8.380095389999999908e-03 5.877018590000000070e-02 4.213070309999999985e-02 -2.311087800000000136e-02 4.346054030000000290e-02
2.410367919999999913e+02 5.403389329999999657e-02 -1.746171349999999997e-02 5.768840799999999658e-02 2.676746110000000067e-02 -5.989837980000000013e-03 2.089750069999999965e-04
2.437401199999999903e+02 6.064845189999999719e-02 -1.206974419999999951e-02 5.405771510000000057e-02 2.073215130000000128e-03 9.937666529999999998e-03 5.329610449999999666e-02
2.464408860000000061e+02 7.276004299999999647e-02 -1.634379240000000122e-02 4.370204209999999784e-02 2.110644869999999881e-02 -2.054211920000000025e-03 1.764598280000000130e-02
2.491327300000000093e+02 6.737081640000000538e-02 -3.479519930000000115e-03 5.604177829999999749e-02 -2.291949680000000128e-02 -1.326943930000000103e-03 4.405325060000000320e-02
2.518383080000000120e+02 6.801120319999999497e-02 5.339973169999999566e-04 5.787102940000000278e-02 1.792537789999999959e-03 1.111986199999999946e-02 -1.080848889999999965e-02
2.545274949999999876e+02 6.579023800000000088e-02 3.932560600000000080e-03 5.446765290000000342e-02 -1.721510659999999845e-02 4.348117119999999822e-03 1.644183629999999841e-02
2.572226830000000177e+02 6.423726259999999744e-02 6.788450659999999658e-03 5.728973390000000054e-02 9.520774990000000241e-04 1.935143530000000070e-02 3.954807519999999771e-02
2.599169019999999932e+02 7.176562890000000305e-02 -4.839132099999999929e-03 5.030478640000000251e-02 1.060326349999999966e-02 2.119356500000000101e-02 6.415475760000000083e-02
2.626136050000000068e+02 7.674465290000000162e-02 -9.869659309999999873e-04 3.337113669999999810e-02 -1.610433730000000035e-02 1.485927079999999935e-02 -3.210700729999999936e-04
2.653074639999999818e+02 8.204599099999999867e-02 -4.008116639999999981e-03 1.062249359999999955e-02 -6.206819389999999881e-02 -1.766397520000000110e-02 -2.134801750000000012e-02
2.679988480000000095e+02 8.192721320000000140e-02 5.241627079999999902e-04 -4.418417499999999741e-03 -8.666751630000000184e-04 -3.152151820000000104e-02 -1.968971959999999896e-02
