# a=0.06540814808853547, b=-134.19408695513667, c=0.0005554252611327579, xi=7.797109172499245
6.437244159999999660e-01 6.949362829999999880e-02 -9.790742629999999933e-03 -3.344308109999999824e-03 -1.548471790000000015e-02 -1.786797539999999962e-02 2.202337099999999992e-02
3.343295710000000032e+00 6.969874299999999356e-02 -1.083092580000000020e-02 -1.197772790000000039e-02 2.368152780000000023e-03 -2.503485299999999927e-02 2.808565680000000078e-02
6.048952110000000104e+00 7.054069329999999860e-02 -1.137000309999999965e-02 -2.059820580000000165e-02 8.941137190000000151e-03 -2.820673900000000150e-02 4.181127419999999817e-02
8.747339919999999935e+00 6.914809239999999968e-02 -1.399283590000000022e-02 -3.420081920000000303e-02 -6.250972490000000249e-03 4.477496440000000057e-03 3.012165060000000089e-02
1.145146259999999927e+01 6.704857129999999832e-02 -3.954530680000000256e-03 -5.703386480000000036e-02 -1.964435950000000160e-03 -1.340684789999999939e-02 1.285724480000000058e-02
1.415086570000000066e+01 6.237269899999999673e-02 -8.412738149999999734e-03 -6.682045009999999785e-02 -2.266591410000000015e-02 -2.587273350000000166e-02 -3.859215480000000031e-02
1.684659230000000107e+01 6.183443009999999712e-02 -6.477731289999999519e-04 -6.431903899999999452e-02 -2.093094179999999832e-02 -2.106800879999999945e-02 -1.159658650000000048e-02
1.955218289999999826e+01 5.116429179999999743e-02 -3.742357050000000209e-03 -5.687440020000000124e-02 -3.631619030000000220e-02 2.215598029999999927e-02 5.870233590000000119e-03
2.225128910000000104e+01 5.811819540000000284e-02 -1.049511529999999984e-03 -6.123890950000000083e-02 -2.580767679999999842e-02 -3.816441140000000152e-03 -8.564635370000000386e-04
2.495240950000000169e+01 6.706984709999999628e-02 -1.042115919999999935e-03 -6.695722319999999894e-02 -2.228049899999999875e-02 -6.444141539999999335e-02 3.101174199999999839e-02
2.765178759999999869e+01 6.997245500000000284e-02 -5.061024590000000149e-03 -6.802287049999999891e-02 -2.085016900000000173e-02 -6.584107409999999730e-03 3.836441859999999843e-02
3.034573290000000156e+01 6.267603800000000336e-02 -8.294662660000000354e-03 -7.141733070000000350e-02 -3.316743059999999882e-02 -1.715765539999999922e-02 5.785467440000000017e-02
3.303821409999999759e+01 5.771867879999999923e-02 -4.716505529999999793e-03 -7.224962000000000051e-02 -2.811364179999999852e-02 -3.057653550000000164e-02 3.881496970000000019e-02
3.575002039999999681e+01 5.540847899999999659e-02 9.271365210000000407e-04 -6.713533650000000352e-02 -1.769850120000000110e-02 -4.748736619999999881e-02 4.678649410000000099e-03
3.844956570000000085e+01 5.728890440000000001e-02 8.219256870000000081e-04 -7.112799320000000314e-02 -1.918719630000000065e-02 6.361841279999999772e-03 1.379629909999999932e-02
4.115700009999999764e+01 6.062917019999999879e-02 3.822803510000000182e-03 -6.464749699999999821e-02 -8.124288950000000233e-04 -1.370481200000000024e-02 3.483243729999999788e-02
4.385899700000000223e+01 6.170087140000000275e-02 1.601339499999999971e-03 -5.785219159999999833e-02 -5.561087919999999768e-02 2.423634449999999968e-02 2.961287209999999975e-02
4.656116569999999655e+01 6.506330570000000424e-02 -8.503233469999999655e-04 -6.055272309999999714e-02 -3.607326339999999965e-02 2.373570989999999881e-02 5.180563259999999837e-02
4.926234699999999833e+01 6.512988999999999584e-02 5.235294040000000419e-03 -6.444710720000000614e-02 -1.947080080000000019e-03 -1.978927180000000091e-02 2.893614339999999938e-02
5.196727349999999745e+01 6.788129079999999371e-02 1.353775779999999960e-04 -6.786772550000000348e-02 -8.055424170000000453e-03 2.887731810000000038e-02 2.150205200000000153e-03
5.466767980000000193e+01 6.445665790000000561e-02 3.870727679999999907e-03 -7.079658739999999950e-02 -2.771219100000000147e-03 2.654508490000000165e-02 3.579098690000000194e-02
5.736898289999999889e+01 6.444977540000000615e-02 -3.518099179999999832e-04 -6.694639039999999985e-02 -3.925124499999999711e-02 3.334005329999999850e-02 4.416323049999999750e-02
6.006952350000000251e+01 5.981453750000000069e-02 1.881932129999999920e-03 -7.320150229999999869e-02 -3.225189299999999676e-02 5.096293519999999660e-02 4.616037939999999978e-02
6.276824380000000048e+01 5.580890620000000107e-02 -1.061312370000000059e-03 -7.631728879999999382e-02 -6.832619989999999532e-02 5.031004990000000066e-02 9.622485630000000151e-03
6.546956260000000327e+01 5.757989930000000089e-02 -1.047588749999999944e-03 -7.880331649999999799e-02 -3.561536099999999816e-02 9.450048869999999731e-04 1.249129419999999921e-02
6.816489540000000602e+01 6.088054639999999906e-02 -8.110489179999999954e-04 -7.332649659999999903e-02 5.179614019999999840e-03 -2.343020059999999932e-02 4.381495340000000210e-02
7.085870319999999367e+01 6.179950220000000188e-02 4.138317150000000132e-03 -6.733187150000000121e-02 2.716518639999999842e-03 -1.904154409999999839e-02 2.095563329999999835e-02
7.355713129999999467e+01 5.969542530000000041e-02 1.572657579999999942e-03 -6.625798850000000351e-02 1.457151180000000081e-02 -1.767359669999999869e-02 -5.575089190000000194e-03
7.626234540000000095e+01 6.008281919999999832e-02 4.581576159999999759e-03 -5.791888869999999717e-02 1.736145109999999913e-03 1.222128280000000025e-02 3.313342970000000137e-02
7.897058130000000631e+01 6.486760860000000128e-02 3.534380369999999983e-03 -5.501463999999999660e-02 -2.881858350000000152e-02 2.755343819999999874e-02 7.197687369999999918e-02
8.167132660000000044e+01 7.339867510000000483e-02 3.699540480000000110e-03 -5.790366169999999757e-02 -1.099313740000000018e-02 1.751723809999999881e-02 6.994912100000000299e-02
8.437835010000000580e+01 7.716661889999999746e-02 4.597446189999999933e-03 -5.468309849999999916e-02 -3.095492960000000016e-02 3.523684999999999925e-03 3.628692380000000245e-02
8.707238449999999830e+01 7.121014450000000273e-02 2.046238960000000204e-03 -6.405279510000000398e-02 -3.714366699999999827e-02 -3.526822599999999974e-02 -1.390676329999999961e-02
8.977609230000000196e+01 6.660306139999999653e-02 4.198044629999999819e-03 -6.296892349999999583e-02 -3.894548679999999818e-02 -2.198769349999999886e-02 -2.272477330000000073e-02
9.247944379999999853e+01 6.508069619999999611e-02 -2.753667379999999790e-03 -6.598136420000000335e-02 -2.340182050000000000e-02 3.845579479999999828e-03 -2.617378100000000013e-02
9.517855009999999538e+01 6.869656459999999576e-02 1.912824189999999926e-03 -6.677349999999999952e-02 4.160056249999999952e-04 -4.611520620000000154e-03 -1.050541770000000021e-02
9.787898130000000663e+01 5.909082699999999855e-02 -8.560740860000000743e-03 -7.482177530000000409e-02 1.450953209999999993e-02 -2.473003169999999848e-02 -6.002496000000000394e-03
1.005835699999999946e+02 5.083735479999999807e-02 -6.625499550000000376e-03 -7.767568689999999887e-02 3.167164359999999953e-03 -1.752656240000000087e-02 6.862763210000000051e-03
1.032874609999999933e+02 4.151862540000000185e-02 -9.876945800000000095e-03 -7.629950879999999880e-02 1.401122569999999935e-02 1.359005299999999951e-02 3.512470279999999750e-02
1.059868989999999940e+02 4.482445749999999784e-02 -7.173155560000000000e-03 -6.547162130000000468e-02 5.230755779999999612e-03 -5.038325340000000124e-03 2.674427080000000082e-02
1.086914919999999967e+02 5.446541550000000287e-02 -7.619173289999999626e-03 -6.543750080000000635e-02 -7.314707160000000381e-03 -5.271873160000000065e-03 5.218951569999999776e-03
1.113938359999999932e+02 6.314465360000000305e-02 -6.369239740000000143e-03 -6.913490029999999620e-02 -1.203426919999999942e-02 3.677380470000000262e-02 5.073458159999999668e-03
1.140863990000000001e+02 6.748893470000000283e-02 5.304442599999999695e-04 -6.189444790000000335e-02 -1.114286830000000075e-02 6.403233029999999548e-02 -5.995613930000000084e-03
1.167769299999999930e+02 7.346738120000000094e-02 -1.104187150000000015e-03 -5.623454790000000092e-02 1.441246239999999929e-02 3.722843890000000072e-02 -2.643532170000000014e-02
1.194732889999999941e+02 8.089005940000000561e-02 -1.459996799999999919e-03 -5.270345700000000216e-02 4.627215789999999940e-03 -7.432189599999999841e-03 -9.036364369999999244e-03
1.221679299999999984e+02 8.359829970000000332e-02 4.060634339999999974e-03 -5.698558919999999889e-02 -4.030616249999999755e-03 -5.144972490000000037e-03 2.994881970000000046e-02
1.248620549999999980e+02 7.782789210000000402e-02 -9.387611159999999493e-04 -5.648189270000000123e-02 1.970510929999999886e-04 -7.745223980000000286e-03 4.655572079999999863e-02
1.275572889999999973e+02 7.520708260000000256e-02 1.544259689999999928e-03 -4.063346780000000324e-02 2.374006440000000009e-02 -5.350357310000000005e-02 3.655058170000000106e-02
1.302486169999999959e+02 8.714352879999999468e-02 -2.072626719999999881e-03 -3.028959900000000038e-02 5.414804510000000015e-02 -8.373182869999999667e-02 5.232428139999999867e-02
1.329469300000000089e+02 9.244987259999999651e-02 -1.844035180000000093e-03 -1.215496169999999952e-02 2.312894360000000010e-02 -4.160654970000000202e-02 4.355691580000000361e-03
1.356418360000000121e+02 9.010503970000000029e-02 -1.954547039999999895e-03 9.211615509999999951e-03 -5.987680300000000101e-03 -3.932888479999999826e-02 -4.845327829999999947e-02
1.383430859999999996e+02 7.936925770000000102e-02 -1.622738280000000054e-03 3.306590770000000096e-02 -2.789444630000000036e-02 -1.742002340000000163e-02 -4.064645060000000171e-02
1.410502889999999923e+02 7.365323710000000468e-02 -2.441819679999999906e-03 4.894085930000000029e-02 -3.715445850000000105e-02 1.575708710000000082e-02 -2.713656970000000168e-02
1.437568990000000042e+02 6.600359379999999609e-02 -6.898695419999999884e-03 5.654206819999999661e-02 -5.061005050000000338e-02 3.414831360000000066e-02 2.676272249999999894e-02
1.464563049999999862e+02 6.733214229999999467e-02 -7.685979310000000397e-03 6.574941119999999639e-02 -7.943487100000000412e-02 -3.379454100000000194e-04 3.472668450000000046e-02
1.491640240000000119e+02 6.566532749999999530e-02 -7.678219949999999690e-03 6.386569890000000360e-02 -4.256867610000000107e-02 -1.572222590000000100e-02 1.453414459999999991e-02
1.518555389999999932e+02 6.407806369999999307e-02 -1.291501239999999929e-03 6.521728279999999822e-02 -7.499596730000000419e-03 -3.300438719999999881e-02 -3.035959629999999965e-02
1.545482580000000041e+02 5.781090550000000244e-02 5.256585499999999987e-03 6.979222899999999730e-02 5.438067769999999947e-03 -1.531910029999999923e-02 -8.893927089999999896e-03
1.572542890000000000e+02 6.437072439999999562e-02 -4.110774799999999604e-03 7.281827220000000600e-02 -1.718219839999999892e-03 9.345157099999999370e-03 2.090101730000000144e-02
1.599466490000000078e+02 6.700649849999999741e-02 1.632103110000000085e-04 7.482331379999999921e-02 3.884022320000000278e-02 5.319371400000000305e-02 -4.385719369999999985e-03
1.626497740000000078e+02 6.643133260000000373e-02 5.800893960000000257e-05 6.419091520000000384e-02 4.159995379999999882e-02 3.343217259999999719e-02 -4.732440839999999677e-02
1.653504770000000121e+02 6.800101660000000547e-02 4.199297910000000106e-03 6.263036360000000247e-02 1.045008629999999959e-02 -2.588461179999999862e-02 -6.261643229999999671e-02
1.680493669999999895e+02 6.863972479999999599e-02 4.771261229999999680e-03 5.460363659999999814e-02 9.459355290000000596e-03 -5.976923800000000231e-02 -4.021874699999999914e-02
1.707474300000000085e+02 6.793608110000000366e-02 2.267307200000000158e-03 5.990870350000000039e-02 1.593434380000000039e-02 -7.545158009999999860e-02 -7.352208550000000238e-05
1.734461019999999962e+02 6.366764639999999975e-02 5.667956879999999989e-03 6.385815020000000508e-02 3.192627230000000260e-02 -2.639457469999999945e-02 1.609406329999999927e-02
1.761504610000000071e+02 6.405234240000000356e-02 4.971666209999999614e-03 5.891684690000000002e-02 5.293100969999999655e-02 9.597092249999999644e-03 4.686154800000000287e-02
1.788625859999999932e+02 7.055476839999999528e-02 8.897331450000000447e-03 6.611955669999999841e-02 8.121554149999999847e-03 -1.284917139999999965e-02 9.523910089999999828e-02
1.815743359999999882e+02 7.253291089999999719e-02 7.499838590000000235e-03 6.555254380000000158e-02 -3.748776060000000299e-02 -4.292932790000000137e-02 6.891383800000000504e-02
1.842772740000000056e+02 7.033172000000000035e-02 5.675876839999999951e-03 6.852824600000000099e-02 -1.839907500000000085e-02 -2.828518990000000038e-02 -1.476603699999999922e-02
1.869774920000000122e+02 6.557776599999999567e-02 1.636068610000000019e-03 6.096542719999999832e-02 6.209383589999999987e-03 -8.318407070000000472e-03 -3.124478860000000011e-02
1.896743669999999895e+02 6.019275209999999654e-02 4.382142460000000225e-03 5.803860300000000111e-02 4.529388119999999684e-02 -3.157263119999999951e-02 -4.019330690000000317e-02
1.923754769999999894e+02 5.675309030000000310e-02 4.677005849999999777e-03 5.761980559999999724e-02 5.173382960000000308e-02 6.279648409999999750e-03 -1.089884309999999967e-01
1.950636169999999936e+02 6.240364310000000303e-02 3.342101899999999973e-03 6.668833239999999440e-02 1.882726410000000114e-02 5.460826559999999719e-02 -1.077340219999999987e-01
1.977642270000000053e+02 6.194088279999999946e-02 7.033398819999999926e-03 7.111137030000000414e-02 -1.926769600000000082e-02 6.981443390000000027e-02 -2.797985689999999900e-02
2.004587109999999939e+02 6.473275320000000665e-02 6.552610419999999568e-03 6.928588730000000140e-02 -3.731906509999999809e-03 2.525363720000000159e-02 -2.343791829999999909e-02
2.031548200000000008e+02 6.538961029999999786e-02 7.995941030000000213e-03 6.810178940000000125e-02 2.512689159999999949e-02 2.181754870000000152e-02 -1.910106209999999985e-02
2.058589609999999936e+02 6.752013880000000412e-02 5.972104659999999746e-03 6.793696759999999502e-02 2.512417730000000154e-02 1.935665049999999929e-02 1.296079839999999921e-02
2.085598669999999970e+02 7.045748309999999570e-02 5.007551750000000315e-03 6.516899010000000436e-02 3.558909500000000115e-02 -7.728145129999999981e-03 3.311036080000000215e-02
2.112631800000000055e+02 7.115197530000000326e-02 2.205784479999999947e-03 6.454217299999999435e-02 -3.028249020000000138e-02 -2.153809480000000096e-02 3.909873860000000201e-02
2.139569299999999998e+02 7.088296260000000182e-02 7.972508700000000351e-03 7.304452220000000329e-02 -9.537367689999999565e-03 -5.713289800000000140e-03 5.789411769999999735e-02
2.166537580000000105e+02 7.230818449999999731e-02 4.935763249999999998e-03 6.643828020000000500e-02 -1.410970580000000044e-02 -5.328998950000000262e-03 4.032610059999999774e-02
2.193457579999999894e+02 6.723828480000000607e-02 3.726336399999999934e-03 6.761906430000000356e-02 3.268142830000000248e-02 3.837418549999999789e-02 -3.122818910000000128e-02
2.220426490000000115e+02 5.929267900000000091e-02 5.271180359999999739e-03 6.400796390000000613e-02 1.845253120000000038e-02 7.779753500000000099e-02 -1.916942179999999926e-02
2.247413520000000062e+02 5.994982260000000091e-02 3.702183989999999897e-04 6.907902409999999715e-02 -2.141452019999999859e-02 5.273834649999999818e-02 -3.315355369999999774e-02
2.274257269999999949e+02 5.955974559999999834e-02 -3.078187960000000091e-03 6.701033829999999969e-02 1.152234889999999984e-02 1.244411800000000054e-02 -8.351840969999999725e-03
2.301300239999999917e+02 6.044951409999999720e-02 2.851731599999999915e-03 7.048048860000000193e-02 -2.763680049999999930e-02 -2.360571510000000067e-02 -2.564733449999999967e-03
2.328361950000000036e+02 6.425648009999999910e-02 -5.561068680000000059e-04 6.379814859999999310e-02 -2.268023519999999918e-02 1.798218370000000121e-02 -4.321778090000000239e-02
2.355367579999999919e+02 5.828997119999999865e-02 7.567173980000000376e-03 5.834191069999999923e-02 7.827894650000000176e-03 1.211025800000000048e-02 -6.888520939999999426e-02
2.382454140000000109e+02 7.095961770000000501e-02 5.863377260000000066e-05 6.280871389999999332e-02 -5.393972710000000115e-02 -1.769779960000000037e-03 -3.172915679999999822e-02
2.409464450000000113e+02 6.940253749999999999e-02 2.807748310000000164e-03 7.710857849999999680e-02 -5.627660510000000171e-02 1.376500290000000001e-02 -2.088704950000000102e-02
2.436530079999999998e+02 7.122837799999999497e-02 -2.685912859999999968e-03 7.821358609999999600e-02 -6.161804929999999819e-02 1.026726059999999961e-02 -5.675700980000000090e-03
2.463478049999999939e+02 6.173321820000000210e-02 -6.781564339999999851e-03 7.311857600000000457e-02 1.652633639999999968e-03 -3.396777360000000079e-02 2.745707929999999936e-02
2.490534450000000106e+02 5.908136149999999864e-02 -8.280032959999999304e-03 7.290287800000000429e-02 3.128162550000000014e-02 -7.744221029999999797e-03 -6.565537360000000058e-03
2.517479299999999967e+02 5.581362709999999894e-02 -9.991770349999999981e-03 7.288159930000000231e-02 3.889633900000000200e-02 -1.883551040000000162e-02 -1.194046709999999935e-02
2.544514609999999948e+02 6.467100400000000415e-02 -1.249905339999999969e-02 6.707745230000000669e-02 -2.327001429999999999e-03 3.591350690000000290e-02 3.041999310000000067e-02
2.571407889999999838e+02 6.507139559999999823e-02 -1.045957649999999968e-02 5.718797130000000117e-02 -2.971635879999999855e-02 8.983183069999999340e-03 3.654581030000000202e-02
2.598394920000000070e+02 7.055837119999999740e-02 -1.497675359999999997e-02 5.126356709999999733e-02 -4.063321990000000328e-02 -4.260382499999999795e-02 2.558587030000000068e-02
2.625241490000000226e+02 6.768678949999999694e-02 -1.590921650000000007e-02 4.557741659999999667e-02 -2.029580870000000092e-02 -6.146055249999999963e-03 -1.830810440000000053e-02
2.652152740000000222e+02 6.300984210000000474e-02 -1.215786299999999966e-02 3.087732899999999850e-02 -3.590189120000000095e-02 2.504186629999999997e-02 2.716737249999999840e-02
2.679094170000000190e+02 6.568587219999999505e-02 -1.055862400000000083e-02 1.576367700000000024e-02 -5.140945140000000024e-02 7.750826199999999791e-03 6.035033020000000331e-02
