# a=0.06115408931335103, b=-157.7115279954845, c=0.00702501819382974, xi=10.480629981349093
6.662456700000000120e-01 8.411484909999999982e-02 1.021401209999999934e-03 4.629735019999999673e-02 -1.977470879999999875e-02 3.344101999999999839e-03 4.205005230000000149e-02
3.356773909999999805e+00 7.567013120000000426e-02 1.513269920000000039e-03 2.953422340000000021e-02 -2.876249880000000120e-02 5.189750489999999696e-03 5.458530899999999852e-02
6.050147029999999759e+00 7.505639599999999745e-02 2.861965059999999929e-03 1.663216790000000139e-02 5.176115960000000210e-02 -1.013223299999999917e-02 6.627579179999999737e-02
8.755982500000000002e+00 7.336863590000000657e-02 -2.709643660000000042e-04 -5.182074909999999889e-03 -3.970200239999999853e-02 2.772683499999999829e-02 7.257672980000000329e-02
1.145608409999999999e+01 8.253034939999999431e-02 3.449975999999999998e-03 -1.895183560000000128e-02 6.499747979999999370e-02 -8.968666269999999927e-03 6.070018800000000214e-02
1.415675129999999982e+01 7.455831620000000215e-02 7.329465809999999651e-03 -3.889868529999999935e-02 9.789529249999999808e-03 1.902221119999999988e-02 1.656046879999999860e-02
1.687278560000000027e+01 7.539174949999999376e-02 1.237310190000000081e-02 -5.070475530000000119e-02 9.502216629999999178e-03 -5.371747339999999576e-04 -1.582016229999999926e-02
1.957339190000000073e+01 6.485401089999999480e-02 1.807815219999999931e-02 -6.052278059999999932e-02 4.782369010000000250e-04 -1.960530640000000130e-02 -2.041407710000000056e-02
2.227298869999999908e+01 5.503872199999999826e-02 1.841156260000000044e-02 -5.672323850000000195e-02 4.059671060000000220e-02 -1.731800870000000173e-02 -8.376929159999999333e-03
2.497037939999999878e+01 5.410030989999999734e-02 1.824503779999999895e-02 -5.208356599999999781e-02 1.065442989999999986e-02 -1.584188010000000049e-02 1.540664440000000072e-02
2.767244970000000137e+01 5.403995989999999666e-02 1.656811269999999836e-02 -6.011493949999999892e-02 4.726216020000000018e-03 -2.926247499999999960e-02 1.577725550000000018e-02
3.038043250000000128e+01 5.597576120000000155e-02 1.061584089999999952e-02 -6.316689690000000523e-02 -2.070641490000000098e-02 -1.820000039999999930e-02 5.460248649999999843e-02
3.307690120000000178e+01 5.880959260000000188e-02 1.702112420000000126e-02 -5.901846260000000177e-02 1.783287139999999854e-02 -1.150883519999999988e-03 6.096423289999999828e-02
3.577841219999999822e+01 5.184875700000000226e-02 8.404822109999999721e-03 -6.208783589999999908e-02 -2.251055819999999916e-02 -1.510320490000000015e-02 -6.853547580000000049e-03
3.848525120000000044e+01 5.531871409999999933e-02 3.908896440000000222e-03 -6.252076350000000671e-02 8.474498190000000555e-03 -7.763264580000000040e-03 -1.274054479999999975e-02
4.118063560000000223e+01 5.420923970000000175e-02 -2.192738999999999973e-03 -6.209961280000000222e-02 1.192582879999999970e-02 -3.840334930000000035e-02 -1.021825799999999916e-02
4.388832940000000349e+01 5.536289090000000301e-02 -1.219148300000000079e-03 -5.342772949999999993e-02 1.323352830000000069e-04 -3.475943459999999985e-02 -1.867183609999999855e-02
4.657960440000000091e+01 5.367215229999999782e-02 -1.259014620000000048e-03 -6.236452089999999782e-02 -1.254579880000000064e-02 2.779052749999999863e-02 3.375670390000000062e-03
4.928430120000000159e+01 5.962243340000000086e-02 -2.777028469999999818e-03 -6.617521369999999903e-02 1.845562670000000169e-02 -1.742796279999999851e-02 -2.730921710000000155e-02
5.198720440000000309e+01 6.043397959999999985e-02 -5.357788179999999761e-03 -6.009601059999999939e-02 -3.262823320000000221e-02 5.201648070000000276e-03 -1.401003850000000044e-02
5.468791379999999691e+01 6.171137050000000124e-02 -6.216031539999999911e-03 -6.286463690000000659e-02 -3.371520859999999759e-02 -3.097144630000000023e-02 -3.275994289999999988e-04
5.737928560000000289e+01 6.199159850000000166e-02 1.641935379999999965e-03 -5.949912949999999756e-02 3.547268130000000297e-02 -3.001021229999999845e-02 1.514953380000000002e-02
6.008588089999999937e+01 6.646161200000000324e-02 -3.718716610000000113e-03 -5.966252369999999750e-02 -3.240896679999999939e-03 -1.973564250000000089e-02 -1.285807140000000057e-02
6.278405130000000156e+01 6.154345259999999956e-02 -4.290922259999999794e-03 -5.961985460000000098e-02 3.022163829999999912e-02 -3.821233710000000033e-02 -6.156542460000000161e-02
6.549426219999999432e+01 5.278949740000000307e-02 -5.177396390000000084e-03 -6.947283149999999852e-02 -4.987092500000000345e-02 1.959562720000000008e-02 -6.375086829999999927e-02
6.820141219999999294e+01 5.062766469999999824e-02 -5.332156789999999667e-03 -6.249073289999999836e-02 -2.204721440000000088e-02 4.843573939999999689e-02 -3.672873150000000031e-02
7.089641059999999584e+01 5.027527810000000097e-02 -6.127446639999999979e-03 -6.364096789999999781e-02 -2.170468710000000162e-02 1.770793960000000000e-02 1.901479329999999955e-03
7.360737000000000307e+01 4.786888400000000043e-02 -6.364009240000000241e-03 -6.169953539999999820e-02 -4.061490289999999947e-02 1.305800990000000050e-02 5.092063670000000070e-02
7.630655280000000573e+01 4.933864689999999803e-02 -4.802116450000000307e-03 -5.275158359999999880e-02 -2.041260120000000164e-02 -2.279774760000000122e-02 2.071385090000000054e-02
7.901819810000000643e+01 4.115612479999999906e-02 -3.954560190000000301e-03 -5.751957259999999905e-02 1.538612009999999926e-02 3.173180629999999836e-02 -2.919280539999999802e-03
8.172328880000000595e+01 3.419645920000000117e-02 -1.147832619999999970e-02 -6.267858610000000275e-02 5.271688590000000313e-02 -3.055429390000000134e-02 -8.653034500000000157e-03
8.442867160000000126e+01 4.101855420000000141e-02 -1.580667549999999894e-02 -6.136912320000000032e-02 2.977306089999999864e-02 -1.592714500000000019e-02 -9.408412119999999199e-03
8.712111219999999889e+01 4.339511449999999826e-02 -1.942259149999999920e-02 -5.978531360000000072e-02 5.867370260000000226e-02 -3.746371469999999759e-02 1.486738060000000056e-02
8.981808250000000271e+01 5.958496259999999933e-02 -2.057728669999999913e-02 -5.546876259999999892e-02 5.184769670000000108e-02 -1.289025560000000084e-02 -7.441533630000000260e-03
9.251232310000000325e+01 5.983272879999999849e-02 -1.276847600000000083e-02 -5.430272989999999911e-02 2.591314670000000042e-02 3.638597749999999964e-02 8.925122429999999760e-03
9.521708409999999390e+01 6.389851959999999498e-02 -1.821348760000000150e-02 -4.318077490000000324e-02 -1.636889269999999841e-02 8.960657409999999573e-03 4.495465710000000337e-03
9.790756220000000098e+01 6.141646109999999992e-02 -1.858524569999999917e-02 -4.732679900000000273e-02 -9.294317419999999913e-03 -3.180790110000000087e-02 1.350193360000000002e-02
1.005915779999999984e+02 5.652522310000000078e-02 -1.644090289999999843e-02 -4.748516970000000309e-02 3.704518140000000181e-02 -2.137448460000000022e-02 -2.933365209999999959e-02
1.032859679999999969e+02 5.538206180000000006e-02 -1.686008719999999850e-02 -5.461374349999999905e-02 4.678798289999999693e-02 1.990272229999999910e-03 -2.271923459999999808e-03
1.059932500000000033e+02 4.890956369999999859e-02 -1.218229720000000085e-02 -5.984609419999999819e-02 -7.435110219999999971e-03 -6.453624120000000207e-03 -1.735265479999999888e-02
1.086839679999999930e+02 5.523477549999999958e-02 -1.193746600000000074e-02 -6.827838899999999489e-02 6.996221780000000390e-02 1.942561240000000022e-02 2.438937119999999917e-02
1.113990780000000029e+02 6.038825040000000283e-02 -2.670164640000000089e-03 -5.705191040000000269e-02 5.463138349999999838e-02 1.905149310000000054e-02 2.889444260000000042e-02
1.140921249999999958e+02 6.397295790000000204e-02 -8.701615960000000502e-04 -4.664723390000000136e-02 5.851331869999999713e-02 1.596539770000000164e-02 -1.009164270000000030e-02
1.167973899999999929e+02 5.766365119999999900e-02 -9.374056449999999471e-03 -4.624876180000000309e-02 1.069929600000000050e-02 3.823887089999999933e-02 2.202313599999999871e-02
1.194944370000000049e+02 6.183815270000000280e-02 -5.718380010000000298e-03 -4.506786709999999890e-02 3.292944240000000161e-02 -6.272143649999999994e-03 4.318104400000000176e-02
1.221968119999999942e+02 7.155760210000000621e-02 -3.470726999999999840e-03 -5.027701040000000232e-02 1.284893410000000069e-02 -2.190096689999999902e-02 4.592710640000000066e-02
1.249040930000000031e+02 7.624578930000000532e-02 2.344898980000000195e-03 -4.541806980000000216e-02 5.725792529999999825e-02 -2.200732010000000169e-02 5.620945349999999924e-03
1.276102970000000028e+02 7.456348429999999639e-02 -5.895604460000000366e-03 -4.456580300000000106e-02 -1.758250999999999911e-02 -5.426897150000000239e-03 -2.431120470000000013e-03
1.303074530000000095e+02 7.388039529999999855e-02 -2.578027719999999821e-03 -4.367118200000000283e-02 2.486787780000000031e-02 1.136422360000000076e-02 -4.740876680000000176e-02
1.330121870000000115e+02 7.305421870000000650e-02 -6.305107770000000292e-03 -5.455975240000000143e-02 2.583444810000000078e-02 3.038982479999999785e-03 -1.269458059999999978e-02
1.357123589999999922e+02 6.915255909999999673e-02 -6.490060119999999924e-04 -5.503632270000000104e-02 6.156132200000000165e-02 -2.982196700000000131e-02 -2.236503819999999948e-02
1.384246249999999918e+02 6.564153859999999341e-02 -4.762615359999999853e-03 -5.258442420000000034e-02 3.371365379999999995e-02 5.280756709999999930e-03 9.367954209999999763e-04
1.411261399999999924e+02 6.831074850000000420e-02 -8.604159919999999906e-03 -5.237899790000000166e-02 -2.072972990000000043e-02 4.995783959999999801e-03 5.483995769999999714e-02
1.438305929999999933e+02 6.261475930000000301e-02 -4.063672370000000200e-03 -4.331669090000000305e-02 3.217239849999999849e-03 2.300335889999999966e-02 1.267498859999999922e-02
1.465259059999999920e+02 7.363074009999999447e-02 -9.933405140000000494e-03 -3.953668850000000012e-02 -4.588657780000000158e-02 -3.845354919999999840e-03 -3.546020169999999916e-02
1.492229680000000087e+02 6.994053349999999891e-02 -8.639443460000000019e-03 -3.567904029999999921e-02 -2.849147429999999981e-02 -2.380183950000000145e-02 -4.120965100000000339e-03
1.519213279999999884e+02 7.313322999999999352e-02 -6.062216020000000399e-03 -1.981037089999999889e-02 -3.361345150000000226e-02 1.404987409999999999e-02 -2.924363190000000071e-02
1.546288590000000056e+02 8.056103019999999448e-02 -1.768286690000000008e-02 -1.214830320000000012e-02 3.462448219999999903e-03 1.174532690000000025e-02 -5.409857939999999921e-02
1.573215620000000001e+02 7.910829119999999992e-02 -1.242483490000000079e-02 -1.710610609999999943e-03 -2.089191940000000025e-02 2.772793960000000113e-02 -2.439120889999999917e-02
1.600122179999999901e+02 7.999707899999999872e-02 -9.225528740000000713e-03 1.805040089999999930e-02 -1.970669610000000058e-02 2.239882710000000096e-02 2.975094819999999935e-03
1.627026250000000118e+02 7.270288210000000473e-02 -4.573497810000000385e-03 4.078122630000000082e-02 -3.183221719999999866e-02 1.048251549999999928e-02 4.142647480000000160e-02
1.653999530000000107e+02 6.884679069999999346e-02 -3.627200039999999969e-03 4.847729309999999903e-02 -2.539965279999999853e-02 -2.339948970000000142e-02 -1.276822269999999988e-02
1.681035149999999874e+02 6.152177319999999755e-02 -8.897103820000000149e-03 6.042105500000000129e-02 -2.071686159999999895e-03 -1.211554249999999971e-03 -5.118241580000000221e-03
1.707984370000000069e+02 5.320615000000000067e-02 -9.475600969999999415e-03 5.784676689999999899e-02 -2.387361420000000053e-02 3.480863560000000204e-03 -3.563162059999999687e-02
1.735037499999999966e+02 5.732356029999999963e-02 -4.085477239999999594e-03 5.452494430000000281e-02 7.097242370000000390e-03 3.562486170000000313e-02 3.566886500000000185e-03
1.761963430000000130e+02 6.341628189999999610e-02 5.463415650000000116e-04 5.489798149999999821e-02 -1.928668130000000050e-02 -1.081473229999999931e-02 1.998378420000000016e-02
1.789038899999999899e+02 6.886451909999999343e-02 -2.334494590000000137e-03 6.523002629999999358e-02 2.669895900000000127e-02 -3.083165980000000111e-02 1.035004169999999973e-02
1.815918749999999875e+02 6.614710540000000305e-02 -1.062637310000000019e-03 6.795952360000000192e-02 7.471549269999999861e-03 -2.076965260000000063e-02 6.160156089999999779e-02
1.842911560000000009e+02 5.793866129999999948e-02 4.293128609999999736e-04 6.193908909999999712e-02 1.876210030000000084e-02 1.924946509999999993e-03 2.888985040000000004e-02
1.869978900000000124e+02 4.949511930000000115e-02 -1.220074449999999922e-02 6.177021240000000329e-02 3.608170890000000214e-02 -3.909874089999999802e-02 5.616851579999999899e-02
1.896887810000000059e+02 4.995423789999999670e-02 -1.342060110000000035e-02 6.667753419999999931e-02 -4.923470320000000288e-05 -8.785959059999999847e-04 4.677020760000000221e-02
1.923932810000000018e+02 4.354416590000000087e-02 -6.212647279999999710e-03 6.899062949999999750e-02 -1.809095739999999966e-02 -2.468389509999999870e-02 1.015084039999999965e-01
1.950993750000000091e+02 5.198556189999999771e-02 -4.417121169999999736e-03 6.263614550000000392e-02 -3.008909790000000029e-02 -1.477660370000000091e-04 1.671754500000000032e-02
1.977963120000000004e+02 4.650796780000000102e-02 1.311394709999999996e-03 6.528780950000000194e-02 -2.265840200000000110e-02 3.864373139999999814e-03 1.741957029999999934e-02
2.005010469999999998e+02 4.740469270000000068e-02 1.133488229999999979e-02 6.979196619999999962e-02 -1.782373289999999999e-02 1.797574400000000053e-03 -9.190687780000000254e-04
2.032029220000000009e+02 3.281075700000000289e-02 -1.419600960000000096e-03 7.667888489999999391e-02 -3.913533329999999838e-03 -2.192527970000000132e-03 3.104603209999999905e-02
2.058954679999999939e+02 2.055611170000000085e-02 4.422012640000000383e-03 8.090697369999999555e-02 -1.923744969999999915e-02 1.704003440000000091e-02 -1.131172280000000002e-02
2.086065000000000111e+02 2.004230079999999928e-02 -2.813796300000000021e-03 7.809239490000000061e-02 -9.450833020000000417e-03 -4.394065639999999995e-02 4.127614660000000074e-02
2.113104219999999884e+02 2.846899950000000151e-02 -1.171761490000000107e-03 7.733960569999999424e-02 -8.491553690000000487e-03 -4.308492220000000039e-02 4.158566550000000056e-02
2.140132969999999943e+02 3.822361269999999950e-02 -2.010047420000000105e-03 7.371437000000000128e-02 -1.045749560000000045e-03 -7.683601469999999829e-03 3.445614290000000024e-02
2.167092340000000092e+02 4.056450389999999989e-02 3.793152589999999966e-03 7.592020230000000314e-02 -1.969782440000000107e-02 -4.086330459999999720e-02 1.768906829999999930e-02
2.194222499999999911e+02 4.656455429999999812e-02 6.891658390000000335e-03 6.682608569999999582e-02 -1.198214359999999999e-02 1.045089209999999942e-02 2.946699919999999900e-03
2.221142810000000054e+02 6.314238360000000438e-02 7.836564099999999674e-04 6.011874440000000014e-02 -1.585357750000000038e-02 -5.417098409999999628e-03 2.463039129999999854e-02
2.248074220000000025e+02 6.570007840000000043e-02 1.448615500000000056e-04 6.007404079999999896e-02 -8.246951199999999829e-03 -1.448929340000000045e-02 4.294497640000000116e-02
2.275179679999999962e+02 6.676900430000000386e-02 1.320993799999999919e-02 5.865261229999999687e-02 1.971050790000000111e-03 4.076798809999999766e-03 2.317970459999999996e-02
2.302142340000000047e+02 5.919037270000000045e-02 1.391766829999999990e-02 5.878992830000000225e-02 1.786747949999999987e-04 -2.709953660000000153e-02 2.245123120000000125e-02
2.329184529999999995e+02 5.974690960000000189e-02 5.965430370000000121e-03 5.707725760000000037e-02 2.191713379999999864e-02 -2.541307929999999868e-02 1.069197679999999914e-02
2.356107810000000029e+02 5.455705670000000201e-02 3.368946069999999987e-03 6.594223159999999806e-02 -2.108452020000000163e-02 1.410178869999999989e-03 3.043565950000000006e-02
2.383071089999999970e+02 6.063221010000000022e-02 2.046525909999999827e-03 6.580448369999999936e-02 7.776338259999999655e-03 -3.210518280000000061e-03 1.993982509999999916e-02
2.410080000000000098e+02 5.337450369999999916e-02 4.271614360000000263e-03 6.113397809999999988e-02 -5.230914760000000135e-03 8.357702660000000672e-03 3.677008830000000339e-02
2.437181720000000098e+02 6.068014690000000239e-02 -4.121548549999999589e-03 6.626603899999999880e-02 8.726316779999999940e-03 -2.420420369999999946e-02 2.675713550000000107e-02
2.464292340000000081e+02 6.482679550000000623e-02 -3.468812260000000199e-03 6.038185590000000325e-02 -2.025128299999999840e-03 -2.770636370000000015e-02 2.865846630000000103e-02
2.491342500000000086e+02 6.718984240000000496e-02 -5.267799899999999966e-03 5.956906659999999798e-02 -1.893269720000000100e-02 1.506003470000000059e-02 2.655422890000000077e-02
2.518401399999999910e+02 6.581071049999999423e-02 2.661172370000000099e-03 6.080382229999999749e-02 1.929305640000000127e-02 -2.270222540000000136e-02 -5.064012880000000067e-04
2.545255779999999959e+02 6.345701680000000178e-02 -3.205106030000000089e-04 5.801153590000000110e-02 -7.885551310000000688e-03 -1.985600109999999946e-02 2.204328440000000167e-02
2.572266720000000078e+02 6.197680039999999696e-02 1.073173049999999983e-03 6.300966930000000132e-02 -1.559946320000000011e-02 2.097800119999999879e-02 2.008737340000000052e-02
2.599217179999999985e+02 5.847723839999999923e-02 4.768329780000000323e-03 5.742043880000000100e-02 -1.689511889999999877e-02 -2.412791170000000082e-02 4.025883549999999950e-02
2.626225309999999808e+02 6.939278420000000169e-02 -3.858454979999999864e-03 5.277625059999999785e-02 -3.023906369999999899e-02 -1.019964750000000066e-02 -1.438965340000000065e-02
2.653159370000000195e+02 7.251404309999999465e-02 -6.056446220000000257e-04 5.330249050000000072e-02 -2.736187480000000158e-02 -2.147041560000000071e-02 -3.250408989999999804e-02
2.680235860000000230e+02 6.880250659999999352e-02 -1.417768029999999903e-03 5.644602199999999848e-02 -3.874360290000000012e-02 2.533581999999999848e-02 -4.095470599999999914e-04
