# a=0.06691275496080508, b=-137.3933881660271, c=0.0013035714732979923, xi=6.869937335414889
6.539119740000000069e-01 6.931963530000000151e-02 1.678377379999999993e-03 -1.392211980000000043e-02 -1.385995630000000020e-02 8.173927209999999263e-03 7.634713460000000507e-02
3.349944890000000175e+00 7.130490609999999563e-02 -3.771869629999999828e-03 -3.009633319999999862e-02 -4.344348929999999886e-02 3.830835269999999931e-02 1.099234649999999980e-01
6.042137399999999658e+00 6.923023339999999359e-02 -4.760648569999999594e-03 -4.488751120000000067e-02 -4.435964879999999833e-02 3.387976229999999957e-03 4.522888580000000019e-02
8.740197860000000318e+00 6.477249660000000686e-02 -1.805948259999999974e-03 -5.603693619999999820e-02 -3.145757030000000121e-02 -4.327084629999999876e-02 -1.792457009999999865e-02
1.143850929999999977e+01 6.775497229999999371e-02 -8.655078780000000213e-04 -6.237189490000000225e-02 1.425727230000000019e-02 -3.131664149999999897e-02 2.478529919999999942e-02
1.412860610000000072e+01 6.232223449999999693e-02 -4.158357790000000100e-04 -5.355702650000000037e-02 8.897364700000000293e-03 -4.596661540000000074e-02 1.021328560000000010e-02
1.683089359999999957e+01 6.490826650000000586e-02 1.981287249999999847e-03 -5.723620039999999937e-02 -1.241137420000000026e-02 6.707203000000000123e-03 -1.733791650000000156e-02
1.953190929999999881e+01 6.933383719999999806e-02 4.968498879999999965e-03 -6.083642219999999684e-02 -5.872901380000000032e-02 6.880982540000000125e-04 -5.046133750000000168e-02
2.223639830000000117e+01 6.051834930000000307e-02 -7.862671699999999701e-04 -7.152239750000000118e-02 -4.238386379999999759e-02 -3.429133239999999916e-02 -1.226579440000000014e-02
2.493342489999999856e+01 6.205339869999999813e-02 8.481954420000000156e-04 -6.297123429999999800e-02 -2.430407030000000107e-02 -2.889947949999999849e-02 -4.294384889999999962e-03
2.763600930000000133e+01 6.424943739999999792e-02 -3.020142909999999799e-03 -6.618606500000000226e-02 -1.345370650000000078e-02 -4.036297719999999700e-02 5.189990040000000068e-03
3.033477800000000002e+01 6.860164550000000250e-02 -6.128798789999999851e-03 -6.257778690000000144e-02 2.141953959999999893e-02 -7.872002899999999692e-02 5.951395419999999659e-02
3.304348269999999843e+01 6.654759550000000079e-02 -1.004441619999999966e-02 -6.267872119999999547e-02 2.491202990000000034e-02 -3.255845949999999767e-02 5.214846609999999882e-02
3.574877020000000272e+01 6.289873690000000184e-02 -8.563386730000000641e-03 -6.451914499999999997e-02 -4.647475700000000000e-05 3.897256190000000092e-03 -1.963847519999999992e-04
3.844832329999999843e+01 5.943972129999999798e-02 -1.525468799999999932e-03 -5.964749059999999853e-02 -1.420048949999999990e-02 8.924059930000000432e-03 -1.102409870000000021e-02
4.115076859999999925e+01 6.573004740000000512e-02 2.476529669999999917e-04 -5.740237329999999666e-02 -2.320870670000000149e-02 -1.663088420000000123e-02 1.593733569999999933e-02
4.384606860000000239e+01 6.252612539999999330e-02 -1.880270180000000006e-03 -6.802709540000000110e-02 -4.346535080000000009e-03 3.910872089999999773e-03 4.626283140000000266e-02
4.654915929999999946e+01 6.133339639999999676e-02 -5.530460539999999640e-03 -6.565351619999999777e-02 -1.172587670000000033e-02 9.542434449999999749e-03 4.243757170000000273e-02
4.925084050000000246e+01 6.370108400000000504e-02 -2.118054830000000010e-03 -6.176249500000000059e-02 -3.900795199999999938e-03 2.588286570000000036e-02 6.273394129999999846e-02
5.195366549999999961e+01 6.390117289999999728e-02 -7.289836519999999933e-04 -6.130881090000000339e-02 -2.669700090000000012e-02 4.196750630000000044e-03 5.445707019999999898e-02
5.465572650000000010e+01 6.247281839999999781e-02 -2.863861240000000006e-03 -6.207364530000000075e-02 -9.434971949999999136e-03 3.110702140000000046e-02 1.384341170000000058e-02
5.735281239999999769e+01 5.789545360000000057e-02 -3.384673370000000191e-03 -6.506585609999999964e-02 -4.019349889999999925e-02 5.494357460000000304e-02 1.926974890000000135e-02
6.005853429999999804e+01 6.804589160000000525e-02 -9.780051130000000023e-03 -6.118655180000000249e-02 -2.522437380000000159e-02 5.932420120000000269e-02 6.568303870000000155e-03
6.276670610000000039e+01 7.384202900000000347e-02 -2.280276869999999911e-03 -6.127545460000000110e-02 -6.914210789999999940e-03 3.217664640000000159e-02 1.802153280000000010e-02
6.546194680000000687e+01 7.033236649999999313e-02 -9.570842649999999549e-03 -6.234132559999999712e-02 -1.195958970000000031e-02 3.181707859999999971e-02 2.410360320000000042e-02
6.816445769999999982e+01 6.882904580000000216e-02 -5.806911470000000394e-03 -6.846250739999999724e-02 -1.350161859999999929e-02 -6.769714960000000094e-03 2.260206660000000159e-02
7.086681079999999611e+01 6.726630359999999365e-02 -4.701421820000000092e-03 -6.485656150000000675e-02 3.301303570000000114e-03 -3.794703340000000341e-02 2.905510279999999959e-02
7.355814209999999775e+01 6.093488469999999713e-02 -4.087044930000000367e-03 -6.835615439999999376e-02 1.036234360000000063e-02 -5.609833210000000209e-02 1.321555750000000078e-02
7.626179679999999905e+01 5.484184500000000018e-02 -3.946530910000000010e-03 -6.951298359999999454e-02 -9.840420049999999696e-03 -8.426212320000000438e-04 3.586031490000000238e-02
7.897019520000000625e+01 4.964519600000000255e-02 -1.294418649999999962e-02 -6.380248609999999987e-02 -2.235521739999999855e-02 1.767657109999999990e-02 1.604178189999999962e-02
8.166904049999999415e+01 6.125488579999999877e-02 -1.454084660000000070e-02 -6.699007390000000228e-02 -1.000855349999999963e-02 4.366747970000000277e-03 1.538250749999999986e-02
8.437701239999999814e+01 5.913300340000000183e-02 -9.747939140000000044e-03 -7.185812989999999789e-02 3.904553939999999990e-04 7.243390930000000172e-02 1.033036650000000028e-02
8.709021549999999934e+01 5.619056590000000295e-02 -4.469586040000000059e-03 -7.305132000000000292e-02 5.832975429999999809e-03 1.683287690000000170e-02 7.318015889999999676e-03
8.979273739999999293e+01 5.798182560000000180e-02 -5.548359230000000485e-04 -7.547224880000000247e-02 -1.556283999999999966e-02 -5.811763000000000345e-02 -4.941815779999999929e-03
9.249753900000000328e+01 6.024275689999999961e-02 1.042157990000000100e-03 -7.563747530000000663e-02 -3.305646320000000214e-03 -4.506649370000000154e-02 -2.318301940000000103e-02
9.519961549999999306e+01 6.851797069999999990e-02 1.161831649999999893e-03 -6.528567259999999706e-02 8.432980979999999196e-03 2.358880339999999882e-04 -3.440938849999999796e-03
9.789497489999999402e+01 6.946017200000000058e-02 2.502258859999999859e-03 -5.736175470000000332e-02 1.932753209999999930e-02 -2.642344390000000206e-03 2.549845939999999950e-02
1.005933009999999967e+02 6.648081749999999734e-02 5.179932519999999596e-03 -4.972500939999999897e-02 2.248600109999999899e-03 3.220220800000000300e-02 2.697227359999999907e-02
1.032901609999999977e+02 5.801231540000000020e-02 9.942903140000000639e-03 -5.505825859999999988e-02 6.814624699999999834e-03 -1.565822990000000081e-02 9.555779000000000356e-03
1.059815200000000033e+02 6.668004460000000189e-02 8.908016560000000736e-03 -4.995571060000000146e-02 1.377195089999999969e-02 -1.353564540000000080e-02 -1.503183410000000046e-02
1.086812079999999980e+02 6.738840960000000435e-02 1.326303350000000020e-02 -4.567369140000000077e-02 2.469221880000000129e-03 -2.929897210000000085e-02 6.950725300000000148e-03
1.113783640000000048e+02 6.652872899999999479e-02 1.276251989999999982e-02 -5.473839459999999685e-02 -1.761631950000000155e-02 -1.655991710000000085e-03 1.333786640000000044e-02
1.140764259999999979e+02 5.652075470000000185e-02 9.098348710000000658e-03 -7.369380920000000168e-02 -1.237801619999999957e-02 -1.830917610000000126e-02 3.265743890000000205e-02
1.167783799999999985e+02 6.178588599999999820e-02 5.076892369999999773e-03 -7.001519450000000255e-02 -8.790857399999999280e-03 5.375052260000000304e-02 1.475498320000000023e-02
1.194768009999999947e+02 6.054552299999999693e-02 -1.264177889999999922e-03 -7.515737629999999503e-02 -1.236559579999999990e-03 3.235049670000000183e-02 -9.200350220000000356e-03
1.221676140000000004e+02 5.776610389999999734e-02 -1.661961399999999913e-03 -6.772636910000000288e-02 2.518625169999999893e-04 1.096658749999999960e-02 -1.496039119999999917e-02
1.248739419999999996e+02 5.899095399999999823e-02 -4.730952610000000239e-03 -7.431382390000000615e-02 2.862306170000000066e-02 -1.076677449999999953e-02 4.824713040000000279e-03
1.275720199999999949e+02 6.675698839999999468e-02 -8.413415380000000693e-03 -6.747347650000000419e-02 4.764688289999999965e-02 -3.833529780000000109e-02 4.649203279999999938e-02
1.302657230000000084e+02 7.605331210000000619e-02 -5.607033340000000358e-03 -4.646753289999999703e-02 4.965995410000000054e-02 -3.561148930000000018e-02 1.258600730000000029e-02
1.329612700000000132e+02 8.358856250000000487e-02 -8.192043040000000038e-04 -2.993971399999999922e-02 1.372000160000000010e-02 -1.562399369999999989e-02 -1.610261719999999883e-02
1.356601609999999880e+02 8.292919579999999402e-02 2.739231380000000174e-03 -1.581725020000000065e-02 2.757170030000000160e-02 -3.447583640000000116e-02 -1.032168370000000057e-02
1.383456140000000119e+02 7.877663199999999921e-02 6.498828269999999685e-03 8.043971800000000727e-03 1.350771509999999960e-02 -4.096268599999999815e-02 -9.659131790000000800e-03
1.410370670000000075e+02 7.776893719999999899e-02 7.015078620000000237e-03 3.703231399999999673e-02 -2.991802359999999952e-02 -2.116985910000000054e-02 -6.633018919999999867e-03
1.437339580000000012e+02 7.520248490000000507e-02 5.343947980000000354e-03 4.597469280000000130e-02 -3.994467139999999944e-02 -1.627623760000000003e-02 5.406145219999999862e-02
1.464229730000000131e+02 7.544381399999999793e-02 2.899131399999999806e-03 5.839667619999999726e-02 -2.489987689999999948e-02 -3.358002870000000029e-02 2.487133310000000028e-02
1.491211920000000077e+02 6.840427829999999598e-02 2.669416349999999879e-03 6.279810710000000018e-02 -3.806921600000000294e-02 1.348573840000000071e-06 9.610655870000000276e-04
1.518277229999999918e+02 6.966364249999999758e-02 6.051573939999999908e-03 6.631182160000000103e-02 -4.953249619999999798e-02 6.731839049999999679e-03 -2.618267250000000032e-02
1.545343479999999943e+02 7.042015749999999685e-02 -1.099560149999999912e-03 6.468595100000000542e-02 -5.053130189999999883e-02 1.589937989999999982e-02 -2.453111670000000105e-02
1.572407860000000142e+02 6.923497319999999400e-02 3.266514490000000086e-03 6.881588800000000561e-02 -4.956332239999999834e-02 -3.448140589999999783e-02 -5.541975030000000080e-02
1.599386920000000032e+02 6.633241820000000677e-02 -5.798874380000000085e-03 7.033069890000000213e-02 1.023743680000000020e-03 4.615251409999999999e-03 1.279339600000000093e-04
1.626515829999999880e+02 6.285618719999999660e-02 -2.406245190000000107e-03 6.889465699999999804e-02 1.985806450000000140e-02 -5.498849049999999898e-03 4.316869439999999891e-02
1.653522550000000138e+02 6.014147579999999660e-02 -8.074109149999999721e-04 7.297405049999999838e-02 5.956231280000000294e-02 -8.616499209999999714e-03 1.479134560000000022e-02
1.680527079999999955e+02 5.177713359999999709e-02 -4.705725370000000160e-04 7.384320260000000469e-02 7.736912340000000332e-02 -1.642945820000000015e-02 -4.663613310000000109e-03
1.707621450000000038e+02 5.395160870000000053e-02 -4.237310359999999637e-03 6.916694190000000075e-02 1.989160950000000080e-02 -7.145894049999999831e-02 4.859383140000000413e-03
1.734704260000000033e+02 5.466002589999999911e-02 -2.749047630000000207e-03 6.958221589999999401e-02 -4.408600000000000019e-02 -5.371914290000000258e-02 4.651202730000000146e-02
1.761675510000000031e+02 6.273622530000000364e-02 -7.688129200000000212e-04 7.164213699999999463e-02 -8.471481379999999672e-02 -6.609971720000000495e-02 1.242571249999999995e-02
1.788654109999999946e+02 6.228012069999999678e-02 -4.734563009999999753e-03 7.340197919999999487e-02 -9.930895730000000032e-02 -1.924410790000000149e-02 6.926858710000000086e-02
1.815623329999999953e+02 6.153817799999999894e-02 -1.303168190000000056e-03 7.836004879999999839e-02 -4.680206049999999923e-02 3.035562370000000065e-02 2.003526430000000108e-02
1.842532229999999913e+02 6.735491359999999650e-02 -4.617855750000000176e-03 7.295573719999999540e-02 2.315228789999999870e-02 -7.588959440000000133e-03 -3.949803999999999815e-02
1.869560669999999902e+02 6.202238370000000278e-02 -2.928662509999999976e-03 6.616139029999999754e-02 2.903357950000000007e-02 3.663100189999999971e-03 -2.260807830000000074e-02
1.896585200000000100e+02 6.331775750000000202e-02 -4.680408120000000005e-03 7.402265789999999679e-02 2.638146569999999871e-02 -2.852915640000000183e-03 -2.090882999999999978e-02
1.923694419999999923e+02 5.897548989999999713e-02 -8.578266850000000263e-03 7.066761509999999746e-02 2.708047599999999916e-02 -4.468704619999999683e-03 -1.758497050000000159e-02
1.950721920000000011e+02 6.160539880000000246e-02 -7.453038310000000000e-03 6.389460019999999851e-02 6.534281070000000358e-02 2.145552380000000006e-03 -1.548969019999999960e-02
1.977754889999999932e+02 6.469815240000000023e-02 -3.426657699999999859e-03 5.596146719999999658e-02 6.469925029999999688e-02 -3.659634350000000162e-04 -2.853530140000000090e-02
2.004712859999999921e+02 6.812962039999999331e-02 -3.592724480000000081e-03 6.081785309999999944e-02 4.264436010000000055e-02 4.774945130000000405e-03 -7.968769940000000607e-02
2.031644259999999917e+02 6.892915110000000234e-02 -5.284316140000000148e-03 5.823318949999999744e-02 2.770469799999999982e-02 2.869435399999999831e-02 -6.237472060000000262e-02
2.058645830000000103e+02 6.811796000000000517e-02 -5.205821969999999826e-03 6.465823210000000432e-02 -1.579301320000000078e-02 2.606658510000000109e-03 -2.713784630000000073e-02
2.085600509999999872e+02 6.586226809999999598e-02 -4.127717480000000182e-03 7.370037040000000650e-02 -2.109464570000000108e-02 -2.471098680000000103e-02 -5.024191590000000318e-02
2.112651610000000062e+02 6.640349130000000599e-02 -7.636736219999999860e-03 7.654463520000000243e-02 -2.586931320000000062e-02 -1.147409790000000068e-02 -2.602036049999999906e-02
2.139539890000000071e+02 7.044864709999999752e-02 -7.136381980000000222e-03 7.382999129999999466e-02 4.612993080000000329e-02 9.896188559999999704e-03 -5.850800649999999756e-03
2.166520199999999932e+02 6.509724449999999829e-02 -7.467502150000000262e-03 6.657576249999999640e-02 4.077917870000000167e-02 6.879682970000000272e-03 -3.309333839999999832e-02
2.193553479999999922e+02 7.290869930000000443e-02 -3.089533150000000044e-03 6.625111879999999454e-02 -4.138095990000000002e-03 1.320764710000000078e-03 -2.846844319999999873e-02
2.220508800000000065e+02 7.300361530000000487e-02 -1.036094700000000056e-02 6.187644600000000161e-02 -9.335150449999999461e-03 -1.853539389999999884e-02 1.745629959999999911e-02
2.247514889999999923e+02 6.955289480000000080e-02 -7.666227470000000141e-03 6.441435519999999526e-02 -1.278297079999999968e-02 2.102009280000000091e-02 1.058977250000000050e-02
2.274463800000000049e+02 6.921597240000000595e-02 1.065962379999999942e-03 5.958328759999999974e-02 8.470859719999999579e-03 5.605377909999999936e-02 -1.556080250000000005e-02
2.301522229999999922e+02 6.150172479999999747e-02 1.714913879999999937e-03 6.224856279999999714e-02 -1.091740419999999955e-02 7.239477380000000628e-02 -7.091147389999999384e-02
2.328585980000000006e+02 5.893594860000000296e-02 6.698390200000000315e-03 6.721991350000000587e-02 -1.471055879999999929e-03 -2.499262580000000209e-03 -7.970434479999999322e-02
2.355602230000000077e+02 6.405492299999999972e-02 7.309127630000000417e-03 7.172777190000000080e-02 -2.856524460000000112e-02 -1.896512230000000146e-02 -1.180212150000000022e-02
2.382595049999999901e+02 6.434678539999999503e-02 1.156947579999999948e-02 7.482884959999999697e-02 -7.365357940000000214e-02 -1.674011909999999909e-02 -2.751883830000000086e-02
2.409475199999999973e+02 6.747509059999999559e-02 3.778795059999999918e-03 6.838704369999999699e-02 -3.379026660000000043e-02 8.686698699999999664e-04 2.274460669999999948e-02
2.436466920000000016e+02 6.887888670000000269e-02 7.735303169999999985e-03 6.771222100000000299e-02 -5.150699259999999731e-03 -1.958439030000000067e-02 2.294379740000000029e-02
2.463369889999999884e+02 7.566700010000000642e-02 6.078297709999999632e-03 6.338971309999999471e-02 3.624464630000000243e-02 -2.351708450000000034e-02 -1.855288960000000056e-02
2.490376919999999927e+02 7.712445839999999830e-02 4.185771080000000137e-03 6.263577069999999580e-02 3.641159640000000280e-02 3.858444150000000204e-03 2.862363119999999928e-02
2.517345050000000128e+02 6.747162099999999552e-02 5.849524560000000407e-03 5.743021179999999865e-02 -7.874228430000000439e-05 -6.517953649999999946e-03 5.700310320000000208e-02
2.544378639999999905e+02 6.090265839999999681e-02 8.019089139999999519e-03 6.604629239999999790e-02 -3.564371079999999886e-02 -3.999203929999999713e-02 7.328467860000000000e-02
2.571384419999999977e+02 6.206620189999999954e-02 5.457526419999999927e-03 5.866599890000000206e-02 -2.169012030000000077e-02 3.355800760000000188e-02 4.131577289999999875e-02
2.598466300000000047e+02 6.914745460000000510e-02 5.450660969999999994e-03 4.977576140000000010e-02 3.996374600000000138e-02 3.370524639999999961e-02 1.994638869999999960e-03
2.625422699999999736e+02 6.293567079999999592e-02 5.926056530000000343e-03 4.128900659999999723e-02 7.248580479999999944e-03 -1.354256530000000000e-02 -1.811827259999999884e-02
2.652390050000000201e+02 6.728619460000000163e-02 -3.000771239999999859e-04 2.872097250000000060e-02 2.184027189999999952e-02 -3.826470290000000274e-02 5.886828180000000348e-03
2.679282680000000028e+02 6.880219260000000614e-02 5.298889499999999940e-03 6.867031019999999923e-03 -1.413624160000000012e-02 -3.171763760000000099e-02 5.702405139999999761e-02
