# a=0.06459980535959771, b=-130.39750766358304, c=-0.0012172370967246334, xi=6.401311396883273
6.631279110000000143e-01 7.659698130000000549e-02 5.029179970000000402e-03 1.917256419999999878e-02 -3.748110459999999923e-04 -1.938984259999999848e-02 3.096078210000000053e-02
3.363832060000000013e+00 7.265525899999999981e-02 4.192408259999999727e-03 4.239763300000000228e-03 -5.333374230000000049e-02 -3.563547300000000084e-02 3.250989130000000310e-02
6.072521430000000109e+00 6.848571250000000388e-02 6.438239489999999891e-03 -1.982688170000000000e-02 -5.325537050000000300e-02 4.678243270000000120e-03 4.803754760000000096e-02
8.777418620000000615e+00 7.375430139999999968e-02 7.079874570000000214e-03 -3.022386750000000122e-02 -3.144880979999999798e-02 3.057302890000000023e-02 2.652515440000000058e-02
1.148829959999999950e+01 7.647414669999999526e-02 3.953800329999999918e-03 -4.626559770000000099e-02 -9.179096010000000264e-03 2.291080900000000073e-02 3.000389710000000206e-03
1.419376830000000034e+01 7.339050260000000436e-02 8.321511700000000858e-03 -5.345244949999999884e-02 2.011389079999999913e-02 5.389593470000000192e-02 -2.511857230000000100e-03
1.689365270000000052e+01 6.129134709999999736e-02 2.526029280000000130e-03 -6.210552710000000198e-02 -2.833390609999999923e-04 1.034889600000000048e-01 -2.113955719999999899e-02
1.959307919999999825e+01 5.181241980000000219e-02 2.307716960000000088e-03 -6.860462300000000346e-02 1.250677390000000042e-02 3.969844000000000150e-02 -7.820267549999999207e-03
2.228241669999999885e+01 5.771662159999999681e-02 -2.464067690000000185e-03 -6.259341770000000083e-02 -1.593532309999999910e-02 -3.606693379999999921e-02 -2.665891760000000093e-03
2.498197299999999998e+01 5.792346620000000251e-02 2.077961249999999999e-03 -6.749620679999999984e-02 -4.394619079999999983e-02 -2.962941289999999894e-02 7.810724550000000196e-03
2.767406520000000114e+01 5.559561119999999884e-02 -2.039802529999999899e-03 -7.277092390000000632e-02 -1.945229310000000031e-02 2.086989909999999865e-02 1.076714020000000063e-02
3.037178240000000073e+01 6.146653679999999897e-02 1.425798910000000089e-03 -7.220168000000000419e-02 -1.368912549999999964e-02 1.244294219999999944e-02 -1.218429480000000030e-02
3.306188240000000178e+01 7.124774570000000362e-02 -3.225094799999999803e-03 -6.511817599999999984e-02 2.101769749999999898e-03 -2.049928380000000036e-02 1.568398070000000082e-03
3.575715269999999890e+01 7.206833969999999756e-02 -1.358500350000000018e-03 -5.922328140000000102e-02 2.224461729999999832e-02 -9.010581920000000633e-02 6.398553540000000150e-02
3.846241520000000236e+01 6.257651120000000400e-02 -3.442777690000000008e-03 -6.466814140000000377e-02 -2.509327360000000035e-02 -6.554250960000000681e-02 5.903304320000000299e-02
4.117955270000000212e+01 5.733757040000000277e-02 -8.534292809999999979e-03 -6.528302710000000175e-02 -4.635930979999999813e-02 -4.826454759999999899e-02 5.153501910000000269e-02
4.388605110000000309e+01 6.315457850000000262e-02 -7.136270479999999930e-03 -6.785746219999999607e-02 -3.839136440000000261e-02 -2.547168509999999872e-02 5.272403190000000267e-02
4.658578080000000199e+01 6.464750169999999851e-02 -4.552116269999999937e-03 -7.065249880000000482e-02 -2.585431989999999874e-02 -2.095828450000000037e-03 9.661119909999999963e-03
4.928352770000000049e+01 6.512219049999999620e-02 -4.266700029999999887e-03 -6.163083500000000187e-02 -2.551215630000000165e-02 -3.727516890000000076e-03 2.005758770000000066e-02
5.197687919999999906e+01 6.202490850000000333e-02 -6.846230479999999841e-03 -6.120139919999999928e-02 -2.043017659999999888e-02 7.794871309999999720e-03 1.877222740000000084e-02
5.467310419999999738e+01 6.216890609999999734e-02 -7.656470250000000158e-03 -6.128035540000000003e-02 -1.343570810000000067e-02 8.880871710000000016e-03 3.075362289999999943e-02
5.737670740000000080e+01 6.327927519999999861e-02 -6.043059429999999947e-03 -6.727784409999999771e-02 -1.985505809999999968e-02 3.502278290000000044e-02 3.065097540000000145e-03
6.006738239999999962e+01 6.168632859999999968e-02 -1.033939019999999959e-02 -6.723279849999999613e-02 -2.497495760000000183e-03 8.245227759999999503e-03 -5.618793290000000324e-04
6.276662139999999823e+01 5.679129050000000095e-02 -1.335414639999999917e-02 -6.934445379999999715e-02 -7.843469920000000276e-03 -7.026465699999999773e-03 2.259939069999999939e-02
6.546900739999999530e+01 6.151838390000000101e-02 -9.214383379999999818e-03 -6.840295250000000271e-02 -3.468917500000000265e-02 -1.019179410000000015e-02 3.886915829999999794e-02
6.816404169999999851e+01 6.932315669999999930e-02 -5.028000480000000168e-03 -7.084568269999999557e-02 -2.650577280000000063e-02 -4.586372350000000181e-02 3.235944620000000271e-02
7.085182140000000572e+01 6.505697509999999739e-02 -6.061686559999999654e-03 -6.944183959999999933e-02 4.438307439999999819e-03 -3.317212170000000127e-02 3.699402630000000330e-02
7.355791209999999580e+01 5.990300850000000038e-02 -1.039821949999999995e-02 -7.183547740000000015e-02 2.452173489999999977e-03 5.727973899999999792e-03 6.718296529999999434e-02
7.625952610000000220e+01 5.974072610000000227e-02 -9.618683980000000688e-03 -6.354334250000000239e-02 2.743966300000000129e-03 3.109606009999999962e-03 2.896565870000000070e-02
7.896207610000000443e+01 6.529438390000000259e-02 -5.241411960000000141e-03 -5.380201789999999873e-02 -2.791266649999999891e-02 -3.725604910000000075e-02 -1.414272079999999952e-02
8.166369330000000559e+01 6.982254760000000671e-02 -8.094328419999999649e-03 -5.364839949999999913e-02 -5.914481430000000095e-02 -3.277080930000000197e-02 -2.950873019999999958e-02
8.436411209999999983e+01 7.099814259999999433e-02 -3.722402230000000038e-03 -5.507854670000000147e-02 -5.132222609999999990e-02 3.123326640000000098e-02 -1.947808460000000075e-02
8.706168549999999584e+01 6.706816840000000279e-02 -1.036787599999999983e-02 -6.274339140000000092e-02 -2.871543949999999859e-02 3.465542979999999829e-02 -8.400892840000000195e-03
8.976541210000000603e+01 6.853029439999999695e-02 -9.028390790000000166e-03 -6.653037459999999736e-02 -1.051415399999999951e-02 3.625281920000000130e-02 -1.291694229999999950e-02
9.245927140000000577e+01 7.174126549999999825e-02 -8.743500810000000636e-03 -6.618556979999999645e-02 -7.890922839999999980e-03 3.298726080000000116e-02 -1.780622609999999925e-02
9.515121209999999508e+01 6.831927440000000462e-02 -6.154740750000000163e-03 -7.210617079999999401e-02 5.795115879999999942e-03 4.015670929999999583e-03 -2.124967419999999885e-02
9.785690110000000175e+01 5.769090469999999665e-02 -5.932539889999999608e-03 -6.948434890000000641e-02 -1.429054849999999988e-02 -3.065535540000000059e-02 7.005968490000000215e-03
1.005509820000000047e+02 5.243605689999999986e-02 -4.333491039999999919e-03 -6.917988810000000321e-02 -2.424455850000000075e-04 -1.836757740000000139e-02 3.354650879999999946e-02
1.032475450000000023e+02 4.480975630000000320e-02 -9.404826599999999148e-03 -6.780482829999999461e-02 -1.423928839999999939e-02 2.795473669999999980e-02 1.052278459999999964e-02
1.059578730000000064e+02 4.922692669999999965e-02 -1.645884669999999944e-03 -7.169548520000000591e-02 -5.112920380000000181e-02 -5.709495640000000240e-03 -2.062805439999999997e-03
1.086557640000000049e+02 5.540318980000000226e-02 5.509835970000000064e-04 -6.804544939999999931e-02 -3.873312179999999910e-02 1.908688360000000044e-03 -8.863316120000000811e-03
1.113649510000000049e+02 5.674749450000000223e-02 8.249776880000000284e-04 -6.835827199999999770e-02 -1.420420539999999940e-02 2.349674670000000132e-02 -1.453267509999999971e-02
1.140653420000000011e+02 6.681377500000000580e-02 3.205132009999999820e-04 -6.020628239999999826e-02 -1.749055669999999979e-02 2.680160029999999888e-03 -9.788263360000000468e-03
1.167627319999999997e+02 6.846064709999999387e-02 3.603640119999999922e-03 -6.150722210000000162e-02 -1.788849580000000106e-02 -6.035289420000000161e-03 2.130436479999999952e-02
1.194577479999999952e+02 6.733860419999999902e-02 4.800395290000000412e-03 -6.740832060000000181e-02 1.448906189999999913e-02 -5.446163460000000289e-02 1.554234070000000065e-02
1.221583889999999997e+02 7.195251399999999520e-02 6.792229599999999659e-03 -6.036378769999999755e-02 6.872856600000000482e-02 2.918378210000000146e-03 1.635037879999999902e-02
1.248602319999999963e+02 6.969127109999999348e-02 5.609296730000000279e-03 -4.205589140000000337e-02 4.259950789999999987e-02 1.633521710000000043e-02 1.777814869999999950e-02
1.275633569999999963e+02 8.009015760000000317e-02 7.637907700000000008e-03 -2.696131920000000015e-02 9.233037450000000299e-03 -1.454938159999999946e-02 -2.901589289999999960e-02
1.302705599999999890e+02 8.052028159999999324e-02 5.786173089999999998e-03 -3.675355359999999804e-03 3.155052269999999992e-02 -3.297044639999999888e-02 -4.293304559999999714e-02
1.329837789999999984e+02 7.880518229999999846e-02 5.169006529999999912e-03 2.333693530000000016e-02 -1.198913319999999998e-02 -3.172754760000000285e-02 1.492540980000000087e-02
1.356835289999999929e+02 8.046881209999999507e-02 7.869646560000000471e-03 4.170718620000000293e-02 -3.532439440000000042e-02 -1.972918460000000138e-02 2.851560100000000153e-02
1.383814040000000034e+02 7.577859700000000309e-02 3.162785180000000137e-03 5.262698290000000084e-02 -1.105737660000000004e-02 -1.159724340000000027e-02 1.454726809999999995e-02
1.410792169999999999e+02 6.347037919999999611e-02 1.541789269999999958e-04 5.947766160000000218e-02 3.300058820000000004e-02 -4.127220909999999854e-02 7.389438079999999590e-03
1.437782009999999957e+02 5.560024670000000141e-02 -6.792303900000000005e-05 6.420632169999999916e-02 1.706198960000000070e-02 -2.550283500000000148e-02 -9.276661179999999562e-03
1.464771069999999895e+02 5.327447409999999661e-02 -9.073024080000000394e-03 6.453403959999999551e-02 3.802626170000000111e-03 -8.626052230000000320e-03 -1.179013580000000047e-02
1.491775289999999927e+02 5.322614469999999848e-02 -1.492997029999999954e-02 7.358476799999999485e-02 2.397323579999999926e-02 -4.456220169999999814e-02 2.619064070000000008e-02
1.518819819999999936e+02 5.602062370000000097e-02 -1.573467970000000035e-02 6.810998660000000537e-02 2.736133599999999956e-04 -1.385105959999999997e-02 5.106420779999999715e-02
1.545826700000000073e+02 6.737528399999999362e-02 -1.752905520000000092e-02 6.574598880000000201e-02 7.065227260000000358e-04 2.774460189999999882e-02 -4.162338820000000103e-04
1.572739669999999990e+02 6.701118270000000487e-02 -8.922867859999999290e-03 6.383983390000000369e-02 3.555626609999999743e-02 -6.321613450000000385e-04 -5.248225320000000221e-02
1.599715759999999989e+02 6.645879159999999730e-02 -1.126546770000000017e-02 6.089849110000000038e-02 3.612020330000000057e-02 -2.474405929999999934e-02 -2.549519130000000092e-02
1.626657789999999864e+02 6.661179459999999608e-02 -4.025604379999999684e-03 6.779276519999999362e-02 4.642949679999999746e-02 -3.767683539999999720e-02 1.588851009999999939e-02
1.653646850000000086e+02 5.830820479999999917e-02 1.272626200000000077e-03 6.109197739999999710e-02 4.082616809999999735e-02 -3.155263319999999927e-02 -8.284995419999999916e-03
1.680585450000000094e+02 6.681812800000000441e-02 1.364075040000000023e-03 5.898194030000000060e-02 3.914897130000000169e-02 -4.690487129999999782e-02 -5.099602290000000010e-02
1.707559980000000053e+02 6.903167840000000444e-02 1.504905379999999957e-03 5.502830539999999798e-02 3.723628009999999794e-02 -2.170535709999999938e-02 -3.073131299999999969e-02
1.734544669999999940e+02 6.732266350000000454e-02 3.236800110000000175e-03 5.162413290000000127e-02 -1.635150030000000025e-03 4.234822290000000294e-02 -2.857956069999999932e-02
1.761588889999999878e+02 7.104849119999999407e-02 5.328041319999999963e-03 5.496805989999999781e-02 -4.968597710000000056e-02 5.114827019999999662e-03 4.167107889999999842e-02
1.788484980000000064e+02 6.692659110000000189e-02 7.043438039999999796e-03 6.653449029999999875e-02 -4.111749530000000097e-02 -4.094351680000000299e-03 -1.621224859999999962e-02
1.815442319999999938e+02 7.200014899999999940e-02 4.278080769999999602e-03 6.308238509999999910e-02 -1.093687689999999976e-02 -8.364185379999999892e-03 -1.461957420000000070e-02
1.842390450000000044e+02 6.792171680000000378e-02 4.094681240000000097e-03 6.102780909999999670e-02 3.394819539999999886e-02 -1.788267080000000009e-02 -4.156993339999999829e-03
1.869301389999999969e+02 7.379905729999999831e-02 2.904684089999999899e-03 5.862149120000000047e-02 6.671224219999999372e-02 -2.139278160000000067e-02 -2.169039450000000147e-02
1.896267949999999871e+02 6.805361590000000294e-02 -2.862490809999999886e-03 6.079503499999999727e-02 4.050863450000000143e-02 -3.356370680000000245e-02 4.961975179999999694e-03
1.923263570000000016e+02 7.101937640000000052e-02 -1.939586369999999910e-03 5.909156200000000025e-02 1.433152260000000039e-02 -4.902662440000000316e-02 1.645688589999999910e-02
1.950307009999999934e+02 6.534600699999999762e-02 1.598457340000000065e-04 5.543907859999999688e-02 -1.096420560000000051e-02 -5.632883370000000244e-03 2.410510209999999851e-03
1.977375920000000065e+02 6.854186980000000207e-02 -2.156262280000000118e-03 6.319500929999999350e-02 -4.039779150000000207e-02 3.377124890000000185e-02 -8.460165579999999463e-02
2.004425760000000025e+02 6.959664560000000666e-02 -8.268757969999999870e-04 6.063459520000000214e-02 -5.998267079999999862e-02 2.897618689999999914e-02 -3.430681659999999800e-02
2.031407320000000141e+02 6.958951210000000054e-02 3.080312339999999923e-03 6.981084899999999427e-02 -6.843025390000000152e-02 6.763958019999999349e-02 3.502778790000000281e-02
2.058297169999999880e+02 5.885713370000000139e-02 5.628349549999999910e-03 7.061748210000000359e-02 -2.802551459999999897e-02 2.792553009999999836e-02 2.165674919999999865e-02
2.085407010000000128e+02 5.184694220000000270e-02 9.462069039999999875e-03 7.736614320000000100e-02 -2.588706539999999917e-02 1.310978840000000083e-02 7.093571320000000360e-03
2.112411229999999875e+02 6.059640210000000193e-02 3.026495440000000117e-03 8.064278930000000345e-02 1.919500539999999950e-02 -5.182313880000000150e-02 -3.348087229999999886e-02
2.139426229999999975e+02 6.688848070000000257e-02 1.359126830000000042e-04 7.300981119999999658e-02 2.209399769999999957e-02 -1.378764579999999969e-02 -8.277240919999999391e-02
2.166367950000000064e+02 7.269558130000000618e-02 1.948867670000000102e-03 6.258786650000000562e-02 2.894457229999999881e-02 1.435231179999999981e-02 -6.862456999999999585e-02
2.193344510000000014e+02 7.484188049999999925e-02 1.753511439999999892e-03 5.588394850000000247e-02 3.000137619999999894e-02 6.503226380000000362e-02 -1.337827869999999933e-02
2.220295600000000036e+02 7.266304020000000086e-02 2.742129060000000028e-03 5.873692080000000176e-02 2.913322089999999948e-02 3.565124139999999858e-02 -9.026358789999999396e-03
2.247214199999999948e+02 6.289050359999999451e-02 1.122528009999999984e-03 5.745233379999999807e-02 4.458407600000000026e-02 3.207136909999999674e-02 -2.392283439999999886e-02
2.274216849999999965e+02 6.118439500000000253e-02 2.395172909999999933e-03 6.117666559999999920e-02 3.243933140000000021e-02 4.785848579999999949e-03 -6.327732730000000527e-02
2.301230290000000025e+02 6.713182769999999355e-02 1.438309820000000004e-03 5.721046550000000175e-02 1.917109590000000072e-02 2.201906799999999928e-02 -1.355373210000000023e-02
2.328241849999999999e+02 6.962360789999999522e-02 4.639241199999999746e-03 6.033289039999999853e-02 -2.680338869999999984e-02 -3.639506460000000148e-03 5.542574749999999717e-02
2.355245449999999892e+02 6.336541260000000397e-02 6.965079540000000333e-03 6.174004959999999931e-02 2.200456859999999973e-03 -5.832208670000000109e-03 9.519641650000000566e-02
2.382284040000000118e+02 6.449660910000000469e-02 1.151713270000000004e-02 6.330800440000000640e-02 2.905605959999999974e-02 -2.841214909999999899e-02 3.913772919999999877e-02
2.409305449999999951e+02 7.464243299999999415e-02 9.449968370000000686e-03 6.498461799999999400e-02 2.697898090000000124e-02 9.607580459999999142e-03 -1.653379409999999883e-02
2.436268100000000061e+02 7.623645860000000107e-02 1.489765810000000072e-02 6.234475689999999931e-02 4.927457140000000152e-02 4.401275930000000253e-02 -2.580548829999999849e-02
2.463314670000000035e+02 7.943059069999999777e-02 1.025340289999999988e-02 5.869942639999999739e-02 -1.431406290000000053e-02 4.962345149999999872e-02 -3.374045700000000148e-02
2.490248100000000022e+02 6.499440319999999494e-02 1.184718470000000086e-02 5.763251009999999924e-02 4.547978719999999989e-03 2.334628970000000164e-02 -3.644285929999999812e-02
2.517312320000000057e+02 6.503608210000000334e-02 1.073295330000000047e-02 6.062903669999999967e-02 -1.475065159999999938e-02 1.381057400000000081e-02 2.943915589999999971e-02
2.544330139999999858e+02 6.487284540000000377e-02 9.372069170000000421e-03 5.850533360000000072e-02 -1.055382780000000027e-02 -2.033322489999999858e-02 3.598198469999999705e-02
2.571387480000000210e+02 6.364707079999999684e-02 1.057660420000000080e-02 6.101640660000000327e-02 2.276565670000000111e-02 -1.314956569999999915e-02 3.137254700000000063e-02
2.598313420000000065e+02 6.314637709999999793e-02 7.331661829999999887e-03 5.810439459999999778e-02 3.908078110000000327e-02 3.205622269999999774e-02 -1.829737440000000007e-02
2.625280920000000151e+02 7.043713420000000114e-02 1.127781979999999996e-02 5.774420670000000172e-02 9.809632310000000049e-03 4.978149930000000042e-03 1.820072350000000172e-02
2.652196230000000128e+02 7.268116489999999763e-02 8.347628379999999515e-03 4.306292250000000321e-02 5.129558050000000008e-03 7.912045850000000435e-03 3.024662430000000027e-02
2.679220310000000040e+02 7.640896590000000044e-02 4.994799250000000156e-03 3.567052650000000075e-02 2.065384400000000106e-02 1.191098800000000082e-02 8.723336800000000210e-03
