# a=0.06707171749044476, b=-137.3241420264591, c=0.0009308662715896748, xi=6.721705176088489
6.544618439999999593e-01 7.184848060000000036e-02 -1.057415390000000094e-03 -1.150667950000000030e-02 -2.412860949999999852e-02 4.124155410000000105e-03 6.747116329999999773e-02
3.345646760000000164e+00 6.952258140000000530e-02 -5.062174099999999614e-03 -3.170532620000000162e-02 -3.949122129999999703e-02 2.120693619999999835e-02 8.929083949999999659e-02
6.040822069999999933e+00 6.865134250000000382e-02 -7.117471799999999620e-03 -4.402668569999999837e-02 -2.859894010000000111e-02 8.151979510000000734e-03 4.896993990000000213e-02
8.738838949999999883e+00 6.564964680000000274e-02 -4.567169949999999937e-03 -5.777561850000000054e-02 -2.735265560000000110e-02 -3.718882350000000253e-02 -5.623817310000000201e-03
1.143568140000000000e+01 6.828699559999999724e-02 -2.715168000000000009e-03 -6.398288450000000349e-02 1.196283589999999966e-02 -5.553632609999999831e-02 3.311708740000000178e-02
1.412796430000000036e+01 5.985871019999999820e-02 -1.077987149999999920e-03 -5.548702979999999702e-02 1.474586160000000007e-02 -3.022396949999999957e-02 1.475301080000000070e-02
1.682750330000000005e+01 6.499514489999999589e-02 4.303603339999999863e-04 -5.464094259999999897e-02 -9.043523169999999681e-03 -1.406955929999999938e-02 -3.230584990000000267e-02
1.953364080000000058e+01 6.720033970000000023e-02 5.866506540000000075e-03 -5.942614499999999966e-02 -6.025238680000000180e-02 -2.200932480000000052e-02 -5.886766200000000115e-02
2.223672519999999864e+01 5.804686910000000227e-02 -2.289108020000000122e-03 -6.869641490000000239e-02 -5.320007200000000103e-02 -2.817158239999999897e-02 -2.456948679999999829e-02
2.493639549999999971e+01 5.907946599999999715e-02 -3.929383829999999987e-04 -6.102137140000000320e-02 -2.109205769999999980e-02 -8.011403670000000199e-03 7.964076549999999158e-03
2.764173140000000117e+01 6.424080490000000365e-02 -2.211546090000000072e-03 -6.888877999999999668e-02 -1.282269760000000029e-02 -3.803387400000000224e-02 6.073828120000000080e-02
3.033569710000000086e+01 6.842663960000000545e-02 -7.630997320000000063e-03 -6.259215640000000136e-02 -9.570018950000000121e-03 -7.704365650000000176e-02 9.166432239999999787e-02
3.304262990000000144e+01 6.870691360000000247e-02 -9.095016589999999415e-03 -6.040688570000000285e-02 -5.416294009999999843e-04 -1.322697630000000020e-02 5.312032790000000004e-02
3.574770960000000031e+01 6.640025580000000205e-02 -7.071094439999999967e-03 -6.352734770000000031e-02 4.067814609999999623e-03 1.299375300000000025e-02 -6.171592069999999770e-03
3.844785639999999916e+01 5.947998639999999698e-02 -2.305154690000000076e-03 -6.028740820000000333e-02 -1.794158809999999923e-02 1.996614630000000112e-02 -1.002476620000000013e-02
4.114970329999999876e+01 6.221139810000000242e-02 2.464205059999999997e-04 -5.980106450000000073e-02 -2.544166809999999848e-02 1.144895140000000075e-02 2.524330420000000033e-02
4.384661580000000214e+01 6.041627640000000327e-02 -3.879359550000000163e-03 -6.776499269999999853e-02 -2.341199529999999848e-02 2.258406489999999905e-02 6.077599110000000276e-02
4.655021579999999659e+01 6.132397369999999931e-02 -5.244586899999999739e-03 -6.519424270000000188e-02 -2.900992739999999973e-02 1.637843660000000076e-02 5.161992829999999949e-02
4.925264709999999724e+01 6.311922109999999753e-02 -3.095222879999999857e-03 -6.563193900000000025e-02 -1.565854339999999886e-02 3.871436999999999795e-02 5.355695659999999692e-02
5.195306740000000190e+01 6.686914039999999892e-02 -1.098787209999999969e-03 -6.453314929999999505e-02 2.838010130000000100e-03 2.460540279999999871e-02 4.643254470000000161e-02
5.465529860000000184e+01 6.142269239999999936e-02 -5.427734790000000344e-03 -6.259466860000000021e-02 -6.653531859999999888e-03 3.615394680000000305e-02 1.334267540000000016e-02
5.735216270000000094e+01 6.163283139999999743e-02 -4.084647969999999871e-03 -6.534085970000000354e-02 -3.683678010000000086e-02 6.619902819999999577e-02 2.604088440000000039e-03
6.006261740000000060e+01 6.976436919999999542e-02 -1.121081080000000015e-02 -5.661060879999999657e-02 -2.723453539999999909e-02 5.469246009999999963e-02 8.176635499999999543e-03
6.276858610000000027e+01 7.469733789999999374e-02 -4.050522649999999981e-03 -6.036200209999999927e-02 -2.522360159999999935e-02 4.450969719999999658e-02 2.247368679999999994e-02
6.546698460000000352e+01 7.248877210000000126e-02 -1.073435770000000060e-02 -5.907301489999999822e-02 -2.046030639999999942e-02 4.351105520000000254e-02 4.860288339999999790e-02
6.816928299999999297e+01 7.382517140000000033e-02 -5.865338109999999883e-03 -6.570904639999999852e-02 -2.137172110000000111e-02 -1.368277860000000068e-02 2.466416319999999857e-02
7.085983609999999544e+01 7.048028739999999404e-02 -5.898442789999999714e-03 -6.424533829999999612e-02 -2.431422109999999831e-02 -5.237121659999999929e-02 1.859736329999999924e-02
7.355884709999999416e+01 5.976381690000000246e-02 -4.539028480000000323e-03 -6.822521030000000541e-02 2.433826510000000175e-03 -4.059256819999999821e-02 -3.148189320000000044e-03
7.626203610000000310e+01 5.626723270000000277e-02 -6.286819820000000107e-03 -7.193008820000000580e-02 -1.092102389999999919e-03 -5.005156519999999845e-03 2.471252360000000120e-02
7.896596739999999670e+01 5.089936149999999687e-02 -1.251155559999999993e-02 -6.561455080000000439e-02 -1.623940830000000085e-02 1.026926360000000003e-02 3.681446299999999866e-02
8.166801890000000697e+01 6.147529870000000007e-02 -1.380450270000000042e-02 -6.614345800000000219e-02 -1.835397360000000019e-02 1.750476230000000064e-02 3.430875519999999901e-02
8.437611269999999308e+01 5.991745099999999657e-02 -9.412671949999999732e-03 -7.460433980000000243e-02 -1.998600219999999844e-02 7.576212760000000657e-02 1.022805899999999941e-02
8.708893140000000699e+01 5.853462940000000309e-02 -4.756116080000000017e-03 -7.581639210000000462e-02 -2.103944409999999876e-02 1.221634509999999958e-02 3.781257079999999788e-03
8.979442520000000627e+01 5.728483479999999656e-02 -6.366432549999999531e-04 -7.505583329999999942e-02 -2.780608340000000067e-02 -4.733536189999999755e-02 -6.356853350000000319e-03
9.249863929999999357e+01 6.026356149999999995e-02 -1.462241719999999917e-03 -7.334093560000000400e-02 -3.973540180000000380e-03 -3.807544880000000159e-02 -4.072375379999999823e-02
9.520070180000000448e+01 6.781568670000000243e-02 2.080749499999999964e-03 -6.778378899999999707e-02 8.242671090000000533e-03 -3.153149260000000231e-02 -8.002651930000000136e-03
9.789487990000000650e+01 7.241824149999999405e-02 1.450498840000000048e-03 -5.731087199999999882e-02 3.060716139999999919e-02 -1.486895000000000057e-02 1.424350299999999937e-02
1.005946560000000005e+02 6.933147959999999554e-02 4.643692520000000136e-03 -5.027808339999999959e-02 1.263064709999999922e-03 2.367902250000000069e-02 1.877161570000000085e-02
1.032913439999999952e+02 5.885200050000000127e-02 8.282425039999999350e-03 -5.278840459999999818e-02 2.314189979999999904e-03 -1.035309000000000056e-02 1.196484970000000073e-03
1.059796410000000009e+02 6.805092079999999766e-02 8.156156560000000708e-03 -4.875224830000000203e-02 9.687489170000000704e-03 -5.175966169999999915e-03 -1.526507139999999998e-02
1.086836720000000014e+02 6.725210280000000485e-02 1.011214440000000013e-02 -4.517930490000000160e-02 -7.533950430000000212e-03 -1.254066830000000014e-02 1.014633570000000005e-02
1.113779530000000051e+02 6.674045559999999822e-02 1.255611430000000070e-02 -5.607444600000000001e-02 -1.579191510000000145e-02 1.021091980000000086e-02 2.567479350000000105e-02
1.140794530000000009e+02 5.640031439999999840e-02 1.032348599999999977e-02 -7.674196689999999987e-02 -6.735875490000000319e-03 4.562705010000000193e-03 4.592198950000000307e-02
1.167793910000000039e+02 5.830349740000000114e-02 4.854062299999999802e-03 -7.075750460000000686e-02 -1.230389890000000049e-02 3.140880830000000040e-02 3.084566979999999944e-02
1.194760310000000061e+02 5.881304040000000233e-02 -7.247497070000000034e-04 -7.766025490000000309e-02 8.576267959999999899e-03 4.048943790000000126e-02 -9.363274109999999983e-03
1.221710159999999945e+02 5.315757769999999993e-02 -1.688571989999999986e-03 -6.913587399999999994e-02 1.190484479999999977e-02 3.654877909999999785e-03 -1.930101529999999829e-02
1.248703600000000051e+02 5.763410690000000253e-02 -3.527942279999999806e-03 -7.551131810000000222e-02 2.617678439999999995e-02 -6.671546789999999866e-03 4.388610989999999767e-03
1.275677809999999965e+02 6.372929080000000468e-02 -6.952779019999999997e-03 -6.777847820000000578e-02 6.417110970000000636e-02 -2.741950419999999999e-02 4.788935019999999987e-02
1.302659850000000006e+02 7.584888430000000237e-02 -4.464211160000000275e-03 -4.836015719999999657e-02 6.623027169999999575e-02 -4.407761119999999838e-02 1.881997259999999839e-02
1.329583599999999990e+02 8.240121559999999401e-02 -2.585541050000000028e-03 -3.093684240000000099e-02 3.144295329999999972e-02 -1.466525909999999953e-02 -2.053009479999999901e-02
1.356516100000000051e+02 8.094178479999999953e-02 1.705082130000000040e-03 -1.482784499999999922e-02 2.271104529999999969e-02 -2.517466440000000125e-02 -2.045499519999999932e-02
1.383432970000000068e+02 7.641548750000000390e-02 5.548101550000000132e-03 8.872618339999999160e-03 4.226726200000000162e-03 -3.703188899999999839e-02 -3.672409680000000148e-02
1.410393129999999928e+02 7.491450269999999634e-02 5.766114039999999975e-03 3.558800909999999817e-02 -4.084013660000000018e-02 -2.462644500000000028e-02 -9.353712210000000166e-03
1.437351720000000057e+02 7.281334039999999563e-02 4.441681349999999744e-03 4.880903610000000142e-02 -4.798072839999999867e-02 -1.004840270000000035e-02 4.856765279999999962e-02
1.464228280000000098e+02 7.088990539999999452e-02 2.428226610000000073e-03 5.863076150000000319e-02 -4.359173539999999791e-02 -2.381494400000000108e-02 4.322538759999999813e-02
1.491271409999999946e+02 6.513644890000000465e-02 2.075615610000000085e-05 6.138285389999999925e-02 -7.212003390000000513e-02 -1.755607749999999953e-02 2.347837729999999873e-02
1.518319060000000036e+02 6.759076919999999766e-02 6.206272130000000005e-03 6.555282310000000445e-02 -7.031575789999999770e-02 -2.770698279999999833e-02 -4.031237700000000340e-02
1.545375469999999893e+02 6.940492930000000116e-02 1.337166930000000063e-03 6.654003930000000622e-02 -4.477230459999999995e-02 7.572390719999999749e-03 -3.094558270000000166e-02
1.572397029999999916e+02 7.119049500000000641e-02 2.756144509999999999e-03 6.889867489999999817e-02 -2.965264960000000075e-02 6.693733319999999910e-03 -4.497330859999999764e-02
1.599422030000000063e+02 6.898488329999999391e-02 -6.035159160000000238e-03 6.996988669999999744e-02 -8.497267810000000421e-03 1.856653590000000020e-02 2.076986869999999930e-02
1.626517029999999977e+02 6.326730260000000550e-02 -3.350033279999999839e-03 7.018447669999999805e-02 4.554197880000000233e-03 4.320018259999999777e-02 3.717538229999999694e-02
1.653504220000000089e+02 5.821419320000000008e-02 4.197420830000000145e-04 7.170791329999999519e-02 3.647297239999999774e-02 1.705624669999999954e-02 -7.154498320000000043e-03
1.680522970000000100e+02 5.434472829999999893e-02 7.283021290000000342e-04 7.791554330000000084e-02 7.844512739999999484e-02 -2.276377669999999839e-02 -3.577554849999999703e-02
1.707606409999999926e+02 5.541670309999999905e-02 -4.335704170000000308e-03 6.911921000000000037e-02 4.347321359999999774e-02 -5.370882629999999824e-02 -2.943633940000000074e-02
1.734689850000000035e+02 5.427962459999999961e-02 -3.730759809999999958e-03 6.932612539999999379e-02 -9.019392390000000384e-03 -6.116541360000000288e-02 3.420993840000000064e-02
1.761686410000000080e+02 6.133257560000000136e-02 -2.281727969999999914e-03 6.948626939999999474e-02 -5.468560489999999691e-02 -3.617162039999999995e-02 -3.925296010000000062e-04
1.788706410000000062e+02 6.196896610000000166e-02 -4.377192949999999909e-03 7.311638850000000411e-02 -7.538029159999999618e-02 4.341715819999999657e-03 6.864159420000000289e-02
1.815639689999999860e+02 6.259796820000000650e-02 1.226407440000000081e-03 7.958073070000000471e-02 -5.147090110000000079e-02 2.594882310000000067e-02 2.371716570000000079e-02
1.842560780000000022e+02 6.578285609999999506e-02 -3.353043999999999903e-03 7.166850310000000279e-02 -2.987472619999999822e-03 -3.570416850000000114e-02 -1.085566670000000060e-02
1.869568600000000060e+02 6.184402860000000335e-02 -3.796983949999999976e-03 6.368808139999999895e-02 1.088273109999999926e-02 -1.357305519999999974e-02 -1.334539920000000005e-02
1.896579849999999965e+02 6.398292009999999308e-02 -1.021642639999999951e-03 7.155732110000000146e-02 2.543253590000000078e-02 -9.748771269999999614e-03 -5.093389749999999855e-02
1.923698129999999935e+02 6.118320099999999956e-02 -5.793323379999999745e-03 7.143367379999999989e-02 2.236985039999999855e-02 -5.638891289999999751e-03 -2.478719360000000010e-02
1.950716409999999996e+02 6.226447859999999918e-02 -7.000644349999999780e-03 6.416206879999999946e-02 8.045560920000000005e-02 -3.162673669999999885e-03 -2.408180630000000128e-02
1.977762969999999996e+02 6.375304029999999400e-02 -5.967125610000000371e-04 5.710633689999999874e-02 6.745313560000000541e-02 2.030773680000000012e-02 -3.004187939999999890e-02
2.004743129999999951e+02 6.670938410000000485e-02 -3.696443450000000148e-03 6.031875960000000064e-02 4.273995230000000173e-02 2.103304809999999997e-02 -5.398135140000000221e-02
2.031660469999999918e+02 6.877310670000000292e-02 -3.891589149999999820e-03 5.819134769999999984e-02 4.689424009999999809e-02 2.435697540000000133e-02 -4.366918499999999925e-02
2.058673750000000098e+02 6.533814520000000292e-02 -6.540332789999999709e-03 6.100699169999999893e-02 5.030949520000000362e-03 2.516515719999999970e-02 -1.214998980000000020e-02
2.085677970000000130e+02 6.386848159999999885e-02 -4.900303479999999767e-03 7.382114139999999824e-02 -5.413736369999999978e-03 -1.826149989999999862e-02 -3.114535809999999932e-02
2.112639849999999910e+02 6.467707640000000535e-02 -7.266293969999999651e-03 7.574088989999999688e-02 -4.712960290000000121e-03 -6.791988229999999620e-03 -2.495488629999999784e-03
2.139546719999999880e+02 6.834546299999999519e-02 -8.047349560000000013e-03 7.152311699999999717e-02 2.969409250000000153e-02 -1.480766380000000070e-02 2.618319659999999993e-02
2.166543910000000039e+02 6.479367689999999957e-02 -7.969245640000000713e-03 6.619538799999999390e-02 3.456992549999999848e-03 -8.848633660000000678e-03 -3.041567069999999949e-03
2.193598599999999976e+02 7.257575430000000327e-02 -1.325217939999999992e-03 6.554142809999999320e-02 -4.673709200000000091e-02 1.426747400000000048e-02 -7.059610249999999886e-03
2.220483279999999979e+02 7.283132840000000607e-02 -1.089764579999999948e-02 6.305218899999999460e-02 -4.350163819999999966e-03 2.720636049999999861e-02 1.946656300000000053e-03
2.247483750000000100e+02 7.209303429999999735e-02 -7.823136309999999261e-03 6.689179139999999746e-02 1.172368069999999915e-02 3.097358399999999845e-02 3.536783830000000267e-02
2.274459850000000074e+02 6.950906530000000583e-02 2.543207659999999985e-03 6.019536229999999932e-02 1.290423310000000066e-02 6.392695839999999741e-02 8.371424239999999614e-03
2.301528279999999995e+02 6.196952000000000016e-02 1.358819999999999950e-03 6.090154989999999741e-02 -4.014947690000000326e-03 2.483086719999999872e-02 -5.821660070000000270e-02
2.328535310000000038e+02 5.778321279999999727e-02 6.869537610000000377e-03 6.617352479999999426e-02 4.717895889999999641e-03 -7.669903219999999605e-03 -1.013286479999999934e-01
2.355642809999999940e+02 5.904584549999999932e-02 8.158817349999999968e-03 7.001467799999999686e-02 -4.976623310000000133e-02 -3.539961099999999750e-02 -2.947419559999999925e-02
2.382607969999999966e+02 6.198650099999999941e-02 1.080672899999999929e-02 7.263494169999999694e-02 -7.510088850000000427e-02 -2.031854719999999850e-02 -4.472063230000000028e-02
2.409504530000000102e+02 6.414640679999999984e-02 1.393765929999999905e-03 6.738206859999999743e-02 -5.928809990000000196e-02 1.048156840000000027e-02 1.129860379999999935e-02
2.436475780000000100e+02 6.840516770000000524e-02 7.955401929999999719e-03 6.557007859999999799e-02 -1.850360120000000066e-02 -2.056933390000000028e-02 2.810374829999999838e-02
2.463372190000000046e+02 7.639553540000000587e-02 6.797015350000000337e-03 5.904174680000000286e-02 2.798230599999999846e-02 -4.684072100000000183e-02 -2.507713970000000070e-02
2.490402349999999956e+02 7.703833649999999866e-02 5.387700789999999920e-03 5.523267459999999657e-02 3.612093970000000015e-02 1.085957270000000030e-03 2.715021850000000000e-02
2.517353599999999858e+02 6.672390559999999415e-02 5.556489030000000273e-03 5.441716500000000345e-02 1.267384929999999972e-02 -2.879546750000000141e-02 5.512730300000000250e-02
2.544387810000000059e+02 6.099975789999999981e-02 7.931236600000000567e-03 6.109643879999999971e-02 -3.477740249999999866e-02 -2.777799070000000134e-02 7.566045550000000119e-02
2.571416560000000118e+02 6.363150559999999900e-02 6.716885320000000152e-03 5.559457500000000024e-02 -6.365112720000000446e-02 1.962318769999999921e-02 4.415868839999999990e-02
2.598504219999999805e+02 6.807271989999999495e-02 3.357740540000000128e-03 4.757841460000000050e-02 -9.124998069999999337e-03 2.383845450000000171e-02 -5.379769040000000231e-03
2.625484379999999760e+02 6.363552819999999943e-02 5.466640850000000114e-03 4.139745830000000210e-02 -4.938562670000000432e-03 1.204174560000000060e-03 -2.865796480000000132e-02
2.652427969999999959e+02 6.820766949999999829e-02 -1.721299709999999901e-03 2.870526199999999875e-02 7.479534700000000161e-03 -3.634376200000000168e-02 -1.449318040000000061e-03
2.679280229999999960e+02 6.969659899999999797e-02 2.582358590000000120e-03 9.521799560000000426e-03 -1.585085339999999995e-02 -2.730486270000000160e-02 4.969727589999999723e-02
