# a=0.05260874138738741, b=-149.22432726687617, c=-0.0021923820002652116, xi=7.684171601165074
6.848894850000000201e-01 6.208175900000000025e-02 -5.279143640000000075e-03 4.547636929999999966e-02 -6.768769509999999698e-03 -5.307139119999999821e-02 -2.087032950000000057e-03
3.374197479999999860e+00 5.340515149999999767e-02 -6.098852779999999578e-03 4.634485769999999866e-02 1.734433679999999867e-02 -2.668959279999999837e-02 -9.340994660000000865e-03
6.071009669999999581e+00 4.795390020000000336e-02 -5.466328280000000081e-03 6.148623140000000070e-02 1.483728580000000068e-02 -8.948325470000000753e-03 1.663046179999999943e-02
8.778733730000000790e+00 5.351416660000000297e-02 -6.172664470000000306e-03 6.259695060000000644e-02 6.342260770000000131e-03 -8.714814030000000294e-03 -5.735952259999999719e-03
1.147764549999999950e+01 6.690933370000000380e-02 -9.160531580000000687e-03 5.818616669999999991e-02 3.464798820000000029e-02 1.332612700000000011e-02 5.063441729999999807e-02
1.418157670000000081e+01 6.907598160000000265e-02 -9.417916800000000407e-03 4.995592389999999744e-02 2.005870469999999905e-02 -1.631524430000000012e-02 3.702402459999999673e-02
1.689026259999999979e+01 7.526663409999999332e-02 -9.879169479999999962e-03 3.035983470000000115e-02 1.606476299999999927e-02 -6.899678910000000068e-03 -7.675492970000000366e-03
1.958436419999999956e+01 7.573658240000000208e-02 -4.842281450000000299e-03 4.278705960000000336e-03 -2.226111490000000012e-02 9.720705200000000559e-03 -4.301600020000000070e-04
2.228451730000000097e+01 8.053574830000000129e-02 -1.233386310000000007e-02 -1.963993099999999936e-02 -9.318134109999999179e-03 1.535565350000000009e-02 -5.933811120000000161e-03
2.497932050000000004e+01 7.012212859999999992e-02 -6.914792189999999575e-03 -3.778397170000000194e-02 -2.160126960000000040e-02 -3.563571070000000340e-02 -3.938872489999999810e-02
2.767231890000000050e+01 7.089676860000000691e-02 -8.475982380000000177e-03 -4.834699449999999704e-02 -4.395942949999999579e-03 9.851418920000000468e-03 -4.221434799999999876e-02
3.038279860000000099e+01 7.187107310000000193e-02 -6.905052390000000241e-03 -5.312837749999999720e-02 2.363258940000000172e-03 -2.605699989999999897e-02 -6.241381079999999693e-02
3.307338140000000237e+01 7.455626090000000428e-02 -6.601618640000000114e-03 -5.476212879999999700e-02 -3.768437040000000189e-03 -1.214777820000000064e-02 -6.589771020000000090e-02
3.577362980000000192e+01 6.782579480000000549e-02 -7.257107599999999825e-03 -5.413916490000000165e-02 -3.202326330000000113e-03 -4.281860180000000154e-02 -9.170634219999999892e-02
3.847005329999999645e+01 6.471690750000000381e-02 1.348450589999999980e-03 -6.539837869999999553e-02 6.492006739999999681e-04 -2.616638079999999977e-02 -7.597901899999999487e-02
4.116900170000000259e+01 6.066826229999999764e-02 2.996480000000000150e-03 -6.897674659999999958e-02 -4.501325649999999602e-03 -1.663038949999999863e-02 -6.166286769999999862e-02
4.388447829999999783e+01 5.072245410000000149e-02 -2.285067760000000000e-04 -6.102666579999999757e-02 1.512614699999999951e-02 -5.691244639999999688e-02 -4.216197619999999952e-02
4.658062979999999698e+01 4.260293610000000231e-02 -1.093134649999999951e-02 -7.097603069999999792e-02 -2.699448740000000204e-03 -5.558995039999999749e-02 3.034195070000000102e-03
4.929690169999999938e+01 4.868524760000000201e-02 -9.053286429999999815e-03 -6.278471689999999550e-02 4.301325339999999969e-02 -2.863073899999999880e-02 1.273935969999999938e-02
5.200560480000000041e+01 4.975514959999999959e-02 -8.744450520000000490e-03 -6.011900240000000312e-02 2.741204129999999864e-02 3.523980720000000066e-02 -2.704362169999999926e-02
5.470541260000000250e+01 5.408237319999999876e-02 -7.701423490000000420e-03 -6.336780200000000085e-02 2.917742770000000124e-02 3.853642449999999942e-02 -2.325109360000000153e-02
5.741238760000000241e+01 6.238670710000000091e-02 4.959813320000000005e-03 -5.713505900000000193e-02 2.473673129999999845e-02 8.418084730000000709e-03 2.677977289999999844e-02
6.012068920000000105e+01 6.572953800000000402e-02 2.714019329999999789e-03 -5.461446860000000042e-02 -2.810721679999999851e-03 2.343990480000000126e-02 -4.030922420000000034e-02
6.280908300000000111e+01 6.440834909999999802e-02 1.027828749999999984e-03 -5.419722789999999873e-02 -2.517709690000000111e-02 2.247839050000000061e-02 1.438099680000000033e-02
6.551413759999999797e+01 5.722606890000000307e-02 2.617148340000000073e-03 -5.056516629999999873e-02 -8.406061140000000570e-03 3.992377519999999735e-02 1.776845999999999981e-02
6.822144539999999324e+01 6.054142760000000290e-02 1.108340610000000011e-02 -4.968157320000000238e-02 1.679559439999999890e-02 -2.959788979999999903e-02 2.221481599999999834e-02
7.092373139999999410e+01 6.397452670000000619e-02 1.504937360000000064e-02 -4.561746879999999810e-02 1.515555130000000028e-02 8.053114570000000430e-03 2.731406739999999930e-02
7.363279699999999650e+01 5.880623539999999677e-02 2.067662329999999868e-02 -5.242140230000000289e-02 -7.439981909999999858e-03 1.799562429999999880e-02 5.818025630000000191e-03
7.633834860000000333e+01 5.386200309999999991e-02 1.562223310000000059e-02 -5.382232900000000209e-02 -8.656074309999999342e-03 3.189710009999999901e-02 -4.514438820000000324e-02
7.902856730000000596e+01 5.670031660000000168e-02 1.276607509999999959e-02 -5.339386260000000134e-02 -1.261405099999999939e-02 3.469057319999999806e-03 -1.459607090000000079e-02
8.172532200000000557e+01 5.243090870000000070e-02 1.072519849999999976e-02 -5.445487940000000304e-02 2.515689529999999823e-03 2.922996120000000142e-02 -4.314420530000000198e-02
8.442845479999999725e+01 5.054083720000000085e-02 6.189543940000000188e-03 -5.484688609999999881e-02 2.790073520000000210e-03 -2.010113189999999939e-02 -1.301926509999999995e-02
8.712762510000000304e+01 6.039617500000000333e-02 3.502730510000000253e-04 -5.555966529999999820e-02 2.929234019999999925e-02 -3.417250609999999966e-02 2.271718090000000162e-02
8.984102670000000046e+01 5.722856190000000232e-02 -4.345913100000000327e-03 -4.819464489999999990e-02 -7.558191529999999528e-04 6.826492150000000245e-03 1.716504740000000112e-02
9.253852510000000109e+01 7.156079910000000266e-02 4.923239499999999998e-03 -5.300935500000000106e-02 -2.757049199999999853e-02 -2.748743049999999993e-02 -4.751912389999999806e-03
9.524177199999999743e+01 7.002796529999999464e-02 4.641833419999999780e-03 -4.957581739999999959e-02 7.396563329999999645e-03 -3.001838919999999869e-02 -2.511360630000000066e-02
9.794699230000000512e+01 5.246235459999999684e-02 3.448791230000000044e-03 -6.260710210000000608e-02 -3.732858060000000117e-03 -2.396205020000000130e-02 -3.137843800000000155e-02
1.006440779999999933e+02 3.528356309999999829e-02 5.379479730000000064e-03 -6.229545699999999853e-02 3.350850629999999920e-03 5.146231470000000099e-03 3.132777300000000320e-02
1.033525309999999990e+02 4.143177730000000003e-02 1.311471340000000020e-02 -7.096308569999999760e-02 -8.981149359999999332e-03 -1.977636610000000142e-02 -2.878365849999999990e-02
1.060509219999999999e+02 4.269870199999999810e-02 1.806328910000000107e-02 -6.871448980000000040e-02 -2.134110969999999941e-02 -5.212786600000000187e-02 2.373727129999999869e-03
1.087496100000000041e+02 4.695861989999999819e-02 1.625977699999999956e-02 -6.219075730000000329e-02 6.478881179999999851e-03 4.570898490000000099e-03 -2.896138139999999972e-02
1.114680000000000035e+02 3.187524159999999968e-02 1.806451909999999897e-02 -6.850981220000000593e-02 1.738271320000000023e-02 1.732941039999999835e-02 -4.469624710000000278e-02
1.141680159999999944e+02 3.570641809999999805e-02 1.956129280000000123e-02 -5.906730889999999706e-02 7.860361280000000353e-03 -1.163587680000000013e-02 -2.967268970000000103e-02
1.168709850000000046e+02 5.021431750000000110e-02 1.388508460000000000e-02 -6.620987870000000219e-02 -3.192761139999999997e-03 6.770077569999999323e-02 -8.422086239999999890e-02
1.195660469999999975e+02 7.218693130000000679e-02 1.290933369999999920e-02 -4.720550269999999882e-02 -4.602411839999999942e-03 6.568088149999999625e-02 -2.299698790000000159e-02
1.222680000000000007e+02 7.191734410000000244e-02 3.731902410000000146e-03 -4.925881000000000010e-02 1.222867689999999940e-03 2.757076179999999946e-02 -4.222632789999999914e-02
1.249605470000000054e+02 6.685764630000000375e-02 5.944901530000000316e-03 -5.300074309999999733e-02 5.269755840000000212e-03 1.959979599999999919e-02 6.302130300000000074e-03
1.276624220000000065e+02 6.835967850000000678e-02 2.095329300000000044e-03 -5.179290169999999777e-02 3.182247159999999908e-02 1.909186920000000010e-02 -1.587084839999999830e-02
1.303582969999999932e+02 6.819695559999999768e-02 9.210286059999999581e-03 -4.643828950000000039e-02 -5.564098410000000057e-03 -8.798863860000000550e-03 -2.244808200000000115e-02
1.330547029999999893e+02 6.577226969999999673e-02 8.753042420000000864e-03 -4.137501980000000273e-02 -6.411318289999999760e-03 -3.999204979999999854e-02 8.712275650000000232e-03
1.357539060000000006e+02 6.601898740000000654e-02 -2.808568909999999835e-03 -4.481769289999999739e-02 -2.047150860000000044e-02 -4.385780689999999732e-02 -3.949848820000000094e-02
1.384518280000000061e+02 6.650668949999999358e-02 -4.470629420000000326e-03 -3.911957540000000205e-02 -3.217764750000000340e-02 -2.025304049999999967e-02 -5.029047849999999931e-02
1.411328750000000127e+02 6.964571649999999614e-02 -1.193183509999999961e-02 -4.454844549999999875e-02 -2.469667470000000073e-02 -1.261665470000000039e-02 -2.149120449999999960e-02
1.438423750000000041e+02 7.359590500000000313e-02 -1.797933280000000005e-03 -3.136856620000000317e-02 1.561681179999999981e-02 -7.101736469999999843e-03 -1.841156409999999966e-02
1.465406560000000127e+02 7.058510610000000296e-02 -5.470833970000000060e-03 -2.101287500000000030e-02 -9.517117279999999166e-03 4.483660400000000212e-02 -1.331354450000000024e-03
1.492416249999999991e+02 7.246714840000000046e-02 -3.134889310000000141e-03 -4.335629350000000035e-03 2.752899940000000205e-03 -2.256240379999999851e-02 -1.132451029999999997e-02
1.519292660000000126e+02 7.160381949999999884e-02 2.641145680000000009e-03 2.968148400000000017e-03 -3.359568560000000120e-02 1.845961240000000038e-03 4.451445910000000061e-02
1.546258909999999958e+02 7.354164459999999737e-02 5.546078619999999550e-04 3.375576119999999791e-02 4.277006860000000243e-02 9.402722130000000858e-03 2.581493610000000147e-02
1.573221249999999998e+02 6.969658149999999330e-02 1.780549709999999959e-03 5.048236949999999890e-02 -5.682249970000000094e-02 6.616863439999999714e-03 5.714521940000000244e-02
1.600243600000000015e+02 7.128399570000000518e-02 -5.965414289999999626e-06 5.053375549999999938e-02 -4.302723370000000047e-02 9.874605660000000673e-03 2.573461310000000127e-02
1.627252660000000049e+02 6.792978069999999757e-02 -2.763929640000000083e-03 5.096252359999999676e-02 -6.235634980000000216e-02 -2.455309339999999993e-02 2.086269519999999975e-02
1.654194850000000088e+02 6.734753799999999846e-02 -4.245473319999999739e-04 5.702237100000000225e-02 -9.446812279999999493e-03 -1.440429260000000017e-02 1.026318139999999983e-02
1.681217969999999866e+02 6.095722320000000055e-02 -6.175047469999999988e-04 5.049633409999999822e-02 2.829590390000000059e-03 3.489376210000000311e-02 -2.919209429999999883e-02
1.708224999999999909e+02 6.616071060000000559e-02 -4.478737370000000252e-03 5.459485719999999931e-02 -3.392261590000000132e-02 -1.826495250000000070e-02 -1.679744589999999926e-02
1.735241409999999860e+02 6.311972809999999434e-02 4.364254550000000216e-05 6.614909069999999613e-02 -2.516361290000000001e-02 2.491539400000000043e-02 -1.456233910000000013e-02
1.762226880000000051e+02 5.400408300000000134e-02 1.207789039999999925e-02 6.105097100000000249e-02 -4.479290219999999823e-02 -1.880512349999999971e-02 1.960310690000000022e-02
1.789263440000000003e+02 4.500305179999999905e-02 9.005548889999999418e-03 5.753504200000000152e-02 3.254865999999999922e-03 1.827957919999999986e-02 -2.162387970000000104e-02
1.816182349999999985e+02 6.088526699999999986e-02 1.507800869999999932e-02 4.925036399999999787e-02 2.581636929999999927e-02 2.117287049999999962e-02 1.791180900000000076e-02
1.843189690000000098e+02 6.900996239999999948e-02 4.761589279999999848e-03 4.474738909999999986e-02 5.659474180000000076e-02 2.541409669999999954e-02 -1.858892289999999892e-02
1.870192969999999946e+02 6.958524650000000311e-02 5.981522230000000349e-03 4.049830570000000074e-02 9.197136070000000441e-02 3.800117819999999924e-02 1.381362400000000004e-02
1.897317189999999982e+02 7.218705499999999997e-02 4.113264359999999585e-03 3.505438219999999772e-02 3.380458420000000130e-02 4.161250150000000286e-02 -1.184543180000000029e-02
1.924320940000000064e+02 7.693120809999999532e-02 1.079490299999999892e-03 4.125444400000000122e-02 5.210837709999999873e-02 1.108469360000000070e-02 -8.566404769999999211e-03
1.951338279999999941e+02 7.502340940000000458e-02 1.507400519999999976e-03 4.041908820000000152e-02 7.396816550000000039e-03 -6.042067119999999791e-02 -2.614497899999999875e-02
1.978428749999999923e+02 6.685753499999999572e-02 -1.725424320000000110e-04 4.493364300000000228e-02 3.798178809999999683e-02 -2.146964609999999982e-02 -6.350937269999999690e-02
2.005332029999999861e+02 6.255978219999999701e-02 1.105988769999999982e-03 4.582294669999999875e-02 3.011823440000000254e-04 -4.565608659999999611e-03 -3.001047370000000172e-02
2.032403909999999883e+02 7.302492160000000065e-02 -6.216868880000000130e-04 4.362122069999999768e-02 -2.603911880000000026e-02 -2.436597880000000022e-02 -5.160365830000000070e-02
2.059331099999999992e+02 6.610673970000000010e-02 6.564505210000000238e-04 4.408365919999999993e-02 -1.518293270000000035e-02 -2.907304059999999898e-02 -6.985454620000000614e-02
2.086292029999999897e+02 5.992948690000000217e-02 7.599030569999999998e-03 4.114409189999999883e-02 -8.448401269999999963e-02 -5.861845200000000145e-02 -4.523394969999999793e-02
2.113295469999999909e+02 5.497024460000000251e-02 3.566469200000000131e-03 5.823284980000000000e-02 -2.416858200000000095e-02 -3.905494300000000168e-02 -3.829052460000000047e-02
2.140305160000000058e+02 5.433033939999999673e-02 4.455182509999999936e-03 6.464222660000000509e-02 -2.730121569999999914e-02 -6.308398040000000317e-02 1.283306229999999978e-02
2.167288440000000094e+02 6.009087590000000006e-02 4.950239300000000044e-03 7.460465430000000342e-02 1.537216840000000043e-02 -6.412181370000000213e-02 3.379222419999999838e-02
2.194386880000000133e+02 5.588154310000000013e-02 -1.525296289999999912e-03 6.203195360000000186e-02 -3.354351440000000184e-02 1.419926799999999927e-02 1.772393109999999966e-02
2.221427030000000116e+02 4.854245380000000304e-02 -3.679979600000000094e-03 6.921431510000000675e-02 1.153015930000000043e-02 -3.461799680000000184e-02 -1.200799850000000037e-02
2.248360940000000028e+02 4.380867380000000311e-02 -3.814233519999999864e-04 6.302738509999999961e-02 -6.384375529999999910e-03 -4.533866289999999820e-03 1.014584889999999929e-03
2.275467659999999910e+02 3.940451560000000214e-02 -3.673895889999999852e-03 6.564550569999999530e-02 2.148561810000000128e-04 -3.915340640000000011e-02 -1.157259139999999983e-03
2.302495940000000019e+02 4.465151660000000328e-02 -3.257616750000000110e-03 6.779288890000000067e-02 -7.498974890000000004e-02 -1.072844769999999927e-02 -9.785149490000001008e-04
2.329539059999999893e+02 4.234047929999999738e-02 -4.019501459999999873e-03 7.145137810000000422e-02 -1.439349200000000079e-02 -2.994141650000000168e-02 2.741856670000000079e-02
2.356490630000000124e+02 3.992043769999999853e-02 -3.627998739999999979e-04 6.465808750000000271e-02 -6.802415759999999589e-03 -1.220157839999999952e-02 3.211560029999999816e-02
2.383662030000000129e+02 4.899064959999999830e-02 5.733529549999999766e-03 6.676028259999999825e-02 -4.835235279999999802e-02 -2.365437069999999989e-02 3.385652470000000136e-02
2.410663749999999936e+02 5.235835109999999876e-02 2.839336779999999949e-03 6.336262260000000146e-02 -5.820805839999999842e-02 5.261102400000000276e-03 1.389898739999999994e-02
2.437685940000000073e+02 5.731833050000000040e-02 1.026791850000000061e-03 7.157442159999999332e-02 -2.644656440000000067e-02 -4.101400360000000134e-02 -1.198425869999999917e-03
2.464737030000000004e+02 5.751019739999999741e-02 -1.524463239999999898e-03 6.489275379999999427e-02 -1.605293210000000026e-02 -1.604874800000000157e-02 2.284293349999999903e-02
2.491715000000000089e+02 5.843799310000000191e-02 -3.518729180000000102e-03 6.713929520000000428e-02 -3.069668520000000053e-02 -3.464397720000000208e-02 2.121697989999999853e-02
2.518797969999999964e+02 6.328128500000000656e-02 -1.336316639999999938e-02 5.961930330000000250e-02 -4.877692799999999718e-02 -8.972818900000000333e-03 -2.411596330000000208e-03
2.545727500000000134e+02 6.864060339999999982e-02 -1.090570629999999992e-02 6.282987980000000194e-02 -5.350360490000000135e-02 -4.423294890000000271e-03 3.935922189999999793e-02
2.572726880000000165e+02 6.779487820000000553e-02 -9.689428619999999187e-03 6.551070920000000297e-02 -2.633061819999999928e-02 -5.287947599999999644e-03 7.662500399999999656e-02
2.599649059999999849e+02 6.841075269999999375e-02 -1.173394940000000060e-02 5.758652859999999901e-02 -1.724061489999999947e-02 1.480984829999999926e-02 1.108326260000000035e-01
2.626714059999999904e+02 7.015442719999999410e-02 -1.456232200000000081e-02 5.872975629999999808e-02 4.547585540000000266e-03 1.066692120000000028e-02 6.502140609999999821e-02
2.653754529999999932e+02 6.639090549999999979e-02 -7.273355189999999686e-03 4.830339139999999948e-02 1.117050319999999923e-02 -4.142272810000000027e-03 4.768104100000000040e-02
2.680953640000000178e+02 6.360795069999999884e-02 -8.896912870000000736e-03 4.627886269999999941e-02 1.184539859999999938e-02 -2.162328460000000063e-02 2.371731680000000071e-05
