# a=0.06465297834414552, b=-137.47485574012472, c=-0.002429315880814082, xi=11.528025303517468
6.948747739999999729e-01 5.627866210000000147e-02 2.358565909999999800e-03 6.699678289999999592e-02 -2.095020020000000135e-02 7.291777590000000399e-03 -9.599071190000000794e-03
3.389758389999999899e+00 5.889164040000000044e-02 9.842586489999999300e-03 6.130631899999999801e-02 -1.990787520000000029e-03 -5.206538230000000086e-03 -4.412108819999999848e-02
6.099152440000000119e+00 7.100369630000000210e-02 1.624783700000000108e-04 5.866585910000000209e-02 1.390454219999999984e-02 -5.353593079999999921e-02 5.197290489999999846e-02
8.806596040000000514e+00 7.360493569999999874e-02 1.186333019999999926e-02 5.015088169999999679e-02 2.873639860000000087e-02 -3.679213879999999881e-02 2.510276150000000095e-02
1.150112930000000055e+01 7.247883839999999522e-02 9.775968059999999224e-03 3.875676930000000048e-02 -1.508718860000000071e-02 -2.273103560000000207e-03 2.938946749999999872e-02
1.419593560000000032e+01 7.395662020000000336e-02 1.530802619999999982e-02 4.820258599999999866e-02 -1.647381109999999926e-02 3.722721310000000079e-03 -6.552518670000000156e-03
1.690607779999999849e+01 7.725815969999999533e-02 1.560188170000000041e-02 2.912816110000000097e-02 -2.708346160000000159e-03 1.648309359999999835e-02 -3.923754179999999758e-02
1.958917930000000140e+01 7.988254929999999421e-02 1.191006449999999946e-02 1.477751690000000083e-02 -8.768332639999999387e-03 -2.242509690000000014e-02 2.032867550000000065e-02
2.228721210000000141e+01 7.955394130000000008e-02 7.244702409999999662e-03 1.435960079999999911e-03 -1.619061059999999871e-02 -2.921922100000000008e-02 -1.450962000000000085e-02
2.499026530000000079e+01 7.553135280000000673e-02 2.794183549999999967e-03 -1.294597540000000033e-02 -3.311336330000000210e-03 6.260688559999999861e-03 -5.771456469999999839e-02
2.768721209999999999e+01 7.052522299999999800e-02 1.269518950000000056e-02 -3.644867460000000142e-02 -2.148888610000000005e-03 -7.327934720000000082e-03 -6.953359459999999825e-02
3.038333869999999948e+01 5.739931930000000126e-02 7.064861789999999850e-03 -5.662014309999999911e-02 -2.143086510000000167e-02 -2.084784329999999838e-02 -2.822254470000000112e-02
3.308259960000000177e+01 5.441035479999999785e-02 5.899790010000000202e-03 -6.434220000000000217e-02 -1.568601509999999893e-02 5.044158249999999843e-03 -4.401260619999999846e-02
3.578014960000000144e+01 5.813864159999999892e-02 -1.263566009999999998e-03 -5.936333779999999893e-02 -2.077174660000000173e-02 -6.107833780000000018e-02 -4.601707979999999920e-02
3.847683560000000114e+01 6.307099630000000123e-02 -1.131316480000000083e-03 -5.904889349999999787e-02 -4.131887449999999823e-03 -3.168514039999999893e-02 -1.667739979999999927e-02
4.118894339999999943e+01 6.749317320000000620e-02 -8.178160360000000587e-03 -6.153916200000000142e-02 -5.268161119999999892e-03 -1.634312970000000032e-02 -3.646970029999999779e-02
4.388666210000000234e+01 6.254358979999999346e-02 -1.557864049999999924e-02 -6.018961309999999731e-02 -7.697545309999999710e-03 -2.424924360000000126e-02 7.199728839999999970e-03
4.658312459999999788e+01 5.658199790000000007e-02 -1.141968210000000004e-02 -6.305259739999999336e-02 -2.477456069999999996e-02 2.496547810000000062e-02 1.724085499999999938e-02
4.929061839999999961e+01 5.627471810000000269e-02 -9.589210250000000657e-03 -6.071354279999999909e-02 -2.822746110000000017e-02 -2.772936989999999838e-02 8.216932519999999365e-03
5.199267460000000085e+01 6.498860110000000134e-02 -4.722571939999999774e-03 -5.714364620000000200e-02 -2.700066500000000008e-02 9.352550989999999786e-03 -2.604334349999999978e-02
5.468953239999999738e+01 6.395175090000000673e-02 -9.181674290000000488e-03 -5.677529280000000178e-02 -2.063751639999999998e-02 -5.560654190000000052e-03 -5.376995279999999960e-02
5.739209809999999834e+01 5.795248139999999853e-02 1.539037770000000003e-03 -6.495308800000000604e-02 -1.562973609999999958e-02 1.210430929999999940e-02 -8.546131310000000536e-02
6.007989959999999741e+01 6.302749700000000177e-02 6.420224159999999777e-03 -6.182906059999999926e-02 -2.486432460000000122e-02 -1.335520920000000077e-02 -2.563466730000000041e-02
6.278503249999999980e+01 5.687348870000000223e-02 9.831485750000000523e-03 -6.727243989999999452e-02 -1.368085339999999990e-02 2.174512690000000165e-02 -3.545819400000000104e-03
6.548371530000000007e+01 5.039405539999999850e-02 8.621613889999999239e-03 -5.318087779999999820e-02 -3.009687960000000106e-02 3.662519859999999877e-02 1.305921030000000045e-02
6.817749340000000302e+01 4.042990970000000239e-02 9.041002890000000153e-03 -5.917481819999999976e-02 -1.859424679999999858e-02 -3.865357939999999968e-03 -5.456035769999999924e-02
7.088279489999999328e+01 4.919041720000000284e-02 1.125144020000000064e-02 -6.000618939999999985e-02 2.677614940000000183e-03 1.770784250000000115e-02 -7.308430150000000403e-02
7.357812930000000051e+01 5.554155370000000286e-02 1.161256830000000073e-02 -6.432376539999999643e-02 -3.687983959999999780e-04 1.724506079999999983e-02 -6.581864530000000602e-02
7.627761370000000340e+01 6.291379710000000181e-02 9.292813679999999479e-03 -5.853488600000000125e-02 7.281476939999999981e-03 -6.169210950000000165e-03 -2.030719149999999848e-02
7.896449490000000537e+01 6.057995680000000105e-02 3.728523029999999960e-03 -6.047175839999999886e-02 -3.254075339999999705e-02 -2.527600580000000097e-02 -1.613164980000000165e-02
8.165289180000000613e+01 6.213935999999999765e-02 -2.976798379999999792e-04 -5.237088899999999686e-02 -1.624182199999999951e-02 -2.842705489999999835e-02 2.576336280000000173e-02
8.436312460000000613e+01 5.661500790000000005e-02 -5.621598589999999597e-03 -5.889219770000000270e-02 9.537614490000000458e-03 1.476132120000000006e-02 -8.231862800000000480e-02
8.707547150000000613e+01 4.775972220000000018e-02 9.194745040000000319e-04 -6.062161020000000206e-02 3.975739009999999796e-03 4.263733609999999924e-02 -6.248678319999999980e-02
8.977700120000000084e+01 5.231367130000000309e-02 4.137816740000000403e-03 -7.373112719999999620e-02 9.324158020000000713e-03 3.560425660000000186e-02 -1.099564160000000013e-01
9.247987929999999324e+01 6.090735929999999826e-02 -2.575911990000000120e-03 -8.112368179999999984e-02 -2.145151799999999928e-02 -5.434278069999999572e-03 -3.218585119999999716e-02
9.517631989999999576e+01 5.019518850000000143e-02 -2.548987769999999913e-03 -7.550638849999999347e-02 -2.410557730000000010e-02 -3.907263009999999842e-02 -7.327345540000000657e-02
9.786916370000000143e+01 3.946696040000000072e-02 3.271864939999999909e-03 -7.532823310000000272e-02 -1.763179510000000005e-02 -4.409777690000000333e-02 -4.390530869999999947e-02
1.005674860000000024e+02 3.295611860000000060e-02 -6.879636889999999651e-03 -7.781933330000000149e-02 7.415593040000000111e-04 -1.380807080000000069e-02 -8.117123599999999384e-02
1.032741259999999954e+02 3.881877339999999926e-02 1.578315179999999988e-03 -7.874398150000000429e-02 -1.642211500000000102e-02 7.093771320000000040e-03 -4.801086019999999815e-02
1.059794859999999943e+02 4.488314840000000305e-02 -2.262813560000000168e-03 -7.508908279999999824e-02 8.427179910000000621e-03 1.801807249999999973e-03 -3.551493029999999718e-02
1.086793610000000001e+02 5.066627089999999750e-02 -1.163480149999999991e-03 -7.153495919999999786e-02 -1.562379779999999944e-03 1.595970979999999928e-02 -1.383633859999999945e-02
1.113876419999999996e+02 5.521642090000000030e-02 -1.923667879999999952e-03 -6.824413259999999315e-02 2.978401179999999940e-02 7.272160260000000431e-04 -2.898489760000000012e-02
1.140931570000000050e+02 5.432788770000000073e-02 1.232014999999999933e-03 -6.916876219999999742e-02 5.384849919999999679e-02 6.180080870000000115e-03 -4.738457799999999664e-02
1.168029070000000047e+02 6.700412149999999956e-02 -2.468448360000000119e-03 -6.395648249999999480e-02 1.619877009999999909e-02 -6.591364619999999855e-03 3.272224039999999806e-02
1.195047200000000061e+02 6.686492889999999523e-02 2.001628750000000127e-03 -5.951334949999999985e-02 2.970260679999999973e-02 -1.836787750000000094e-02 -4.604830980000000282e-03
1.222117669999999947e+02 6.787229109999999566e-02 2.832572900000000088e-03 -5.324253860000000005e-02 -1.096057630000000019e-02 3.488295179999999912e-02 1.726869329999999869e-02
1.249187040000000053e+02 7.087322320000000175e-02 1.076406009999999981e-03 -4.039562210000000042e-02 -2.933269310000000130e-02 -6.064914010000000202e-03 -2.558092819999999851e-02
1.276089390000000066e+02 7.098749370000000114e-02 -7.224137680000000152e-03 -4.298237500000000322e-02 -2.891560660000000102e-02 -9.229062340000000059e-03 -6.296137109999999648e-02
1.303027669999999887e+02 8.405530109999999333e-02 -2.697514780000000167e-03 -3.052501919999999966e-02 -2.849753819999999854e-02 -5.140165859999999698e-02 -3.233973710000000168e-02
1.329899389999999926e+02 7.712790040000000458e-02 -1.232613029999999991e-02 -2.919736189999999967e-02 -4.091129000000000293e-02 -7.263562730000000002e-03 -4.922568220000000244e-02
1.356831420000000037e+02 7.780613799999999691e-02 -7.446134640000000131e-03 -2.180017290000000121e-02 -2.020999240000000141e-02 5.531960409999999925e-03 -1.401069459999999996e-02
1.383900950000000023e+02 7.389747630000000067e-02 -1.919305090000000130e-02 -5.748572480000000220e-03 6.758905479999999764e-03 -1.972212099999999871e-02 -3.349037430000000037e-02
1.410955950000000030e+02 6.288058870000000355e-02 -2.206335079999999921e-02 1.623634430000000031e-02 1.266526339999999966e-03 -1.259546379999999972e-02 9.025517699999999199e-03
1.437766570000000002e+02 6.360938230000000304e-02 -1.996117270000000166e-02 2.764282020000000117e-02 -2.390688020000000108e-03 -8.030826839999999703e-03 -5.872734150000000382e-03
1.464821259999999938e+02 6.814520259999999607e-02 -1.883819289999999827e-02 4.504009359999999740e-02 -2.907674639999999894e-02 6.389856840000000295e-03 1.908472989999999980e-02
1.491765010000000018e+02 6.908483569999999963e-02 -1.178055400000000037e-02 5.621644239999999682e-02 7.036332190000000285e-03 -2.287995450000000069e-02 1.948034259999999879e-02
1.518654860000000042e+02 6.786065600000000531e-02 -1.423522089999999969e-02 5.665708819999999701e-02 1.666001539999999864e-02 -6.692798290000000379e-03 1.652087429999999843e-02
1.545806259999999952e+02 6.316598060000000459e-02 -1.195491540000000012e-02 6.431775559999999836e-02 5.254828359999999879e-03 3.009949810000000017e-02 -1.819875430000000155e-02
1.572714699999999937e+02 5.918307729999999767e-02 -1.298529619999999954e-02 5.688408989999999693e-02 -3.776587309999999975e-02 3.634602839999999911e-03 5.287151629999999568e-03
1.599755790000000104e+02 6.719310219999999334e-02 -4.861087370000000303e-03 5.655694730000000031e-02 -5.162731770000000137e-02 1.805547429999999898e-02 1.047187010000000078e-02
1.626786260000000084e+02 5.925138089999999746e-02 -2.160886720000000042e-03 6.924991730000000512e-02 -3.184699249999999732e-02 -2.689037840000000137e-02 5.858958499999999785e-03
1.653805319999999881e+02 6.869464940000000186e-02 2.311968919999999976e-03 5.965519529999999820e-02 -3.153387569999999834e-02 1.907448969999999897e-02 3.423064779999999974e-02
1.680891890000000046e+02 6.964241340000000557e-02 1.249323110000000094e-03 5.930691429999999931e-02 1.365288230000000040e-02 2.548878530000000045e-02 2.163011529999999891e-02
1.707901889999999980e+02 6.654084429999999883e-02 2.109679519999999812e-03 5.335703089999999787e-02 -2.876605559999999891e-03 4.683841650000000224e-03 -1.961940090000000025e-02
1.734988920000000121e+02 6.615089350000000201e-02 3.105971650000000127e-04 6.498719810000000430e-02 1.781604720000000072e-02 4.997293450000000331e-02 -2.093082890000000015e-02
1.762089229999999986e+02 6.442993909999999991e-02 -6.959092139999999930e-04 6.961946339999999789e-02 8.148438989999999549e-03 1.039441860000000009e-02 1.619127669999999991e-02
1.789167040000000100e+02 6.647820720000000017e-02 -3.357337800000000008e-03 6.083746579999999710e-02 -1.612773680000000043e-02 1.147957410000000067e-02 3.568594370000000016e-02
1.816287039999999990e+02 5.878301739999999831e-02 5.584726719999999651e-03 6.061120469999999733e-02 -3.541050440000000077e-02 6.867784810000000274e-03 -2.121814400000000215e-03
1.843302510000000041e+02 5.600597379999999736e-02 -1.614182899999999903e-03 6.651082619999999779e-02 -3.745534040000000203e-02 -2.599480529999999984e-02 -3.911159820000000009e-02
1.870282200000000046e+02 5.514244969999999857e-02 3.327642210000000258e-04 6.765172160000000601e-02 -3.510762440000000234e-02 -1.108241970000000028e-02 -1.003056310000000062e-02
1.897261890000000051e+02 5.520215440000000168e-02 6.966420679999999963e-03 7.245452580000000253e-02 -6.910634640000000439e-02 -1.330584700000000085e-02 -1.447314149999999943e-03
1.924285169999999994e+02 4.899093809999999910e-02 3.974054480000000118e-03 7.595955570000000046e-02 -5.820756810000000253e-02 -4.569899940000000244e-03 1.837075040000000006e-02
1.951243920000000003e+02 5.579426020000000097e-02 -3.036750700000000192e-03 6.533363409999999594e-02 1.474071769999999934e-02 -3.047134979999999854e-02 -2.289845280000000170e-03
1.978197979999999916e+02 6.511590559999999583e-02 1.816674099999999927e-03 6.831870199999999504e-02 -7.543227769999999964e-03 -2.185599540000000146e-02 2.625034880000000001e-02
2.005219539999999938e+02 6.971065170000000089e-02 -5.043330480000000199e-03 6.186136400000000202e-02 2.397186860000000141e-02 -6.475812779999999547e-02 -2.056893309999999891e-02
2.032267510000000073e+02 6.830257639999999519e-02 1.193638249999999989e-03 5.234319319999999887e-02 -8.939676940000000280e-03 -2.118948110000000093e-02 -7.838747259999999384e-02
2.059202980000000025e+02 6.523210749999999725e-02 2.533568549999999902e-03 6.363902579999999864e-02 3.411221150000000313e-02 -2.839202689999999890e-02 -4.121230819999999878e-02
2.086288289999999961e+02 6.172721550000000168e-02 7.547803349999999967e-03 6.091651900000000230e-02 -3.744414909999999996e-03 4.520304969999999756e-02 -5.650234109999999893e-02
2.113294539999999984e+02 6.174129579999999839e-02 5.759844450000000012e-03 6.207213200000000208e-02 3.374812209999999979e-02 1.374464709999999919e-03 -4.269050900000000148e-02
2.140415010000000109e+02 6.084614790000000134e-02 8.873743590000000153e-03 5.434844219999999948e-02 -2.153468210000000077e-02 -7.752894700000000430e-03 -1.579584709999999961e-02
2.167401889999999867e+02 7.309212340000000030e-02 6.278625369999999740e-03 6.082985359999999730e-02 -1.520527489999999940e-02 -6.564413759999999931e-02 -9.737873960000000689e-03
2.194290790000000015e+02 7.208685039999999933e-02 9.252077029999999924e-03 4.622141760000000182e-02 2.402980619999999998e-02 -3.511250230000000083e-02 5.160441849999999886e-02
2.221255170000000021e+02 6.363649540000000659e-02 -7.388824740000000078e-04 5.011449999999999932e-02 1.074907070000000013e-02 -5.924956809999999685e-02 3.967079760000000177e-02
2.248204859999999883e+02 6.425855269999999897e-02 -5.226674300000000266e-03 5.606129790000000113e-02 -1.591250769999999828e-02 -2.255934500000000148e-02 2.534888119999999939e-02
2.275276570000000049e+02 6.178156399999999715e-02 -5.550763929999999978e-03 5.689115310000000120e-02 1.791281169999999964e-02 1.871611119999999975e-02 2.839757749999999997e-02
2.302331419999999866e+02 6.606417180000000167e-02 -5.289928779999999650e-03 6.407296379999999347e-02 2.913051059999999942e-02 9.731993689999999392e-03 4.205594890000000086e-02
2.329328289999999981e+02 6.510323460000000395e-02 1.424409589999999989e-03 6.264529820000000471e-02 6.632348590000000654e-02 -1.967014389999999918e-02 1.862785360000000084e-02
2.356395170000000121e+02 6.125897629999999677e-02 6.965699000000000001e-05 5.650964850000000234e-02 6.612895459999999781e-02 3.706237849999999973e-02 -1.740354729999999892e-02
2.383374540000000081e+02 5.062281140000000207e-02 -3.338501939999999942e-03 4.756972059999999697e-02 3.174836720000000050e-03 -7.905743999999999272e-03 9.989974750000000028e-03
2.410264390000000105e+02 4.724912540000000133e-02 -8.447750199999999599e-03 5.609372459999999866e-02 4.476350369999999856e-02 -3.900945690000000299e-02 3.613980480000000134e-02
2.437084069999999940e+02 5.478768879999999786e-02 -9.279739310000000019e-03 6.225266649999999791e-02 2.404385549999999913e-02 -3.375537630000000067e-02 5.052053830000000079e-02
2.464109390000000133e+02 5.880463379999999879e-02 4.743671080000000199e-03 6.253576769999999452e-02 4.382453370000000126e-02 3.510074040000000020e-03 4.627821630000000103e-02
2.491209069999999883e+02 6.140752979999999916e-02 4.243805169999999988e-03 6.038448970000000193e-02 -1.962409299999999870e-02 5.666571859999999794e-02 5.947534019999999727e-02
2.518253290000000106e+02 6.699289220000000100e-02 1.192700000000000010e-02 6.635598060000000298e-02 2.146271749999999895e-02 1.892387419999999945e-02 6.678916510000000584e-02
2.545312820000000045e+02 6.963388500000000647e-02 9.099304909999999733e-03 6.059001730000000002e-02 -6.432481169999999804e-02 -4.533657840000000078e-03 1.578005470000000063e-02
2.572365480000000275e+02 6.395937749999999755e-02 9.671056719999999648e-03 6.583692400000000500e-02 -6.808651629999999677e-02 1.743529339999999898e-03 -1.975375279999999970e-02
2.599308760000000120e+02 5.173749419999999766e-02 1.433847069999999967e-03 6.796885460000000323e-02 -4.418087550000000113e-02 -2.372070630000000166e-02 -2.690899650000000073e-02
2.626451109999999858e+02 5.985042189999999901e-02 -9.795793569999999633e-05 7.201783209999999824e-02 2.905746019999999943e-02 6.190523590000000104e-03 -5.983149290000000465e-04
2.653370009999999866e+02 6.268124969999999685e-02 9.795398150000000567e-03 7.095462019999999870e-02 1.522638640000000031e-03 -1.916642859999999901e-03 3.573988489999999768e-02
2.680510419999999954e+02 6.088933850000000092e-02 3.065691330000000145e-03 6.457484909999999800e-02 5.687288660000000377e-03 -6.806578879999999714e-03 -2.186637320000000065e-02
