# a=0.06446234697813297, b=-138.68824468261386, c=0.0016332788533087656, xi=20.252530346591104
6.715654500000000082e-01 7.609985919999999460e-02 4.633881999999999758e-03 3.929207290000000241e-02 -3.574543759999999903e-02 -2.804773600000000019e-02 -1.030581539999999956e-02
3.364443580000000100e+00 7.615872460000000510e-02 -3.939470090000000112e-03 2.907929009999999856e-02 -2.985116020000000078e-02 -2.581497660000000097e-02 1.863804679999999867e-02
6.062642330000000079e+00 7.450685460000000537e-02 3.957879899999999958e-03 2.508321050000000135e-02 -6.018962559999999594e-03 3.357133190000000100e-02 -2.027559890000000045e-02
8.771249989999999386e+00 8.276849930000000632e-02 7.118690799999999839e-03 8.687810129999999284e-03 9.095227180000000147e-03 -1.502487010000000053e-02 -1.673844379999999896e-02
1.147758830000000074e+01 8.047673439999999956e-02 7.274402810000000358e-03 -1.268192540000000028e-02 -2.036619679999999988e-02 -2.779851919999999990e-02 -8.359103479999999489e-03
1.418411009999999983e+01 7.994959120000000308e-02 3.700493019999999932e-03 -4.052402249999999956e-02 -7.961532349999999800e-03 -4.109414339999999805e-02 -3.765724609999999972e-02
1.688158049999999832e+01 6.505959930000000668e-02 1.071828820000000036e-02 -4.900670659999999818e-02 1.069845080000000025e-02 -5.100032549999999887e-02 -2.808989439999999907e-02
1.958231800000000078e+01 5.375206309999999710e-02 -8.428898449999999709e-03 -5.829889729999999937e-02 2.723565580000000125e-02 -8.213249299999999392e-03 -2.069029439999999984e-02
2.229238050000000015e+01 4.290262830000000221e-02 -1.245630709999999940e-02 -6.854317540000000319e-02 -1.809653010000000090e-02 -2.670633719999999933e-02 -2.810588919999999942e-03
2.498711009999999888e+01 5.045482550000000149e-02 -1.063269889999999933e-02 -7.198389680000000235e-02 1.036635340000000016e-02 2.934148369999999961e-03 -2.132310839999999874e-02
2.768039449999999846e+01 5.925223620000000246e-02 -1.353554679999999927e-02 -6.909596860000000174e-02 6.564270849999999380e-02 3.500120050000000288e-02 2.502448070000000261e-04
3.037471800000000144e+01 5.856391259999999682e-02 -1.007225240000000042e-02 -6.088219029999999976e-02 7.056621820000000267e-02 3.372204649999999831e-02 -3.102186079999999860e-02
3.307359610000000316e+01 5.985993490000000167e-02 -1.248563580000000041e-02 -5.807066429999999807e-02 9.319735580000000630e-02 -2.329418009999999900e-02 -3.412036930000000162e-02
3.577563669999999973e+01 6.152262909999999668e-02 -7.822415200000000166e-03 -5.102459770000000033e-02 -1.082476060000000032e-02 2.342057399999999956e-02 -1.702627879999999913e-02
3.846967579999999742e+01 6.984783270000000099e-02 -8.972531529999999353e-03 -4.734127259999999782e-02 7.106917590000000166e-03 1.193302610000000069e-02 1.204295680000000077e-02
4.116312109999999791e+01 6.692233570000000187e-02 -3.222866610000000177e-03 -5.249803019999999681e-02 -1.461498609999999955e-02 -2.355579339999999949e-03 1.318864689999999992e-02
4.387137890000000340e+01 6.088795629999999709e-02 -4.966067000000000224e-03 -5.257477309999999959e-02 5.792499570000000236e-02 -5.453208020000000107e-03 -4.368177529999999614e-03
4.657293829999999701e+01 6.272413679999999658e-02 -7.484933150000000306e-03 -3.482257629999999798e-02 4.472630030000000062e-02 -2.653036539999999860e-02 -2.237460420000000200e-03
4.927254450000000219e+01 6.923443510000000523e-02 -3.908292429999999859e-04 -3.257444799999999890e-02 5.289183389999999735e-02 5.369297099999999906e-03 2.936541579999999915e-02
5.197657259999999724e+01 6.611123680000000058e-02 3.183202049999999794e-03 -2.972571790000000033e-02 -7.995011450000000588e-03 -5.634586730000000140e-03 -8.256588109999999162e-03
5.468254919999999686e+01 6.486617719999999976e-02 -2.555142869999999823e-03 -3.667828950000000254e-02 -2.831501219999999971e-02 1.092048969999999918e-02 -1.162700960000000085e-03
5.737480229999999892e+01 6.016783440000000177e-02 6.247685630000000302e-03 -5.123696750000000105e-02 -6.307916889999999610e-02 7.659483630000000001e-03 4.242487770000000213e-02
6.008086010000000243e+01 5.973459939999999774e-02 9.443780159999999937e-03 -5.274425719999999845e-02 2.520193290000000141e-02 9.094842129999999164e-03 1.811496620000000021e-03
6.276760550000000194e+01 6.031713379999999874e-02 8.889481629999999510e-03 -5.129386760000000101e-02 3.918024950000000006e-02 1.287905900000000086e-03 8.943365279999999917e-02
6.547173510000000363e+01 5.869578920000000088e-02 4.597123800000000107e-03 -4.008292499999999842e-02 1.059428780000000042e-01 -3.217535109999999920e-02 -8.253075170000000529e-04
6.817178979999999910e+01 5.955218429999999813e-02 -2.385801309999999956e-03 -4.503333040000000176e-02 2.429187349999999829e-02 -4.793091339999999700e-03 -5.709238359999999762e-02
7.086601949999999306e+01 5.820246219999999915e-02 -5.405177950000000266e-03 -5.385886000000000146e-02 2.822488730000000112e-02 -2.999151820000000093e-02 -3.567060269999999811e-02
7.357252889999999468e+01 5.707625169999999692e-02 -6.240246040000000348e-03 -5.487074570000000096e-02 8.963210250000000837e-03 -1.401643640000000031e-02 -3.469155660000000207e-03
7.628067729999999358e+01 5.078984210000000304e-02 -7.791339950000000097e-03 -6.344141550000000074e-02 -1.771463889999999944e-02 8.683856719999999722e-04 2.117433109999999896e-02
7.898393360000000030e+01 4.318772299999999731e-02 -8.140444939999999865e-03 -6.643174129999999955e-02 -1.482145080000000018e-02 1.831866750000000002e-02 7.690821970000000056e-03
8.167745080000000257e+01 4.794088900000000042e-02 -4.052809119999999619e-03 -7.377759820000000246e-02 -1.351590029999999963e-02 2.339131579999999960e-02 -3.826950290000000112e-03
8.438313669999999433e+01 5.406751480000000082e-02 1.161983739999999975e-03 -6.741743379999999564e-02 4.264624820000000038e-02 -1.044741880000000026e-02 -3.621528179999999875e-02
8.708051480000000311e+01 5.898527960000000264e-02 -6.782770349999999934e-03 -6.612301040000000130e-02 7.587516899999999752e-03 -1.269769249999999974e-02 -5.734017539999999857e-02
8.978791010000000483e+01 5.790757400000000332e-02 -1.183953239999999997e-02 -6.282907079999999755e-02 4.700309639999999782e-03 3.295128950000000140e-02 -3.506686340000000207e-02
9.249350389999999322e+01 4.409905010000000208e-02 -6.738332720000000248e-03 -6.005618840000000180e-02 2.181407070000000031e-02 -7.954543169999999871e-03 1.145299819999999989e-02
9.520085389999999848e+01 4.666976159999999818e-02 -1.043417540000000053e-02 -6.534799380000000379e-02 -3.475074189999999980e-02 6.268423419999999587e-03 4.875200219999999834e-02
9.789947109999999952e+01 5.491241570000000155e-02 -8.315144360000000304e-03 -6.607025290000000106e-02 6.491811869999999929e-02 7.477286770000000048e-03 3.082906989999999875e-02
1.005980150000000037e+02 5.711216670000000134e-02 -8.547658850000000585e-03 -6.549076119999999723e-02 5.895652609999999655e-02 -5.648770690000000285e-04 3.060002339999999890e-02
1.033103739999999959e+02 6.994826549999999532e-02 -8.232440310000000219e-03 -5.176428450000000042e-02 5.183895320000000279e-02 2.053311739999999844e-02 3.558455610000000029e-03
1.060057649999999967e+02 6.983323449999999377e-02 -3.447263620000000015e-03 -5.103616309999999684e-02 1.916358669999999875e-02 6.363652969999999617e-03 3.538317989999999972e-03
1.086939840000000004e+02 7.020795059999999921e-02 -4.851980620000000220e-04 -4.887517699999999882e-02 3.752621879999999688e-02 -2.416800809999999911e-02 1.876349920000000039e-03
1.113882339999999971e+02 6.610616290000000117e-02 -5.883183739999999808e-03 -5.698642889999999683e-02 4.970795010000000208e-02 6.074023930000000196e-03 -8.783343199999999948e-03
1.140950770000000034e+02 6.355465450000000183e-02 -5.724709679999999586e-03 -6.350909080000000095e-02 4.742654019999999887e-02 2.542637549999999906e-03 2.117160989999999909e-02
1.167839210000000065e+02 6.993056259999999580e-02 -2.436571749999999828e-03 -5.865537559999999678e-02 8.261241299999999566e-02 6.964164979999999672e-03 2.933850899999999873e-02
1.194849839999999972e+02 6.628009410000000601e-02 5.827709839999999607e-03 -4.141101829999999789e-02 3.591977069999999911e-02 4.040824159999999859e-02 6.689781440000000523e-02
1.221946709999999996e+02 6.461629509999999854e-02 1.119899929999999995e-02 -3.396505550000000068e-02 9.721774319999999456e-03 -5.573328770000000182e-02 2.424380790000000077e-02
1.248989839999999987e+02 6.829087409999999581e-02 1.281862739999999924e-02 -4.034409530000000049e-02 -9.208935019999999610e-03 -8.232737000000000388e-03 3.799378610000000121e-03
1.275861709999999931e+02 7.143535920000000650e-02 1.837332679999999913e-02 -3.552983099999999783e-02 2.821021649999999950e-02 -2.531668469999999796e-03 6.446530059999999729e-02
1.302897649999999885e+02 7.399203470000000060e-02 1.846007369999999939e-02 -3.150746449999999865e-02 -1.276772269999999938e-02 -2.397581190000000126e-02 4.766757110000000019e-02
1.329785459999999944e+02 6.925137600000000337e-02 2.237399480000000149e-02 -1.179010580000000065e-02 -2.602259630000000080e-03 -5.578594120000000128e-02 3.636738180000000098e-02
1.356832650000000058e+02 6.646566569999999563e-02 2.305844989999999983e-02 -5.508128509999999853e-03 2.360764859999999951e-02 -4.129174029999999745e-02 1.780995079999999828e-02
1.383794369999999958e+02 7.330428349999999760e-02 2.359400710000000151e-02 1.926158899999999953e-03 3.571538070000000037e-02 -1.036862199999999921e-02 1.071073389999999993e-02
1.410741549999999904e+02 7.680600260000000623e-02 1.402181930000000014e-02 1.069827469999999961e-02 -3.576084189999999968e-02 3.665713240000000039e-02 3.060829979999999881e-02
1.437760619999999960e+02 7.530099040000000354e-02 1.462590369999999980e-02 2.409645649999999847e-02 -5.979940000000000255e-02 2.927450120000000058e-02 2.180160119999999951e-02
1.464724840000000086e+02 7.667822119999999353e-02 7.746362300000000228e-03 2.452626479999999928e-02 -2.600748249999999817e-03 2.238028020000000159e-02 -3.076888499999999929e-02
1.491578900000000090e+02 7.652231260000000312e-02 -2.886244009999999901e-04 3.555509080000000127e-02 1.794822260000000086e-02 -3.684964819999999967e-03 3.391148730000000111e-02
1.518647960000000126e+02 7.112428169999999994e-02 -6.312715729999999678e-03 4.495391160000000025e-02 3.155991300000000194e-02 -2.940076150000000069e-02 -8.080616909999999500e-03
1.545820150000000126e+02 6.490960989999999819e-02 -1.210259250000000029e-02 4.643400520000000309e-02 -7.875340140000000513e-04 -3.791337539999999756e-02 1.097894849999999940e-03
1.572895770000000084e+02 7.238194000000000572e-02 -1.166931709999999983e-02 4.765505800000000014e-02 -8.942985969999999243e-03 -2.932797620000000133e-02 -3.776217889999999855e-02
1.599879210000000000e+02 7.299029660000000419e-02 -8.463091840000000823e-03 5.205995489999999670e-02 -3.741699890000000153e-03 -3.484998949999999762e-02 1.340752369999999999e-02
1.626885619999999903e+02 7.793163349999999989e-02 -1.214408110000000061e-02 3.787734940000000300e-02 3.040383719999999873e-02 2.432806100000000152e-02 2.128204380000000076e-02
1.653927799999999877e+02 7.058413539999999764e-02 -8.189619529999999162e-03 4.903603260000000130e-02 -6.863856280000000393e-03 7.262096289999999928e-04 1.219354039999999938e-02
1.680864520000000084e+02 5.754797579999999801e-02 -1.035339630000000006e-03 4.674202580000000329e-02 7.859110600000000085e-03 -9.348236819999999545e-03 1.373945690000000046e-02
1.707814050000000066e+02 4.798212179999999938e-02 6.756829570000000111e-04 5.124126329999999924e-02 -1.644161209999999915e-02 -4.160488399999999649e-03 3.206723820000000058e-02
1.734934210000000121e+02 4.828595120000000324e-02 -2.120701249999999878e-03 4.547575549999999939e-02 -5.542443939999999909e-03 -6.559338980000000048e-03 4.123085900000000165e-02
1.761906400000000019e+02 5.029818300000000325e-02 4.445222080000000089e-03 6.177960650000000054e-02 -1.170686490000000073e-02 -2.330192149999999861e-03 5.414690429999999971e-02
1.788922180000000139e+02 4.514218200000000292e-02 8.418312549999999381e-03 6.413133220000000190e-02 -3.108433060000000137e-02 -9.580133649999999362e-03 6.976573110000000577e-02
1.815958899999999971e+02 4.119494159999999988e-02 2.633719010000000037e-03 6.899037930000000152e-02 -9.439309950000000435e-03 -3.844446220000000136e-02 4.040074879999999702e-02
1.843094049999999982e+02 2.300792160000000169e-02 -2.283967210000000057e-04 8.085633020000000670e-02 -9.144152870000000002e-03 -3.465956109999999979e-02 9.198468779999999928e-03
1.870161710000000141e+02 8.654826430000000029e-03 2.065896260000000054e-03 9.459331690000000181e-02 1.231457709999999976e-02 -2.940578709999999880e-03 -1.348139829999999914e-02
1.897063589999999920e+02 1.346578340000000040e-02 1.179943350000000040e-03 7.584054580000000600e-02 -1.800269629999999912e-02 -5.866625629999999746e-04 -2.427650099999999894e-02
1.924123429999999928e+02 2.323534699999999995e-02 1.036021749999999943e-02 7.626647599999999971e-02 -5.095654209999999837e-03 -4.483661719999999795e-02 -2.852259509999999915e-02
1.951055149999999969e+02 2.501341279999999903e-02 1.322220189999999927e-02 8.143299589999999921e-02 -1.103132929999999998e-02 -4.663009289999999786e-03 1.406088909999999963e-02
1.978061089999999922e+02 2.465482459999999987e-02 5.297758399999999770e-03 7.513044350000000482e-02 -2.270583569999999954e-02 -1.920775970000000027e-02 2.772699420000000053e-02
2.005088430000000130e+02 2.052383389999999988e-02 1.597221340000000087e-02 7.357988910000000382e-02 -3.242666700000000190e-03 2.065797579999999883e-02 3.148749859999999678e-02
2.032053589999999872e+02 4.078520139999999850e-02 1.696166019999999913e-02 6.389490929999999680e-02 -1.143266530000000038e-02 -2.790595060000000075e-03 -5.736573369999999755e-02
2.058992340000000070e+02 4.523515399999999964e-02 1.133015530000000028e-02 7.040196619999999905e-02 -1.218991529999999962e-02 -1.048193679999999926e-02 1.056040029999999940e-03
2.086044679999999971e+02 6.308686989999999495e-02 2.857504089999999934e-03 6.075343510000000280e-02 5.199516569999999838e-03 -1.385879259999999932e-02 -5.861757129999999733e-02
2.113111089999999876e+02 6.119603380000000065e-02 -1.910136079999999893e-03 6.875422200000000372e-02 4.523376489999999736e-03 3.855482300000000195e-02 4.768000919999999809e-02
2.140212019999999882e+02 6.561593290000000689e-02 2.712973119999999988e-03 6.915906389999999793e-02 -1.710078890000000032e-02 -8.661815410000000756e-03 1.428572209999999943e-03
2.167311550000000011e+02 6.322051130000000407e-02 -4.054622390000000090e-03 7.310857249999999641e-02 2.259254789999999916e-02 2.389066089999999920e-02 9.806628750000000866e-03
2.194309990000000141e+02 6.117958190000000185e-02 2.959518270000000180e-03 6.765155339999999462e-02 1.273755709999999965e-02 -1.747705000000000092e-02 -1.109874230000000052e-02
2.221436089999999979e+02 6.631652709999999451e-02 1.468834769999999984e-02 4.984121290000000093e-02 1.587615440000000096e-03 2.306909110000000210e-03 1.619874459999999993e-03
2.248294679999999914e+02 7.766082420000000597e-02 1.218784409999999936e-02 4.662823170000000156e-02 1.056166270000000011e-02 -3.092153530000000053e-02 2.727321759999999998e-02
2.275346240000000080e+02 6.535957639999999402e-02 9.235461130000000712e-03 3.487376059999999778e-02 2.542927470000000065e-02 -2.894630880000000073e-02 5.047037820000000070e-03
2.302291549999999916e+02 5.867753380000000074e-02 1.512712339999999940e-02 3.260921559999999803e-02 -1.353556589999999928e-02 1.347660149999999925e-02 2.411698030000000020e-02
2.329269370000000094e+02 5.504360040000000343e-02 1.793599959999999868e-02 3.729010759999999702e-02 -3.507320860000000262e-02 -1.060684859999999965e-02 -1.946222150000000151e-02
2.356114680000000021e+02 6.856638689999999814e-02 1.530527980000000003e-02 4.329446559999999833e-02 -1.697640140000000047e-02 -2.983414900000000078e-02 -2.929117139999999966e-02
2.383109839999999906e+02 6.796277679999999932e-02 2.608509460000000071e-03 5.077931630000000196e-02 7.160565669999999737e-03 2.242255170000000131e-02 3.947669190000000221e-04
2.410122959999999921e+02 6.719732180000000110e-02 1.273507739999999930e-02 4.839868709999999713e-02 2.164916420000000119e-02 -4.413882669999999973e-03 1.161098309999999967e-02
2.437118900000000110e+02 6.958315760000000072e-02 2.534396799999999797e-03 5.387584360000000072e-02 7.345407210000000006e-03 4.120543880000000075e-02 3.511617969999999891e-03
2.464147179999999935e+02 6.614705220000000052e-02 2.947640929999999822e-03 5.500957590000000313e-02 1.811692690000000008e-02 8.468587640000000555e-03 5.719768050000000048e-02
2.491141550000000109e+02 6.583517880000000488e-02 -6.876995020000000250e-03 4.632192150000000175e-02 5.644387330000000258e-03 -6.474208930000000146e-03 7.643444089999999747e-02
2.518128739999999937e+02 6.829157830000000262e-02 -1.480460580000000047e-02 4.995017689999999705e-02 2.554773379999999983e-03 2.267402680000000018e-02 1.636115570000000116e-02
2.545062020000000018e+02 6.620386679999999691e-02 2.317440859999999909e-04 5.829010960000000074e-02 -3.912939089999999814e-02 1.357348830000000041e-02 4.186387600000000125e-02
2.572030300000000125e+02 6.083244489999999755e-02 3.003897399999999867e-03 5.890076860000000025e-02 1.382560840000000022e-03 -2.508252539999999975e-02 1.958850089999999988e-02
2.599091869999999744e+02 6.112990659999999882e-02 8.952901250000000824e-03 7.002123270000000510e-02 3.261747050000000231e-02 2.975769929999999910e-02 7.619516939999999849e-02
2.626054679999999735e+02 7.221625099999999520e-02 8.947298490000000007e-03 6.228971999999999981e-02 -2.778617359999999842e-02 -1.036524389999999955e-02 9.099360650000000786e-03
2.653081549999999993e+02 7.644891310000000162e-02 9.471139459999999843e-03 5.096184890000000217e-02 -3.824109629999999926e-02 -1.294278869999999915e-02 2.030225180000000060e-02
2.680010589999999979e+02 7.272944420000000687e-02 -3.777096970000000213e-03 4.398429589999999778e-02 -1.635723929999999965e-02 -3.044504099999999908e-02 1.244501400000000077e-02
