# a=0.06133327875881638, b=-157.57221811278222, c=0.005170447956807012, xi=12.778093055888975
6.514947840000000490e-01 7.029918879999999537e-02 -1.787119439999999967e-03 5.098930950000000323e-02 6.923966730000000180e-02 3.863466690000000141e-03 -1.287639399999999934e-02
3.355523149999999788e+00 8.661153620000000553e-02 1.513917750000000079e-04 3.018718399999999885e-02 2.616806049999999967e-02 -1.489318379999999935e-02 -6.777181519999999834e-03
6.060271120000000344e+00 8.391547929999999822e-02 -1.323485169999999954e-02 1.542531790000000076e-02 6.202203430000000073e-02 4.520129199999999708e-02 -2.724828630000000057e-02
8.760857529999999116e+00 8.071210430000000380e-02 4.340913749999999668e-03 -6.550243649999999869e-03 5.032664889999999974e-03 4.481819420000000137e-02 -1.232453480000000011e-02
1.146663359999999976e+01 7.054902400000000184e-02 4.626718909999999793e-05 -1.946865310000000029e-02 4.221809950000000172e-02 2.120460089999999867e-02 -5.366806059999999767e-02
1.416658359999999917e+01 7.096739370000000602e-02 9.086363619999999336e-03 -4.506789330000000177e-02 1.518473130000000046e-02 2.341554909999999864e-03 -4.411550179999999821e-02
1.686726799999999926e+01 5.981133909999999942e-02 1.450360109999999925e-02 -5.405829549999999900e-02 4.624266049999999767e-02 -8.106491360000000687e-03 -9.947756839999999118e-04
1.958075709999999958e+01 5.607490469999999727e-02 8.602483989999999692e-03 -5.442051020000000100e-02 -6.654954270000000040e-03 -2.007263420000000159e-02 -2.241695220000000026e-04
2.228626170000000073e+01 5.928667440000000288e-02 1.111816749999999972e-02 -6.017952089999999837e-02 -1.022772649999999922e-02 -3.519956829999999759e-02 -1.851563750000000119e-02
2.498418990000000051e+01 5.758968400000000210e-02 1.170114359999999999e-02 -6.103384950000000087e-02 -3.221841889999999941e-03 1.858808990000000022e-02 1.016683080000000024e-02
2.768189920000000015e+01 5.928336599999999706e-02 1.515835419999999982e-02 -5.524902789999999730e-02 1.251142300000000068e-02 5.079047960000000229e-03 -1.229042049999999955e-02
3.037018050000000002e+01 6.725487219999999600e-02 1.778942270000000159e-02 -5.908116149999999983e-02 3.957603080000000190e-02 2.460654270000000102e-02 3.538174069999999727e-02
3.306873519999999900e+01 5.308687680000000186e-02 8.557545939999999449e-03 -5.755291130000000227e-02 3.374890660000000320e-02 1.240683859999999923e-02 -1.127551159999999955e-02
3.577806489999999684e+01 4.372516910000000256e-02 5.173626689999999591e-03 -6.432836240000000538e-02 1.646647160000000096e-02 2.418715800000000027e-02 -2.225325729999999905e-02
3.847817429999999916e+01 4.656935360000000190e-02 1.326340810000000087e-03 -5.688107220000000047e-02 2.381972480000000073e-02 2.949939199999999928e-02 -1.355676580000000041e-02
4.118622890000000325e+01 5.607505160000000183e-02 2.352740890000000213e-03 -5.328587819999999753e-02 1.208963479999999998e-03 3.954372250000000311e-02 -2.250518379999999832e-02
4.388899609999999996e+01 6.236795500000000270e-02 -7.275592249999999865e-03 -5.793836780000000131e-02 1.352817270000000044e-02 6.413995179999999741e-02 2.432975760000000154e-02
4.658379300000000001e+01 6.243907370000000012e-02 -2.758876960000000017e-03 -5.532308460000000261e-02 4.013997479999999868e-02 3.187287080000000133e-02 5.132511260000000020e-02
4.928823990000000066e+01 6.909434550000000119e-02 4.014079159999999619e-03 -6.024597050000000259e-02 -2.594481770000000090e-02 4.268217159999999899e-02 2.715304400000000118e-03
5.198336330000000061e+01 7.172095459999999756e-02 2.203692860000000184e-03 -6.042448889999999656e-02 -1.471069430000000039e-02 -1.719141240000000154e-02 -1.846859749999999953e-02
5.467204300000000217e+01 6.442388990000000315e-02 1.996209730000000210e-03 -5.931722600000000067e-02 2.385068959999999891e-02 -4.225863740000000354e-03 1.784891539999999832e-02
5.738841330000000340e+01 6.114560670000000059e-02 9.597244080000000115e-04 -5.695295040000000059e-02 5.657160320000000076e-02 -2.973766460000000153e-02 -3.235628089999999929e-02
6.009034919999999858e+01 5.936324419999999824e-02 1.457385500000000014e-03 -6.103907459999999979e-02 1.111004869999999978e-02 -2.262619520000000092e-02 -4.842528499999999847e-02
6.279797109999999805e+01 5.909875970000000311e-02 3.143900329999999802e-03 -5.423967729999999710e-02 -3.731186059999999811e-03 -1.997125790000000081e-02 -1.820898290000000017e-02
6.549780549999999835e+01 5.760354339999999851e-02 -5.293885790000000223e-03 -5.848577860000000322e-02 -2.601150530000000127e-02 -4.709830780000000272e-02 -3.827666569999999685e-02
6.819103830000000244e+01 5.101081860000000051e-02 -6.721661500000000256e-04 -6.658939299999999673e-02 1.606118020000000049e-02 2.689838370000000034e-02 9.584490100000000665e-03
7.089791490000000351e+01 4.898363609999999840e-02 -3.160952849999999932e-03 -6.665104939999999534e-02 -6.457850910000000055e-03 -1.081880460000000065e-02 -1.535272929999999952e-02
7.359290550000000053e+01 5.221753650000000163e-02 -7.602582590000000334e-03 -6.360756469999999385e-02 2.773740660000000025e-02 -3.341811320000000109e-03 -2.984582820000000053e-02
7.630044300000000135e+01 5.362332179999999837e-02 -9.790948989999999352e-03 -6.367531070000000126e-02 2.898028969999999829e-02 -1.634219110000000030e-02 -5.464432989999999657e-02
7.900276490000000251e+01 4.349245670000000119e-02 -8.910605570000000586e-03 -5.709365780000000279e-02 2.226567640000000001e-02 -6.445390389999999803e-03 -1.148244760000000086e-02
8.170890079999999500e+01 4.189797829999999945e-02 -1.133385030000000002e-02 -6.148329389999999950e-02 3.403951549999999909e-02 -5.356435760000000101e-02 -3.438310120000000192e-02
8.441343519999999501e+01 4.226145070000000142e-02 -1.293068070000000062e-02 -6.833588660000000647e-02 4.924168680000000353e-03 -5.119999759999999817e-02 -2.310210440000000018e-02
8.712357889999999827e+01 6.113145770000000256e-02 -1.791373500000000007e-02 -6.752582679999999393e-02 1.141710330000000016e-02 -2.634464449999999926e-03 -3.738183960000000111e-02
8.981451640000000225e+01 5.855518190000000289e-02 -1.235571029999999945e-02 -4.641220740000000233e-02 1.993332839999999856e-02 -9.295235350000000119e-03 -1.392094109999999964e-03
9.251014460000000383e+01 6.039603939999999699e-02 -1.236109579999999930e-02 -4.524758410000000175e-02 -1.138910209999999951e-03 2.730564040000000095e-02 4.983286659999999757e-02
9.519656799999999919e+01 5.159430620000000217e-02 -1.264814470000000073e-02 -4.509866540000000146e-02 3.713577099999999798e-02 6.063684479999999904e-02 2.947510329999999956e-02
9.789134300000000621e+01 6.282509120000000225e-02 -1.617103900000000163e-02 -5.513256200000000301e-02 3.535031539999999861e-02 5.456518020000000052e-02 -1.690196019999999980e-02
1.005999429999999961e+02 6.394456119999999966e-02 -1.299753499999999930e-02 -5.364964529999999981e-02 -2.348014220000000166e-02 2.761253589999999869e-02 -3.669083389999999723e-02
1.033008800000000065e+02 5.334822959999999809e-02 -1.472448900000000033e-02 -5.746259649999999747e-02 -4.562932590000000344e-02 3.549086560000000055e-04 -2.410287469999999876e-02
1.059921769999999981e+02 4.958686570000000321e-02 -1.088497700000000054e-02 -6.078701200000000138e-02 -3.542697470000000237e-02 1.910369560000000147e-02 1.749773129999999954e-03
1.086959120000000070e+02 5.462912229999999925e-02 -7.454256610000000415e-03 -5.962347070000000027e-02 -1.145867190000000001e-02 -3.345941160000000247e-02 4.310668600000000343e-03
1.113946930000000037e+02 5.184774920000000120e-02 -6.324667029999999843e-03 -5.802180660000000323e-02 5.078908690000000226e-02 -5.812394249999999762e-02 -8.126254010000000250e-03
1.140909900000000050e+02 5.330407160000000255e-02 -6.062651540000000075e-03 -5.219489029999999780e-02 4.784662010000000076e-02 2.542782610000000106e-03 2.288461890000000054e-02
1.167951620000000048e+02 6.051799940000000128e-02 -7.769767490000000117e-03 -5.385279390000000110e-02 1.759170219999999993e-02 -7.110479390000000455e-02 4.662079780000000229e-02
1.194966150000000056e+02 6.245160920000000088e-02 -4.896296629999999719e-03 -4.854657810000000129e-02 -3.663087629999999852e-03 -6.464300439999999537e-02 2.804149460000000035e-03
1.222060989999999947e+02 6.546272899999999728e-02 -3.887663549999999940e-03 -4.581065849999999690e-02 -1.421877380000000080e-02 -1.340125969999999981e-03 2.567025490000000160e-02
1.248980679999999950e+02 7.421605050000000536e-02 -1.131315510000000055e-03 -4.080625370000000307e-02 3.932704620000000012e-02 -5.250123500000000373e-03 2.673684379999999999e-02
1.275954590000000053e+02 7.962895300000000232e-02 6.087869089999999733e-03 -4.933538989999999846e-02 4.851568569999999830e-02 -3.314249300000000203e-02 -3.489067049999999837e-02
1.303060839999999985e+02 7.421963410000000094e-02 6.394208810000000416e-03 -4.790893780000000240e-02 2.259801029999999877e-02 -5.387861070000000280e-02 -5.756616039999999657e-02
1.330123020000000054e+02 6.566865980000000103e-02 -3.683700020000000176e-04 -5.636954549999999980e-02 -7.369058990000000586e-02 1.735254279999999885e-02 -6.933777180000000318e-02
1.357172400000000039e+02 7.295468580000000203e-02 -1.140202299999999985e-03 -5.250173009999999779e-02 -4.042903870000000288e-02 2.412864019999999901e-02 -2.435657629999999838e-02
1.384118799999999965e+02 7.510377429999999521e-02 -6.720133310000000158e-03 -5.458088619999999780e-02 1.781233039999999962e-02 -1.162771460000000014e-02 4.686455529999999578e-03
1.411084590000000105e+02 7.154103109999999932e-02 -1.030461759999999963e-02 -5.496069800000000227e-02 2.321243870000000084e-02 5.492883050000000288e-03 7.067702739999999484e-02
1.438110519999999894e+02 7.060035829999999901e-02 -1.524737359999999917e-02 -4.138186779999999954e-02 1.084221749999999956e-01 1.462845129999999945e-02 2.065454339999999930e-02
1.465220679999999902e+02 6.489473210000000492e-02 -1.258692999999999965e-02 -3.706799580000000316e-02 2.135310229999999934e-02 -5.340776210000000232e-03 -6.148604340000000251e-02
1.492285210000000006e+02 7.379588330000000362e-02 -9.635963980000000415e-03 -1.975444750000000110e-02 3.330851280000000220e-02 4.164918470000000122e-02 7.813914300000000465e-03
1.519260989999999936e+02 7.337733170000000638e-02 -7.141589880000000223e-03 -1.863002630000000145e-02 1.449973199999999955e-02 2.037367680000000056e-02 -2.337370490000000023e-02
1.546115369999999984e+02 6.763606049999999759e-02 -1.323106729999999967e-02 -1.241392600000000047e-02 3.485451479999999904e-03 1.773418530000000007e-02 4.697668079999999663e-02
1.573029589999999871e+02 7.599616139999999798e-02 -9.996855250000000540e-03 -3.180938969999999935e-03 -2.563956339999999903e-02 -1.435298909999999963e-02 1.082879469999999990e-02
1.600045839999999941e+02 7.456452040000000059e-02 -4.524537940000000064e-03 1.030851330000000059e-02 -1.491243689999999927e-02 7.934993890000000341e-03 6.782933290000000247e-03
1.626963340000000073e+02 6.913162800000000052e-02 -6.042292050000000123e-03 2.678539909999999927e-02 -3.073042380000000004e-02 -8.793921349999999151e-03 3.618421019999999710e-02
1.653916150000000016e+02 6.120846769999999798e-02 -9.319928269999999682e-03 4.893108620000000131e-02 -1.525382750000000079e-02 8.128486109999999432e-03 1.292847519999999924e-02
1.680876149999999996e+02 5.542931110000000328e-02 -2.523214220000000174e-03 6.013834600000000224e-02 -2.052597199999999823e-03 -1.132768410000000066e-02 3.187381529999999685e-02
1.707864120000000128e+02 6.858808480000000429e-02 -1.210594289999999962e-02 5.233668860000000034e-02 -6.474773300000000176e-03 3.399540569999999831e-03 -2.800799679999999969e-03
1.734852710000000116e+02 6.900902909999999391e-02 -7.277584709999999901e-03 4.533761029999999748e-02 -9.031515699999999314e-03 -5.647427289999999711e-03 5.132105790000000183e-04
1.761920680000000061e+02 6.623606079999999618e-02 -3.505244680000000126e-03 5.711108370000000239e-02 -1.296112609999999950e-02 2.117935519999999960e-02 2.127232540000000005e-02
1.788885050000000092e+02 6.305187959999999925e-02 -2.412639240000000185e-03 6.019068870000000154e-02 -8.440688090000000301e-04 -3.001788190000000134e-02 4.391794510000000124e-02
1.815777239999999892e+02 6.326952399999999366e-02 -2.788075589999999913e-03 6.804239480000000284e-02 -6.580393109999999914e-03 -2.945972399999999963e-02 8.677654660000000408e-02
1.842875679999999932e+02 5.510872719999999891e-02 -1.096798270000000006e-02 6.321450300000000522e-02 -6.294729609999999941e-03 -3.740258820000000317e-02 9.877882200000000223e-03
1.869841619999999978e+02 4.881626759999999760e-02 -9.306695420000000302e-03 7.106670560000000192e-02 5.312504299999999680e-03 -7.671064939999999721e-03 3.253895739999999870e-02
1.896819270000000017e+02 5.020788989999999674e-02 -3.134005200000000105e-03 6.761436349999999651e-02 -1.118511240000000066e-02 -2.590025049999999940e-02 4.234624890000000114e-02
1.923912550000000010e+02 5.485215789999999675e-02 -8.316325310000000776e-03 6.379944099999999840e-02 3.742455889999999914e-03 -3.375297000000000019e-02 6.076818569999999781e-02
1.950869429999999909e+02 5.831482670000000257e-02 4.257111139999999821e-04 5.903952700000000137e-02 -8.489459280000000163e-03 2.604806579999999899e-02 4.542794900000000219e-02
1.977920990000000074e+02 5.238128410000000151e-02 -1.562688000000000011e-03 6.633275339999999964e-02 -9.095444910000000105e-03 -3.980946760000000223e-02 7.898827999999999405e-02
2.004928490000000068e+02 4.185170970000000323e-02 4.081305290000000058e-03 6.945372750000000650e-02 -7.720149790000000248e-03 -1.712126799999999852e-02 3.473718390000000295e-02
2.031963489999999979e+02 3.530646369999999867e-02 7.824788299999999724e-03 7.885533790000000265e-02 5.773319719999999572e-03 -5.432641470000000063e-03 4.501520559999999671e-02
2.059014119999999934e+02 2.949260459999999973e-02 6.616027029999999899e-03 8.314298620000000473e-02 -9.302987639999999586e-03 2.319905350000000047e-02 -2.665378100000000139e-02
2.086072090000000117e+02 2.587871939999999982e-02 3.670202760000000012e-03 8.580331589999999620e-02 -9.577954959999999268e-03 2.364713460000000128e-02 -2.249124220000000077e-02
2.112964589999999987e+02 4.385911010000000110e-02 -4.790424360000000020e-03 8.045544829999999592e-02 -1.405539140000000055e-02 -7.439447069999999577e-04 1.303807709999999908e-03
2.140133649999999932e+02 3.948124959999999711e-02 -4.882742100000000279e-03 7.339143459999999952e-02 4.996082540000000224e-03 4.343885710000000219e-03 -1.406371289999999935e-03
2.167127710000000036e+02 5.254646159999999677e-02 9.498729449999999529e-04 7.081646519999999778e-02 1.604462259999999904e-02 1.210401340000000041e-02 4.703005510000000250e-02
2.194074270000000126e+02 4.873896240000000213e-02 1.015920970000000045e-03 5.927235339999999825e-02 -2.870138250000000071e-02 -1.844752980000000098e-02 8.056527020000000747e-03
2.221122709999999927e+02 5.901445489999999905e-02 1.398224150000000046e-03 6.444354169999999549e-02 1.481508970000000071e-02 7.625184590000000373e-02 4.696416059999999892e-02
2.248057709999999929e+02 6.204215300000000266e-02 7.223383830000000040e-03 6.645619379999999354e-02 -2.138224099999999975e-02 3.912192700000000078e-02 4.131095629999999991e-02
2.275073339999999860e+02 5.391036779999999751e-02 1.420844939999999987e-02 6.020726660000000341e-02 -2.213137429999999933e-02 6.533350529999999712e-02 5.942830340000000017e-02
2.302093649999999911e+02 6.026359030000000283e-02 9.017781880000000708e-03 5.976010870000000169e-02 4.535765920000000423e-03 1.068581509999999915e-02 3.995499009999999972e-04
2.329042709999999943e+02 5.676974609999999727e-02 1.296241529999999894e-03 5.956506670000000225e-02 -2.275019450000000110e-02 -1.355124339999999941e-02 -5.574522410000000254e-03
2.356059899999999914e+02 5.779460039999999993e-02 2.432424519999999962e-03 5.552989869999999661e-02 -1.109215749999999980e-02 1.166911099999999937e-02 1.945001049999999995e-02
2.383068649999999877e+02 5.712587410000000143e-02 4.131865149999999591e-03 5.579881379999999946e-02 -2.156944309999999851e-02 1.831426439999999864e-02 2.619650280000000026e-02
2.410174900000000093e+02 5.467286729999999706e-02 1.415070659999999927e-05 5.335084489999999957e-02 -4.501361569999999838e-04 1.114023609999999914e-02 -1.024452240000000083e-02
2.437169120000000078e+02 5.047879809999999967e-02 3.449096190000000128e-03 6.051154529999999698e-02 -1.828862959999999829e-02 1.293565869999999986e-02 -2.149179530000000157e-02
2.464178180000000111e+02 5.188096889999999767e-02 -1.853227800000000099e-03 6.402686890000000575e-02 5.495242279999999757e-03 1.892957179999999948e-02 -1.061189300000000071e-02
2.491167710000000000e+02 5.714886839999999690e-02 8.325875099999999543e-03 5.578404859999999688e-02 4.291531609999999636e-03 2.501293790000000059e-02 1.095184350000000077e-02
2.518166300000000035e+02 5.927235399999999932e-02 9.642750689999999474e-04 4.913970000000000143e-02 -1.115781890000000064e-03 1.717727369999999879e-02 5.917516290000000151e-02
2.545144740000000070e+02 6.650254349999999703e-02 -1.820684680000000033e-03 5.357876510000000175e-02 -2.250349310000000075e-02 2.057656219999999883e-02 3.034458309999999923e-02
2.572196149999999761e+02 6.074767340000000043e-02 -2.627931820000000210e-03 5.665417629999999760e-02 -7.421985889999999780e-03 3.130325689999999966e-02 1.388364350000000080e-02
2.599016310000000090e+02 6.997012049999999650e-02 -5.170846990000000157e-03 5.199769840000000032e-02 -2.494136200000000164e-02 7.296967579999999974e-03 3.902288229999999886e-02
2.626015520000000265e+02 6.917099390000000514e-02 3.463365930000000120e-03 4.831307370000000045e-02 -4.036234069999999896e-02 2.627852510000000096e-03 4.532028020000000018e-02
2.652899590000000103e+02 6.676023279999999949e-02 -2.173184219999999868e-03 5.805207870000000242e-02 -4.128930349999999916e-02 8.245757719999999985e-03 1.694390659999999924e-02
2.679956480000000170e+02 7.152241519999999464e-02 8.370851690000000178e-03 5.005060979999999965e-02 -2.384327610000000139e-02 1.178290220000000055e-02 -2.755007250000000157e-03
