# a=0.061250240403013856, b=-145.78630931232615, c=0.0015093870736473088, xi=11.481786834578807
6.940654349999999528e-01 6.662958339999999757e-02 1.146593140000000096e-03 5.533584810000000132e-02 -1.686987720000000107e-02 -2.501128500000000202e-03 1.646853309999999834e-02
3.385702649999999814e+00 6.080571700000000218e-02 -6.180103810000000392e-03 5.104382980000000264e-02 -1.486162069999999967e-02 -1.051841820000000080e-02 3.568816720000000248e-02
6.089205780000000345e+00 7.248792240000000164e-02 1.905208040000000089e-03 5.075086570000000158e-02 -2.317406599999999924e-03 2.086221679999999967e-02 -1.502951020000000033e-02
8.791040929999999420e+00 6.562444080000000290e-02 -3.233804240000000187e-03 5.700677070000000068e-02 -2.209713080000000050e-05 8.646932079999999216e-03 -2.439754809999999940e-02
1.148155829999999966e+01 6.529746039999999307e-02 -3.990849989999999820e-03 5.680632029999999749e-02 -2.678656670000000104e-03 -6.708665499999999678e-03 7.000517379999999720e-03
1.419333330000000082e+01 5.550926059999999884e-02 -1.034152800000000044e-03 4.620219440000000038e-02 2.125199579999999949e-02 1.216058000000000069e-02 1.186127770000000060e-02
1.688897079999999917e+01 5.688544510000000110e-02 -7.762033929999999425e-05 4.547058269999999791e-02 -4.786581550000000226e-03 2.520102839999999872e-03 -3.911313560000000134e-02
1.958940979999999854e+01 5.898196709999999759e-02 -8.241945959999999937e-04 5.553602519999999848e-02 2.020215959999999839e-02 -8.002807530000000287e-04 -8.546095789999999526e-03
2.229018639999999962e+01 5.578364959999999872e-02 -1.663154710000000133e-02 5.137768219999999664e-02 5.480516520000000037e-03 -4.365448040000000085e-02 2.790702820000000133e-03
2.499084579999999889e+01 5.406713120000000011e-02 -4.793136689999999769e-03 4.623146909999999860e-02 2.688225320000000099e-02 -1.863951570000000127e-02 3.321612239999999910e-02
2.769168480000000088e+01 6.273955389999999466e-02 -1.181144370000000027e-02 3.463490310000000294e-02 1.003036229999999980e-02 -8.185117170000000622e-03 1.845762940000000157e-02
3.039577699999999894e+01 6.884526570000000512e-02 -8.736253830000000400e-03 2.338055530000000132e-02 -3.647899980000000007e-03 -1.595711270000000140e-02 3.436975290000000155e-02
3.308663479999999879e+01 8.089996000000000687e-02 -8.182857029999999858e-04 4.881993680000000155e-03 -1.264503269999999943e-02 2.304382339999999987e-02 -1.665618179999999934e-02
3.578692550000000239e+01 7.430180059999999531e-02 -3.985322690000000188e-03 -2.223903019999999911e-02 3.575693320000000036e-02 2.724685499999999864e-03 -3.655279259999999822e-03
3.848984730000000098e+01 7.061349960000000425e-02 -2.513780870000000174e-03 -4.586260930000000263e-02 2.375223250000000133e-02 3.965944140000000201e-03 -4.340671000000000113e-02
4.118467230000000256e+01 6.943193990000000315e-02 -7.435498520000000111e-03 -6.109085539999999787e-02 -1.343431659999999930e-02 -1.583352849999999923e-02 -6.669248319999999952e-02
4.388247700000000151e+01 6.714592249999999651e-02 1.582645589999999956e-03 -5.357825129999999741e-02 -2.120683820000000136e-02 -3.587451540000000105e-02 -5.815095859999999672e-02
4.657749580000000122e+01 6.681155219999999895e-02 -2.767562119999999841e-03 -6.144442630000000044e-02 -1.596289760000000127e-02 3.515532349999999934e-03 -4.320386739999999837e-02
4.926836140000000341e+01 6.721135649999999961e-02 3.980563420000000387e-03 -5.167841179999999729e-02 -5.435017760000000059e-02 1.651624720000000046e-02 -3.611717619999999657e-02
5.196679259999999800e+01 6.387973750000000561e-02 2.693106050000000033e-03 -6.059218980000000143e-02 1.751418700000000050e-02 1.620813739999999933e-02 -2.341894920000000060e-02
5.466133330000000257e+01 6.462265829999999656e-02 1.804431630000000088e-03 -5.926091120000000212e-02 -2.257857790000000146e-03 2.703241959999999958e-02 2.525912940000000009e-02
5.736478329999999914e+01 5.764981510000000142e-02 4.863941349999999567e-03 -6.459801340000000114e-02 3.313941090000000172e-05 3.249611680000000224e-02 -4.983098460000000285e-02
6.005941920000000067e+01 5.313104250000000306e-02 9.747874979999999676e-03 -6.218249790000000138e-02 -1.316217459999999978e-02 -9.933718910000000069e-03 5.746956460000000183e-02
6.277949579999999941e+01 4.948924729999999717e-02 1.331716089999999963e-02 -5.877493350000000116e-02 1.359066750000000046e-02 5.659752039999999722e-04 -5.122709429999999786e-02
6.547103330000000199e+01 4.987841040000000337e-02 1.588590289999999849e-02 -6.401762430000000614e-02 -8.432969710000000211e-04 3.931886019999999808e-03 9.134606800000000248e-03
6.817367860000000235e+01 5.006674619999999798e-02 1.507898449999999987e-02 -5.918020229999999826e-02 2.014827900000000158e-03 -4.912837320000000216e-03 1.552072359999999950e-02
7.087925049999999771e+01 5.068891739999999840e-02 8.618589910000000118e-03 -6.611888339999999475e-02 4.577694020000000127e-03 -4.476096319999999656e-02 2.407358240000000149e-02
7.358078639999999382e+01 4.920164910000000141e-02 -6.748707749999999879e-04 -6.593892049999999783e-02 -1.503216620000000052e-02 -3.448894730000000297e-02 -2.749267010000000164e-02
7.627853009999999756e+01 5.108788749999999823e-02 -3.399577879999999934e-03 -6.172352109999999781e-02 -3.802873249999999886e-03 -1.744932169999999921e-02 -3.123300810000000094e-02
7.898183950000000664e+01 5.410190959999999771e-02 -1.412548079999999956e-02 -6.704349719999999624e-02 -3.587999499999999873e-03 2.451712660000000127e-02 -8.061343990000000015e-02
8.167850199999999461e+01 5.649229360000000005e-02 -1.590758420000000159e-02 -6.013766429999999746e-02 3.139082320000000093e-03 4.519835380000000041e-02 -2.546988149999999951e-02
8.438238010000000600e+01 5.292507400000000251e-02 -2.912882639999999929e-03 -6.105836409999999825e-02 1.537554720000000076e-02 8.514108160000000494e-03 -2.003054890000000032e-02
8.709051139999999691e+01 4.610838589999999987e-02 -5.282158490000000116e-03 -6.628340770000000493e-02 -2.094469909999999852e-02 1.695489810000000083e-02 -3.298858560000000190e-02
8.978193009999999674e+01 3.081297540000000126e-02 -7.865752239999999201e-03 -6.995875460000000601e-02 3.966531350000000039e-03 1.572499930000000046e-02 -6.258998889999999905e-03
9.249829110000000298e+01 3.074589880000000094e-02 -1.162319919999999993e-02 -7.201922049999999464e-02 7.807160659999999586e-03 6.074718960000000112e-02 -3.782996329999999824e-02
9.518612079999999764e+01 3.812711750000000177e-02 -9.037570579999999396e-03 -7.755567319999999432e-02 1.470483839999999973e-02 1.665274450000000031e-02 -6.447960410000000420e-02
9.789224889999999846e+01 5.060322049999999711e-02 -1.043345229999999985e-02 -6.313115860000000079e-02 1.960250189999999948e-02 2.124239749999999941e-02 8.426719189999999290e-03
1.006064960000000070e+02 4.550706270000000331e-02 -1.197286019999999930e-02 -6.258514049999999718e-02 3.612587689999999935e-02 1.593020419999999909e-02 -3.497419770000000094e-02
1.032941990000000061e+02 5.343140839999999808e-02 -1.326835600000000025e-02 -6.158090060000000199e-02 -1.292218160000000067e-02 6.999598370000000361e-03 5.082783119999999960e-02
1.059948710000000034e+02 5.645023679999999766e-02 -3.910345340000000343e-03 -5.836821069999999917e-02 -1.208118059999999973e-02 -1.492621050000000026e-02 -2.662956309999999979e-02
1.086895580000000052e+02 6.699836409999999909e-02 -1.080662660000000080e-02 -4.818031589999999947e-02 -1.534312260000000004e-02 -1.487371340000000035e-02 4.200974100000000322e-02
1.113799649999999986e+02 6.619120180000000186e-02 -9.337694029999999562e-03 -6.200406509999999843e-02 1.633114759999999832e-02 3.966220129999999816e-02 -3.492468740000000127e-02
1.140764649999999989e+02 6.812195640000000274e-02 -1.239897160000000016e-03 -4.783976919999999994e-02 4.917421489999999722e-03 2.400327899999999889e-02 2.016542309999999963e-02
1.167806360000000012e+02 6.898796779999999407e-02 -3.919611669999999853e-03 -4.667091909999999955e-02 7.747302369999999570e-03 1.420152639999999918e-02 -2.820570370000000104e-02
1.194852769999999964e+02 7.117997669999999444e-02 2.774690260000000058e-03 -4.533013710000000085e-02 6.748940020000000067e-03 -3.176310499999999981e-02 1.603182679999999929e-02
1.221865109999999959e+02 6.639809459999999885e-02 7.495223930000000263e-03 -4.405864749999999913e-02 -2.940880160000000111e-03 -3.799968070000000336e-02 -3.980623920000000288e-02
1.248860269999999986e+02 6.414634780000000314e-02 4.758016139999999769e-03 -4.047978559999999837e-02 -1.215463160000000015e-02 2.434581939999999958e-02 -1.809538289999999827e-02
1.275831519999999983e+02 5.732912090000000238e-02 1.609670029999999991e-03 -4.441886400000000235e-02 -3.403542890000000199e-03 -1.203602590000000042e-02 -7.167320369999999330e-02
1.302831830000000082e+02 6.066727789999999676e-02 7.825414520000000679e-03 -4.969965719999999698e-02 -3.483430409999999783e-02 -1.402687510000000075e-02 -1.961340530000000096e-02
1.329805900000000065e+02 5.846875349999999805e-02 1.413802429999999957e-02 -4.546232809999999763e-02 9.213740430000000661e-03 -2.870728750000000121e-02 9.660011490000000242e-03
1.356752150000000086e+02 7.514672949999999518e-02 1.398528899999999971e-02 -4.382500539999999861e-02 -6.954217250000000253e-03 -5.067129339999999586e-03 -2.415618879999999885e-02
1.383743240000000014e+02 7.699621160000000297e-02 1.308991779999999980e-02 -4.235513760000000211e-02 -7.136377489999999732e-04 -2.351858199999999968e-02 -5.268087669999999695e-02
1.410708549999999946e+02 7.909116900000000283e-02 4.731411720000000196e-03 -2.935259440000000108e-02 -1.625738809999999895e-02 -3.337876249999999906e-03 -2.984824939999999871e-02
1.437707299999999861e+02 7.938114640000000499e-02 5.234577669999999731e-03 -1.420415470000000076e-02 1.272583839999999987e-02 5.125817900000000094e-02 1.523950289999999970e-03
1.464780580000000043e+02 7.443422369999999622e-02 -8.938506719999999434e-03 1.226105660000000042e-02 4.008335799999999949e-02 1.885571809999999834e-02 -2.675838980000000075e-02
1.491765430000000094e+02 6.461195679999999497e-02 -1.131581629999999991e-02 1.782618860000000083e-02 4.209857219999999997e-03 1.804532470000000041e-02 -3.925183950000000338e-02
1.518893239999999878e+02 6.136291900000000188e-02 -8.547008990000000417e-03 3.393375319999999973e-02 -1.619858130000000063e-02 -9.164201680000000447e-05 -9.786181559999999197e-03
1.545839180000000113e+02 6.113774389999999948e-02 -1.431811690000000040e-02 4.625134160000000244e-02 -1.909087549999999994e-02 -2.260188070000000021e-02 6.284897379999999922e-02
1.572858080000000029e+02 7.184019880000000469e-02 -8.813618910000000110e-04 5.082687009999999755e-02 -1.396167369999999977e-02 5.100748389999999743e-02 7.868067400000000600e-02
1.599961680000000115e+02 7.257410960000000577e-02 -3.628372349999999837e-03 5.277722340000000345e-02 -2.550208810000000048e-02 2.389602589999999943e-02 3.097251830000000150e-02
1.626860739999999907e+02 6.495162879999999417e-02 9.581467950000000303e-03 5.721223680000000339e-02 -4.038575290000000206e-02 -1.587017270000000077e-02 3.296805190000000330e-02
1.653924800000000062e+02 6.704775020000000585e-02 1.173166399999999929e-02 6.314055540000000633e-02 -2.295645119999999845e-02 -7.378645729999999681e-02 6.181411920000000164e-03
1.680964649999999949e+02 6.105742840000000227e-02 1.061587129999999948e-02 5.294084150000000211e-02 -2.959482919999999878e-02 -7.985558559999999736e-03 -5.767285269999999908e-02
1.708019649999999956e+02 6.246923780000000065e-02 1.140984719999999994e-02 5.577908659999999963e-02 -1.656322140000000137e-02 3.622882439999999815e-02 -5.114477750000000211e-02
1.735079020000000014e+02 6.869880520000000435e-02 1.303916469999999959e-02 5.697594219999999737e-02 -3.620911140000000056e-02 1.482897470000000065e-02 -2.769146830000000087e-02
1.762000270000000057e+02 6.296851890000000618e-02 5.595785940000000402e-03 6.030628600000000061e-02 -1.041731199999999975e-02 3.435168279999999824e-02 -8.369795209999999347e-03
1.788987769999999955e+02 5.692805979999999988e-02 3.186823549999999732e-04 6.217627059999999983e-02 -4.103167669999999850e-02 1.326507300000000049e-02 6.012184240000000013e-02
1.815932300000000055e+02 5.303716309999999962e-02 -4.899296200000000101e-03 5.911978360000000321e-02 -1.919240040000000022e-02 -3.032617359999999901e-02 2.380197209999999897e-02
1.842911829999999895e+02 4.999440220000000296e-02 -6.291153409999999946e-03 6.511060120000000673e-02 -4.949565559999999885e-03 -3.175799750000000282e-02 -3.748464619999999914e-02
1.869887929999999869e+02 4.417986279999999710e-02 -7.625519110000000302e-03 6.130369640000000314e-02 1.106146220000000027e-02 -3.525746460000000332e-02 -4.822036479999999847e-02
1.896867149999999924e+02 4.264335610000000165e-02 -1.052839109999999939e-02 6.619774679999999856e-02 1.197500469999999984e-02 3.382574509999999868e-02 -3.632548220000000189e-02
1.924023550000000000e+02 4.684183590000000341e-02 -1.185307459999999924e-02 6.767566630000000638e-02 -2.255082890000000007e-02 1.184137619999999945e-03 -3.790226850000000258e-02
1.951018239999999935e+02 5.041664130000000216e-02 -9.925624690000000791e-03 6.318793799999999905e-02 -2.680929970000000065e-02 7.909005959999999835e-04 -5.890598589999999912e-02
1.978127149999999972e+02 5.442663119999999882e-02 -9.210307399999999312e-03 6.045404640000000274e-02 -5.448499049999999677e-02 -6.291347210000000113e-03 -2.560241879999999859e-02
2.005178080000000023e+02 5.208434370000000063e-02 -8.107299340000000479e-03 6.680253099999999833e-02 -5.671550120000000417e-03 -1.641147880000000045e-02 6.401715470000000170e-04
2.032180109999999900e+02 5.748879409999999718e-02 -1.128172390000000032e-02 6.857293130000000070e-02 2.093739860000000050e-02 2.426676690000000025e-02 4.338500099999999943e-02
2.059286989999999946e+02 5.862156820000000157e-02 -8.696964539999999314e-03 7.466824349999999499e-02 -1.451814419999999895e-03 3.909894640000000088e-02 2.184673159999999878e-02
2.086280739999999980e+02 5.823747340000000328e-02 -8.705158969999999760e-04 6.054885179999999756e-02 6.467910490000000102e-03 3.357566199999999917e-02 -2.067223080000000004e-02
2.113201679999999953e+02 5.942124900000000237e-02 3.294587690000000142e-03 6.471979649999999584e-02 3.908164439999999712e-02 2.102412749999999983e-02 -5.002175830000000351e-03
2.140221990000000005e+02 5.670945659999999944e-02 -6.067056979999999478e-04 5.917886850000000226e-02 6.119552119999999845e-02 -3.449238460000000200e-02 2.978767449999999983e-02
2.167289179999999931e+02 6.302843149999999561e-02 3.581013059999999838e-03 5.328510880000000144e-02 2.715818799999999977e-02 5.408987700000000322e-03 7.056020759999999392e-02
2.194234800000000121e+02 6.367749920000000119e-02 1.066253540000000090e-03 5.532890809999999743e-02 1.382346069999999989e-02 9.189835679999999382e-03 2.052583590000000083e-02
2.221264960000000031e+02 6.131594860000000313e-02 1.270920269999999998e-02 5.587805280000000124e-02 -8.159919150000000121e-03 3.224176270000000261e-02 2.033200430000000128e-02
2.248178399999999897e+02 6.436433699999999369e-02 8.207704769999999220e-03 5.988908560000000270e-02 3.798439470000000012e-02 -1.247103170000000028e-03 4.491677410000000092e-02
2.275169960000000060e+02 6.347406690000000073e-02 1.335383560000000074e-02 5.242051179999999977e-02 2.496138009999999963e-02 5.929584520000000421e-03 1.267864389999999973e-02
2.302172769999999957e+02 6.187438409999999889e-02 1.236606720000000062e-02 5.046794620000000231e-02 -6.295700309999999623e-04 -1.166908810000000067e-02 3.465124409999999905e-02
2.329146360000000016e+02 5.862268000000000340e-02 2.451751209999999872e-03 4.939502340000000158e-02 1.742946869999999898e-02 -1.650658110000000067e-02 -3.546631450000000112e-03
2.356344960000000128e+02 6.594976160000000365e-02 6.390908770000000225e-03 4.716990270000000207e-02 -7.104635199999999318e-02 -1.619112400000000118e-02 -3.940697779999999956e-02
2.383233079999999973e+02 5.463227080000000041e-02 9.824690529999999256e-04 5.674633949999999954e-02 -4.530010780000000292e-02 3.868812410000000215e-03 -1.522833579999999937e-02
2.410260580000000061e+02 6.106584839999999736e-02 2.684165400000000212e-03 5.680687999999999710e-02 -7.239577149999999912e-03 -2.051520899999999953e-02 -9.584087000000000248e-04
2.437183080000000075e+02 6.275503550000000041e-02 9.822859970000000218e-03 5.435351950000000265e-02 1.213598620000000058e-02 9.005291840000000450e-03 4.692976470000000122e-02
2.464259490000000028e+02 5.957525860000000006e-02 1.321904689999999979e-02 6.278078769999999309e-02 5.967239059999999810e-03 -1.711633530000000042e-02 4.750790340000000250e-02
2.491304649999999867e+02 6.553292030000000545e-02 1.172785699999999952e-02 6.061695269999999719e-02 -4.944742549999999771e-03 3.994216489999999863e-03 6.549400380000000577e-02
2.518244489999999871e+02 6.488382920000000664e-02 7.169556169999999860e-03 6.303075789999999790e-02 3.280014629999999931e-02 -2.038318230000000023e-02 1.572712069999999962e-02
2.545276990000000126e+02 4.969657730000000273e-02 1.413084539999999965e-02 5.860595529999999831e-02 2.955471480000000130e-03 7.614872279999999709e-03 -2.381297070000000168e-02
2.572194329999999809e+02 5.484493199999999902e-02 4.358460859999999798e-03 5.754919499999999744e-02 3.589196549999999764e-02 -1.587208619999999973e-02 1.727568029999999866e-02
2.599126210000000015e+02 6.308248969999999400e-02 2.029884489999999805e-03 5.274334189999999728e-02 4.637303379999999781e-02 2.954501719999999901e-02 3.503572490000000234e-02
2.626264959999999746e+02 6.586792430000000531e-02 -3.033366029999999894e-03 5.423651930000000093e-02 2.744901329999999834e-02 -1.588762839999999926e-02 4.038387400000000016e-02
2.653227769999999737e+02 6.422475749999999317e-02 -2.565071639999999976e-04 5.270455539999999856e-02 -1.966485160000000162e-02 -1.645397649999999837e-02 -2.509307670000000129e-02
2.680292719999999917e+02 6.668939270000000252e-02 3.560383260000000126e-03 5.755273500000000070e-02 -1.974691959999999840e-03 -4.586097380000000306e-02 1.069242769999999981e-02
