# a=0.06336817661777973, b=-157.99520161894816, c=0.006474144490775303, xi=14.061578592381254
6.503651999999999767e-01 6.983362529999999346e-02 -5.978361769999999704e-04 5.172260179999999680e-02 7.101220730000000481e-02 -8.388406920000000822e-03 -9.981805479999999661e-03
3.356229490000000037e+00 8.648714629999999792e-02 -7.004948919999999784e-04 3.010910920000000116e-02 2.870127540000000019e-02 -1.540256589999999988e-02 -1.663442349999999861e-02
6.062202150000000067e+00 8.522324850000000118e-02 -1.408291379999999926e-02 1.550606640000000078e-02 5.761785059999999931e-02 4.908626790000000101e-02 -3.928454879999999927e-02
8.762259959999999737e+00 8.154509290000000465e-02 3.686283700000000073e-03 -6.798593500000000081e-03 4.406522119999999910e-03 4.674168950000000267e-02 -2.485224680000000172e-02
1.146810400000000030e+01 6.959863260000000162e-02 7.117326700000000013e-04 -1.998658390000000035e-02 3.118845550000000008e-02 1.940729390000000068e-02 -5.868799069999999785e-02
1.416970249999999965e+01 7.071553790000000006e-02 8.577446569999999312e-03 -4.561062660000000241e-02 5.106984119999999697e-03 4.854279409999999635e-03 -4.442611550000000187e-02
1.686706339999999926e+01 5.765198309999999826e-02 1.409248060000000032e-02 -5.374625630000000320e-02 4.642636709999999750e-02 -7.184596649999999696e-03 -1.020259360000000002e-03
1.958010709999999932e+01 5.560499270000000133e-02 6.079521160000000285e-03 -5.471024490000000323e-02 -6.118636880000000167e-03 -2.016095290000000095e-02 7.632142380000000396e-04
2.228645560000000003e+01 5.936321640000000177e-02 1.066406509999999995e-02 -5.952174930000000280e-02 -8.106579989999999555e-03 -2.623469780000000154e-02 -2.507093399999999958e-02
2.498628060000000062e+01 5.866563510000000203e-02 1.195193299999999965e-02 -6.183476050000000224e-02 -1.110036749999999961e-02 2.404259129999999911e-02 1.259347350000000060e-02
2.767955870000000118e+01 6.091367880000000262e-02 1.392913039999999977e-02 -5.607649049999999941e-02 1.830486909999999925e-02 -7.479360309999999630e-03 -1.958919400000000074e-02
3.037264000000000053e+01 6.689957000000000542e-02 1.785886269999999859e-02 -5.722056689999999862e-02 3.331079399999999774e-02 3.492361649999999734e-02 1.536918370000000048e-02
3.306810250000000195e+01 5.124456449999999913e-02 5.733826590000000271e-03 -5.762485629999999914e-02 3.490045320000000062e-02 1.383238720000000074e-02 -2.812872359999999891e-02
3.577318209999999965e+01 4.400228469999999809e-02 5.808691070000000095e-03 -6.373833739999999748e-02 2.390426340000000038e-02 2.614686490000000044e-02 -1.745074110000000012e-02
3.847797429999999963e+01 4.651539550000000078e-02 8.542668150000000057e-04 -5.750615580000000004e-02 2.581209719999999833e-02 3.579338080000000338e-02 -3.563331490000000087e-03
4.118433060000000268e+01 5.539531339999999998e-02 2.180602079999999915e-03 -5.241933790000000148e-02 4.132559610000000223e-03 4.087322300000000019e-02 -1.670616919999999908e-02
4.388963210000000004e+01 6.390162870000000439e-02 -7.144832339999999775e-03 -5.923591289999999981e-02 1.220705920000000021e-02 6.606849080000000429e-02 3.201768809999999688e-02
4.658417120000000011e+01 6.407580640000000438e-02 -2.034716749999999821e-03 -5.431749169999999793e-02 4.153771640000000070e-02 3.931950459999999925e-02 4.747258439999999663e-02
4.928608059999999824e+01 6.957388339999999449e-02 3.879995649999999803e-03 -5.951971159999999705e-02 -2.618728180000000003e-02 3.560648100000000232e-02 4.254219350000000392e-03
5.198208209999999951e+01 7.101458260000000078e-02 3.593216120000000159e-03 -5.938491800000000181e-02 -1.400583019999999956e-02 -1.318048699999999941e-02 -1.425361900000000036e-02
5.467138529999999719e+01 6.600503979999999826e-02 3.452740089999999790e-03 -5.881986869999999978e-02 3.275787420000000200e-02 -5.289396380000000245e-03 1.013309629999999996e-02
5.738473840000000337e+01 6.104264079999999898e-02 8.695294919999999473e-04 -5.790560559999999996e-02 5.537971519999999870e-02 -2.953116750000000026e-02 -3.076233700000000071e-02
6.009149459999999721e+01 5.772735050000000340e-02 2.341836600000000122e-03 -6.046320019999999740e-02 9.735072629999999214e-03 -1.586485779999999984e-02 -4.642912870000000247e-02
6.279653530000000217e+01 5.910897080000000053e-02 2.923298410000000052e-03 -5.373436899999999711e-02 3.339105020000000118e-03 -1.267365950000000005e-02 -2.995883329999999949e-03
6.549507590000000334e+01 5.759205089999999694e-02 -4.551855139999999925e-03 -5.691064149999999766e-02 -1.117783359999999920e-02 -4.966061869999999906e-02 -2.403957370000000052e-02
6.819341649999999788e+01 5.206667890000000326e-02 6.215968419999999724e-04 -6.747433149999999824e-02 1.951775849999999937e-02 2.333027520000000021e-02 1.276003939999999920e-02
7.089571499999999560e+01 4.898488029999999854e-02 -2.503512910000000105e-03 -6.682541579999999592e-02 1.279491200000000030e-02 -1.805240129999999971e-02 -1.574790140000000005e-02
7.359201649999999972e+01 5.327194600000000058e-02 -8.813774300000000450e-03 -6.393021520000000124e-02 3.985861959999999898e-02 2.848137220000000139e-03 -4.434896020000000244e-02
7.629909309999999323e+01 5.405107330000000210e-02 -9.308550789999999950e-03 -6.529719729999999833e-02 3.107655510000000010e-02 -1.015942199999999955e-02 -6.326368910000000623e-02
7.900100559999999916e+01 4.495529150000000113e-02 -1.034917410000000051e-02 -5.869864080000000012e-02 2.664150839999999965e-02 -8.145928570000000521e-03 -1.042456790000000078e-02
8.170512899999999945e+01 4.349132060000000105e-02 -1.251639319999999986e-02 -6.152115949999999861e-02 3.415678660000000255e-02 -4.628412619999999755e-02 -2.951622690000000118e-02
8.441335719999999299e+01 4.257357080000000182e-02 -1.224700930000000021e-02 -6.858360210000000179e-02 -8.135432959999999367e-03 -3.806631419999999960e-02 -2.378588980000000130e-02
8.712223840000000052e+01 6.258293809999999902e-02 -1.507912980000000042e-02 -6.701875229999999795e-02 4.283200979999999582e-03 -1.513256520000000023e-03 -4.492457009999999834e-02
8.981375090000000228e+01 5.794276980000000188e-02 -1.097297740000000021e-02 -4.679400069999999773e-02 1.545175350000000010e-02 -6.848709350000000036e-03 5.728412339999999943e-03
9.250610869999999863e+01 6.085313769999999706e-02 -1.332374159999999939e-02 -4.420798029999999795e-02 5.523159050000000375e-03 3.375397819999999965e-02 5.347377980000000280e-02
9.519688680000000147e+01 5.169854869999999936e-02 -1.164252129999999996e-02 -4.610684100000000257e-02 3.989734260000000338e-02 5.562011110000000119e-02 2.867037409999999981e-02
9.789071959999999706e+01 6.309259300000000237e-02 -1.549690610000000086e-02 -5.622271470000000243e-02 2.526557050000000082e-02 6.472079460000000617e-02 -1.715707119999999863e-02
1.005994539999999944e+02 6.369065799999999722e-02 -1.266519219999999966e-02 -5.517532919999999785e-02 -3.296725410000000273e-02 2.907529179999999991e-02 -3.530048060000000321e-02
1.032999539999999996e+02 5.423960619999999844e-02 -1.346012540000000000e-02 -5.777222600000000291e-02 -4.314799500000000149e-02 1.917798180000000003e-03 -2.883517190000000133e-02
1.059891570000000058e+02 4.952869149999999943e-02 -1.089649189999999934e-02 -6.081606219999999979e-02 -3.611176829999999949e-02 5.349629140000000151e-03 9.056101310000000057e-03
1.086955480000000023e+02 5.538341179999999725e-02 -7.689790479999999984e-03 -5.845001329999999912e-02 -9.491827180000000572e-03 -3.757055509999999987e-02 -2.317278380000000089e-03
1.113954229999999939e+02 4.980318300000000087e-02 -7.610636730000000169e-03 -5.885944850000000145e-02 3.906784399999999741e-02 -5.372687400000000085e-02 -1.360938530000000042e-02
1.140890629999999959e+02 5.264948869999999670e-02 -6.397207349999999709e-03 -5.340910120000000316e-02 3.587127999999999844e-02 -5.227296890000000112e-03 2.666973350000000076e-02
1.167929850000000016e+02 6.097747419999999946e-02 -6.228791309999999644e-03 -5.472588450000000215e-02 2.309755969999999908e-02 -7.342891690000000193e-02 4.391318770000000177e-02
1.194971259999999944e+02 6.351235099999999467e-02 -5.967776909999999990e-03 -4.966461949999999986e-02 -1.312377619999999939e-02 -6.220121289999999692e-02 -7.594757300000000259e-03
1.222042820000000063e+02 6.495383130000000060e-02 -4.222146720000000131e-03 -4.578167510000000218e-02 -1.332766430000000002e-02 -1.334772620000000036e-03 1.329692690000000045e-02
1.248980169999999958e+02 7.331708889999999368e-02 -2.413095580000000097e-04 -4.039722040000000292e-02 3.387223460000000214e-02 6.904970740000000370e-03 2.462561909999999923e-02
1.275947199999999953e+02 7.897075280000000197e-02 7.688865789999999902e-03 -5.017533839999999828e-02 4.150783400000000040e-02 -3.679724069999999736e-02 -3.344908640000000127e-02
1.303028290000000027e+02 7.320836690000000202e-02 7.051888000000000080e-03 -4.833653970000000022e-02 2.027090189999999903e-02 -5.830241099999999843e-02 -4.882455069999999675e-02
1.330109229999999911e+02 6.543864439999999560e-02 -4.417896019999999880e-05 -5.649640680000000276e-02 -7.719532060000000584e-02 1.131643530000000022e-02 -7.905113549999999434e-02
1.357134849999999915e+02 7.200925219999999849e-02 -1.718373179999999967e-03 -5.167043489999999933e-02 -5.254000369999999726e-02 2.443523540000000147e-02 -1.786934969999999859e-02
1.384094540000000109e+02 7.538983280000000065e-02 -6.476253920000000185e-03 -5.424960730000000231e-02 1.376606040000000024e-02 -1.220814039999999941e-02 5.259877680000000361e-03
1.411055629999999894e+02 7.191083099999999451e-02 -9.182135859999999289e-03 -5.429227250000000227e-02 3.635916210000000176e-02 -8.792978819999999664e-05 6.164756639999999926e-02
1.438077509999999961e+02 7.126732349999999327e-02 -1.711298719999999884e-02 -4.159968180000000321e-02 1.155405840000000017e-01 2.183741850000000054e-02 7.584633539999999924e-03
1.465193449999999871e+02 6.478269150000000309e-02 -1.267006139999999996e-02 -3.717603369999999963e-02 3.072072619999999948e-02 -2.760151260000000013e-03 -5.776208389999999693e-02
1.492277039999999886e+02 7.430594690000000280e-02 -9.508023819999999321e-03 -1.858078789999999952e-02 4.010815549999999924e-02 4.330768069999999664e-02 9.246484169999999447e-03
1.519232979999999884e+02 7.312541540000000451e-02 -7.996084009999999617e-03 -1.821864990000000156e-02 2.062290710000000069e-02 1.516573409999999976e-02 -2.585972619999999875e-02
1.546082820000000027e+02 6.761277020000000526e-02 -1.191588600000000053e-02 -1.207963350000000081e-02 -3.159720759999999976e-03 1.563522869999999995e-02 5.431057849999999798e-02
1.573013449999999978e+02 7.522035400000000316e-02 -1.015724760000000053e-02 -3.556547430000000197e-03 -1.452339560000000078e-02 -9.168900370000000050e-03 2.363292939999999884e-02
1.600024699999999882e+02 7.391918629999999490e-02 -4.213624439999999992e-03 1.025791960000000010e-02 -1.728720129999999910e-02 -1.036909239999999992e-04 6.856282210000000030e-03
1.626942200000000014e+02 6.883430279999999679e-02 -6.507444979999999803e-03 2.540551630000000005e-02 -3.532194169999999800e-02 -1.332470409999999932e-02 3.245641569999999781e-02
1.653864539999999863e+02 6.010859119999999861e-02 -9.711710440000000111e-03 4.872582079999999982e-02 -1.622987030000000094e-02 1.623229489999999942e-02 1.777112709999999901e-02
1.680845480000000123e+02 5.675267170000000000e-02 -2.301119889999999821e-03 5.972633609999999926e-02 3.509753549999999975e-03 -1.193499030000000002e-02 5.439886659999999818e-02
1.707810949999999934e+02 7.030058929999999373e-02 -1.115106499999999994e-02 5.162888840000000312e-02 -2.111727189999999983e-03 8.444159609999999858e-03 4.721234860000000401e-03
1.734828449999999975e+02 7.005868219999999980e-02 -8.547098620000000493e-03 4.473910269999999828e-02 -1.334109089999999977e-02 -1.256726879999999977e-02 5.215493780000000218e-03
1.761895629999999926e+02 6.667992220000000525e-02 -3.818153429999999928e-03 5.738447120000000207e-02 -7.882076030000000760e-03 2.111990609999999866e-02 2.408667730000000132e-02
1.788845479999999952e+02 6.206674360000000168e-02 -2.723262509999999862e-03 5.918309880000000023e-02 -7.664205829999999608e-03 -2.280206670000000171e-02 4.334427820000000264e-02
1.815753129999999942e+02 6.253296849999999407e-02 -4.041469560000000155e-03 6.838671940000000393e-02 -2.327030139999999858e-02 -4.336427129999999991e-02 8.269237209999999449e-02
1.842870629999999892e+02 5.492650610000000128e-02 -1.126647870000000058e-02 6.348547670000000143e-02 -1.145563150000000058e-02 -2.728364939999999850e-02 5.777323669999999932e-03
1.869811569999999961e+02 4.872464910000000315e-02 -8.577832449999999581e-03 7.095453629999999567e-02 2.034968360000000143e-03 -1.317191380000000064e-02 3.538897039999999716e-02
1.896829070000000002e+02 5.035492660000000231e-02 -1.277206589999999942e-03 6.764908869999999852e-02 -2.646844570000000084e-03 -3.329556549999999893e-02 3.353084010000000059e-02
1.923907979999999895e+02 5.701154590000000189e-02 -8.635711440000000752e-03 6.285400060000000122e-02 8.477007450000000749e-03 -2.788657209999999970e-02 4.847875139999999888e-02
1.950840479999999957e+02 5.904870949999999757e-02 9.016598429999999600e-04 5.924325750000000029e-02 -3.738578020000000134e-03 2.903733370000000091e-02 4.259077540000000273e-02
1.977882669999999905e+02 5.258684990000000309e-02 -7.038567810000000147e-04 6.661729199999999462e-02 -8.779742930000000722e-03 -3.774691530000000295e-02 8.252680619999999689e-02
2.004886730000000057e+02 4.133032550000000083e-02 1.879105210000000083e-03 6.909270739999999467e-02 -4.524819260000000065e-03 -1.054307609999999978e-02 3.180062560000000010e-02
2.031948600000000056e+02 3.512626950000000137e-02 8.754957589999999221e-03 7.965781380000000467e-02 7.354563070000000313e-03 -8.631080459999999205e-03 4.214383309999999994e-02
2.058996099999999956e+02 3.035679989999999842e-02 7.053918779999999653e-03 8.147130099999999597e-02 -4.393102860000000325e-03 2.513963719999999860e-02 -2.554477919999999930e-02
2.086054699999999968e+02 2.861705020000000071e-02 3.912925210000000285e-03 8.507306159999999950e-02 7.447056750000000331e-04 2.168294939999999837e-02 -2.531436000000000103e-02
2.112943759999999997e+02 4.419561670000000247e-02 -4.447646220000000400e-03 8.072577849999999777e-02 -1.012024719999999982e-02 7.137691679999999712e-03 2.502535519999999833e-03
2.140089700000000050e+02 4.086366210000000332e-02 -5.084107200000000104e-03 7.309620209999999341e-02 -4.030066399999999820e-03 7.675791749999999990e-03 -2.937639469999999992e-03
2.167110790000000122e+02 5.291268939999999726e-02 8.754429999999999460e-05 7.025332619999999362e-02 1.420536669999999946e-02 2.339521599999999993e-02 4.660697700000000082e-02
2.194063920000000110e+02 5.004793350000000252e-02 4.743614250000000032e-04 5.821112900000000034e-02 -1.649367620000000145e-02 -1.797608759999999931e-02 5.879419700000000117e-03
2.221111569999999915e+02 5.740239440000000082e-02 1.508161160000000061e-03 6.582715810000000500e-02 1.862283270000000129e-02 6.620656630000000542e-02 4.483950800000000014e-02
2.248021099999999990e+02 6.092983169999999921e-02 8.543358600000000233e-03 6.648884280000000313e-02 -2.567071019999999856e-02 4.148530839999999692e-02 3.854691560000000211e-02
2.275057669999999916e+02 5.318757770000000218e-02 1.304233580000000066e-02 6.035686459999999726e-02 -1.606633829999999999e-02 6.499383320000000352e-02 6.156614469999999867e-02
2.302046569999999974e+02 5.958757189999999704e-02 7.474261809999999638e-03 5.952408129999999659e-02 7.676277500000000184e-03 1.790253480000000147e-02 2.543875949999999803e-03
2.329020480000000077e+02 5.745512130000000189e-02 1.014096770000000097e-03 6.016386370000000039e-02 -2.604561940000000089e-02 -1.068857450000000034e-03 -4.635892229999999913e-03
2.356011729999999886e+02 5.786786829999999993e-02 3.263413369999999987e-03 5.413154270000000018e-02 -9.648441449999999725e-03 1.523909579999999965e-02 1.700662819999999853e-02
2.383048290000000122e+02 5.723966710000000235e-02 3.847114589999999813e-03 5.494560569999999700e-02 -2.547846479999999955e-02 2.287202030000000039e-02 1.626044310000000076e-02
2.410170009999999934e+02 5.541449779999999686e-02 -4.331012900000000060e-04 5.340839459999999900e-02 -2.107933279999999951e-03 1.002141009999999929e-02 -1.311943100000000084e-02
2.437131730000000118e+02 4.927952530000000164e-02 4.695199100000000195e-03 5.977695589999999781e-02 -1.815179150000000019e-02 1.653254659999999973e-02 -1.833782119999999988e-02
2.464150789999999915e+02 4.958211659999999660e-02 -1.082685780000000033e-03 6.362763650000000104e-02 8.313952770000000714e-03 1.807438379999999969e-02 -1.535314540000000047e-02
2.491101569999999867e+02 5.550516269999999919e-02 9.009173250000000396e-03 5.513641069999999922e-02 1.000787220000000019e-02 2.068674699999999839e-02 2.252551289999999914e-02
2.518122669999999914e+02 5.892581470000000238e-02 7.630373100000000007e-04 4.869771559999999666e-02 -7.428700909999999720e-03 2.243415909999999999e-02 6.585512189999999377e-02
2.545126730000000066e+02 6.615803280000000230e-02 -2.050472739999999877e-03 5.312948499999999713e-02 -2.344573210000000171e-02 3.280911200000000139e-02 3.627381450000000118e-02
2.572150790000000029e+02 6.180465699999999896e-02 -2.902694820000000127e-03 5.453241959999999972e-02 -9.298326640000000032e-03 2.720306819999999959e-02 4.916874629999999982e-03
2.598958129999999755e+02 7.065059790000000062e-02 -6.821531129999999950e-03 5.207250859999999759e-02 -1.998342770000000046e-02 1.085480399999999915e-02 3.850676520000000103e-02
2.626001729999999839e+02 6.890274840000000511e-02 3.034224099999999896e-03 4.899298459999999744e-02 -4.034594600000000059e-02 8.930495809999999465e-03 4.114473610000000253e-02
2.652840790000000197e+02 6.638648299999999614e-02 -1.614033410000000057e-03 5.845774499999999846e-02 -3.721561610000000131e-02 1.263554050000000040e-02 2.154806750000000035e-02
2.679901520000000232e+02 7.055793700000000113e-02 8.381143069999999473e-03 4.927082499999999726e-02 -1.713528209999999954e-02 1.120793850000000036e-02 2.929737979999999953e-03
