# a=0.05978259110770206, b=-135.47754116540492, c=0.004263198685147768, xi=11.813666241232925
6.832050060000000036e-01 5.869643790000000222e-02 -1.300709450000000090e-03 6.351157620000000281e-02 1.395559189999999970e-02 -6.700373590000000164e-03 2.509525469999999980e-02
3.385461170000000131e+00 6.011447870000000138e-02 -8.134042570000000506e-04 5.113174050000000165e-02 1.032340799999999920e-02 -4.532046790000000130e-02 2.639147270000000156e-02
6.074899610000000116e+00 6.790691599999999772e-02 -6.873477260000000061e-03 3.995684959999999675e-02 -1.027973410000000004e-02 -2.027677940000000012e-02 4.368246850000000181e-02
8.774754140000000646e+00 6.907045990000000579e-02 -3.452380279999999867e-03 2.503673069999999903e-02 9.997846889999999383e-04 -2.954415390000000169e-02 3.188425589999999837e-02
1.147232930000000017e+01 7.279762280000000307e-02 -1.120089820000000000e-02 9.630880890000000430e-03 -7.430866660000000345e-03 -1.425720140000000073e-02 -1.629314789999999902e-02
1.417392150000000051e+01 7.723875310000000161e-02 -1.124025210000000052e-02 -9.259783230000000545e-03 -1.784779670000000151e-02 -3.654321149999999879e-02 -5.480169430000000202e-02
1.685933710000000119e+01 7.707501989999999970e-02 -5.556340580000000175e-03 -1.906393899999999850e-02 -3.945706229999999815e-02 -1.409516560000000085e-02 -3.534815740000000345e-02
1.955058869999999871e+01 7.423233170000000103e-02 -5.248577380000000146e-03 -2.624810990000000024e-02 -3.637240080000000292e-02 -1.645758079999999970e-02 -1.490105840000000015e-02
2.226226520000000164e+01 6.838906250000000020e-02 -2.117722949999999941e-03 -3.573554839999999733e-02 4.216123789999999885e-03 -2.089078689999999960e-02 -9.820199820000000135e-02
2.495663709999999824e+01 7.028500919999999819e-02 6.034222480000000360e-03 -4.600854339999999737e-02 -9.670662610000000173e-03 -4.082572869999999583e-03 -9.947835210000000039e-02
2.765836679999999959e+01 7.319394149999999821e-02 2.584116190000000234e-04 -5.334028240000000115e-02 6.808518409999999611e-03 8.261273959999999167e-03 -4.377900190000000302e-02
3.036322300000000141e+01 7.627485479999999984e-02 9.378972960000000678e-03 -6.056798819999999889e-02 1.380555219999999965e-02 3.412717900000000054e-02 -4.651254600000000183e-02
3.307189650000000114e+01 5.781151610000000163e-02 1.149110430000000078e-03 -5.680233169999999998e-02 -4.452309310000000277e-03 3.513216560000000099e-02 -5.662049530000000212e-03
3.577475429999999790e+01 5.112317489999999853e-02 -1.767466130000000003e-03 -6.363594300000000037e-02 2.607191789999999901e-03 4.402724320000000330e-02 -3.840362900000000163e-02
3.846808550000000082e+01 5.212606840000000297e-02 3.126817589999999862e-03 -6.557301810000000508e-02 -5.652888069999999730e-03 -7.919852709999999560e-03 -8.862197520000000134e-03
4.117763089999999693e+01 5.235007850000000101e-02 -5.959314089999999918e-03 -6.694352659999999733e-02 -4.410256359999999848e-03 -1.073160020000000006e-02 -1.514373490000000058e-02
4.387680739999999702e+01 4.256440510000000094e-02 4.151717130000000429e-03 -6.667696130000000387e-02 3.175891749999999736e-02 -1.171779459999999946e-02 6.250874280000000283e-02
4.657828549999999979e+01 4.775623639999999892e-02 3.283449989999999864e-03 -6.012549899999999892e-02 2.527525289999999966e-02 -1.238667759999999979e-02 1.142600640000000084e-02
4.929587459999999766e+01 6.055063349999999928e-02 -4.242114679999999839e-03 -5.264903340000000320e-02 6.907904299999999970e-03 4.670575140000000035e-03 2.236600349999999862e-02
5.199092929999999768e+01 6.502700899999999673e-02 2.313177290000000171e-03 -6.077955069999999710e-02 -5.691611739999999711e-03 1.109004270000000028e-02 -4.425370320000000107e-02
5.469778869999999671e+01 6.222804170000000024e-02 -5.220833129999999725e-03 -6.719738199999999995e-02 3.265028019999999948e-02 -1.487409249999999995e-02 2.375489589999999970e-02
5.740083709999999684e+01 6.766513379999999911e-02 -1.705012089999999965e-03 -6.185951280000000219e-02 1.487244239999999974e-02 -5.595824320000000046e-02 -3.313108869999999845e-02
6.009791049999999757e+01 7.410252370000000588e-02 -6.364645710000000137e-03 -5.311561659999999852e-02 2.525677180000000105e-02 -3.293305359999999793e-02 2.573432050000000124e-02
6.279461680000000001e+01 6.102012180000000036e-02 6.021831109999999619e-03 -4.611258480000000187e-02 -8.386866979999999319e-03 2.073154480000000046e-03 6.308978440000000132e-02
6.550625900000000001e+01 5.211801569999999911e-02 -1.405964360000000078e-03 -4.485125780000000228e-02 1.085601530000000065e-02 2.626592390000000166e-02 1.570292790000000008e-02
6.821753400000000056e+01 5.036423810000000001e-02 -1.865822760000000052e-04 -4.452924030000000172e-02 -2.041309070000000073e-02 1.670947180000000032e-02 3.090459490000000038e-03
7.092510120000000029e+01 4.685690879999999947e-02 -1.093350070000000031e-03 -5.059444020000000014e-02 5.929903680000000142e-03 -2.692040310000000033e-02 2.741639389999999885e-03
7.362060590000000104e+01 5.746568249999999684e-02 2.956184450000000092e-03 -5.240935759999999777e-02 8.152657679999999671e-03 -1.893320279999999994e-02 -1.163521510000000043e-02
7.632518240000000276e+01 6.751970779999999506e-02 5.531183640000000325e-03 -5.292982639999999767e-02 -4.243911870000000378e-03 -1.282644919999999895e-03 1.745368429999999979e-03
7.902292149999999538e+01 6.210286300000000120e-02 3.168545139999999916e-04 -4.719799260000000218e-02 1.257032840000000054e-02 3.451235920000000207e-02 -1.229473049999999998e-02
8.172328240000000221e+01 6.149184359999999849e-02 8.991382029999999900e-03 -3.898067420000000255e-02 3.292943439999999975e-03 2.401475960000000118e-02 3.165764709999999843e-02
8.443341680000000338e+01 6.298590290000000147e-02 4.412542860000000233e-03 -5.023246280000000230e-02 2.499751130000000057e-02 -1.966753859999999937e-03 -4.775180550000000107e-02
8.713150740000000383e+01 6.532146099999999733e-02 4.979383739999999848e-04 -5.399822390000000305e-02 1.270506580000000003e-02 -4.642628660000000171e-03 -2.280136599999999999e-02
8.982309960000000615e+01 5.430480430000000219e-02 -4.875433149999999598e-03 -5.539137229999999829e-02 1.985408859999999998e-02 1.527705239999999944e-02 -2.477004010000000145e-02
9.251742149999999754e+01 5.166270120000000104e-02 -3.427231309999999830e-03 -6.141992200000000179e-02 1.921470169999999963e-02 -5.140966729999999971e-03 -2.266861539999999800e-03
9.521638710000000572e+01 5.867512560000000266e-02 -1.866219209999999936e-03 -6.389276779999999989e-02 2.061337939999999952e-02 2.413659040000000131e-02 -2.311035029999999879e-02
9.791866520000000662e+01 5.831684139999999961e-02 3.202970150000000130e-03 -6.814617659999999688e-02 9.963406109999999732e-03 3.088805169999999864e-02 -9.631067219999999221e-03
1.006104619999999983e+02 5.643421860000000234e-02 2.830799289999999871e-03 -6.869903609999999938e-02 1.356593740000000027e-02 1.356583190000000029e-02 2.905593869999999884e-02
1.033144000000000062e+02 4.926964529999999787e-02 2.828082049999999792e-03 -6.725895580000000595e-02 5.963492170000000286e-02 -3.160241240000000174e-02 -1.164779589999999929e-03
1.060187590000000029e+02 5.305939259999999796e-02 5.535564490000000407e-03 -6.047557390000000282e-02 5.072222240000000271e-02 -3.723991200000000001e-02 -4.019816350000000177e-03
1.087261960000000016e+02 6.787345559999999334e-02 9.262309660000000652e-03 -5.769966490000000281e-02 4.333736170000000026e-02 -9.221973879999999582e-03 -2.937665370000000151e-02
1.114247280000000018e+02 6.587789119999999665e-02 1.038616510000000062e-02 -4.995615610000000290e-02 1.223770859999999926e-02 2.298782580000000020e-02 -1.744539209999999840e-02
1.141243840000000063e+02 7.381176159999999764e-02 4.113765640000000175e-03 -5.576513030000000010e-02 8.666319509999999282e-03 2.694992850000000120e-02 1.107551329999999917e-02
1.168154619999999966e+02 7.495656570000000518e-02 7.958778950000000227e-03 -5.359287759999999817e-02 7.952956100000000209e-03 -3.319924689999999984e-02 -3.435684230000000255e-02
1.195056500000000028e+02 7.584683709999999468e-02 8.960947949999999163e-03 -3.726905130000000149e-02 -1.360818800000000023e-02 -2.074141549999999889e-02 4.516406979999999793e-02
1.222041339999999963e+02 6.616140689999999713e-02 3.898759969999999932e-03 -4.456054620000000216e-02 4.104397409999999830e-02 -1.010961550000000035e-02 -3.420451940000000107e-02
1.249052590000000009e+02 6.491838819999999621e-02 5.612716549999999770e-03 -3.284874659999999919e-02 2.371520040000000065e-03 -1.135167450000000057e-02 1.626504330000000040e-02
1.276059779999999932e+02 7.267132020000000026e-02 1.003961320000000025e-02 -3.526161290000000281e-02 -2.463437640000000137e-02 -7.175785049999999776e-02 -1.914107149999999882e-02
1.302950869999999952e+02 7.923436109999999755e-02 2.410842800000000119e-03 -1.852532470000000167e-02 1.360951370000000084e-02 -4.346346959999999870e-02 3.144102299999999850e-02
1.329983530000000087e+02 8.586187380000000202e-02 -6.250598419999999628e-03 -7.584320819999999623e-03 2.182128650000000197e-03 -4.199836690000000039e-02 -5.352283640000000259e-02
1.357053530000000023e+02 8.680213019999999391e-02 -3.814505159999999947e-03 9.611023039999999629e-03 1.883395779999999867e-02 -3.954475140000000138e-02 2.987573979999999865e-02
1.384109620000000120e+02 7.906025110000000633e-02 1.848000629999999901e-03 1.621789289999999925e-02 1.817255320000000021e-02 -1.786868620000000088e-02 8.816499329999999759e-03
1.411157750000000135e+02 7.447608199999999901e-02 3.189745310000000186e-04 2.101114230000000055e-02 -1.195212959999999991e-02 2.627617629999999885e-02 -2.090766490000000189e-03
1.438181030000000078e+02 6.698007020000000533e-02 1.225054539999999997e-02 2.852134400000000056e-02 -3.110344740000000208e-03 3.313422709999999660e-02 -9.016449319999999754e-03
1.465188210000000026e+02 6.042337379999999925e-02 1.901064389999999882e-02 6.452510760000000622e-02 2.163120979999999874e-02 9.512542360000000863e-03 1.801243630000000026e-02
1.492354310000000055e+02 5.595289180000000140e-02 1.495240580000000048e-02 6.208757160000000219e-02 2.072445919999999983e-02 -1.665594700000000081e-02 1.145383990000000025e-02
1.519325709999999958e+02 5.287865459999999823e-02 1.007059379999999948e-02 6.122802120000000320e-02 6.389933509999999595e-02 -2.264141999999999891e-02 3.202101200000000147e-02
1.546233369999999923e+02 4.795840390000000175e-02 6.828102570000000281e-03 5.822770129999999683e-02 3.894080350000000273e-02 -1.375215750000000070e-02 -1.122285479999999940e-02
1.573285869999999989e+02 5.434963770000000166e-02 1.390975499999999934e-02 5.807698630000000112e-02 -1.997172310000000159e-02 5.891397219999999595e-03 -2.716866069999999966e-02
1.600357119999999895e+02 6.375209369999999820e-02 6.242160590000000314e-03 6.542725480000000093e-02 -3.984283949999999769e-02 -3.617842639999999804e-02 -4.966369090000000153e-02
1.627354620000000125e+02 6.511879639999999803e-02 1.452543509999999934e-02 6.932115610000000316e-02 3.519161309999999793e-02 1.153600170000000039e-03 -4.134941870000000130e-02
1.654293209999999874e+02 6.119061330000000187e-02 8.930619169999999205e-03 6.792636420000000563e-02 1.826592039999999986e-02 -5.821926039999999677e-03 -1.261992120000000016e-02
1.681363059999999905e+02 6.067796520000000304e-02 7.145349179999999772e-03 5.613718589999999731e-02 1.674938239999999856e-02 2.190747159999999888e-02 3.240689360000000019e-02
1.708228210000000047e+02 6.188881789999999689e-02 3.378448459999999938e-03 4.917902319999999800e-02 -3.350451150000000045e-02 6.118235250000000208e-02 8.001398279999999419e-02
1.735243209999999863e+02 5.672719450000000135e-02 -6.181650989999999853e-03 4.616696139999999782e-02 -3.403979979999999933e-02 2.241741900000000093e-02 4.002336430000000278e-02
1.762268679999999961e+02 5.715153829999999879e-02 -3.452691590000000164e-03 5.729527269999999672e-02 6.075832330000000177e-04 -2.099786810000000073e-02 2.591537569999999985e-02
1.789370399999999961e+02 4.975050150000000226e-02 -2.306322290000000115e-03 6.043362449999999803e-02 -3.256884129999999822e-02 -3.726727020000000085e-02 2.905533509999999944e-02
1.816362750000000119e+02 4.169171430000000178e-02 -5.714147939999999863e-03 7.341050770000000225e-02 -7.037829539999999884e-02 -4.043083470000000124e-02 1.273381269999999954e-02
1.843232280000000003e+02 2.159866289999999925e-02 -3.736083659999999817e-03 7.596727879999999600e-02 -2.454585379999999969e-02 -3.687680000000000125e-02 4.553248280000000286e-02
1.870125250000000108e+02 1.241554379999999964e-02 3.052200850000000212e-03 8.647257329999999409e-02 8.233556169999999702e-03 -3.630340860000000336e-02 2.171553669999999950e-02
1.897162899999999865e+02 1.768426879999999979e-02 4.861102420000000014e-03 8.897740290000000218e-02 6.025413109999999683e-02 -2.652123589999999878e-02 3.034548250000000062e-03
1.924399779999999964e+02 2.519525770000000109e-02 3.328619189999999783e-03 7.583830279999999313e-02 -1.051637230000000006e-02 -2.096366300000000044e-02 -4.140926489999999932e-02
1.951472430000000031e+02 2.125624989999999950e-02 -2.240104909999999973e-03 7.353036390000000644e-02 1.368971440000000053e-02 2.830969570000000171e-02 2.594660700000000174e-03
1.978616179999999929e+02 2.966636330000000168e-02 -7.989936109999999994e-03 7.073717590000000444e-02 -4.571869110000000014e-02 -2.408833100000000102e-02 -4.393335939999999662e-02
2.005669619999999895e+02 4.115828669999999773e-02 -2.800197040000000203e-03 6.773561890000000252e-02 -4.463221929999999782e-02 -4.930616159999999873e-03 -3.373813970000000273e-02
2.032615560000000130e+02 4.696991130000000014e-02 -6.142026680000000401e-04 6.626079590000000241e-02 -3.849556230000000107e-02 -4.709546230000000167e-02 2.297785089999999919e-02
2.059695089999999880e+02 4.343792989999999826e-02 -1.374539849999999999e-03 6.130082299999999734e-02 -2.075701029999999989e-02 -1.013637229999999993e-02 -1.589137579999999952e-02
2.086716340000000116e+02 4.408894409999999930e-02 4.425656229999999983e-03 7.325322709999999848e-02 3.517024889999999931e-02 2.665609260000000036e-02 2.662839259999999833e-02
2.113776340000000005e+02 4.491396649999999935e-02 5.261456480000000109e-03 5.929869410000000035e-02 2.622951810000000161e-02 -1.413190460000000046e-03 8.721063470000000109e-03
2.140721340000000055e+02 4.556643550000000209e-02 4.431364959999999770e-03 6.355962939999999783e-02 3.623181909999999978e-02 1.879650169999999912e-02 -8.136467709999999423e-03
2.167679620000000114e+02 5.109846359999999782e-02 -5.131747090000000379e-03 5.746987390000000279e-02 -7.727602440000000059e-03 1.208761069999999931e-02 -1.620231680000000160e-02
2.194591340000000059e+02 6.085095189999999848e-02 -1.238404390000000070e-02 5.895681469999999869e-02 -1.048123410000000033e-02 -7.279950170000000498e-02 1.254679139999999998e-02
2.221560399999999902e+02 6.497730499999999909e-02 -1.017768280000000067e-02 4.961835540000000128e-02 -4.165157479999999877e-03 -3.372716980000000199e-04 9.042320139999999833e-04
2.248567429999999945e+02 5.392217869999999663e-02 -2.317025890000000074e-02 3.620125350000000242e-02 1.088990050000000070e-02 -1.985063739999999924e-02 -1.330345529999999929e-02
2.275568370000000016e+02 5.767554390000000086e-02 -1.602802500000000130e-02 4.338323250000000048e-02 3.437965850000000018e-02 7.276112629999999595e-03 3.334932269999999876e-03
2.302607899999999859e+02 6.007988389999999873e-02 -1.197230510000000039e-02 4.743248729999999941e-02 7.057543049999999429e-02 2.262979769999999991e-03 1.114850180000000017e-02
2.329646500000000060e+02 6.124412590000000156e-02 -3.768597040000000106e-03 4.087205549999999715e-02 5.948071679999999972e-02 -9.551638240000000224e-03 3.892470399999999747e-02
2.356731959999999901e+02 6.795535819999999616e-02 -3.072048779999999885e-03 3.911621380000000064e-02 -1.373348419999999986e-03 -4.015928600000000237e-02 3.215531170000000133e-02
2.383756809999999859e+02 7.095314630000000566e-02 2.279557750000000020e-04 4.970801100000000333e-02 4.423190540000000032e-02 2.222659239999999828e-02 9.267042289999999349e-03
2.410684929999999895e+02 6.766641930000000249e-02 9.527654090000000492e-03 5.123463820000000168e-02 -1.009423060000000025e-02 -1.176244520000000078e-02 2.287817249999999844e-02
2.437718680000000120e+02 5.576871609999999729e-02 1.624246689999999868e-02 5.658904909999999677e-02 -5.482688609999999615e-03 -2.010488449999999969e-02 2.868462979999999996e-02
2.464724310000000003e+02 4.790797480000000275e-02 1.031520349999999996e-02 5.823744150000000064e-02 -3.872600810000000060e-02 3.503646330000000086e-02 1.924752060000000167e-02
2.491684779999999932e+02 4.416436120000000187e-02 5.364222689999999932e-03 6.005892780000000181e-02 2.525515769999999924e-02 -8.183326779999999800e-03 3.490071360000000095e-02
2.518694779999999867e+02 4.922822520000000313e-02 2.730540029999999931e-03 5.801824790000000009e-02 -2.743254339999999861e-02 -2.298037509999999867e-02 1.407977470000000000e-03
2.545636340000000075e+02 5.840399329999999833e-02 9.006895169999999326e-03 5.904125109999999732e-02 -5.386146960000000317e-02 -4.661060990000000237e-02 7.428702630000000307e-02
2.572548840000000041e+02 6.159607799999999855e-02 1.374308220000000072e-03 6.910432129999999340e-02 -3.049958139999999970e-02 -1.548309670000000025e-03 4.920246600000000026e-02
2.599634780000000092e+02 6.292567289999999314e-02 3.550675870000000092e-03 6.948611779999999682e-02 -9.298762959999999980e-03 2.724782879999999852e-02 -3.390967670000000190e-04
2.626582119999999918e+02 6.155540639999999841e-02 6.844624710000000306e-03 6.100971329999999720e-02 -3.592194229999999891e-03 5.510765630000000019e-03 2.914448399999999828e-02
2.653636960000000045e+02 6.435757540000000554e-02 8.702001820000000417e-04 6.601797180000000542e-02 4.378861950000000058e-03 -2.950953809999999882e-03 1.670548800000000098e-02
2.680607279999999832e+02 6.355624299999999838e-02 -2.469188120000000044e-04 7.244443790000000549e-02 -2.243697609999999957e-03 4.034820139999999861e-02 5.112035949999999690e-02
