# a=0.06560488377992084, b=-128.45345442046343, c=-0.0004891074350208085, xi=11.63730189158905
6.981161299999999459e-01 6.047655720000000290e-02 -1.380381959999999950e-02 3.612543210000000032e-02 8.028476580000000820e-03 2.807623219999999878e-02 -1.113106590000000062e-02
3.389693149999999822e+00 6.608709109999999498e-02 -1.733876909999999827e-02 1.904995339999999981e-02 1.070883369999999987e-02 -1.373452910000000013e-02 4.039057430000000254e-02
6.082135499999999695e+00 6.706759330000000574e-02 -1.425639899999999946e-02 1.852329299999999970e-02 1.860425209999999954e-02 4.512013019999999708e-02 7.204330450000000219e-02
8.775607530000000267e+00 6.565464729999999360e-02 -1.574727000000000071e-02 2.296627280000000052e-03 2.441181629999999991e-02 3.513090349999999779e-02 3.690992719999999783e-02
1.146984130000000057e+01 6.107716180000000161e-02 -1.086529489999999917e-02 -2.315299410000000099e-02 -1.017038009999999930e-02 -1.255312280000000016e-02 -5.570194350000000003e-03
1.417912719999999993e+01 5.869393330000000075e-02 -4.608537630000000308e-03 -4.758581709999999687e-02 -4.243335040000000002e-02 -5.436522080000000257e-02 1.464136530000000047e-02
1.687047570000000007e+01 5.764829889999999873e-02 -3.389199209999999886e-03 -5.736849399999999904e-02 -4.742765630000000260e-02 -3.277793999999999847e-02 3.121269390000000130e-02
1.957080219999999926e+01 4.806288859999999913e-02 2.391384240000000213e-03 -7.086989339999999471e-02 -1.462156700000000024e-02 -1.207423040000000017e-02 2.858851360000000050e-02
2.227108660000000029e+01 4.654933380000000204e-02 3.116281030000000139e-03 -7.625731110000000257e-02 -1.083641200000000013e-02 -3.897102139999999992e-02 1.349147260000000022e-02
2.497708499999999887e+01 5.036935549999999734e-02 3.888139610000000148e-04 -7.708020949999999649e-02 6.314665560000000052e-03 -1.508882429999999948e-02 7.113687720000000207e-03
2.768091469999999887e+01 6.292397589999999818e-02 -3.436394470000000024e-03 -7.158521319999999744e-02 4.477936749999999674e-03 3.117019199999999934e-02 -4.338273150000000397e-03
3.039331629999999862e+01 6.637405070000000629e-02 6.061096179999999906e-04 -5.946644009999999675e-02 1.607692050000000122e-02 -3.993465040000000049e-02 2.115912110000000082e-02
3.309341630000000123e+01 6.449808730000000656e-02 2.266640219999999876e-03 -5.403898310000000010e-02 -2.222433929999999974e-03 -3.881477850000000090e-02 -2.365897380000000008e-02
3.579611630000000133e+01 7.180574789999999430e-02 2.319375089999999896e-03 -5.250577359999999971e-02 -2.433310119999999854e-02 -6.987663100000000328e-03 -4.410795449999999757e-02
3.849196320000000071e+01 7.549119629999999359e-02 3.671023859999999854e-03 -5.831395649999999986e-02 -3.093889899999999887e-02 2.066754859999999847e-02 -1.843644960000000166e-02
4.119244129999999871e+01 7.525261719999999654e-02 8.078006080000000103e-03 -6.185982090000000100e-02 -9.393254269999999975e-03 5.203507839999999690e-02 7.046827650000000304e-03
4.388492569999999660e+01 6.403646020000000605e-02 7.267166930000000004e-03 -6.527887500000000010e-02 1.047048090000000063e-02 4.231134050000000257e-02 -6.715288780000000166e-03
4.658724910000000108e+01 6.323101859999999408e-02 1.033291159999999952e-02 -6.308696989999999782e-02 2.252203789999999983e-02 -2.300695219999999985e-02 1.032956649999999983e-02
4.928293500000000193e+01 7.091228039999999955e-02 1.036121769999999963e-02 -6.037751200000000124e-02 7.747735139999999826e-03 -1.050756689999999931e-02 -3.521276020000000187e-03
5.198630849999999981e+01 7.313218579999999913e-02 8.161719910000000272e-03 -6.374288579999999593e-02 -9.559748300000000393e-03 -1.800880819999999905e-03 1.551345990000000015e-02
5.468301319999999777e+01 6.953184029999999460e-02 7.556340069999999652e-03 -7.198851750000000160e-02 -3.238356430000000064e-02 5.223499360000000147e-02 5.046414079999999615e-03
5.737964439999999655e+01 7.111373819999999846e-02 9.397102540000000503e-03 -7.272141740000000187e-02 -3.009450080000000216e-04 4.262373519999999860e-02 -1.175683769999999982e-02
6.007389280000000298e+01 6.844769159999999908e-02 8.414805580000000312e-03 -6.560889320000000413e-02 -4.690650870000000194e-03 2.499350089999999996e-02 -3.610186609999999768e-02
6.277269600000000338e+01 6.939416340000000016e-02 4.484625360000000192e-03 -5.701018010000000191e-02 1.266372129999999985e-02 1.518533279999999958e-02 -4.326684819999999931e-02
6.546886320000000126e+01 7.195160959999999384e-02 2.072827389999999919e-03 -6.474907439999999514e-02 8.473419339999999772e-03 2.827705910000000156e-02 -5.628616919999999968e-02
6.816411469999999895e+01 6.733506629999999604e-02 2.084772129999999841e-03 -6.926177860000000408e-02 -1.275007229999999998e-02 1.912209930000000058e-02 -3.020242329999999961e-02
7.086283349999999359e+01 6.129056680000000146e-02 2.036823770000000065e-03 -7.069487319999999408e-02 -1.646781549999999997e-02 9.809292799999999243e-03 -2.932684669999999910e-02
7.355661630000000173e+01 6.708385399999999832e-02 6.700932730000000274e-03 -6.584656649999999500e-02 2.931064429999999735e-04 1.515122460000000067e-02 -1.557914579999999938e-02
7.625596629999999720e+01 7.728582180000000135e-02 1.244894549999999919e-02 -6.439756729999999985e-02 2.310405100000000045e-02 1.420995010000000031e-02 1.875173390000000120e-02
7.895795689999999922e+01 7.444433509999999476e-02 1.219245310000000027e-02 -6.454565310000000278e-02 3.151807460000000116e-02 1.669231599999999871e-02 4.965899979999999908e-02
8.165091160000000059e+01 7.489413109999999707e-02 7.072913010000000077e-03 -6.660920989999999375e-02 4.317726000000000029e-03 1.304576560000000017e-02 2.159613460000000054e-02
8.435419600000000173e+01 7.506564899999999818e-02 9.479690190000000793e-03 -6.558461159999999512e-02 2.829250560000000012e-02 -1.193837860000000056e-02 -6.493415070000000365e-04
8.705912250000000085e+01 7.028662200000000693e-02 1.106204799999999967e-02 -6.156099050000000267e-02 2.646014610000000170e-02 -7.682586739999999748e-02 2.183952390000000118e-02
8.977099280000000192e+01 6.385642319999999816e-02 1.135970069999999929e-02 -6.288563390000000142e-02 5.079481520000000278e-02 -9.524450600000000655e-02 2.224852160000000134e-02
9.247205219999999315e+01 6.461727120000000657e-02 4.058618600000000153e-03 -6.198923220000000095e-02 2.876281030000000030e-02 -4.184059269999999831e-02 -3.088247239999999949e-02
9.517469280000000253e+01 6.311318650000000141e-02 3.567497849999999761e-05 -7.062781070000000161e-02 1.234229499999999966e-02 -1.832629729999999887e-02 -2.588561779999999993e-02
9.787724129999999434e+01 6.410516160000000185e-02 -2.420663539999999992e-03 -6.557819369999999537e-02 7.734066369999999767e-03 -1.936370109999999839e-02 -1.260464610000000020e-02
1.005728210000000047e+02 6.338301500000000088e-02 -5.176703359999999809e-04 -6.905562869999999631e-02 8.668332860000000847e-03 2.453128409999999829e-02 -2.985163240000000134e-02
1.032689150000000069e+02 5.675411820000000190e-02 -1.377019560000000090e-03 -6.849699800000000338e-02 2.465364999999999918e-02 3.447973349999999913e-03 -2.461608209999999880e-02
1.059645399999999995e+02 6.249497629999999776e-02 -3.855863519999999829e-03 -6.881708549999999980e-02 3.151585850000000050e-02 1.585864110000000105e-02 -3.131775189999999945e-03
1.086735709999999955e+02 6.077760000000000107e-02 -1.236276400000000004e-02 -5.705598829999999899e-02 1.554549700000000013e-02 -1.869741310000000087e-02 1.501545240000000045e-02
1.113814299999999946e+02 6.367023970000000588e-02 -7.995829629999999522e-03 -5.842685219999999707e-02 1.248481689999999915e-02 6.982020700000000045e-03 -1.444468460000000081e-03
1.140841020000000015e+02 7.517019699999999416e-02 -6.085450759999999626e-03 -5.185501969999999766e-02 -3.296442499999999859e-02 1.297200820000000065e-03 -4.416292430000000324e-02
1.167884930000000026e+02 7.635510550000000618e-02 -6.269765289999999769e-03 -4.458120129999999792e-02 -4.235318849999999968e-02 1.699503999999999945e-02 -5.552111390000000202e-02
1.194909770000000009e+02 7.744009150000000230e-02 -1.812818990000000059e-03 -3.701618410000000192e-02 -5.918815899999999713e-02 -5.974838389999999853e-03 -5.232103639999999972e-02
1.221854770000000059e+02 8.073326849999999666e-02 -9.157808660000000753e-03 -3.974620570000000214e-02 1.389768339999999935e-03 -1.171430400000000004e-02 -5.061796340000000033e-02
1.248779930000000036e+02 7.862907140000000017e-02 -8.488733669999999967e-03 -2.579777620000000063e-02 -1.193130149999999980e-02 -2.920828179999999941e-02 -3.493054719999999936e-03
1.275758679999999998e+02 8.016046259999999590e-02 -9.273729419999999710e-03 -5.815209279999999752e-03 -2.430751230000000040e-02 -2.925186139999999893e-02 -7.820510290000000711e-03
1.302794299999999907e+02 8.628120970000000001e-02 -1.098952639999999960e-02 1.230770219999999943e-02 -1.561657250000000018e-02 -4.195104880000000147e-02 -3.555574350000000050e-02
1.329710080000000119e+02 7.965847589999999756e-02 -1.202593310000000040e-02 2.324014209999999969e-02 -1.195870830000000072e-02 -2.280276709999999943e-02 -5.787542059999999794e-02
1.356708050000000014e+02 8.348723249999999430e-02 -8.054285090000000077e-03 3.313995639999999659e-02 -3.579190869999999969e-02 5.413797100000000175e-03 -2.513014629999999958e-02
1.383701179999999908e+02 7.097284160000000286e-02 -8.985047309999999541e-04 4.858046769999999764e-02 -2.720769530000000103e-02 -3.125475729999999813e-02 -1.000725230000000000e-02
1.410593369999999993e+02 6.640033800000000319e-02 -8.378443840000000071e-05 5.735827350000000102e-02 -5.635110760000000031e-03 5.799515770000000271e-03 -3.563389000000000140e-02
1.437539460000000133e+02 6.200467719999999683e-02 3.277594940000000141e-03 5.447465559999999790e-02 -1.276303280000000082e-02 8.420627459999999870e-03 -2.870175570000000134e-02
1.464589300000000094e+02 5.695873750000000207e-02 1.359293179999999934e-02 6.274084359999999860e-02 -6.957909499999999359e-02 -2.575166510000000131e-02 2.285166409999999856e-02
1.491606490000000065e+02 5.930425809999999992e-02 9.063058350000000041e-03 6.332062280000000376e-02 -3.690615130000000216e-02 -4.140250570000000158e-02 1.105586320000000004e-02
1.518673679999999990e+02 6.472427379999999564e-02 1.237724159999999997e-02 6.050649229999999906e-02 -1.393531890000000023e-02 -3.321777659999999854e-02 2.820084529999999923e-02
1.545664769999999919e+02 6.422632440000000664e-02 1.903855210000000159e-02 5.789412110000000111e-02 -2.888607300000000169e-03 2.043771750000000081e-02 6.769510659999999902e-02
1.572640869999999893e+02 5.598537270000000093e-02 1.465633340000000069e-02 5.621626119999999921e-02 -2.217046290000000003e-02 -4.239842419999999973e-02 -9.107034459999999859e-03
1.599652580000000057e+02 5.757356809999999991e-02 1.136673610000000015e-02 6.067943299999999790e-02 -5.082937640000000090e-02 -1.088299969999999978e-02 -4.648122090000000178e-02
1.626606329999999900e+02 6.154269860000000092e-02 1.043314090000000034e-02 6.390458390000000599e-02 -5.004061469999999956e-02 8.823872119999999486e-03 -2.328594399999999939e-02
1.653580870000000118e+02 5.802486159999999810e-02 7.355170230000000232e-03 6.198698589999999953e-02 -1.600209689999999851e-02 2.331309800000000085e-02 1.923242140000000142e-02
1.680576800000000048e+02 6.717550790000000049e-02 3.326313970000000040e-03 5.963744199999999884e-02 -1.956518570000000123e-02 -1.088201960000000079e-02 -2.096621909999999908e-02
1.707606330000000128e+02 7.232662750000000418e-02 4.586078189999999617e-03 6.343032849999999390e-02 -2.812331500000000116e-03 -9.308161969999999286e-03 -4.555881719999999718e-02
1.734591800000000035e+02 6.822615680000000682e-02 1.724881479999999974e-03 6.329174290000000314e-02 2.096480249999999827e-03 4.874869810000000115e-04 -5.159966509999999729e-02
1.761555079999999975e+02 6.629386090000000120e-02 3.120605470000000110e-03 6.266363269999999930e-02 2.218904700000000080e-03 -7.922293950000000584e-02 -5.689318730000000185e-02
1.788621650000000045e+02 6.680174269999999970e-02 -5.066584399999999981e-03 5.974602369999999774e-02 -2.626835209999999962e-02 -7.755250980000000238e-02 -7.982872760000000664e-03
1.815572119999999927e+02 6.674840940000000000e-02 -5.968931190000000345e-03 6.256669950000000313e-02 4.547638440000000004e-02 -3.886694029999999966e-02 -1.973746250000000049e-02
1.842557740000000024e+02 6.723165039999999537e-02 -5.354656699999999978e-03 5.811147089999999654e-02 6.976814259999999934e-02 -8.204697739999999156e-03 -3.486894780000000110e-02
1.869624929999999949e+02 6.544830670000000017e-02 -5.981593369999999715e-03 6.349149950000000653e-02 -1.776010819999999935e-03 3.567970699999999801e-02 2.242705419999999842e-03
1.896536020000000065e+02 6.583313389999999321e-02 -5.712949850000000225e-03 6.606718329999999861e-02 -5.535371879999999994e-02 5.980989820000000290e-02 1.208044280000000054e-02
1.923429150000000050e+02 5.893272950000000288e-02 -1.193360149999999915e-03 7.200354309999999758e-02 -6.033010180000000083e-02 7.070909920000000015e-02 6.622190579999999438e-02
1.950420080000000098e+02 5.785549899999999773e-02 -1.022151960000000073e-03 6.995042519999999930e-02 -5.467852599999999813e-02 3.069761270000000153e-02 3.439898179999999889e-02
1.977431019999999933e+02 5.953684759999999798e-02 -5.584446900000000161e-04 6.808520090000000358e-02 -7.877610460000000064e-03 1.605528839999999929e-02 1.275926810000000029e-02
2.004368829999999946e+02 5.938660669999999697e-02 8.412448729999999790e-04 6.135266209999999665e-02 4.712707680000000066e-02 -3.991660799999999579e-03 -5.690855420000000275e-02
2.031340240000000108e+02 5.554777040000000166e-02 3.045283499999999928e-03 5.849153819999999837e-02 3.240362360000000053e-02 1.373990820000000040e-03 7.937984179999999640e-03
2.058269620000000089e+02 5.499772349999999810e-02 -3.853672280000000009e-03 6.031473300000000232e-02 2.537191989999999786e-03 1.720343170000000060e-02 6.779661820000000561e-02
2.085254769999999951e+02 5.836024129999999727e-02 -3.490396580000000061e-03 5.910224509999999903e-02 -8.732741190000000136e-04 3.667494400000000099e-02 6.516726330000000011e-02
2.112276180000000068e+02 6.040033749999999813e-02 -2.222993480000000181e-03 6.293216960000000415e-02 -2.143543430000000027e-02 3.838704629999999812e-02 1.885215299999999997e-02
2.139229620000000125e+02 6.243392529999999829e-02 3.656414179999999906e-03 6.520560929999999478e-02 -2.025567140000000127e-03 -1.421140660000000042e-02 2.525102610000000067e-02
2.166216799999999978e+02 6.645222159999999989e-02 -5.264189780000000200e-03 6.597961580000000215e-02 -2.062423949999999881e-02 -3.811850170000000149e-02 7.158369019999999416e-02
2.193216960000000029e+02 6.855742979999999986e-02 -4.648436229999999662e-03 7.026953860000000052e-02 -6.076775260000000234e-02 -3.745756129999999740e-02 7.542146619999999524e-02
2.220174460000000067e+02 5.690994010000000047e-02 -2.897045349999999905e-03 7.666900510000000668e-02 -8.005494690000000690e-02 -7.188300629999999636e-02 7.162879490000000071e-02
2.247217899999999986e+02 5.500520600000000093e-02 -6.329227429999999786e-03 8.357527889999999404e-02 -6.677582899999999488e-02 -3.391977260000000188e-02 5.504031859999999887e-02
2.274310240000000078e+02 5.390976930000000028e-02 -7.560007480000000349e-03 7.902806930000000341e-02 -6.749001559999999629e-03 1.407778940000000041e-02 4.448095780000000353e-03
2.301383050000000026e+02 5.304519449999999664e-02 -7.123499810000000383e-03 7.829507689999999631e-02 9.269784090000000171e-03 2.786614670000000030e-02 1.983109829999999980e-03
2.328352739999999983e+02 5.214152779999999682e-02 -2.496042500000000136e-03 7.091075939999999522e-02 1.400607320000000003e-02 3.283297059999999712e-02 -1.913400599999999984e-03
2.355333210000000008e+02 5.723923270000000341e-02 -6.360942900000000379e-03 6.885176319999999905e-02 1.372260860000000006e-02 5.361272880000000213e-02 1.751577199999999890e-02
2.382426179999999931e+02 6.391959510000000400e-02 -1.020834930000000078e-02 6.291473660000000689e-02 -3.078279390000000088e-02 2.193766870000000199e-03 5.766950319999999963e-02
2.409382119999999929e+02 6.660312159999999537e-02 -9.262892950000000541e-03 6.691455030000000026e-02 2.981740179999999799e-03 3.116044750000000058e-02 2.950691440000000054e-02
2.436456019999999967e+02 6.819250100000000259e-02 -1.092275380000000060e-02 5.891296819999999879e-02 -3.558950759999999960e-03 -1.872102269999999929e-02 1.039502770000000006e-02
2.463486330000000066e+02 6.490732259999999754e-02 -1.489423429999999979e-02 5.982731689999999658e-02 -1.788425269999999873e-02 -3.518722870000000336e-02 4.407611520000000171e-02
2.490527120000000139e+02 5.710474060000000213e-02 -1.073911599999999994e-02 6.167399059999999905e-02 -6.856464219999999776e-02 -1.078572669999999963e-02 -1.223052760000000079e-03
2.517556179999999983e+02 5.388200850000000180e-02 -1.309797279999999967e-02 6.948417290000000190e-02 -7.396394970000000346e-02 3.164173140000000033e-03 -2.810627129999999918e-02
2.544573990000000094e+02 5.355795530000000138e-02 -1.261397629999999950e-02 6.820845849999999932e-02 -4.414321460000000114e-02 1.529484310000000027e-02 -3.955140139999999832e-02
2.571676330000000235e+02 4.519766430000000251e-02 -1.127010649999999996e-02 6.735705840000000277e-02 -1.414816900000000037e-02 1.785762070000000007e-02 -3.237387149999999825e-02
2.598690550000000030e+02 4.882007730000000045e-02 -1.688789539999999839e-02 6.031536900000000062e-02 3.759212850000000217e-02 -3.618675269999999805e-02 -3.540666099999999900e-02
2.625725869999999986e+02 5.599056649999999830e-02 -1.313986099999999921e-02 6.418533079999999558e-02 3.175467829999999853e-02 -6.684766689999999817e-03 -3.869614880000000340e-02
2.652737579999999866e+02 5.568536109999999706e-02 -1.567330399999999901e-02 6.224830809999999659e-02 2.912308539999999835e-02 8.945903939999999555e-03 -2.863799179999999833e-02
2.679747849999999971e+02 5.398349930000000130e-02 -1.549175180000000006e-02 5.119089579999999695e-02 3.128038469999999682e-02 4.589301109999999878e-02 -1.982487659999999929e-02
