# a=0.06016276970584565, b=-154.48304396466105, c=-0.00030976903121639665, xi=9.99380572746164
6.702944020000000114e-01 6.977088339999999722e-02 -5.788952640000000031e-03 3.718181289999999972e-02 4.316699090000000044e-02 3.145450870000000149e-02 2.096042760000000130e-02
3.374695720000000065e+00 7.386135759999999661e-02 -5.515393060000000139e-03 2.924019120000000138e-02 3.300652920000000240e-02 2.658048660000000146e-02 8.852614470000000693e-03
6.075462279999999993e+00 7.819962869999999566e-02 -4.789829469999999645e-03 2.873556719999999925e-03 4.271801310000000046e-02 1.282840789999999988e-02 4.524822619999999650e-03
8.770734940000000535e+00 6.977948420000000540e-02 -1.169168140000000078e-02 -4.660380559999999922e-03 3.748112869999999791e-02 1.649371339999999853e-02 -5.057964069999999583e-03
1.147545840000000084e+01 7.534808329999999332e-02 -1.586612000000000092e-02 -2.587006749999999980e-02 2.597059280000000095e-02 1.111146740000000001e-02 -1.516109459999999930e-02
1.417591149999999978e+01 7.849727330000000336e-02 -1.838780920000000069e-02 -3.074731849999999891e-02 2.471055390000000129e-02 3.846244539999999976e-03 -1.581779339999999853e-02
1.688186310000000034e+01 7.719404059999999956e-02 -2.337737189999999909e-02 -4.645596529999999891e-02 1.781752290000000087e-03 -4.557622259999999717e-03 -3.077360570000000142e-02
1.957079119999999861e+01 7.040167170000000141e-02 -1.733070540000000020e-02 -5.483009140000000281e-02 -7.393346599999999630e-03 -1.744392560000000009e-02 4.513104629999999812e-02
2.226714120000000108e+01 6.438568930000000690e-02 -2.253500040000000135e-02 -5.612856759999999834e-02 4.346761849999999927e-02 -2.905391230000000172e-02 1.875885169999999894e-02
2.497967870000000090e+01 5.611329589999999867e-02 -2.323172100000000032e-02 -6.203849000000000169e-02 -1.294154389999999967e-02 -1.169028490000000031e-02 -3.043569289999999844e-02
2.768506620000000140e+01 5.908152080000000222e-02 -2.066269659999999883e-02 -6.617077479999999845e-02 -8.156500020000000475e-03 3.931386109999999989e-02 -8.940326099999999776e-03
3.038094590000000039e+01 6.083988220000000058e-02 -1.515619649999999999e-02 -6.013880850000000167e-02 5.481615509999999969e-02 -2.605889670000000047e-02 -3.507943769999999871e-04
3.308342090000000013e+01 6.129648979999999941e-02 -1.038469539999999948e-02 -5.573845189999999949e-02 4.619744530000000071e-02 -4.447922480000000151e-02 -5.114978729999999744e-03
3.578284430000000071e+01 5.731998480000000118e-02 -1.922327659999999898e-03 -5.098594690000000235e-02 3.844883419999999691e-02 -2.708217870000000083e-02 -1.924291029999999946e-03
3.849139900000000125e+01 6.485242200000000679e-02 5.528575049999999783e-03 -5.289836049999999817e-02 -3.580507609999999952e-02 -2.272130040000000170e-02 -1.670335300000000064e-02
4.117676620000000298e+01 6.740361609999999393e-02 8.839814550000000062e-03 -4.471870709999999777e-02 2.675570539999999956e-02 -1.044272790000000048e-02 3.653765779999999797e-02
4.388679270000000088e+01 6.188231749999999892e-02 1.445873720000000022e-02 -4.539174680000000045e-02 -3.702498829999999880e-02 -1.203677679999999930e-02 1.027126289999999963e-02
4.660345209999999838e+01 5.998048069999999815e-02 1.496454099999999961e-02 -6.001615180000000049e-02 -5.516911929999999964e-02 8.378988880000000361e-03 -2.790092760000000005e-02
4.929285680000000269e+01 5.852719659999999768e-02 1.020120660000000019e-02 -5.940568069999999784e-02 2.234808079999999961e-02 7.478697700000000318e-04 -1.185520670000000026e-04
5.198647710000000188e+01 6.234260390000000152e-02 5.796088349999999924e-03 -5.705188750000000225e-02 2.863531760000000148e-02 -1.466401709999999928e-02 4.786670340000000190e-02
5.470100209999999663e+01 6.794919219999999427e-02 8.519096539999999884e-03 -5.740426359999999811e-02 2.959629650000000084e-02 -1.818123859999999994e-02 -3.371953280000000025e-02
5.739298809999999662e+01 6.179440509999999803e-02 9.644739109999999824e-03 -5.757641530000000285e-02 -3.114713670000000129e-02 6.913084310000000392e-03 -3.915906319999999663e-02
6.009974739999999827e+01 6.231697550000000335e-02 1.275153289999999932e-02 -5.974814400000000303e-02 -2.876944520000000033e-02 1.311133819999999936e-02 -9.066673440000000417e-02
6.279302400000000262e+01 6.423701390000000067e-02 8.651083719999999241e-03 -6.107875849999999662e-02 -2.382266359999999847e-02 1.733978409999999831e-02 -8.098283589999999421e-02
6.549120059999999910e+01 6.816045919999999536e-02 4.057405669999999964e-03 -6.245298910000000175e-02 5.156268569999999767e-04 1.957480080000000011e-02 -1.320591479999999943e-02
6.818468810000000246e+01 5.857504919999999976e-02 8.544956940000000833e-03 -6.431641329999999990e-02 3.041457430000000031e-02 -5.514526429999999646e-03 -2.344540569999999883e-03
7.088581929999999431e+01 6.268547639999999532e-02 6.133076050000000126e-03 -5.695100649999999820e-02 3.649405759999999749e-02 3.890671429999999903e-02 -1.964212140000000037e-02
7.358713960000000043e+01 6.150304429999999684e-02 5.344847409999999889e-03 -5.012036069999999816e-02 2.073933660000000165e-02 2.999585910000000105e-02 -3.234213760000000104e-02
7.627262559999999780e+01 5.358164879999999936e-02 3.482317080000000079e-03 -5.077823590000000303e-02 4.807825589999999844e-02 -2.080540089999999981e-02 -2.431313879999999830e-02
7.897618810000000167e+01 6.020137069999999951e-02 7.483374069999999822e-03 -4.920733160000000106e-02 2.524786680000000103e-02 -9.664717490000000397e-04 -2.121820899999999829e-02
8.167067090000000462e+01 5.566550449999999733e-02 1.045515780000000035e-03 -4.494640109999999827e-02 4.575698270000000227e-03 -3.361751739999999794e-02 9.478490900000000746e-03
8.437735209999999597e+01 6.903439549999999814e-02 2.871921429999999952e-04 -5.513190159999999812e-02 -1.970979399999999923e-02 -7.116928039999999636e-03 -3.862628080000000269e-02
8.707459590000000560e+01 6.230311530000000320e-02 -1.787662939999999905e-03 -5.989550600000000113e-02 -3.509024179999999798e-02 -2.344756050000000158e-03 -1.839367089999999899e-02
8.977338960000000156e+01 6.264559020000000367e-02 7.579817110000000406e-03 -6.281056540000000410e-02 -4.347500289999999684e-02 -1.736170399999999864e-02 1.085626119999999993e-02
9.246797239999999363e+01 5.046569950000000249e-02 1.325401529999999974e-02 -6.626197960000000664e-02 6.046223509999999746e-02 -1.149146019999999942e-02 -6.284359500000000383e-03
9.518011620000000050e+01 5.280420510000000123e-02 1.181955129999999986e-02 -6.518110359999999825e-02 7.879099909999999485e-02 1.836381910000000131e-02 -4.028959020000000280e-02
9.788434900000000027e+01 4.949989340000000154e-02 7.068424710000000000e-03 -6.225037719999999830e-02 4.957427930000000288e-02 -2.714592780000000052e-02 -4.532092130000000066e-03
1.005994460000000004e+02 5.576545790000000252e-02 2.504695520000000016e-03 -4.999800360000000027e-02 3.309187160000000121e-03 2.329685320000000198e-03 3.240902109999999926e-03
1.033050870000000003e+02 4.496722809999999931e-02 1.964596250000000179e-03 -5.943084860000000247e-02 -2.161757749999999867e-02 1.252724719999999924e-02 -6.600870479999999818e-04
1.060181489999999940e+02 5.215744619999999887e-02 2.789002319999999975e-04 -6.042809080000000055e-02 -5.333140549999999813e-02 1.271752710000000064e-02 -2.533344300000000063e-02
1.087161959999999965e+02 5.616126739999999923e-02 2.005965279999999927e-03 -6.113264040000000038e-02 -2.982750000000000158e-03 1.254050309999999932e-02 7.511955720000000386e-05
1.114042429999999939e+02 6.494487209999999511e-02 4.153152279999999981e-03 -5.739478180000000263e-02 2.104837459999999924e-02 3.353216090000000083e-03 3.179648820000000042e-02
1.141062119999999993e+02 6.136826249999999955e-02 1.379820489999999912e-03 -6.251254950000000032e-02 4.046047259999999840e-02 6.342794720000000282e-03 6.306925770000000077e-03
1.168069930000000056e+02 5.795775940000000293e-02 -1.643753339999999910e-03 -6.483477719999999889e-02 2.830575700000000083e-02 1.527201490000000030e-02 2.803408129999999943e-02
1.195090079999999944e+02 4.755158360000000251e-02 -1.372366909999999914e-03 -6.947181780000000195e-02 1.633097320000000130e-02 -1.503865849999999962e-02 3.048082079999999902e-02
1.222037270000000007e+02 4.231535520000000161e-02 8.942569219999999593e-04 -7.006227339999999970e-02 1.289568670000000063e-02 -5.355815859999999914e-03 2.647480979999999786e-03
1.249083360000000056e+02 4.445299359999999728e-02 -7.282688610000000000e-03 -7.019218160000000040e-02 4.211665430000000043e-02 -4.517284629999999968e-02 -3.072492180000000166e-03
1.276040079999999932e+02 5.639790549999999791e-02 -4.485932100000000235e-03 -6.834841460000000424e-02 5.166142640000000175e-02 -2.537975439999999930e-02 2.271746620000000133e-02
1.303051330000000121e+02 5.766079279999999918e-02 -5.188165629999999875e-03 -6.764272509999999516e-02 -1.330897009999999943e-02 -1.920663959999999865e-02 9.095824520000000274e-03
1.330130080000000135e+02 5.283976960000000278e-02 -1.578998949999999967e-03 -6.352466040000000203e-02 -3.623079860000000263e-02 1.449430810000000049e-02 1.175150129999999980e-02
1.357116650000000107e+02 6.300470390000000032e-02 6.130435319999999640e-03 -5.802845479999999695e-02 -4.133654179999999775e-03 3.875633829999999835e-02 1.588593209999999978e-02
1.384059929999999952e+02 6.203774659999999885e-02 9.244909319999999528e-03 -5.433754860000000048e-02 7.117875160000000298e-03 1.817146869999999859e-02 5.278727629999999810e-02
1.410984300000000076e+02 7.009001089999999934e-02 6.253297100000000143e-03 -4.750779559999999957e-02 1.294735810000000042e-02 -3.478265359999999778e-02 2.925424919999999873e-02
1.437943679999999915e+02 6.910632199999999781e-02 1.363336350000000051e-03 -4.480554350000000297e-02 3.917125910000000127e-02 -2.647449849999999882e-02 -5.310130619999999836e-03
1.464931489999999883e+02 6.720467119999999628e-02 3.717891049999999878e-03 -4.641696750000000316e-02 4.125447320000000424e-03 3.169981630000000272e-02 -1.579256269999999851e-02
1.491988829999999950e+02 7.426468740000000124e-02 6.000100140000000489e-04 -2.601515490000000028e-02 -9.301421880000000208e-04 3.215958800000000284e-02 6.403923129999999865e-04
1.518888680000000022e+02 7.884183860000000543e-02 -7.911743330000000143e-03 -2.111194019999999838e-02 7.635274909999999887e-03 6.230323599999999795e-02 -1.472734879999999975e-02
1.545944460000000049e+02 7.961144359999999809e-02 -8.292918749999999423e-03 1.950438430000000101e-03 1.160699599999999963e-02 2.029179730000000084e-02 -3.917590109999999869e-03
1.572938990000000103e+02 8.210992890000000377e-02 -1.184234680000000040e-02 1.845731130000000109e-02 8.029468110000000103e-03 -1.948039849999999920e-02 -4.150160969999999727e-02
1.599984929999999963e+02 8.699155320000000191e-02 -6.480549819999999704e-03 3.453815970000000124e-02 5.663138690000000348e-04 7.753088309999999622e-03 3.901827050000000047e-02
1.627020870000000059e+02 8.504521049999999582e-02 -1.206146160000000009e-02 4.107390269999999788e-02 -5.977976810000000529e-04 1.211549909999999966e-02 -5.249780949999999571e-03
1.653907120000000077e+02 6.542970230000000331e-02 -8.145796590000000531e-03 4.547806079999999751e-02 -3.681391450000000287e-02 9.398819419999999720e-04 3.493506240000000124e-02
1.680890709999999899e+02 6.282226759999999521e-02 -3.613257390000000104e-03 4.788827989999999701e-02 -1.751965299999999962e-02 4.513556600000000196e-02 -6.858313789999999875e-03
1.707912120000000016e+02 7.217965070000000039e-02 -6.455706609999999589e-03 4.488072120000000109e-02 7.819392189999999770e-03 -1.486540509999999954e-02 2.222224269999999863e-02
1.734857739999999922e+02 7.038955030000000612e-02 -1.151533939999999957e-02 5.679770010000000091e-02 -2.929030660000000183e-04 1.808717339999999993e-02 3.263751289999999861e-02
1.761796180000000049e+02 6.525097790000000675e-02 -6.930107349999999923e-03 5.933147970000000188e-02 -1.571516380000000102e-02 2.477406680000000111e-02 5.671668819999999694e-02
1.788940240000000017e+02 5.920721150000000238e-02 -1.929215260000000012e-03 6.234601719999999930e-02 -9.654704349999999533e-04 -1.114373100000000047e-02 2.371422839999999879e-02
1.815858049999999935e+02 6.560158550000000366e-02 7.329019739999999630e-03 5.861078069999999668e-02 -8.194325369999999956e-03 3.765915959999999955e-03 1.063669480000000063e-02
1.842800239999999974e+02 7.354403900000000549e-02 -7.282045429999999811e-04 5.750628990000000024e-02 2.118741019999999947e-02 -4.092509429999999920e-02 4.474880779999999836e-02
1.869862430000000018e+02 6.843379959999999762e-02 8.230779010000000527e-04 5.585035960000000327e-02 3.291481289999999890e-03 6.366467549999999540e-04 4.025203249999999983e-02
1.896917899999999975e+02 5.386269979999999680e-02 5.192509179999999815e-03 6.043005449999999668e-02 4.103276150000000262e-04 1.832148680000000168e-02 4.759345660000000033e-02
1.923946180000000084e+02 4.907837470000000341e-02 -9.177966520000000166e-04 5.790405500000000288e-02 1.980812150000000032e-03 -1.984881520000000062e-03 1.799531990000000081e-02
1.950959619999999859e+02 4.630937000000000248e-02 4.405728809999999614e-03 6.640749249999999826e-02 -1.159286200000000065e-02 -6.263883710000000236e-03 5.085397669999999759e-02
1.978032900000000041e+02 4.925512199999999841e-02 5.688325779999999637e-03 6.484836310000000048e-02 3.825330999999999957e-03 -5.907992869999999924e-03 5.420785969999999954e-02
2.005118050000000096e+02 5.838876450000000246e-02 -1.917289329999999955e-03 6.383163499999999768e-02 4.652220129999999794e-03 -4.828091839999999746e-02 7.589700959999999552e-02
2.032227269999999919e+02 5.848606469999999974e-02 3.253095440000000095e-03 5.846101809999999788e-02 -1.269342640000000084e-02 -1.562774440000000084e-02 4.315596590000000260e-02
2.059171179999999879e+02 6.078151849999999939e-02 -3.694602840000000069e-03 5.593223189999999706e-02 -2.519144889999999984e-03 1.834069540000000031e-03 5.743733980000000072e-02
2.086271020000000078e+02 5.979364289999999915e-02 2.206797859999999958e-03 4.529930990000000102e-02 -6.445802030000000356e-03 -3.013909329999999928e-02 -3.241284179999999807e-03
2.113324619999999925e+02 6.413028279999999359e-02 2.668466400000000117e-03 4.242390509999999920e-02 -1.534396260000000026e-02 -2.207175020000000029e-02 1.319731340000000058e-02
2.140248829999999884e+02 7.312619130000000411e-02 8.078921910000000026e-03 4.852921560000000162e-02 -1.895591270000000078e-02 -2.967487879999999856e-02 2.457648460000000021e-02
2.167190400000000068e+02 6.107177290000000147e-02 7.313112539999999662e-03 5.089882369999999823e-02 -3.555556180000000316e-02 -7.416762120000000569e-02 1.378528109999999952e-02
2.194139619999999979e+02 6.880576160000000108e-02 3.487396209999999949e-05 5.974202509999999855e-02 -2.572398999999999866e-02 -7.237534319999999917e-03 4.463896199999999731e-02
2.221187580000000139e+02 6.608660789999999674e-02 -9.508293259999999955e-03 6.786218809999999824e-02 -3.003899180000000127e-02 2.638687310000000083e-04 3.222084709999999824e-02
2.248221330000000080e+02 6.974835960000000390e-02 -7.250404190000000332e-03 6.324408450000000570e-02 3.725939350000000063e-03 -4.348529809999999649e-03 4.440599039999999775e-02
2.275236179999999990e+02 6.687266799999999622e-02 -3.816234950000000053e-03 6.112192939999999686e-02 -1.542595240000000029e-03 5.172892610000000280e-02 6.310913009999999379e-02
2.302173679999999933e+02 5.865277270000000126e-02 -6.253924259999999943e-03 6.100890490000000083e-02 -1.701654949999999861e-02 -1.782885589999999923e-02 4.977258379999999899e-02
2.329226020000000119e+02 6.008018090000000200e-02 -7.084313410000000165e-03 6.716455150000000263e-02 -6.332963230000000429e-03 -1.719707419999999889e-02 4.216474039999999757e-02
2.356161960000000022e+02 5.419766139999999954e-02 1.551960329999999997e-04 6.236926730000000307e-02 -3.466915570000000252e-02 -3.058021630000000088e-02 1.205718690000000086e-02
2.383171959999999956e+02 4.717007659999999936e-02 1.420575670000000061e-02 6.133893309999999960e-02 -3.171044509999999816e-02 -4.811888169999999770e-02 -7.068343080000000049e-03
2.410136180000000081e+02 5.496944589999999686e-02 2.467714509999999889e-03 6.329692200000000546e-02 -5.578333729999999935e-02 -3.377778029999999780e-04 -1.686518910000000052e-02
2.437047269999999912e+02 5.210147159999999750e-02 7.149372230000000140e-03 5.795017210000000252e-02 -3.036710280000000026e-02 9.868487590000000250e-04 -4.564366539999999833e-02
2.463893209999999954e+02 6.418342670000000416e-02 -8.201378809999999853e-03 6.121590749999999970e-02 -1.202257439999999955e-02 -1.950496980000000075e-02 1.940896710000000053e-02
2.490865709999999922e+02 6.769911369999999373e-02 -1.129391779999999908e-03 5.915106900000000056e-02 -9.975094400000000458e-03 1.883721589999999904e-03 2.733012840000000054e-02
2.517912110000000041e+02 6.703940930000000520e-02 -1.580730069999999963e-03 5.956675549999999875e-02 -1.855952699999999927e-02 -5.412812710000000117e-04 3.156628389999999867e-02
2.544891959999999926e+02 5.927517709999999967e-02 4.701983649999999862e-03 7.281508679999999789e-02 1.294420010000000079e-02 -4.183043649999999836e-02 6.246414620000000084e-02
2.571864299999999730e+02 5.933945010000000325e-02 7.991326240000000761e-03 6.851456359999999468e-02 -1.864618059999999938e-03 -6.380920210000000023e-03 8.258816369999999810e-03
2.598920860000000062e+02 6.212720800000000321e-02 -1.466537939999999892e-03 6.702983079999999538e-02 -1.151287829999999950e-02 -2.421179000000000039e-02 4.664239609999999703e-02
2.625925869999999804e+02 6.595251269999999333e-02 2.664031180000000013e-03 5.990348649999999858e-02 -3.025673749999999856e-02 -3.392107640000000153e-03 1.905956730000000002e-02
2.652998680000000036e+02 6.836411829999999856e-02 -8.142293199999999301e-03 4.958177300000000259e-02 1.164269889999999981e-02 -2.478914299999999959e-02 3.794481479999999712e-02
2.679984969999999862e+02 6.926649120000000215e-02 -2.268625990000000189e-03 4.553138269999999765e-02 5.217478539999999970e-02 -2.180817189999999933e-02 2.029389919999999986e-02
