# a=0.0630558400354806, b=-137.64132329693933, c=0.0012388403380029346, xi=20.56679050657302
6.713579429999999570e-01 6.978249139999999351e-02 4.521245049999999925e-03 4.786965559999999814e-02 -4.911685229999999958e-02 -1.018481310000000049e-02 3.044214069999999842e-02
3.361638409999999855e+00 7.383086749999999421e-02 -1.850171170000000035e-03 3.561433459999999857e-02 -1.535508210000000040e-02 -7.984663560000000715e-03 3.984136850000000174e-02
6.065927000000000291e+00 8.098144220000000337e-02 6.448133009999999950e-03 1.884632170000000162e-02 -3.096777889999999950e-02 9.804374180000000397e-03 3.908320810000000256e-02
8.765064029999999562e+00 8.558163920000000369e-02 4.227061889999999753e-03 1.795741210000000032e-02 1.930542169999999863e-02 -2.592600579999999877e-03 2.987986880000000067e-02
1.147791969999999928e+01 8.900842629999999867e-02 1.299148600000000001e-02 -1.430512630000000014e-02 -1.506904390000000059e-02 1.331810610000000060e-03 3.227475910000000142e-02
1.418705560000000077e+01 8.326775250000000017e-02 4.588822390000000390e-03 -3.367717879999999886e-02 -6.328254310000000493e-02 -1.138095260000000081e-02 3.691360059999999887e-02
1.688516339999999971e+01 7.246553079999999702e-02 5.270760420000000258e-03 -4.959218370000000042e-02 -5.068344269999999763e-02 -7.057767179999999661e-03 1.806207129999999952e-02
1.959253059999999991e+01 6.446958869999999675e-02 -3.920109110000000174e-03 -6.691023520000000113e-02 -2.157014379999999849e-03 2.529341220000000043e-02 7.839843529999999602e-03
2.227806029999999993e+01 5.573961489999999797e-02 -5.379573179999999621e-03 -5.898146729999999976e-02 4.068712900000000243e-02 3.047945230000000203e-03 4.731386249999999793e-02
2.498729150000000132e+01 5.084142789999999967e-02 -1.682073060000000009e-02 -6.483418870000000334e-02 -2.809552270000000018e-02 -1.818618140000000018e-03 3.934972610000000287e-02
2.767310720000000046e+01 5.240616270000000160e-02 -1.482982939999999937e-02 -6.220412370000000246e-02 4.622594459999999905e-02 4.967002709999999641e-03 3.308552010000000154e-02
3.036862119999999976e+01 5.969254029999999933e-02 -9.634703689999999515e-03 -6.380250780000000510e-02 2.976677340000000171e-02 2.752225330000000053e-02 -3.744649120000000022e-03
3.306784470000000198e+01 5.688914660000000262e-02 -1.193276939999999946e-02 -5.752367490000000194e-02 2.874398489999999834e-02 1.074431619999999948e-02 -3.681480980000000069e-02
3.576970089999999658e+01 6.459712489999999696e-02 -1.092693330000000032e-02 -5.554221549999999868e-02 -5.650883669999999699e-03 -1.462823239999999983e-02 -4.123828699999999760e-04
3.847398840000000320e+01 7.153833280000000683e-02 -6.441668610000000385e-03 -5.681684079999999720e-02 4.703946579999999933e-03 -2.653346909999999836e-02 2.406804489999999838e-02
4.116136500000000353e+01 6.230525750000000251e-02 -7.974760690000000721e-03 -5.093594800000000172e-02 3.644370210000000276e-02 -2.441606249999999853e-02 3.154381390000000202e-02
4.386100720000000308e+01 5.855188239999999794e-02 -5.310750060000000126e-03 -4.702824910000000247e-02 5.379079929999999732e-02 6.119712060000000002e-03 -8.009786609999999807e-03
4.657330249999999694e+01 5.261171159999999958e-02 -3.644424020000000194e-03 -3.999837249999999705e-02 1.596301030000000024e-02 -3.571504340000000027e-02 -4.828439250000000210e-02
4.928407279999999702e+01 6.360532750000000290e-02 -5.047467110000000354e-03 -3.751995720000000228e-02 1.913358000000000073e-02 5.295771350000000322e-02 -4.083745230000000032e-02
5.198128839999999684e+01 6.190735569999999965e-02 9.142080000000000345e-03 -2.638521590000000167e-02 8.727802570000000107e-03 8.079192290000000373e-03 -4.903286219999999918e-02
5.467684619999999995e+01 5.256326759999999793e-02 3.360686400000000018e-03 -3.630702100000000182e-02 -2.875427490000000141e-02 -4.552092179999999919e-03 -6.373153369999999540e-02
5.737333999999999889e+01 6.116722980000000032e-02 5.310140100000000120e-03 -3.920051659999999882e-02 -4.685447999999999696e-02 3.603744570000000196e-03 2.230925490000000132e-03
6.006564620000000332e+01 6.383941799999999500e-02 5.228789630000000264e-03 -4.935207209999999817e-02 2.253090820000000147e-02 -1.687044219999999858e-02 1.830841799999999991e-02
6.277383840000000248e+01 5.510959309999999972e-02 7.658168919999999713e-03 -5.653541720000000020e-02 5.374533849999999988e-04 -3.715773629999999991e-03 1.855686219999999956e-02
6.547203220000000101e+01 5.897087169999999656e-02 5.817583779999999788e-03 -4.952040280000000183e-02 6.785602949999999800e-02 -3.272436659999999886e-02 1.670927939999999889e-02
6.817580560000000389e+01 6.120547280000000062e-02 -2.018057009999999873e-04 -5.327278419999999931e-02 8.097944450000000086e-03 6.333767899999999569e-03 1.193861090000000041e-02
7.087245090000000403e+01 5.626953459999999713e-02 -1.961168909999999946e-03 -5.076444499999999832e-02 4.562866969999999911e-02 -6.064507150000000152e-02 2.555114320000000105e-02
7.358447590000000105e+01 5.474760959999999677e-02 -8.154268520000000631e-03 -5.691308479999999947e-02 -3.103803960000000098e-02 -2.514717349999999983e-03 4.447582109999999832e-03
7.627802590000000293e+01 5.852354409999999812e-02 -7.893027179999999657e-03 -6.259404849999999909e-02 -3.281506689999999851e-03 -1.317296410000000015e-02 1.217642239999999938e-02
7.897313839999999630e+01 5.381774470000000310e-02 -8.590858990000000209e-03 -6.490391080000000590e-02 2.665141589999999935e-02 5.618102560000000183e-03 -3.559006599999999659e-02
8.168779150000000300e+01 4.863519079999999856e-02 -4.564162699999999885e-03 -6.790335899999999647e-02 -2.902994279999999983e-02 7.314449780000000130e-03 -2.724513519999999939e-02
8.438047120000000234e+01 5.423440770000000077e-02 -6.159749239999999862e-03 -7.157092499999999358e-02 1.769932230000000051e-02 -1.725562760000000015e-02 -2.266339800000000126e-02
8.707608220000000188e+01 5.856888710000000137e-02 -4.899401959999999910e-03 -7.085180450000000407e-02 3.948777230000000138e-02 1.154557609999999970e-02 -4.194666229999999968e-02
8.978277590000000430e+01 5.573626319999999690e-02 -1.156933509999999964e-02 -5.880321260000000161e-02 2.240589399999999912e-02 -3.867786079999999908e-03 -2.736250249999999835e-03
9.249251809999999807e+01 4.454646240000000035e-02 -4.698002369999999990e-03 -5.521548359999999683e-02 4.608042209999999722e-02 1.288899400000000084e-02 -1.517527360000000061e-02
9.519943999999999562e+01 4.253065899999999844e-02 -9.097247430000000162e-03 -6.217736630000000181e-02 8.477723780000000079e-04 -1.302583940000000100e-04 4.663360300000000264e-02
9.790739309999999307e+01 4.951395459999999998e-02 -4.881937050000000056e-03 -6.717893749999999387e-02 1.678890619999999848e-02 3.422292529999999833e-02 2.184120900000000032e-02
1.006004039999999975e+02 5.815530669999999930e-02 -5.469924170000000328e-03 -6.199548440000000188e-02 5.606947679999999684e-02 -5.206834209999999623e-03 3.622811310000000062e-02
1.032980600000000067e+02 6.935269709999999921e-02 -7.457672779999999745e-03 -5.306013069999999943e-02 8.851090100000000294e-02 1.138737000000000082e-02 -1.640797239999999954e-03
1.060013100000000037e+02 6.169818109999999911e-02 5.896809609999999942e-06 -4.566083430000000137e-02 4.000839350000000294e-02 2.569699879999999895e-02 -4.789452770000000165e-02
1.086959350000000057e+02 6.278275769999999700e-02 -1.349999720000000106e-03 -4.570927720000000222e-02 7.764432720000000177e-02 3.047844170000000089e-02 -7.092744310000000107e-02
1.114024200000000064e+02 6.435400569999999432e-02 -2.810276579999999857e-03 -5.357130759999999964e-02 2.275304819999999888e-03 1.044111009999999957e-02 -3.776444539999999905e-02
1.140893570000000068e+02 6.129127599999999870e-02 -1.037992700000000060e-02 -5.284717180000000208e-02 3.378285570000000293e-02 2.570658760000000057e-02 2.503711910000000138e-02
1.167868100000000027e+02 7.083357999999999322e-02 1.726718510000000047e-03 -5.146697850000000324e-02 4.254378030000000033e-02 3.444753899999999924e-02 3.244324870000000333e-02
1.194920759999999973e+02 6.416160510000000483e-02 4.515380890000000175e-03 -3.865641150000000137e-02 4.206857299999999800e-02 1.604066419999999969e-03 -8.682352790000000264e-03
1.221857789999999966e+02 6.871149499999999744e-02 9.114214829999999976e-03 -3.435689630000000189e-02 5.560478839999999888e-03 -3.284554380000000162e-02 9.748522239999999825e-03
1.248934979999999939e+02 6.882472820000000435e-02 1.405253100000000005e-02 -3.787325440000000043e-02 3.252822240000000087e-02 7.105798210000000004e-03 -1.670831420000000109e-02
1.275917010000000005e+02 6.984762260000000611e-02 1.092944189999999968e-02 -3.199637240000000049e-02 8.528131919999999352e-03 -1.393578810000000064e-02 -1.867321550000000099e-03
1.302945449999999994e+02 6.741989180000000637e-02 1.537121320000000083e-02 -3.301526550000000171e-02 -3.515666139999999718e-02 4.070502899999999674e-02 1.611471910000000091e-02
1.329762010000000032e+02 6.363991330000000335e-02 2.102071339999999830e-02 -1.407894749999999938e-02 1.194813789999999917e-02 5.852829579999999782e-03 2.234490559999999931e-02
1.356776069999999947e+02 6.401343780000000316e-02 2.490237910000000013e-02 -3.546979430000000034e-03 -2.645315709999999931e-02 -2.115655630000000051e-02 -8.550724549999999535e-03
1.383712480000000085e+02 7.023316729999999619e-02 2.441768089999999877e-02 8.483175259999999746e-03 6.457351210000000091e-03 2.076039489999999960e-02 -1.202792450000000034e-02
1.410684819999999888e+02 7.340427049999999343e-02 1.318292639999999946e-02 1.775329059999999903e-02 -3.187215770000000146e-03 5.268342429999999660e-03 -1.449055679999999976e-03
1.437667480000000069e+02 7.514841199999999777e-02 7.708941809999999770e-03 2.408287190000000036e-02 2.329346220000000009e-02 2.733305299999999952e-02 1.500237279999999934e-03
1.464580599999999890e+02 7.471713300000000502e-02 3.977982920000000359e-03 1.999447379999999899e-02 -1.248537800000000010e-02 2.250604440000000123e-02 -3.423159119999999792e-03
1.491582170000000076e+02 7.313463370000000685e-02 -2.833536599999999877e-04 4.114190940000000268e-02 6.712145989999999604e-03 -2.126802170000000047e-02 5.196285629999999878e-02
1.518668099999999868e+02 6.173977729999999969e-02 -4.582924270000000161e-03 3.916068660000000118e-02 -4.551882669999999967e-04 -4.675264850000000055e-02 -2.487663249999999852e-04
1.545750449999999887e+02 6.075812030000000280e-02 -7.423464119999999798e-03 5.287829360000000090e-02 2.265768690000000141e-02 -3.938449630000000201e-02 3.145085059999999655e-02
1.572868100000000027e+02 6.888925429999999406e-02 -6.850479240000000372e-03 5.801966010000000201e-02 3.004703610000000052e-02 -4.427142319999999992e-02 -8.664849480000000326e-03
1.599909040000000005e+02 7.156110479999999718e-02 -6.258288970000000333e-03 5.290441419999999950e-02 1.325959640000000037e-02 -3.232948129999999726e-02 5.071971340000000147e-03
1.626889669999999910e+02 7.782352469999999356e-02 -1.284455659999999937e-02 4.047428670000000062e-02 6.350131170000000366e-03 2.287308799999999975e-02 -9.596573779999999221e-03
1.653873100000000136e+02 7.185994580000000520e-02 -4.975846980000000336e-03 4.225327890000000336e-02 8.194672300000000603e-03 -8.988485730000000604e-03 6.128534260000000067e-02
1.680875130000000013e+02 5.737284649999999792e-02 -7.868183949999999621e-03 3.963500779999999668e-02 4.223854410000000073e-03 -9.528772859999999623e-03 3.343493429999999655e-02
1.707889820000000043e+02 5.219449570000000288e-02 -3.349704429999999806e-03 4.312404429999999733e-02 -2.132243810000000045e-02 2.865702239999999915e-02 1.062450260000000028e-02
1.734875600000000020e+02 5.295447419999999711e-02 -1.953290339999999830e-03 4.656177539999999809e-02 4.193773290000000174e-03 -1.693554770000000112e-02 5.466361470000000167e-02
1.761874819999999886e+02 4.684224730000000059e-02 2.112236319999999997e-03 5.784203210000000289e-02 -1.152494790000000054e-02 -2.720417170000000162e-02 4.077152889999999946e-02
1.788896540000000073e+02 4.860179629999999973e-02 1.493750280000000034e-02 6.752906740000000352e-02 2.203319360000000060e-02 -4.368255039999999895e-02 1.772804849999999946e-02
1.815939979999999991e+02 4.087008260000000309e-02 4.268656929999999766e-03 6.802537670000000092e-02 -6.392621539999999818e-03 -1.057285380000000038e-02 1.498453039999999951e-02
1.842941230000000132e+02 2.533985999999999877e-02 4.134341550000000115e-03 7.667694160000000647e-02 8.373012339999999498e-03 2.156006350000000057e-02 4.005453229999999913e-03
1.869940599999999904e+02 7.927745190000000039e-03 1.361305630000000022e-03 7.686282849999999389e-02 -1.008698100000000007e-02 -4.879500279999999905e-03 -1.458215690000000050e-02
1.896950129999999888e+02 7.560814540000000347e-03 -2.314221669999999911e-04 8.045134859999999999e-02 8.624780300000000829e-03 1.424318460000000008e-02 -4.311064190000000323e-02
1.923988260000000139e+02 1.838684319999999914e-02 1.952412020000000078e-03 7.293100839999999696e-02 3.418753080000000184e-03 4.664912820000000071e-02 -6.056063820000000264e-02
1.951164510000000121e+02 2.164865629999999930e-02 1.452002630000000065e-02 6.838491469999999350e-02 -1.082637539999999933e-02 5.314877109999999877e-02 -3.681550270000000236e-02
1.978154670000000124e+02 2.755965139999999938e-02 9.323088420000000265e-03 7.615467970000000530e-02 -1.865226379999999906e-02 -2.939721870000000167e-02 -4.602135110000000334e-02
2.005040600000000097e+02 3.480230279999999704e-02 1.446636450000000039e-02 7.626223259999999338e-02 -2.288587259999999915e-02 -9.625480120000000014e-03 1.139561170000000061e-02
2.032007010000000093e+02 4.490046159999999675e-02 1.391206489999999990e-02 6.620384619999999942e-02 8.209739529999999369e-03 -4.037661800000000301e-02 -5.608718520000000041e-02
2.058952480000000094e+02 4.121253619999999673e-02 1.494272510000000005e-02 6.995603179999999865e-02 -1.189124499999999994e-02 -2.758252879999999879e-02 3.323747240000000241e-02
2.085997010000000103e+02 5.047707989999999922e-02 1.873125169999999978e-03 6.529243179999999480e-02 2.447125160000000049e-02 -2.000591839999999941e-02 -4.108903910000000388e-03
2.113025289999999927e+02 5.749230689999999810e-02 7.262101269999999761e-03 7.240348750000000222e-02 -7.951272089999999321e-03 4.219849610000000334e-02 5.160201169999999865e-02
2.140146849999999858e+02 5.879789299999999691e-02 -2.799452390000000193e-03 7.056667269999999936e-02 9.285424529999999205e-03 -1.008063070000000082e-02 1.181991840000000057e-02
2.167216229999999939e+02 5.945630469999999695e-02 -2.172035570000000002e-03 7.163264699999999374e-02 5.083064799999999911e-02 -1.117505449999999997e-02 2.522324239999999829e-02
2.194266379999999970e+02 6.258468379999999887e-02 3.134884139999999765e-04 6.451831519999999542e-02 3.207802180000000197e-02 -2.069621979999999861e-02 3.074509749999999875e-02
2.221206699999999898e+02 6.798711670000000262e-02 6.897485099999999675e-03 5.039837059999999896e-02 3.080593389999999876e-02 -2.644423350000000075e-02 6.572792419999999580e-02
2.248257480000000044e+02 7.340320559999999328e-02 1.257389400000000039e-02 3.749792200000000297e-02 2.853736130000000121e-02 -2.813061790000000173e-02 1.783858320000000081e-02
2.275233100000000093e+02 7.239145430000000492e-02 1.041541969999999935e-02 3.374596269999999981e-02 1.044017770000000081e-02 1.010953380000000068e-02 2.969263509999999981e-02
2.302100289999999916e+02 6.904438240000000671e-02 8.913136860000000355e-03 2.974255279999999876e-02 -2.410839609999999855e-02 -8.923877979999999752e-04 2.592321529999999999e-02
2.329090759999999989e+02 6.263748900000000452e-02 4.916221479999999949e-03 3.872297859999999925e-02 2.921396899999999935e-02 -9.470150130000000444e-03 3.526554040000000334e-02
2.356029980000000137e+02 6.298343730000000029e-02 4.681689099999999763e-03 4.348636580000000279e-02 1.972263299999999983e-02 -4.433618500000000018e-02 1.555655109999999966e-02
2.383096539999999948e+02 7.033933620000000497e-02 1.016235940000000029e-03 4.724689650000000324e-02 1.967212759999999866e-02 -1.697794299999999881e-02 2.243573319999999857e-02
2.410193570000000136e+02 6.851213270000000577e-02 2.165167249999999828e-03 5.558655140000000328e-02 2.966239459999999925e-02 6.014340170000000152e-03 -6.273779590000000406e-03
2.437177480000000003e+02 7.106413709999999384e-02 1.127633750000000060e-02 5.744848129999999969e-02 8.204936300000000016e-03 -1.210589800000000035e-02 2.485333110000000068e-02
2.464054669999999874e+02 6.977074329999999325e-02 4.140646999999999904e-03 5.420728290000000060e-02 -1.010506949999999925e-02 -4.546825279999999747e-03 3.700367060000000347e-02
2.491095129999999926e+02 6.571965150000000366e-02 1.249847739999999973e-03 4.956120449999999733e-02 4.531655980000000306e-03 -2.825506800000000037e-03 1.729463850000000080e-02
2.518041379999999947e+02 6.450035149999999717e-02 -7.086931240000000215e-03 5.523105849999999928e-02 1.701177770000000117e-02 6.981693249999999622e-03 2.437103090000000000e-02
2.545027629999999874e+02 5.954854500000000134e-02 5.231761869999999696e-03 5.430510150000000119e-02 1.833539879999999955e-02 1.104757410000000058e-02 1.657592189999999854e-02
2.571982949999999732e+02 6.092549120000000096e-02 3.930070049999999718e-03 7.002136320000000580e-02 9.928875630000000285e-03 1.000161859999999965e-02 5.621414859999999958e-03
2.598871540000000095e+02 5.546365710000000088e-02 2.958601960000000006e-03 7.007658860000000323e-02 -2.057236600000000165e-02 1.897895009999999924e-02 6.719558750000000080e-02
2.625895600000000059e+02 6.265694280000000393e-02 -2.039380359999999896e-04 5.885516989999999699e-02 -8.858354299999999376e-03 2.739888630000000130e-02 4.430583760000000176e-02
2.652979510000000118e+02 6.982377180000000350e-02 2.500455969999999979e-03 5.478568119999999847e-02 -3.950870599999999760e-02 2.092880470000000118e-02 3.825622819999999896e-02
2.680016790000000242e+02 6.922537559999999979e-02 -4.103029389999999778e-05 5.050056779999999995e-02 -6.405142849999999333e-02 -2.663631270000000120e-02 4.719066539999999810e-02
