# a=0.06240635642603288, b=-149.64838829476705, c=0.00021824717096863042, xi=7.24391013359336
7.003953720000000160e-01 8.477460579999999968e-02 2.554023559999999814e-03 4.092549110000000268e-02 -4.967087710000000003e-03 2.030396729999999969e-02 -2.382504850000000205e-03
3.396001389999999898e+00 8.366846990000000039e-02 2.109493449999999982e-03 3.162668429999999919e-02 2.741876760000000121e-02 8.390780190000000568e-03 2.986206300000000119e-02
6.088838570000000061e+00 8.047971399999999387e-02 1.956694159999999936e-03 6.866023609999999909e-03 6.641764980000000596e-02 -1.348191370000000056e-02 2.748295549999999962e-03
8.786749979999999738e+00 8.948168689999999592e-02 7.108857579999999961e-03 -1.038041929999999934e-03 1.488119719999999972e-02 -2.769203179999999917e-02 7.203574570000000239e-03
1.148427470000000028e+01 8.466203320000000032e-02 7.558658929999999970e-03 -6.078950819999999824e-03 1.987692560000000122e-02 -3.401264300000000191e-04 -2.199660889999999897e-02
1.419177469999999985e+01 8.087358410000000664e-02 7.046479859999999623e-03 -1.984191329999999975e-02 1.841581609999999938e-02 1.817953330000000173e-02 -3.356262289999999843e-02
1.687689650000000086e+01 6.876710960000000095e-02 5.072673039999999606e-03 -2.971209860000000036e-02 1.984362859999999965e-02 4.979542399999999785e-02 1.246264600000000083e-02
1.957632470000000069e+01 6.655050199999999749e-02 5.409285800000000061e-03 -5.451200340000000172e-02 1.123331969999999923e-02 6.756938179999999808e-03 1.809089469999999866e-02
2.226885899999999907e+01 5.557397609999999849e-02 2.352097229999999882e-04 -5.771425820000000012e-02 5.662068129999999616e-03 -3.755309779999999736e-02 1.496299780000000072e-02
2.496785900000000069e+01 5.593287179999999886e-02 -3.252058290000000088e-03 -5.695082280000000191e-02 2.356336959999999828e-02 -1.327436549999999951e-02 -1.805207320000000101e-02
2.766534809999999922e+01 6.015004990000000218e-02 -5.196353560000000274e-03 -6.924562450000000535e-02 -1.779547829999999966e-03 2.242175709999999836e-02 -3.030471460000000103e-02
3.036703869999999839e+01 5.930207660000000325e-02 -2.565001349999999816e-03 -6.243609669999999889e-02 5.040154539999999739e-02 3.697400189999999753e-02 -3.200580010000000225e-02
3.306243249999999989e+01 6.032361370000000056e-02 -1.998325300000000117e-03 -6.928514989999999540e-02 6.799297079999999660e-02 3.463159450000000139e-02 -5.237762969999999740e-02
3.577809189999999973e+01 6.019270699999999807e-02 -5.642503670000000027e-03 -5.751047199999999998e-02 1.764552819999999980e-02 2.658053189999999913e-02 -6.897719400000000556e-02
3.848060590000000047e+01 6.153025449999999924e-02 -4.109019149999999614e-03 -6.204580679999999876e-02 -1.734919879999999998e-02 3.437658299999999788e-03 -3.212712370000000289e-02
4.117547780000000301e+01 6.190147139999999798e-02 -7.822254460000000603e-03 -6.082749700000000120e-02 5.644883369999999928e-02 1.555813579999999925e-02 1.416714340000000023e-02
4.387494499999999675e+01 6.447679959999999544e-02 -1.807688580000000071e-03 -6.486509930000000645e-02 2.355737999999999929e-02 1.629555840000000005e-02 3.473733180000000004e-02
4.657400899999999666e+01 6.338058579999999997e-02 -5.203454930000000339e-03 -7.175422770000000616e-02 3.092293960000000105e-02 -8.189543299999999318e-03 2.524930560000000074e-02
4.926201220000000092e+01 5.359196599999999783e-02 -5.722897719999999952e-03 -7.149023760000000616e-02 7.115190059999999816e-02 1.537410290000000047e-02 5.370243699999999870e-02
5.196397619999999762e+01 4.640648170000000183e-02 -1.537499990000000061e-03 -7.412818590000000429e-02 3.806270359999999742e-02 -2.260680459999999878e-02 1.203092329999999946e-02
5.466973089999999758e+01 5.419123549999999706e-02 1.328620570000000082e-03 -6.830515439999999827e-02 2.037453700000000159e-02 -4.837286660000000155e-02 -3.968370720000000129e-02
5.735914809999999875e+01 5.972572820000000143e-02 -3.512993739999999924e-03 -6.968245859999999681e-02 2.497902130000000109e-02 -3.268297609999999687e-02 -3.944366400000000328e-02
6.006213400000000036e+01 5.922182050000000114e-02 -2.885549299999999942e-03 -6.753408319999999743e-02 7.932405939999999378e-02 1.964650870000000070e-03 -7.566014769999999945e-02
6.276133250000000174e+01 6.250038650000000473e-02 1.184359920000000073e-02 -6.302415919999999894e-02 6.954137850000000065e-03 3.548204929999999868e-02 -1.978113570000000071e-02
6.546349340000000439e+01 6.487122820000000567e-02 8.323616759999999393e-03 -6.577910519999999317e-02 7.633151180000000147e-02 1.392018360000000024e-02 -4.505599090000000223e-02
6.817460590000000309e+01 6.456292069999999828e-02 1.188364220000000075e-02 -6.482996109999999979e-02 3.434648749999999820e-03 1.422216469999999962e-02 -2.132649530000000140e-02
7.088626370000000065e+01 6.765632659999999687e-02 8.087643250000000131e-03 -6.140754720000000250e-02 -2.180569209999999938e-02 1.425901620000000029e-02 -2.359601269999999848e-02
7.358428720000000567e+01 6.403486020000000167e-02 1.346975450000000019e-02 -6.841088139999999818e-02 -5.975343839999999740e-02 1.052685530000000043e-02 -1.264491920000000019e-02
7.627015439999999558e+01 6.235035130000000231e-02 1.197579460000000075e-02 -6.249637710000000013e-02 8.438740729999999815e-03 -3.586100349999999954e-03 1.984106929999999991e-03
7.897153869999999642e+01 5.517462480000000224e-02 7.891421169999999347e-03 -6.727453669999999830e-02 2.296815669999999893e-02 -4.188082240000000345e-02 -4.858197780000000215e-02
8.167264810000000352e+01 5.818951809999999697e-02 1.684573420000000030e-02 -7.042170650000000032e-02 -4.264460440000000276e-03 -4.381464340000000221e-03 -7.436299849999999587e-03
8.437597780000000114e+01 6.066882400000000314e-02 1.537727030000000071e-02 -6.597875860000000647e-02 -3.007075059999999873e-03 -1.669908390000000159e-02 -2.969894099999999953e-02
8.708751370000000236e+01 6.465112209999999970e-02 2.195779999999999954e-02 -6.486287039999999449e-02 -2.583701730000000085e-02 -1.968673680000000009e-02 -4.884833470000000261e-02
8.979052939999999694e+01 6.150359860000000067e-02 1.067735250000000080e-02 -6.958238410000000540e-02 1.916135050000000034e-02 8.072684260000000805e-03 3.873157110000000070e-02
9.249825749999999402e+01 6.357955029999999563e-02 1.213251779999999919e-02 -7.251423910000000250e-02 7.176660490000000281e-02 2.322962530000000081e-02 3.437287259999999983e-02
9.519328090000000486e+01 5.731070340000000291e-02 9.655726380000000109e-03 -6.056918020000000291e-02 9.586359760000000285e-02 2.382491600000000154e-02 2.707644110000000104e-02
9.790415749999999662e+01 5.958559349999999893e-02 1.755393330000000040e-03 -6.140741940000000315e-02 1.626002929999999930e-02 2.881652560000000016e-02 -1.258206400000000044e-02
1.006041529999999966e+02 6.177941879999999941e-02 -1.026855049999999929e-03 -5.941398870000000332e-02 -8.278259769999999143e-03 -1.508119840000000066e-02 -1.598532940000000138e-02
1.033015429999999952e+02 6.615776499999999338e-02 1.399366840000000091e-03 -5.431280759999999874e-02 -1.204143260000000056e-02 1.227268190000000044e-02 -5.229579570000000149e-02
1.059941369999999949e+02 6.317359999999999642e-02 4.855462009999999586e-03 -5.595565780000000267e-02 -2.106432340000000125e-02 4.087042030000000159e-02 2.733404589999999940e-02
1.086908250000000038e+02 5.954409199999999985e-02 3.778652490000000176e-03 -5.587398439999999994e-02 3.324914329999999890e-02 -6.804048340000000417e-03 6.386519449999999987e-02
1.113879500000000036e+02 5.705609150000000296e-02 -8.207764110000000416e-04 -5.825818750000000268e-02 5.415583880000000155e-02 -2.174280069999999943e-03 2.150253350000000049e-02
1.140977309999999960e+02 6.363326830000000378e-02 -2.817778850000000022e-03 -5.298863689999999682e-02 -1.840474709999999911e-03 -1.051127580000000075e-02 -3.800902479999999917e-03
1.167944810000000047e+02 7.566457340000000420e-02 -8.877448370000000713e-03 -5.775560030000000122e-02 1.884024169999999956e-02 1.458364220000000003e-02 -4.456684739999999811e-02
1.194935279999999977e+02 6.697629260000000084e-02 1.271794290000000062e-03 -6.041139429999999727e-02 1.528489889999999976e-02 1.073679410000000049e-02 -1.670521770000000031e-02
1.221983869999999968e+02 6.338694999999999746e-02 -4.923627649999999653e-04 -6.543595019999999540e-02 3.949163199999999874e-02 -3.550026600000000254e-02 -7.839675129999999423e-03
1.249062469999999934e+02 6.862118070000000625e-02 5.554505860000000196e-04 -6.565746150000000003e-02 1.267635739999999935e-02 -1.673800329999999836e-02 -2.194680569999999872e-02
1.275943249999999978e+02 6.434901070000000056e-02 -4.745338729999999672e-03 -6.053473270000000322e-02 1.060489089999999968e-01 -1.626115959999999833e-02 -9.773997269999999335e-03
1.302991059999999948e+02 5.708645229999999987e-02 2.301393340000000044e-03 -5.421067319999999662e-02 2.145664959999999885e-02 1.995985200000000015e-02 1.900407159999999845e-02
1.329858869999999911e+02 5.313955129999999721e-02 -2.741048289999999978e-03 -6.988014049999999311e-02 6.156173560000000045e-02 1.639202390000000023e-02 2.203272170000000058e-02
1.356820899999999881e+02 6.469960889999999687e-02 1.099994140000000009e-04 -6.572880170000000577e-02 4.926150619999999924e-02 2.745715220000000123e-02 6.732845829999999608e-03
1.383802929999999947e+02 7.267259389999999875e-02 -6.572876509999999763e-03 -5.057630750000000064e-02 9.327792930000000649e-02 -1.055951280000000034e-02 1.241807129999999981e-02
1.410827620000000024e+02 7.380173719999999493e-02 -8.651206019999999747e-03 -3.876718640000000049e-02 6.260726269999999927e-02 -4.089353510000000129e-03 -8.188269180000000771e-03
1.437862000000000080e+02 6.842979779999999734e-02 -1.476968529999999995e-02 -3.881930819999999949e-02 9.094916810000000518e-02 -2.040849800000000061e-02 -2.985051190000000132e-02
1.464872469999999964e+02 6.841448399999999763e-02 -1.532337829999999915e-02 -3.312406450000000141e-02 5.150137089999999584e-03 -4.126252019999999965e-02 -8.086764379999999974e-02
1.491927929999999947e+02 6.912065450000000333e-02 -1.416368619999999919e-02 -6.401975100000000321e-03 2.761221220000000106e-04 -3.069060709999999956e-02 -3.808074129999999835e-02
1.518923560000000066e+02 6.989282489999999737e-02 -1.267090520000000060e-02 2.021526449999999989e-02 1.143473780000000065e-02 1.748734069999999946e-02 -2.994293569999999932e-02
1.546016370000000109e+02 7.274833290000000396e-02 -4.222079029999999990e-03 3.818856159999999694e-02 -4.834559250000000294e-03 1.246056769999999946e-02 1.958989940000000103e-03
1.572962469999999939e+02 7.090606339999999674e-02 -8.156314859999999611e-03 4.928414660000000197e-02 1.400527250000000064e-02 -3.869859539999999810e-03 4.343467830000000141e-02
1.599929649999999981e+02 7.023230549999999461e-02 -1.003535749999999969e-02 6.071782409999999797e-02 -5.174310419999999730e-03 -5.527290120000000195e-02 6.803502929999999393e-02
1.627098870000000090e+02 6.535804359999999869e-02 1.029231629999999894e-03 6.370064209999999616e-02 5.190225839999999813e-03 -2.062310389999999841e-02 3.883061189999999913e-02
1.653989029999999900e+02 6.758663489999999774e-02 2.725992569999999998e-04 6.365807719999999614e-02 -2.044890499999999986e-02 -4.511249999999999635e-03 6.372910560000000224e-02
1.680983090000000004e+02 6.034135899999999719e-02 4.065422459999999856e-03 5.820230789999999987e-02 -2.057405229999999946e-02 -4.045224439999999672e-02 9.088425290000000378e-02
1.708046370000000138e+02 5.513123749999999934e-02 -5.768038219999999626e-03 6.382028239999999741e-02 2.119248309999999941e-02 3.989137949999999738e-02 5.865088809999999958e-02
1.735057309999999973e+02 6.355856510000000570e-02 -6.267430420000000106e-03 6.331659409999999821e-02 8.365412769999999764e-04 -1.274732129999999906e-03 6.345513680000000600e-02
1.762024969999999939e+02 6.195455219999999874e-02 -1.861575249999999947e-03 5.964214510000000191e-02 -1.221500430000000033e-02 1.951064929999999850e-02 3.540440630000000338e-02
1.789029179999999997e+02 6.676461829999999487e-02 -1.751004969999999869e-02 5.978183840000000221e-02 1.750720169999999895e-02 -8.812563790000000133e-03 2.340997900000000090e-02
1.816025429999999972e+02 7.458099760000000411e-02 -3.582405529999999928e-03 6.749602239999999420e-02 4.816813520000000283e-05 1.681849640000000062e-03 3.064974399999999960e-02
1.842948560000000100e+02 7.373155380000000203e-02 -7.197227839999999731e-03 6.322870090000000387e-02 -1.890717269999999881e-02 1.618355590000000038e-02 4.125379879999999805e-02
1.869903720000000078e+02 7.010246870000000352e-02 -9.972482379999999744e-03 6.372251530000000441e-02 4.811622980000000195e-03 -2.020050769999999843e-02 7.389638260000000458e-02
1.896909339999999986e+02 6.237952029999999787e-02 -8.363816839999999508e-04 6.780949140000000486e-02 2.893748280000000075e-02 1.282311459999999938e-02 9.388158970000000381e-02
1.924105590000000063e+02 6.695343870000000641e-02 -5.045755790000000171e-04 6.505129129999999427e-02 3.505458329999999734e-02 5.094748450000000095e-02 8.077053319999999426e-02
1.951186680000000138e+02 6.699084760000000027e-02 5.226878469999999763e-03 6.174909619999999905e-02 1.276468539999999971e-02 3.710473499999999980e-02 5.027200159999999779e-02
1.978208400000000040e+02 6.764143890000000325e-02 1.361205589999999951e-02 5.215131180000000255e-02 -6.602782599999999736e-04 4.777466199999999921e-04 2.965506819999999891e-02
2.005296529999999962e+02 6.944901600000000230e-02 1.556672710000000029e-02 5.756946789999999731e-02 2.292366300000000037e-02 2.703130220000000191e-03 6.403629710000000030e-02
2.032279809999999998e+02 6.317561439999999640e-02 8.484920039999999802e-03 5.531558050000000282e-02 -1.814285200000000098e-02 1.593166539999999951e-02 4.520239880000000154e-02
2.059200120000000140e+02 6.202335689999999985e-02 5.269766290000000089e-03 5.374980680000000094e-02 7.623347199999999787e-04 2.517921999999999869e-02 3.356847639999999827e-02
2.086216530000000091e+02 6.062483689999999953e-02 7.870503109999999608e-03 5.579011090000000200e-02 -8.972587880000000571e-03 2.828371379999999879e-02 5.053607870000000057e-02
2.113271059999999864e+02 5.864431679999999869e-02 4.369214469999999594e-03 5.952279139999999691e-02 -4.264929159999999997e-03 2.158782910000000069e-02 4.484937089999999765e-02
2.140259810000000016e+02 6.054929380000000083e-02 2.051103089999999941e-03 5.669240319999999805e-02 9.882546379999999214e-03 -1.234493799999999974e-03 8.014190690000000394e-02
2.167171840000000032e+02 5.356267339999999655e-02 5.222211780000000393e-03 5.782941939999999836e-02 -1.442121090000000015e-02 6.053662310000000081e-03 1.816971720000000109e-02
2.194218869999999981e+02 4.941679379999999733e-02 1.617305859999999904e-03 6.095677609999999857e-02 3.038833869999999979e-02 -5.908729680000000253e-04 5.262499360000000292e-02
2.221249970000000076e+02 5.798231189999999979e-02 -7.698130119999999597e-03 6.907548219999999628e-02 -1.901510940000000066e-02 1.788548280000000143e-02 2.085391489999999931e-02
2.248342470000000048e+02 5.911943900000000279e-02 -6.452978399999999976e-03 7.603464629999999447e-02 4.091334220000000105e-02 1.922305909999999854e-02 7.548276460000000188e-02
2.275310120000000040e+02 5.933138510000000171e-02 -1.527372980000000005e-02 7.917272799999999777e-02 2.080284669999999878e-02 3.163460209999999911e-02 7.182324140000000134e-02
2.302335119999999904e+02 5.818120129999999890e-02 -1.144090579999999975e-02 7.085772479999999374e-02 3.033359580000000166e-02 2.678473440000000202e-03 8.482034989999999441e-02
2.329347469999999873e+02 5.737296330000000305e-02 -1.474792129999999944e-02 6.866546099999999708e-02 3.384760029999999992e-03 -3.784158180000000288e-02 5.838246660000000199e-02
2.356253089999999872e+02 6.609587320000000210e-02 -2.043621539999999903e-02 6.796236899999999470e-02 -1.670254129999999837e-02 -9.031533600000000647e-03 7.620711280000000420e-02
2.383345119999999895e+02 6.134171399999999857e-02 -6.309502290000000395e-03 6.835072670000000294e-02 -1.967428759999999971e-02 5.394826640000000006e-02 3.491987459999999766e-02
2.410252779999999859e+02 6.570122479999999932e-02 -9.865697550000000066e-03 6.564392149999999371e-02 -7.945094819999999960e-03 2.980658870000000085e-02 2.631107809999999950e-02
2.437092309999999884e+02 6.776914289999999563e-02 -8.585366520000000182e-03 6.688208310000000323e-02 1.068590890000000078e-02 -9.801119420000000554e-03 9.375338069999999968e-02
2.464022469999999885e+02 6.733242740000000559e-02 -5.197511630000000230e-03 5.775718390000000174e-02 2.313797789999999868e-02 2.260197270000000036e-02 9.334044910000000028e-02
2.490944179999999903e+02 6.370109729999999526e-02 -7.440839579999999724e-03 6.268785039999999475e-02 -6.347394380000000343e-03 -1.214137030000000082e-02 6.142412779999999878e-02
2.517917620000000056e+02 6.151196329999999990e-02 -1.704007879999999957e-03 6.376970360000000504e-02 1.455004820000000039e-02 1.030048870000000068e-02 4.059800050000000188e-02
2.544956999999999994e+02 6.045076049999999895e-02 -1.011229660000000086e-02 6.042228270000000317e-02 5.053962310000000013e-02 1.081900740000000041e-02 9.640446540000000009e-03
2.571942930000000160e+02 5.427291459999999956e-02 -2.163993040000000180e-03 6.820703790000000322e-02 2.396465949999999900e-02 2.880417960000000027e-02 4.091305480000000105e-02
2.599055280000000039e+02 5.597146179999999693e-02 -2.954833200000000094e-03 6.788741689999999718e-02 1.918211259999999876e-02 3.975387629999999756e-02 1.680519720000000009e-02
2.626043559999999957e+02 5.907527230000000212e-02 4.633858769999999773e-03 8.062921259999999979e-02 2.553087700000000043e-02 1.474051980000000081e-02 2.806896299999999886e-02
2.653146060000000261e+02 6.153905319999999901e-02 1.034026279999999964e-02 5.892369160000000133e-02 -7.917878290000000081e-04 6.980504009999999424e-05 4.056934550000000292e-03
2.680273450000000253e+02 7.536648980000000553e-02 5.933807440000000120e-03 6.035427279999999728e-02 4.607258040000000027e-02 4.458754010000000323e-02 -2.012757789999999880e-02
