# a=0.06269481733786017, b=-142.32135453210884, c=0.0015550848635061526, xi=8.065404505498362
6.574254389999999448e-01 7.558772280000000676e-02 -1.299110490000000015e-03 5.281365860000000051e-02 -5.416333699999999890e-02 -5.553635480000000159e-03 5.569644619999999935e-02
3.360208909999999882e+00 6.267361959999999399e-02 -3.446681569999999941e-03 5.358402689999999802e-02 -5.344080200000000253e-02 1.820964090000000077e-02 5.380774210000000002e-02
6.065846099999999907e+00 7.432987289999999636e-02 1.333498630000000103e-03 5.186941390000000124e-02 1.155899449999999926e-02 3.418931919999999847e-02 4.130712129999999926e-02
8.781628290000000447e+00 7.885452149999999660e-02 4.840884209999999754e-04 5.016381129999999966e-02 -2.284089120000000125e-02 1.055889349999999949e-02 5.979342519999999994e-02
1.147996189999999928e+01 8.206900949999999806e-02 7.831033140000000572e-03 2.970100889999999910e-02 4.558002860000000267e-02 -3.575086710000000001e-02 4.791959870000000316e-02
1.419130720000000068e+01 8.415302169999999693e-02 -1.574448009999999953e-03 4.483629159999999621e-03 -1.916764339999999997e-02 -3.043113819999999914e-02 4.881394640000000229e-02
1.690078219999999831e+01 8.037238200000000610e-02 4.650979819999999723e-03 -1.202012449999999982e-02 -3.230782959999999818e-03 -5.822124229999999651e-03 7.222671259999999781e-03
1.959015409999999946e+01 7.209111980000000586e-02 -1.219788000000000079e-03 -3.072794989999999907e-02 2.338749879999999989e-02 -7.107951240000000065e-04 -1.282070960000000065e-02
2.228946970000000150e+01 6.766009050000000580e-02 1.256602759999999892e-03 -5.306114259999999971e-02 1.399760090000000054e-02 2.069741480000000106e-02 1.325846429999999986e-02
2.499238529999999869e+01 6.193990690000000104e-02 4.196813590000000004e-03 -7.121097630000000622e-02 -1.825990380000000121e-02 -4.068021019999999710e-03 2.339816659999999909e-02
2.769311340000000143e+01 5.985217210000000343e-02 2.785794659999999822e-03 -6.341640799999999356e-02 2.870687909999999898e-02 9.020022779999999421e-03 1.276667719999999978e-02
3.039649000000000001e+01 5.800997959999999731e-02 1.250691779999999961e-02 -5.503771489999999961e-02 5.580386970000000141e-02 -4.578857480000000230e-03 4.887001679999999904e-02
3.309774939999999788e+01 5.809867729999999841e-02 1.948818429999999921e-02 -4.776574620000000049e-02 5.496958930000000326e-02 -1.034900470000000086e-02 -3.853420319999999785e-03
3.579465559999999869e+01 6.602040080000000366e-02 1.460551380000000080e-02 -5.192001069999999802e-02 1.000495410000000057e-01 -5.722222009999999859e-02 2.384899039999999887e-02
3.850527910000000276e+01 6.664045000000000385e-02 1.062867600000000010e-02 -4.984290949999999748e-02 3.083722339999999881e-02 -3.817842650000000115e-02 7.835051810000000228e-04
4.120719160000000159e+01 6.754931979999999336e-02 7.150935599999999961e-03 -4.914748039999999873e-02 3.921760350000000339e-02 -4.140438159999999812e-02 -2.917660810000000104e-02
4.391454159999999973e+01 6.416861079999999773e-02 1.163427690000000056e-02 -5.130656539999999682e-02 2.139620000000000064e-02 -2.645776069999999924e-02 -1.860229880000000002e-02
4.660318219999999911e+01 6.490475789999999856e-02 1.052303010000000053e-02 -5.706178879999999898e-02 4.251450390000000024e-02 -8.570763409999999569e-03 1.319305299999999972e-02
4.929718689999999981e+01 5.123804860000000239e-02 1.386382759999999978e-02 -6.425473900000000516e-02 1.187522270000000019e-02 -1.866437569999999935e-02 -3.205089359999999804e-02
5.199426660000000311e+01 4.937823520000000216e-02 7.680125410000000416e-03 -6.789029709999999662e-02 6.116836369999999884e-02 7.911707880000000415e-03 -3.258630679999999918e-02
5.469226340000000164e+01 5.820044939999999972e-02 6.474975990000000382e-03 -6.539414420000000394e-02 3.198705429999999794e-02 1.600754499999999976e-03 1.251256270000000032e-02
5.738881030000000294e+01 6.704180899999999388e-02 -7.820673889999999254e-03 -6.438789799999999897e-02 5.741640819999999784e-02 4.383802960000000165e-02 3.601166719999999988e-02
6.008254939999999777e+01 7.215459820000000302e-02 -1.193345560000000014e-02 -5.763896159999999658e-02 7.317371570000000269e-02 2.079682999999999879e-02 3.109043499999999960e-02
6.279228839999999678e+01 6.816497380000000050e-02 -1.372822830000000084e-02 -5.353180440000000068e-02 6.677694180000000312e-02 3.327393049999999991e-02 -1.613719270000000009e-03
6.549372750000000565e+01 6.481581429999999644e-02 -8.621759039999999513e-03 -4.790825950000000139e-02 1.886760020000000093e-02 4.740323920000000246e-02 1.552510680000000103e-03
6.818533379999999511e+01 7.072266389999999625e-02 -7.543234329999999772e-03 -6.068980610000000026e-02 2.035081000000000043e-02 -4.205940810000000259e-03 3.105411640000000154e-02
7.088203380000000209e+01 6.412778119999999749e-02 -1.111862769999999966e-02 -6.267796829999999764e-02 2.582930140000000083e-02 3.367133689999999863e-03 8.443986350000000016e-03
7.357420720000000358e+01 6.245464010000000010e-02 -1.410246480000000059e-02 -6.005319349999999751e-02 2.845571309999999840e-02 -1.143781429999999981e-02 3.077358839999999943e-02
7.628224310000000230e+01 6.006347950000000269e-02 -1.246541139999999973e-03 -6.212405640000000229e-02 2.452341060000000003e-02 5.496424490000000052e-02 3.245663049999999994e-02
7.897928220000000010e+01 6.825911610000000296e-02 2.759971170000000140e-03 -5.622364490000000131e-02 2.849721789999999991e-02 2.597600900000000129e-02 2.190408530000000076e-02
8.167715719999999635e+01 7.103264820000000646e-02 8.252198829999999805e-03 -6.558792010000000228e-02 5.956642059999999600e-03 2.123863100000000087e-02 -4.416984449999999604e-03
8.437927129999999920e+01 7.282134310000000499e-02 7.954896280000000111e-03 -5.673095169999999715e-02 -3.387838409999999884e-03 -1.269888939999999980e-02 1.226645500000000076e-02
8.707965880000000425e+01 7.000073210000000434e-02 -4.867523410000000432e-03 -6.545423549999999924e-02 -1.657372340000000041e-02 -4.658186339999999953e-02 2.927257980000000023e-02
8.977456659999999999e+01 7.079135020000000555e-02 -4.356778680000000271e-03 -5.201688420000000201e-02 7.626902489999999590e-02 -3.583463630000000011e-02 4.743915189999999699e-02
9.247187909999999533e+01 5.988038970000000155e-02 -1.232476279999999893e-03 -5.335028320000000102e-02 8.978082860000000109e-02 -2.173363550000000088e-02 3.561722610000000316e-02
9.518751340000000027e+01 6.286820290000000311e-02 -3.744360940000000110e-03 -5.643916329999999759e-02 6.525369620000000259e-02 -1.024578540000000045e-02 2.340867649999999953e-02
9.788995250000000681e+01 6.256646970000000196e-02 3.275252719999999923e-03 -6.404424969999999995e-02 5.296651539999999714e-02 1.711475079999999829e-02 5.868210220000000428e-03
1.005903789999999987e+02 6.641030250000000412e-02 6.731888830000000261e-03 -5.684180059999999896e-02 4.721393680000000176e-02 3.324029760000000305e-02 2.202199980000000071e-02
1.032964730000000060e+02 6.438305340000000099e-02 1.536765469999999906e-03 -5.539697030000000078e-02 2.153687639999999834e-02 3.478887020000000219e-02 3.519905619999999947e-03
1.060043950000000024e+02 7.243395950000000583e-02 3.920118850000000287e-03 -5.254453669999999826e-02 7.554231689999999638e-03 -5.966752040000000354e-03 1.580779210000000067e-03
1.087073479999999961e+02 7.310990169999999344e-02 4.694654389999999670e-03 -5.794922360000000217e-02 2.304769350000000078e-02 -4.603579029999999885e-03 -5.341545770000000019e-03
1.114129729999999938e+02 6.742921429999999827e-02 -3.776254849999999903e-04 -6.367460530000000618e-02 -2.462375100000000188e-03 5.554191739999999634e-03 4.330811969999999949e-05
1.141134260000000040e+02 5.984861959999999981e-02 -1.912774899999999988e-03 -5.961955330000000275e-02 -4.084362440000000212e-03 5.931875409999999745e-03 -1.641460590000000039e-02
1.168097700000000003e+02 5.685692409999999752e-02 -3.655970460000000036e-03 -5.841668230000000156e-02 6.793917479999999828e-03 1.424364120000000053e-02 -1.790728399999999901e-02
1.195042380000000009e+02 5.575467020000000190e-02 -2.112863410000000077e-03 -6.520407159999999647e-02 1.938480830000000044e-02 -1.364732879999999964e-03 -3.758827890000000088e-02
1.222019880000000001e+02 6.050085479999999655e-02 -6.155159230000000273e-03 -6.849423490000000614e-02 2.531617179999999870e-02 -6.365654999999999578e-03 -2.192212069999999874e-02
1.248995670000000047e+02 5.591997159999999994e-02 -9.661581889999999511e-04 -6.886959060000000243e-02 3.645152290000000170e-03 -2.680262880000000049e-03 1.262800250000000075e-02
1.276041129999999981e+02 5.116302209999999684e-02 2.404702079999999995e-03 -7.735213309999999787e-02 1.199872509999999962e-02 3.568570160000000130e-02 -3.543329159999999978e-02
1.303004569999999944e+02 5.573479979999999834e-02 1.774373980000000083e-03 -6.801681469999999730e-02 -3.330793240000000204e-03 2.787548239999999844e-02 -1.539531090000000046e-02
1.329938009999999906e+02 6.599224469999999398e-02 2.738048620000000212e-04 -4.445993310000000143e-02 5.660883829999999867e-02 4.140581110000000203e-02 6.669717969999999947e-03
1.356958950000000073e+02 6.791607249999999374e-02 4.366387979999999773e-03 -4.015080160000000092e-02 -3.834475839999999802e-02 -8.302007429999999286e-03 -9.347677340000000792e-03
1.383966130000000021e+02 6.876841990000000238e-02 5.348979519999999890e-03 -1.605100010000000063e-02 5.867574809999999766e-03 8.906466769999999561e-03 -7.694225219999999837e-03
1.410967540000000042e+02 6.548723589999999595e-02 1.145218249999999972e-02 -5.929390060000000288e-03 -3.819599650000000263e-02 1.207352019999999998e-03 -3.481398310000000107e-02
1.437891920000000141e+02 7.093374639999999731e-02 7.636594969999999614e-03 1.287757420000000021e-02 -9.839433360000000156e-03 1.734801409999999974e-02 1.492117509999999966e-02
1.464843950000000063e+02 7.474140980000000545e-02 9.832075739999999661e-03 2.175116610000000020e-02 -5.395275399999999860e-03 4.637069409999999836e-02 8.257937829999999202e-03
1.491931130000000110e+02 7.291353899999999943e-02 8.767818009999999232e-03 4.118094139999999709e-02 3.010523470000000049e-03 -4.010580150000000316e-02 3.980660979999999655e-02
1.518961600000000089e+02 7.127722749999999829e-02 8.163571419999999731e-03 5.174138849999999901e-02 7.985838099999999912e-03 -3.362988600000000119e-03 2.044687120000000108e-02
1.545913789999999892e+02 6.212796529999999734e-02 5.608734750000000241e-03 6.521349229999999497e-02 -3.704281539999999817e-03 3.082937970000000031e-03 2.505950800000000117e-02
1.572923169999999971e+02 5.995288399999999795e-02 -2.784006370000000150e-03 6.984481609999999840e-02 -9.911009590000000383e-03 -9.389617399999999545e-03 2.776457489999999834e-02
1.599822849999999903e+02 5.668624209999999913e-02 7.692192799999999879e-03 6.886930880000000088e-02 1.011156149999999955e-02 2.115423550000000014e-02 -3.121072489999999794e-04
1.626812229999999886e+02 5.420481130000000258e-02 2.664395689999999803e-03 6.624542949999999430e-02 2.094555849999999927e-02 -7.076406650000000367e-03 8.684884530000000838e-03
1.653910669999999925e+02 5.762215009999999832e-02 2.829043070000000206e-04 6.339981799999999668e-02 -1.197505140000000058e-02 1.242119409999999959e-03 2.092807569999999805e-03
1.680783480000000054e+02 6.331899890000000641e-02 1.350838459999999935e-03 6.791547600000000240e-02 3.041224299999999853e-02 -1.403147939999999962e-02 1.471817710000000029e-02
1.707842070000000092e+02 5.749511429999999701e-02 -1.170524669999999968e-03 7.312855769999999922e-02 -1.248074549999999942e-02 -1.579824690000000004e-02 5.567919660000000132e-02
1.734827070000000049e+02 6.048912210000000067e-02 -3.353222709999999869e-04 6.425078530000000177e-02 2.214074450000000013e-02 -3.190949960000000196e-02 4.314244099999999665e-02
1.761802380000000028e+02 6.693514600000000092e-02 -1.905061769999999953e-03 6.264265269999999552e-02 2.097623750000000148e-02 -5.298033540000000180e-04 4.698319360000000056e-02
1.788938479999999913e+02 6.740495380000000036e-02 6.601666919999999751e-03 6.250711759999999506e-02 5.833440550000000037e-03 1.668046810000000171e-02 3.094431710000000117e-03
1.815836600000000089e+02 6.934217650000000510e-02 2.277063250000000046e-03 5.093500520000000115e-02 3.634590550000000014e-03 9.680833260000000495e-03 2.590755230000000089e-02
1.842874099999999942e+02 6.865712679999999568e-02 3.152635310000000048e-03 5.700198289999999779e-02 4.338657499999999667e-02 2.238456490000000076e-02 4.933181829999999657e-02
1.869876130000000103e+02 6.172991860000000275e-02 6.062154410000000250e-03 5.039763619999999833e-02 1.608542539999999882e-02 3.384200689999999814e-03 3.903877919999999835e-02
1.897052539999999965e+02 5.499060809999999772e-02 9.658405289999999824e-03 5.985135579999999872e-02 1.594337720000000083e-02 4.244207199999999736e-02 5.420019360000000175e-03
1.924135670000000005e+02 5.658859069999999658e-02 5.149670280000000037e-03 6.786605349999999537e-02 2.656932240000000126e-02 2.351763789999999910e-02 2.347258829999999963e-02
1.951186130000000105e+02 6.408956130000000029e-02 6.981906650000000401e-03 7.215882129999999506e-02 6.183050469999999688e-03 -7.967556259999999599e-03 4.439093410000000128e-02
1.978129260000000045e+02 6.414331469999999535e-02 2.492878679999999906e-03 7.530602070000000370e-02 2.169108610000000106e-04 2.189977840000000009e-02 2.601638129999999868e-02
2.005181760000000111e+02 6.411390009999999584e-02 -1.199298369999999940e-02 6.650836810000000654e-02 -1.073430730000000076e-02 -2.358230470000000079e-03 5.766090709999999869e-02
2.032274099999999919e+02 5.698736909999999739e-02 -2.896491910000000003e-03 6.408716300000000254e-02 2.208833080000000004e-02 6.315996150000000031e-02 7.677231900000000553e-02
2.059225350000000105e+02 6.213433170000000338e-02 -8.830736559999999985e-03 6.592672850000000362e-02 -1.846140710000000046e-02 -1.628907500000000008e-02 6.916555139999999713e-02
2.086231600000000128e+02 5.804321409999999709e-02 -5.396214279999999620e-03 6.368933490000000530e-02 -1.021371000000000084e-02 -5.222231150000000016e-02 6.691265559999999557e-02
2.113228949999999884e+02 6.289151760000000202e-02 -1.143094579999999992e-02 5.469425590000000226e-02 6.332838260000000184e-03 -4.836601530000000232e-02 2.270200379999999865e-02
2.140338950000000011e+02 5.872343630000000092e-02 -4.174417340000000087e-03 4.752952089999999685e-02 7.525272080000000065e-03 -1.437102980000000071e-02 1.517218610000000030e-02
2.167346450000000004e+02 5.098026139999999734e-02 -9.485989900000000100e-03 6.636377139999999342e-02 -1.309482959999999988e-02 -3.516084979999999777e-02 -5.327734980000000189e-03
2.194330349999999896e+02 4.786972960000000082e-02 -6.257960090000000419e-03 6.757236830000000471e-02 -2.757437100000000030e-02 5.713325710000000113e-02 7.506067239999999856e-03
2.221241449999999986e+02 5.869809659999999929e-02 -1.757180699999999832e-02 6.589403770000000493e-02 -2.051200800000000171e-02 1.099605759999999939e-02 -5.312135869999999940e-03
2.248181130000000110e+02 5.978596109999999991e-02 -3.873281479999999936e-03 6.706984520000000560e-02 -2.991489030000000007e-02 -4.444840329999999798e-03 -2.244462560000000037e-02
2.275183169999999961e+02 6.379507450000000690e-02 -2.348322590000000154e-03 6.968571419999999850e-02 1.112197509999999945e-05 -7.193912529999999840e-03 -1.289045119999999989e-02
2.302066759999999874e+02 6.900621549999999549e-02 -7.880490449999999480e-03 5.820717439999999882e-02 1.344447449999999940e-02 -2.320172079999999887e-02 1.686787209999999950e-03
2.329227850000000046e+02 7.143971200000000243e-02 5.336441970000000388e-03 5.625115359999999926e-02 -7.476729139999999975e-03 -3.824154290000000150e-02 1.605652520000000125e-02
2.356198170000000118e+02 7.260772040000000593e-02 5.273121559999999902e-03 4.743800339999999782e-02 -2.307531239999999900e-02 4.164659050000000043e-03 -3.195529180000000052e-02
2.383109100000000069e+02 6.890224389999999310e-02 -6.012273220000000258e-03 4.970328179999999874e-02 -2.966385369999999938e-02 3.452592909999999821e-02 -1.236217979999999945e-02
2.410000039999999899e+02 6.947540089999999779e-02 -3.041149219999999924e-03 4.997951250000000345e-02 -2.360004850000000168e-02 2.958388779999999996e-02 1.975256879999999840e-02
2.436949099999999930e+02 6.605321200000000004e-02 -1.186720729999999994e-02 5.585656289999999663e-02 -1.689757689999999909e-02 -1.910992229999999847e-02 3.044220660000000050e-02
2.464073170000000061e+02 5.917042360000000084e-02 -1.268162649999999940e-02 5.165628299999999729e-02 -3.191585069999999975e-03 -1.068241110000000063e-02 -2.773246890000000131e-02
2.491185670000000130e+02 6.458424179999999737e-02 -4.848281979999999845e-03 6.135615479999999983e-02 -5.445930669999999793e-03 -8.202448060000000832e-03 -2.763310939999999872e-03
2.518175819999999874e+02 7.064143080000000186e-02 -1.062010350000000027e-02 5.763704830000000029e-02 1.805908579999999930e-02 -1.413314510000000064e-03 -1.415941310000000050e-02
2.545206129999999973e+02 6.231097449999999788e-02 -3.035870549999999946e-03 6.108038550000000066e-02 -2.331044880000000125e-02 -4.423235059999999774e-02 1.856844870000000022e-02
2.572250040000000126e+02 5.796175359999999888e-02 -8.132727249999999186e-03 5.490120989999999757e-02 2.102880719999999926e-02 6.557629609999999880e-03 1.702135550000000164e-02
2.599171289999999885e+02 5.317144599999999721e-02 -4.781224790000000030e-03 6.772668639999999962e-02 5.107546139999999575e-03 2.642815719999999993e-02 5.971151970000000003e-02
2.626032379999999762e+02 6.240857949999999849e-02 -6.573119500000000268e-03 6.447057529999999925e-02 1.146848619999999985e-01 1.006161499999999945e-02 1.256598649999999921e-02
2.653109880000000089e+02 6.699493089999999929e-02 -6.495668409999999678e-03 5.825229180000000145e-02 -1.204752639999999951e-02 1.286010760000000017e-02 3.063157130000000034e-02
2.680046029999999746e+02 7.304189499999999557e-02 -6.780033139999999854e-03 5.230577270000000278e-02 -3.212320190000000214e-02 -7.502351390000000161e-03 6.322127269999999744e-02
