# a=0.06036770510346111, b=-141.51997863384022, c=0.007783415050240124, xi=7.158734699468394
6.992953109999999750e-01 5.653328380000000042e-02 -1.379343280000000071e-03 6.273421419999999915e-02 2.072911959999999831e-03 -4.059772610000000198e-02 -1.856987220000000036e-02
3.396278720000000195e+00 5.206398000000000276e-02 -1.243959279999999959e-02 5.804060479999999939e-02 -1.271095470000000068e-02 -1.877139480000000055e-02 3.296363430000000261e-02
6.100076689999999857e+00 5.477812490000000256e-02 -8.057414719999999447e-03 5.483172339999999728e-02 -1.485649669999999922e-02 -6.383067989999999595e-03 -4.423319459999999759e-02
8.787142940000000735e+00 6.024867770000000289e-02 -1.275294459999999977e-02 5.670982549999999817e-02 -2.283899179999999973e-02 5.834744190000000323e-03 -2.762251110000000023e-02
1.149374719999999961e+01 6.837332100000000079e-02 -7.010574280000000068e-03 5.063656049999999686e-02 -3.616926429999999665e-02 -6.688019849999999981e-03 1.089704350000000009e-02
1.419240650000000059e+01 6.814497270000000051e-02 -6.110045710000000345e-03 5.449133040000000289e-02 -2.618351760000000097e-03 -1.177706960000000046e-02 2.791139280000000042e-02
1.689402529999999913e+01 7.895699400000000256e-02 -1.161780169999999945e-02 4.098635929999999705e-02 -1.427466829999999957e-02 3.629920119999999889e-02 1.782023799999999866e-02
1.958664870000000136e+01 7.954244679999999956e-02 -1.447127349999999951e-02 1.299930229999999957e-02 -1.362551660000000005e-02 -5.179300480000000213e-03 6.810725580000000397e-03
2.228339719999999957e+01 7.441220319999999888e-02 -1.140230469999999920e-02 -1.660191520000000101e-02 -3.956364279999999983e-02 -2.586379940000000169e-02 -1.763678180000000117e-04
2.499743309999999852e+01 7.811295109999999431e-02 -5.905501470000000357e-03 -4.729674200000000273e-02 -1.915613099999999985e-02 -1.559177710000000071e-02 -5.925782029999999978e-02
2.767963779999999829e+01 6.918356270000000641e-02 -9.438668100000000352e-03 -5.131083360000000121e-02 -2.618238590000000060e-02 -2.688499139999999885e-02 1.175730550000000018e-03
3.037279870000000059e+01 6.769859570000000271e-02 5.562553970000000056e-03 -4.667538179999999870e-02 -1.406353670000000042e-02 -3.884472969999999692e-02 -4.012811479999999625e-03
3.307227060000000307e+01 5.829945629999999657e-02 9.341258970000000314e-03 -5.460653099999999982e-02 -2.817999729999999883e-02 -5.996295070000000164e-03 -5.646573099999999817e-02
3.576209560000000209e+01 6.212186819999999943e-02 2.155413399999999823e-03 -5.180748939999999664e-02 -3.897954210000000030e-02 -3.185979819999999740e-02 -3.991185819999999718e-02
3.846046280000000195e+01 7.226375620000000111e-02 -3.868427319999999826e-03 -5.642526300000000328e-02 -1.588927669999999973e-02 2.782718550000000055e-02 -9.965048590000000206e-02
4.116346589999999850e+01 7.082118010000000574e-02 6.121708120000000398e-03 -6.649360969999999760e-02 1.101513370000000054e-02 3.494801759999999896e-02 -6.840380749999999677e-02
4.385342219999999713e+01 5.588470789999999688e-02 1.397836700000000022e-02 -7.110160810000000497e-02 -7.597746909999999673e-03 -3.923537729999999890e-02 -6.669180210000000275e-02
4.655286120000000238e+01 5.122725859999999881e-02 1.012377300000000084e-02 -7.423135579999999567e-02 -9.084251449999999938e-04 -4.729962419999999938e-03 -1.565577640000000159e-02
4.926028939999999778e+01 4.806320590000000281e-02 2.317027849999999788e-03 -6.849267639999999380e-02 1.989556489999999914e-02 -6.246109219999999677e-03 -4.479786599999999869e-02
5.195842999999999989e+01 4.896886780000000300e-02 -2.036668540000000169e-03 -5.769274030000000331e-02 -4.346189949999999975e-03 1.411931649999999955e-02 -7.609162889999999740e-04
5.465581120000000226e+01 4.983897579999999744e-02 -1.470885099999999935e-03 -5.589111370000000162e-02 -2.569514230000000121e-03 -2.608482000000000162e-02 -2.732492220000000069e-02
5.735611120000000085e+01 5.294519240000000043e-02 -9.563574420000000090e-03 -5.457840030000000314e-02 -3.513074100000000179e-03 1.314699819999999922e-02 3.004873610000000084e-02
6.006726280000000173e+01 5.629923240000000301e-02 -1.113057530000000073e-02 -5.865935519999999903e-02 1.534111569999999959e-02 1.835538329999999996e-02 -1.415030400000000070e-02
6.277511429999999848e+01 6.181984330000000333e-02 -7.483549679999999815e-03 -6.002493529999999855e-02 2.565473639999999930e-02 1.679711240000000090e-03 -4.584433670000000183e-02
6.547416280000000199e+01 5.793931239999999816e-02 -1.314264239999999966e-02 -5.330689269999999702e-02 -1.943441809999999978e-02 3.290912220000000166e-02 -6.531415979999999344e-02
6.817463309999999410e+01 5.702644400000000252e-02 -7.324384330000000172e-03 -5.484373780000000032e-02 1.803688410000000089e-02 1.442997679999999915e-02 -6.809793940000000156e-02
7.086948470000000100e+01 5.978346379999999877e-02 -6.623738369999999931e-03 -5.243466539999999676e-02 -1.030907680000000062e-02 2.684919750000000147e-02 -9.884888170000000196e-02
7.357218310000000372e+01 6.132570920000000175e-02 -7.202647060000000150e-03 -5.166958630000000052e-02 1.198586809999999982e-02 -8.865992569999999948e-03 -5.114017640000000087e-02
7.627745810000000404e+01 5.617024959999999956e-02 -5.002266580000000289e-03 -6.065820720000000138e-02 6.943839499999999998e-03 -1.215665930000000075e-03 -7.671876850000000636e-02
7.897904870000000699e+01 6.094426020000000277e-02 -8.779790469999999847e-03 -5.483976179999999756e-02 -4.032730729999999680e-03 1.035915100000000047e-02 -1.128426029999999962e-02
8.168532220000000166e+01 5.362833899999999709e-02 -5.687321999999999864e-03 -5.552557920000000119e-02 -1.002553410000000048e-02 1.642092499999999898e-03 -7.872676630000000064e-02
8.437927530000000331e+01 5.090218430000000016e-02 2.533273859999999982e-03 -5.336226699999999795e-02 -2.527131130000000170e-02 2.951641819999999833e-02 -2.893999250000000092e-02
8.708338779999999701e+01 5.564254650000000080e-02 5.048204649999999717e-03 -5.408300080000000287e-02 -2.881288560000000096e-02 -1.277500720000000062e-02 -5.845016420000000157e-02
8.977615500000000281e+01 6.436231169999999391e-02 1.281218339999999969e-02 -4.293455689999999686e-02 3.637199509999999858e-02 -2.390836810000000062e-02 -1.642408400000000069e-03
9.248641279999999654e+01 7.160246539999999549e-02 1.541949739999999916e-02 -4.985865860000000122e-02 -3.149853609999999932e-03 2.258897190000000096e-02 -8.158283330000000444e-02
9.518592839999999455e+01 7.818524890000000394e-02 1.307624689999999958e-02 -3.580452890000000027e-02 -9.558819430000000316e-04 2.325170470000000045e-02 -3.996347470000000124e-02
9.788058780000000070e+01 7.296842670000000530e-02 3.845889659999999870e-03 -5.458800729999999796e-02 -2.043230489999999996e-02 -1.895550710000000125e-02 -7.734337930000000083e-02
1.005762079999999941e+02 7.095500230000000019e-02 1.417971529999999952e-02 -4.811290330000000254e-02 -5.510948330000000304e-03 -1.188874269999999926e-03 -2.665432939999999931e-02
1.032789109999999937e+02 7.432064780000000037e-02 5.134915470000000169e-03 -5.176422259999999970e-02 -1.152790419999999948e-02 -7.279886620000000641e-02 -2.679083380000000028e-02
1.059808639999999968e+02 7.559423490000000134e-02 -5.227638930000000350e-03 -4.775151750000000000e-02 8.329707159999999791e-03 -4.806284660000000042e-02 -3.862852989999999986e-02
1.086779580000000038e+02 7.005371909999999480e-02 -6.983049909999999687e-03 -4.573998259999999955e-02 -2.557731170000000082e-02 -2.923370369999999871e-02 -2.140002129999999878e-02
1.113695359999999965e+02 6.682634160000000545e-02 -6.282964959999999890e-03 -5.710473709999999703e-02 -4.024079159999999905e-02 -2.295789100000000110e-02 -4.874889429999999801e-02
1.140657389999999936e+02 7.057275279999999928e-02 -8.212236350000000698e-03 -5.220960089999999998e-02 -2.887214189999999861e-02 2.810075390000000076e-02 -3.475626920000000203e-02
1.167677240000000012e+02 7.561386890000000582e-02 -1.688183690000000063e-03 -5.998804270000000077e-02 -4.772572969999999692e-02 1.133075799999999980e-02 -7.145682629999999813e-02
1.194603170000000034e+02 6.953834959999999343e-02 6.138385469999999965e-04 -4.662424440000000059e-02 -1.951217380000000098e-02 -2.946830560000000127e-02 -3.277408820000000250e-02
1.221555209999999931e+02 6.102425260000000212e-02 -9.183957269999999326e-03 -5.949111819999999828e-02 -2.044544729999999907e-02 5.511483150000000275e-02 -1.736342889999999833e-02
1.248601460000000003e+02 6.456517979999999712e-02 -1.189773220000000034e-02 -6.021361239999999809e-02 7.530472550000000265e-03 8.158239649999999427e-03 -3.614544439999999893e-03
1.275608170000000001e+02 6.338361419999999358e-02 -1.766273559999999992e-02 -5.303582689999999933e-02 4.321273129999999955e-03 1.048318309999999969e-02 1.113899510000000009e-02
1.302695989999999995e+02 6.331801099999999349e-02 -2.103288749999999985e-02 -4.981996379999999863e-02 5.697351029999999684e-03 -1.759291710000000092e-02 -7.671653819999999825e-03
1.329886919999999861e+02 7.136992139999999429e-02 -1.666737429999999923e-02 -4.679360340000000146e-02 1.470615210000000015e-03 -2.318942129999999879e-02 -3.644957199999999953e-02
1.356792710000000000e+02 7.121658090000000663e-02 -1.636220440000000012e-02 -2.990215809999999946e-02 1.343109020000000063e-02 -1.373247560000000027e-02 5.449035950000000184e-04
1.383759579999999971e+02 7.390989380000000109e-02 -7.330447250000000220e-03 -1.500680279999999991e-02 -1.012494599999999925e-02 -2.821578770000000153e-02 -1.956963590000000176e-03
1.410821770000000015e+02 7.530896639999999642e-02 -3.545466839999999835e-03 4.255307449999999776e-03 -1.459411430000000101e-03 2.656598039999999872e-03 1.226414810000000036e-02
1.437784890000000075e+02 6.978973500000000552e-02 -3.854509380000000103e-04 2.683971460000000170e-02 -7.544554699999999996e-03 3.161530769999999768e-02 -1.401455119999999929e-02
1.464945669999999893e+02 7.256346160000000378e-02 1.003931729999999909e-03 4.227554719999999933e-02 -1.735971370000000125e-02 3.394056629999999981e-03 -6.125191109999999876e-03
1.491933799999999906e+02 6.512320100000000556e-02 1.842122380000000073e-03 5.451894530000000322e-02 -3.078605170000000071e-02 -3.548390550000000282e-02 -1.904132979999999947e-02
1.518830360000000042e+02 5.667367429999999734e-02 -3.516244940000000114e-03 6.469286690000000672e-02 2.160473510000000125e-02 -2.279752159999999875e-02 -3.976308859999999612e-03
1.545975520000000074e+02 6.212654170000000281e-02 -2.636589649999999951e-03 5.859348400000000123e-02 -3.559093709999999744e-02 1.009207739999999978e-02 -2.884040889999999954e-02
1.572908329999999921e+02 5.560748790000000219e-02 -1.061043199999999950e-02 6.066263660000000002e-02 -4.465576959999999901e-02 9.998624240000000135e-03 -2.395018650000000152e-02
1.600027240000000006e+02 4.794951060000000181e-02 -6.964624029999999869e-03 7.186860890000000557e-02 -2.630837629999999844e-02 3.679669349999999811e-02 -5.036775870000000099e-02
1.627026140000000112e+02 4.497665160000000051e-02 -8.810941529999999702e-03 7.190339020000000025e-02 -1.492091870000000070e-02 6.899528280000000006e-03 -2.097842080000000137e-02
1.654022549999999967e+02 4.903856100000000134e-02 -6.877672930000000226e-03 6.943005419999999372e-02 5.081656910000000027e-02 1.471949889999999914e-02 -2.508344300000000041e-02
1.681088330000000042e+02 4.839842650000000107e-02 -3.457805390000000170e-03 6.560070199999999685e-02 -8.653076109999999557e-03 -1.112649830000000083e-02 -2.520301659999999930e-02
1.708125670000000014e+02 4.599075229999999986e-02 -4.176953159999999970e-03 6.713437329999999426e-02 -7.854792010000000158e-02 -1.551522860000000004e-02 -6.312004359999999481e-02
1.735123800000000074e+02 4.539435260000000000e-02 -6.043447549999999939e-03 7.261943580000000675e-02 -7.751684229999999953e-02 5.551965550000000083e-02 -5.678895269999999912e-02
1.762028019999999913e+02 4.841306239999999816e-02 -1.572532969999999993e-04 7.592519840000000464e-02 -1.205110790000000001e-02 2.626517589999999985e-02 -3.467185460000000302e-02
1.788865209999999877e+02 5.224980049999999876e-02 4.239334190000000092e-03 7.536971900000000169e-02 4.282950879999999905e-02 -1.158136970000000002e-02 -1.327471910000000040e-02
1.816035359999999912e+02 5.765315869999999843e-02 -1.410584369999999923e-03 6.722204769999999552e-02 -1.561217630000000071e-02 1.309209029999999947e-02 -3.854536830000000140e-03
1.843108330000000024e+02 6.654850049999999628e-02 6.999431619999999660e-03 6.423736770000000595e-02 -3.180634429999999735e-02 2.126811350000000142e-02 4.218326149999999941e-02
1.870066140000000132e+02 6.359269469999999369e-02 1.177897179999999946e-02 5.629807390000000217e-02 -1.765398769999999840e-02 1.597032439999999942e-02 4.159929710000000169e-02
1.897057550000000106e+02 6.142362690000000014e-02 1.549195329999999982e-02 5.543596530000000078e-02 -8.735960080000000627e-03 -1.511924010000000040e-02 2.020635629999999877e-02
1.924101139999999930e+02 6.988134070000000253e-02 1.562911709999999926e-02 5.997668059999999857e-02 3.019678229999999894e-02 -3.160213619999999862e-02 -4.263262019999999874e-02
1.951078489999999874e+02 6.936918379999999773e-02 1.495563689999999946e-02 4.996000999999999914e-02 -1.272969309999999986e-02 -4.347144149999999929e-02 -4.100785009999999980e-02
1.978173639999999978e+02 5.935595839999999873e-02 5.837787730000000216e-03 6.282986440000000450e-02 6.801898330000000215e-03 -1.605141250000000075e-02 -4.946348529999999855e-02
2.005089269999999999e+02 6.264707160000000663e-02 1.371873049999999990e-02 5.695021160000000165e-02 -3.988442880000000329e-02 -2.109298880000000029e-02 -4.196420829999999991e-02
2.032078170000000057e+02 5.388719439999999777e-02 1.392491920000000008e-02 6.848664849999999693e-02 4.305297200000000185e-02 -2.456489499999999979e-02 -4.106641180000000085e-02
2.059013329999999939e+02 5.851446030000000131e-02 1.686535529999999908e-02 6.548661640000000284e-02 -5.376477319999999754e-03 -3.403307719999999759e-02 2.922371149999999917e-02
2.086128960000000063e+02 4.692991309999999805e-02 -4.158836279999999705e-03 6.863294999999999813e-02 2.021638450000000017e-02 -9.359900419999999180e-03 -2.406704419999999844e-02
2.113007859999999880e+02 4.996116300000000288e-02 2.873274290000000022e-04 8.013425529999999852e-02 -1.203913030000000085e-02 -5.954973360000000160e-02 -2.536924639999999995e-02
2.140065669999999898e+02 4.504079130000000070e-02 2.822125459999999877e-03 7.069621889999999631e-02 -1.790706300000000084e-02 -1.592479750000000069e-02 2.892397359999999973e-02
2.167045359999999903e+02 5.128303929999999955e-02 2.017260119999999841e-03 7.704031840000000186e-02 -1.422267080000000003e-02 4.262191470000000100e-03 1.713548629999999892e-02
2.193919420000000002e+02 3.697657179999999655e-02 5.014481050000000120e-03 8.362003860000000177e-02 6.307610769999999478e-02 2.972488920000000007e-02 6.767241270000000364e-02
2.221024109999999894e+02 3.341728280000000328e-02 2.783342879999999801e-03 7.837268290000000415e-02 -1.084931010000000050e-02 -2.000994069999999930e-02 4.723585899999999810e-02
2.248095050000000015e+02 2.626966940000000084e-02 7.225726719999999749e-03 7.499950060000000474e-02 -3.997605679999999967e-02 -5.608337750000000170e-03 -8.218445159999999581e-04
2.275126140000000134e+02 4.270568300000000123e-02 4.126478169999999585e-03 7.137306799999999785e-02 -5.752530830000000123e-02 -5.051854199999999788e-03 -1.749133159999999992e-02
2.302119109999999864e+02 4.935647189999999712e-02 5.260555240000000000e-03 7.098057720000000570e-02 7.762172920000000136e-03 1.197730569999999953e-02 -2.395875759999999827e-02
2.329226140000000100e+02 5.427308229999999734e-02 1.477247710000000047e-02 6.823676929999999974e-02 1.997342389999999784e-03 1.355072939999999934e-02 -2.624075899999999892e-02
2.356275829999999871e+02 5.664155629999999969e-02 9.768982049999999639e-03 6.968714909999999818e-02 2.826285510000000126e-03 -7.477307790000000190e-03 1.076185419999999959e-03
2.383261139999999898e+02 5.486962709999999854e-02 6.094725120000000010e-03 7.274400670000000235e-02 -1.549099599999999993e-02 -5.252227649999999942e-02 2.196780190000000021e-02
2.410390669999999886e+02 4.869102110000000233e-02 1.821012249999999922e-04 6.667387589999999864e-02 -4.609824729999999898e-02 -2.283300489999999863e-02 -2.099801739999999917e-02
2.437511299999999892e+02 4.332696130000000118e-02 -1.629882179999999963e-03 6.515824330000000164e-02 -8.342639649999999962e-02 -1.974698839999999844e-02 -5.894181300000000262e-02
2.464526769999999942e+02 5.589938220000000013e-02 -8.179509740000000251e-04 6.638185539999999496e-02 -9.269613320000000267e-02 -1.472633199999999953e-03 -4.475100010000000045e-02
2.491478020000000129e+02 5.895032289999999758e-02 6.301527189999999584e-03 6.949958380000000047e-02 -3.765206460000000005e-03 1.402285920000000087e-03 -5.673523779999999767e-02
2.518369270000000029e+02 6.283083999999999891e-02 -1.469930059999999912e-03 6.273185530000000010e-02 1.448317940000000068e-02 -4.021339349999999979e-02 -2.163771330000000079e-03
2.545348329999999919e+02 6.006138700000000080e-02 -7.274506650000000033e-03 6.043205990000000138e-02 1.880347350000000084e-02 6.228841780000000071e-03 3.619037559999999792e-02
2.572431300000000078e+02 7.264900089999999644e-02 -4.115076589999999875e-03 5.436356330000000070e-02 -6.288862990000000652e-02 3.133015360000000055e-02 3.624471569999999920e-02
2.599317389999999932e+02 7.625655659999999725e-02 -5.393691909999999770e-03 5.287750620000000040e-02 -3.643815920000000042e-02 1.630437980000000139e-05 6.554571670000000627e-02
2.626365670000000136e+02 7.336610529999999797e-02 -7.121294089999999875e-03 4.959625250000000013e-02 6.071529780000000341e-03 2.024044569999999908e-03 4.427921979999999841e-02
2.653310050000000047e+02 6.355960210000000110e-02 -4.615463539999999781e-03 5.899157750000000311e-02 -5.275203029999999890e-03 9.767948610000000420e-03 2.417374820000000105e-02
2.680281620000000089e+02 6.759638860000000138e-02 -1.052662790000000008e-02 6.456992139999999381e-02 2.914383989999999938e-03 -3.521727379999999713e-02 3.097001590000000165e-02
