# a=0.0627815787167574, b=-139.90223256078775, c=0.00022892241044174307, xi=7.371651987422635
6.862190350000000327e-01 6.809899349999999629e-02 -5.667082779999999854e-03 2.571358710000000089e-02 -1.244654629999999984e-02 1.215636990000000008e-02 -4.725695850000000142e-02
3.393460140000000180e+00 7.349810180000000692e-02 -2.448345729999999894e-03 2.741263920000000173e-02 3.922616360000000246e-02 1.540881319999999957e-02 7.614882899999999774e-03
6.097365609999999769e+00 7.271111680000000299e-02 -5.220525520000000256e-04 2.270307980000000128e-02 4.958125370000000115e-02 1.185618220000000077e-02 3.847426550000000115e-03
8.799763739999999501e+00 7.667391889999999877e-02 -3.072122270000000269e-04 1.089362510000000013e-02 2.039714590000000008e-02 2.321713150000000170e-02 -1.630377629999999953e-02
1.150434530000000066e+01 7.268814219999999993e-02 -1.032449120000000081e-02 1.310905349999999915e-03 4.056304260000000161e-02 5.664296570000000412e-03 9.630564109999999872e-03
1.419393119999999975e+01 8.117971879999999474e-02 -2.869107230000000029e-03 -3.303365569999999838e-03 -1.064573989999999942e-02 1.300565409999999934e-03 -2.564858529999999859e-02
1.689351089999999900e+01 7.315600710000000340e-02 6.170049159999999727e-03 -1.820691940000000036e-02 2.942770999999999929e-02 4.079960600000000215e-02 -9.501654599999999340e-03
1.958777660000000154e+01 7.078153730000000254e-02 8.522818850000000654e-03 -3.527158860000000062e-02 1.419373909999999996e-02 2.481708599999999862e-02 -2.256274070000000020e-02
2.229177190000000053e+01 7.112376850000000361e-02 7.453276630000000083e-03 -4.608396010000000154e-02 5.393653889999999729e-02 3.507602330000000185e-02 1.265021969999999968e-02
2.499309530000000024e+01 6.785282909999999779e-02 1.126560480000000052e-02 -4.311638229999999877e-02 2.056876229999999965e-03 -2.482828800000000044e-02 2.672710489999999901e-04
2.767986870000000010e+01 5.839910489999999843e-02 3.143123890000000184e-03 -5.004870250000000020e-02 1.110266629999999942e-02 1.245597919999999990e-02 3.151757110000000250e-02
3.037420469999999995e+01 5.527099490000000198e-02 -1.894207130000000096e-03 -6.028793169999999840e-02 1.194975149999999951e-02 6.901019540000000001e-03 -2.812916279999999949e-02
3.307968120000000312e+01 5.033890010000000026e-02 -1.080507659999999960e-02 -5.093900219999999979e-02 -2.974454140000000121e-02 -1.912448619999999877e-02 -3.287078560000000174e-04
3.577746249999999861e+01 5.594333709999999710e-02 -1.103881550000000017e-02 -5.662003389999999831e-02 8.836690149999999744e-03 7.851389000000000284e-03 -1.771122300000000163e-02
3.846726720000000199e+01 5.557711419999999958e-02 -4.003016629999999951e-03 -6.207807189999999670e-02 -1.090799249999999977e-02 -1.425908610000000028e-02 1.107392860000000045e-03
4.116567649999999645e+01 4.793070370000000052e-02 -3.948461410000000428e-03 -6.779982380000000586e-02 6.277686309999999832e-03 1.022833480000000066e-02 7.646480639999999815e-03
4.386220469999999949e+01 5.015500149999999741e-02 1.593954139999999948e-03 -6.143207569999999812e-02 -1.934648320000000032e-02 -2.474534310000000084e-02 -2.555151040000000137e-02
4.656870940000000303e+01 4.965863090000000035e-02 2.303038449999999810e-03 -5.243922200000000061e-02 1.115222220000000077e-02 -3.500050109999999770e-02 -3.572742970000000046e-02
4.926890470000000022e+01 5.440953230000000057e-02 1.267077129999999961e-02 -5.579131639999999892e-02 1.533154570000000005e-03 -2.322859819999999881e-02 -2.189285040000000029e-02
5.197204059999999970e+01 5.468738609999999889e-02 8.585110930000000584e-03 -5.579836269999999959e-02 3.748533960000000140e-03 -1.980556940000000044e-02 -8.868520649999999533e-03
5.466908279999999820e+01 5.003978109999999979e-02 1.023845060000000071e-02 -6.361045079999999574e-02 -7.209341410000000283e-03 2.187611470000000100e-02 3.150444990000000021e-03
5.736378119999999825e+01 4.953157479999999863e-02 1.694565539999999884e-02 -7.587885889999999856e-02 1.222901410000000076e-03 2.163584420000000050e-02 7.591589319999999738e-04
6.004869529999999855e+01 5.065808179999999744e-02 5.225620470000000121e-03 -7.279542919999999750e-02 -2.107940469999999844e-02 1.928059049999999996e-02 1.248287870000000001e-02
6.276382499999999709e+01 5.358693629999999875e-02 2.046389439999999997e-03 -6.492628579999999705e-02 5.601372690000000140e-03 1.656968480000000016e-03 -4.416763309999999915e-02
6.546567340000000002e+01 5.854443530000000284e-02 4.409170829999999736e-03 -6.317605299999999591e-02 -4.428564240000000193e-03 -3.392019909999999944e-02 -3.940776139999999789e-02
6.815685619999999290e+01 5.566556610000000099e-02 -4.992176459999999542e-04 -6.488888299999999443e-02 -2.957338439999999957e-02 -7.083621330000000604e-02 -5.706256569999999806e-02
7.084859529999999950e+01 4.853746300000000291e-02 4.552732290000000015e-03 -6.099719569999999952e-02 -2.521261660000000127e-02 -2.875592019999999999e-02 -4.100951349999999718e-03
7.354030779999999368e+01 5.472790689999999791e-02 5.206296009999999974e-03 -5.998843389999999887e-02 -7.353888809999999630e-04 -1.030577340000000085e-02 -1.098007439999999953e-02
7.624395780000000400e+01 4.802467140000000329e-02 -6.546769479999999843e-04 -6.500395709999999549e-02 -1.126942099999999995e-02 2.431874800000000114e-02 -1.759814790000000049e-04
7.895081559999999854e+01 4.556571899999999758e-02 -4.919519609999999966e-03 -7.093618799999999724e-02 1.506664970000000034e-02 -2.520674129999999832e-02 5.382782029999999898e-03
8.164266410000000462e+01 4.871750049999999665e-02 -6.038177619999999732e-03 -6.896036760000000265e-02 -1.092673010000000042e-02 -8.736197149999999634e-03 -1.718582910000000102e-02
8.434371869999999660e+01 5.455083069999999701e-02 -6.212692770000000086e-03 -5.801802410000000271e-02 -9.145132749999999866e-03 -3.518214160000000118e-02 2.712485870000000149e-03
8.704986870000000465e+01 4.840456209999999954e-02 3.030358329999999906e-03 -6.257131150000000419e-02 -6.048565209999999699e-03 -3.156947219999999693e-02 -4.854561210000000321e-02
8.975149840000000268e+01 3.494200940000000144e-02 6.138328240000000095e-03 -6.481666899999999343e-02 -9.917353179999999560e-03 3.826572369999999695e-02 -1.480897550000000000e-02
9.246228120000000672e+01 2.959615510000000033e-02 8.655588699999999455e-03 -7.282575260000000161e-02 9.065217409999999643e-03 2.852532709999999836e-03 -3.477991189999999830e-03
9.515903590000000634e+01 3.452728359999999996e-02 1.663447350000000005e-02 -7.253657389999999816e-02 -1.293947420000000036e-02 1.314005549999999918e-02 -2.050811480000000117e-02
9.786894060000000195e+01 4.254027130000000156e-02 1.271587459999999961e-02 -6.472289650000000172e-02 1.038674499999999931e-02 -2.555538789999999873e-03 -3.010632430000000082e-02
1.005756339999999938e+02 4.323874099999999721e-02 8.404190040000000458e-03 -6.393334659999999614e-02 2.949371549999999995e-02 5.419837569999999723e-03 -4.295031340000000225e-02
1.032770720000000040e+02 5.389719300000000296e-02 3.215577189999999953e-03 -5.682377549999999972e-02 -5.607223839999999834e-03 -2.458240399999999867e-02 1.058356499999999964e-02
1.059813529999999986e+02 4.599187560000000258e-02 5.147741269999999737e-03 -6.069552079999999961e-02 6.708382940000000077e-04 1.541174250000000058e-02 -4.453539979999999836e-03
1.086862749999999949e+02 4.287049049999999695e-02 7.386218410000000047e-03 -5.397270929999999772e-02 -1.371147320000000100e-03 -2.115683529999999937e-02 1.888392040000000036e-02
1.113925720000000013e+02 4.389110310000000209e-02 -4.977675820000000391e-04 -5.903870430000000141e-02 -1.513421499999999947e-02 1.647106610000000082e-02 -1.823728499999999891e-02
1.140933370000000053e+02 3.960826430000000120e-02 -4.181697449999999781e-03 -6.026932720000000021e-02 9.922082080000001018e-04 -1.247706519999999993e-02 1.161631829999999928e-02
1.168024620000000056e+02 4.763495539999999806e-02 -1.079306709999999954e-02 -6.583190749999999480e-02 3.107265550000000084e-03 2.814505380000000001e-02 -5.816838230000000165e-02
1.194903369999999967e+02 4.377795550000000008e-02 -9.232762230000000209e-03 -5.792985359999999750e-02 -9.236279820000000210e-03 7.415861819999999827e-02 2.379250209999999883e-03
1.221973530000000068e+02 4.953006869999999895e-02 -5.139955220000000293e-04 -6.051986570000000148e-02 4.351670280000000113e-02 1.305073829999999976e-02 -9.082526559999999985e-03
1.249032749999999936e+02 6.016852450000000074e-02 -4.637884109999999664e-03 -5.422497800000000007e-02 6.130607249999999592e-03 2.816874939999999827e-02 -2.585672609999999867e-05
1.276138370000000037e+02 6.218867969999999912e-02 -2.035691630000000148e-03 -5.480431720000000090e-02 2.179495110000000124e-02 -1.497847029999999947e-02 -3.595502710000000185e-02
1.303097280000000069e+02 6.716514560000000356e-02 1.228813050000000058e-03 -4.547948400000000058e-02 4.810300420000000049e-03 1.518527289999999953e-02 8.507560739999999594e-03
1.330108060000000023e+02 7.404207240000000578e-02 1.817468559999999966e-03 -4.917639649999999696e-02 1.963690850000000213e-03 -2.325491069999999997e-03 -5.877252699999999802e-02
1.357003060000000119e+02 6.867633589999999622e-02 2.363732810000000132e-03 -3.149543400000000271e-02 -1.040079439999999980e-02 -2.347965300000000137e-03 5.042494670000000068e-02
1.383871190000000126e+02 7.309709479999999815e-02 2.196994289999999999e-03 -1.215314150000000072e-02 3.453701869999999986e-03 3.199941769999999769e-02 -7.199485379999999608e-03
1.410875560000000064e+02 7.868929930000000128e-02 -1.586173109999999961e-03 7.223763349999999701e-03 -1.235240270000000085e-02 2.781504309999999897e-02 -2.085543689999999964e-02
1.437848370000000102e+02 7.205165880000000134e-02 2.263548770000000168e-03 2.617688209999999988e-02 -1.850024739999999931e-02 4.347052700000000186e-02 -5.190132289999999787e-02
1.464716500000000110e+02 6.347118150000000125e-02 -2.503073980000000177e-03 4.738747609999999916e-02 -7.047652000000000083e-02 2.512422890000000006e-02 -3.782179690000000288e-02
1.491710249999999860e+02 5.201255579999999878e-02 -1.211875349999999921e-02 5.766142469999999826e-02 -3.784340220000000088e-02 -1.087899640000000072e-03 -1.137977490000000036e-02
1.518690719999999885e+02 4.985279420000000156e-02 -3.296259269999999957e-03 6.250790300000000355e-02 -1.908926860000000059e-02 -2.184506030000000001e-02 -2.524571810000000166e-02
1.545768689999999879e+02 4.835606280000000201e-02 -5.885809839999999772e-03 7.053261210000000281e-02 -2.243016080000000134e-02 -3.045119680000000009e-02 -2.264389379999999855e-02
1.572659470000000113e+02 4.714203840000000256e-02 -1.027487629999999930e-02 6.441179499999999392e-02 7.496243690000000369e-03 -4.872045430000000038e-02 8.381531749999999613e-04
1.599630249999999876e+02 5.040244590000000219e-02 -4.639139030000000337e-03 6.653180810000000611e-02 1.494120430000000013e-02 -4.270303300000000135e-02 9.682894419999999239e-03
1.626672749999999894e+02 3.801684539999999890e-02 -6.071872579999999710e-04 6.955689360000000265e-02 -1.100073260000000025e-02 -1.147949680000000076e-02 -2.033012380000000056e-03
1.653692749999999876e+02 3.027864410000000173e-02 5.375899709999999720e-03 7.604641030000000579e-02 -2.132319099999999829e-02 3.255320669999999666e-02 1.703563790000000092e-02
1.680676660000000027e+02 2.970242899999999894e-02 9.382809569999999225e-03 7.196371170000000206e-02 1.457013079999999955e-03 -3.901203590000000034e-03 1.958543579999999854e-02
1.707600089999999966e+02 1.860601640000000140e-02 6.676858029999999805e-03 7.429417630000000050e-02 -2.190837519999999823e-03 -4.568303529999999738e-03 2.003812120000000169e-02
1.734486970000000099e+02 1.764163310000000165e-02 4.960699219999999826e-03 6.709228640000000632e-02 5.250717309999999860e-02 -4.332173260000000276e-02 2.258749289999999882e-02
1.761626339999999971e+02 2.466953850000000101e-02 3.065732050000000066e-03 6.737663670000000604e-02 -5.416386000000000117e-02 -8.430215970000000045e-03 2.520253529999999867e-02
1.788696970000000022e+02 3.918629569999999840e-02 1.974892030000000107e-03 7.559085409999999339e-02 -8.006647529999999513e-02 3.081502649999999857e-02 4.097457089999999996e-02
1.815615249999999889e+02 4.769849429999999807e-02 -1.242130250000000012e-03 7.439133859999999543e-02 4.916522280000000175e-03 5.628372269999999677e-02 1.166941630000000070e-02
1.842674619999999948e+02 5.006865609999999744e-02 -1.454967020000000073e-03 6.399668899999999550e-02 3.307794619999999963e-02 6.747479060000000084e-02 -1.813934579999999970e-03
1.869831189999999879e+02 4.668772909999999859e-02 -3.760199450000000030e-03 5.725769520000000001e-02 5.761134760000000132e-02 6.676629290000000473e-04 -3.107619899999999880e-02
1.897031660000000102e+02 3.540976729999999878e-02 7.694437680000000036e-03 5.932017089999999659e-02 4.669856370000000090e-02 2.291242599999999963e-03 -2.437980019999999928e-02
1.924141030000000114e+02 4.070859760000000022e-02 8.379393489999999514e-03 5.573919150000000017e-02 5.733313939999999664e-02 1.517842749999999928e-02 8.881226509999999791e-04
1.951253839999999968e+02 4.468292370000000180e-02 -1.167750549999999922e-03 6.108229180000000064e-02 8.120146769999999486e-03 3.659543099999999771e-02 8.833349989999999402e-03
1.978294469999999876e+02 4.738152419999999698e-02 -2.913713440000000043e-03 6.061827959999999821e-02 -1.859616999999999867e-02 3.886652320000000271e-02 -1.947576599999999852e-02
2.005218999999999880e+02 5.115719450000000279e-02 -5.119417610000000403e-03 6.592845590000000200e-02 7.078150570000000391e-03 8.989079989999999160e-03 -2.631042750000000055e-02
2.032112439999999935e+02 5.437540159999999789e-02 -1.028373280000000056e-02 6.409494870000000122e-02 6.334924949999999610e-02 3.030489360000000049e-02 -3.577598399999999679e-02
2.059002590000000055e+02 5.185875709999999972e-02 1.995964130000000159e-03 5.898755859999999657e-02 4.075469999999999787e-02 1.896936130000000109e-02 -8.255461889999999442e-03
2.086125869999999907e+02 5.522919970000000206e-02 7.289915959999999744e-03 6.127171010000000140e-02 -3.509412459999999845e-03 -2.294951640000000154e-02 -3.803220379999999734e-02
2.113205409999999915e+02 5.471759689999999843e-02 -1.928877870000000059e-03 5.155139570000000226e-02 -9.640417810000000143e-02 1.619213150000000040e-03 -2.514266390000000073e-02
2.140234000000000094e+02 5.106008110000000155e-02 -5.365480869999999722e-03 4.844438169999999710e-02 4.109528829999999598e-03 -3.917707730000000166e-02 -1.749601099999999881e-02
2.167278530000000103e+02 4.918807050000000014e-02 -3.949806989999999664e-03 5.224628290000000314e-02 -7.191435779999999500e-02 9.899377949999999676e-03 -1.364965980000000002e-02
2.194209779999999910e+02 4.201772840000000259e-02 -7.538916090000000181e-03 5.957332800000000178e-02 2.615749980000000099e-02 4.847914519999999700e-02 -1.773910869999999890e-02
2.221123839999999916e+02 5.870404399999999689e-02 -6.784899189999999726e-03 5.168450640000000346e-02 -4.280583870000000124e-02 1.330872720000000030e-02 -2.135931069999999921e-03
2.248158369999999877e+02 6.491318440000000412e-02 -9.901353139999999331e-03 5.331138159999999904e-02 -3.078028929999999941e-02 8.930913069999999246e-03 -1.179186160000000004e-02
2.275050090000000012e+02 6.396424009999999993e-02 -4.259939130000000261e-03 5.162054089999999762e-02 -5.705476930000000224e-02 -1.299433770000000057e-02 -1.557908780000000042e-02
2.302080870000000061e+02 5.285307999999999673e-02 -9.736226969999999328e-03 5.792836140000000300e-02 -1.051023479999999982e-01 -1.812199739999999920e-02 -2.746935689999999847e-02
2.329051660000000084e+02 4.322164650000000219e-02 -7.867363290000000189e-03 6.704976120000000206e-02 -8.861776370000000458e-02 -2.171816450000000134e-02 -4.149006680000000280e-02
2.356039940000000001e+02 4.453966439999999805e-02 -4.519508709999999971e-03 7.097078199999999615e-02 -5.601977610000000163e-02 -3.003627299999999875e-02 -2.234236070000000102e-02
2.383087910000000136e+02 4.651535140000000179e-02 -6.843275850000000299e-04 7.225588130000000497e-02 7.866032199999999650e-04 3.288630509999999896e-02 -1.549238829999999983e-02
2.410154620000000136e+02 5.858677069999999876e-02 2.073773069999999830e-03 6.469424710000000467e-02 -1.404099240000000054e-02 6.292521330000000468e-02 -1.303013360000000037e-02
2.437176340000000039e+02 5.568468270000000164e-02 -1.341974730000000020e-03 4.820737679999999997e-02 2.211651879999999848e-02 -4.291348199999999585e-03 2.098286159999999956e-02
2.464190719999999999e+02 6.439296129999999563e-02 9.974485320000000405e-03 5.209690919999999947e-02 3.125437980000000254e-02 -1.044498949999999975e-02 3.042203270000000057e-02
2.491153370000000109e+02 6.526162929999999862e-02 1.636169230000000113e-02 4.728977169999999675e-02 3.223982050000000210e-02 -1.890845089999999840e-02 3.488668670000000249e-02
2.518223370000000045e+02 6.135635519999999704e-02 1.336722050000000057e-02 4.755480389999999780e-02 -2.093913890000000111e-02 1.824427749999999945e-02 -4.282908540000000125e-02
2.545318839999999909e+02 5.056567890000000093e-02 2.143932419999999839e-02 5.411911829999999785e-02 -4.545269779999999704e-02 6.988306900000000425e-03 -4.443592150000000296e-02
2.572269620000000145e+02 4.415644679999999878e-02 1.542233850000000045e-02 6.470780760000000020e-02 -4.107955869999999760e-02 -1.886175210000000033e-02 -2.217677820000000122e-03
2.599238060000000132e+02 4.689313879999999768e-02 1.683726929999999899e-02 5.608733119999999989e-02 -1.638742539999999900e-02 1.823583700000000127e-02 1.572783209999999848e-02
2.626182279999999878e+02 4.966782279999999716e-02 1.233134879999999919e-02 6.018950990000000029e-02 1.317701689999999960e-02 9.175716340000000804e-03 6.467014510000000660e-02
2.653043999999999869e+02 5.057952179999999909e-02 6.811163040000000344e-04 6.260653489999999655e-02 -1.241482829999999982e-02 9.761555930000000506e-03 7.926503220000000183e-02
2.680146480000000224e+02 6.053848180000000190e-02 2.066996119999999881e-04 4.977097569999999749e-02 2.792746730000000149e-02 -1.929745130000000072e-02 2.135699110000000012e-02
