# a=0.058810155735974645, b=-154.2147137142294, c=-0.0014451603795857938, xi=9.101708711154012
6.721205099999999488e-01 6.945861379999999918e-02 -5.163119950000000409e-03 3.579994999999999705e-02 3.910622519999999713e-02 2.350422120000000142e-02 2.035281250000000111e-02
3.375031639999999999e+00 7.463577209999999740e-02 -8.538508820000000402e-03 2.891928519999999864e-02 3.689989490000000066e-02 2.543146409999999871e-02 4.952272259999999579e-03
6.075566170000000099e+00 7.795991580000000143e-02 -5.333867790000000261e-03 3.015827909999999838e-03 5.038454030000000250e-02 2.872333919999999971e-02 -1.171229919999999987e-02
8.770788209999999196e+00 7.055382770000000192e-02 -1.373266260000000072e-02 -5.151473160000000391e-03 3.568408020000000264e-02 1.676967570000000018e-02 -3.312452510000000322e-02
1.147642629999999997e+01 7.436357279999999959e-02 -1.488760870000000076e-02 -2.416077910000000162e-02 2.518207910000000091e-02 1.605508929999999862e-02 -2.681934160000000109e-02
1.418042480000000083e+01 7.751573080000000171e-02 -1.804798609999999984e-02 -2.871829320000000157e-02 1.191199069999999971e-02 5.966115810000000366e-03 -2.109863589999999914e-02
1.688456070000000153e+01 7.702290670000000450e-02 -2.468481689999999992e-02 -4.390757039999999833e-02 -1.886964069999999896e-02 -5.017196730000000361e-03 -3.661039330000000203e-02
1.957113879999999995e+01 7.270400609999999597e-02 -2.106811960000000081e-02 -5.266080370000000149e-02 -2.971170630000000059e-03 -2.778421279999999938e-02 3.860395860000000179e-02
2.226890129999999957e+01 6.212466540000000093e-02 -2.320976450000000052e-02 -5.437524870000000343e-02 5.625344460000000074e-02 -2.141029959999999829e-02 3.137190220000000279e-02
2.498190759999999955e+01 5.616214320000000038e-02 -2.448414399999999935e-02 -6.206394030000000200e-02 -3.455851749999999840e-03 -2.687577259999999850e-03 -3.354989459999999785e-02
2.769106700000000032e+01 5.955719250000000159e-02 -2.021954009999999899e-02 -6.773530839999999942e-02 -2.343793370000000001e-02 2.783274360000000114e-02 -1.759485629999999953e-02
3.037984979999999879e+01 6.236060140000000002e-02 -1.504588259999999934e-02 -6.159060449999999992e-02 4.576702900000000074e-02 -2.821158719999999898e-02 -1.819708429999999932e-02
3.308487480000000147e+01 5.913560989999999684e-02 -1.165355139999999998e-02 -5.279382249999999693e-02 5.519795179999999885e-02 -4.301502299999999945e-02 8.173950469999999779e-04
3.578719819999999885e+01 5.590980420000000312e-02 -9.443857980000000150e-04 -5.036514570000000246e-02 4.813851660000000032e-02 -1.354359559999999962e-02 -7.170575320000000452e-04
3.849176849999999916e+01 6.525109780000000470e-02 5.901755689999999693e-03 -5.136012320000000325e-02 -2.101576299999999980e-02 -1.410299110000000009e-02 -9.865152740000000808e-03
4.118182159999999925e+01 6.792168499999999554e-02 8.846949950000000326e-03 -4.211533459999999840e-02 2.494539689999999976e-02 9.477910609999999278e-03 3.885983979999999699e-02
4.389568729999999874e+01 6.190191660000000234e-02 1.469042100000000038e-02 -4.592579339999999788e-02 -3.068929310000000077e-02 7.258421680000000029e-03 1.116541759999999973e-02
4.660810599999999937e+01 5.981644109999999931e-02 1.379835050000000063e-02 -6.205929689999999804e-02 -5.474809149999999847e-02 4.446735260000000099e-03 -1.603828880000000151e-02
4.929128260000000239e+01 5.792121809999999787e-02 9.841599660000000319e-03 -6.065096259999999684e-02 4.010408649999999686e-02 6.801981989999999860e-03 4.460156199999999911e-03
5.199210130000000163e+01 6.139481480000000269e-02 6.122436329999999746e-03 -5.764553919999999831e-02 1.441220860000000034e-02 -1.968203950000000160e-02 4.683105230000000202e-02
5.470403879999999930e+01 6.914906060000000632e-02 8.926340910000000323e-03 -5.827325020000000133e-02 3.669181009999999965e-02 -1.674187140000000032e-02 -3.604566010000000154e-02
5.739842480000000080e+01 6.176873909999999746e-02 8.520867879999999631e-03 -5.626184399999999836e-02 -2.255089819999999898e-02 -2.371446010000000104e-03 -4.200607509999999822e-02
6.010606849999999923e+01 6.081135499999999749e-02 1.446557499999999961e-02 -6.018333120000000230e-02 -1.753360429999999831e-02 2.207550219999999952e-02 -7.737479989999999919e-02
6.279986699999999900e+01 6.414021890000000392e-02 7.464494000000000337e-03 -5.670295270000000332e-02 -1.636570899999999912e-02 1.615962680000000012e-02 -7.500913310000000001e-02
6.549518410000000301e+01 6.909515369999999490e-02 5.012964190000000070e-03 -6.361997060000000592e-02 8.385442749999999501e-03 1.493867479999999928e-02 1.412583490000000018e-02
6.818872009999999761e+01 5.770906509999999823e-02 8.389991149999999689e-03 -6.417099769999999592e-02 5.691138359999999702e-02 1.052006899999999995e-02 2.083826699999999799e-03
7.088805130000000077e+01 6.418247529999999978e-02 7.744583670000000121e-03 -5.720937539999999821e-02 4.166371530000000101e-02 3.348837369999999730e-02 -2.660634710000000028e-02
7.359034660000000372e+01 6.103954720000000223e-02 5.854101129999999924e-03 -4.764495590000000086e-02 3.001378119999999899e-02 2.354579290000000102e-02 -3.456670850000000128e-02
7.627670600000000434e+01 5.767678739999999860e-02 7.393744649999999842e-03 -4.931764260000000288e-02 4.874350360000000160e-02 -6.931410229999999777e-03 -3.497895890000000257e-02
7.897893259999999316e+01 6.156019549999999785e-02 7.980362499999999262e-03 -4.793177209999999883e-02 3.496052959999999821e-02 -3.228819859999999776e-05 -3.984765049999999809e-02
8.168223410000000229e+01 5.597760229999999837e-02 6.735749970000000537e-04 -4.491971250000000027e-02 -3.480247279999999863e-03 -3.462762049999999758e-02 6.698691960000000174e-03
8.438276849999999740e+01 6.576329549999999913e-02 1.837770089999999929e-03 -5.527003679999999836e-02 -2.891674010000000114e-02 -1.157298510000000051e-02 -2.922500600000000129e-02
8.708205909999999506e+01 6.366064820000000291e-02 1.801198800000000004e-03 -5.882852739999999692e-02 -4.488791649999999966e-02 3.344407460000000092e-03 -2.328786060000000158e-02
8.977944820000000448e+01 6.216289750000000142e-02 6.877858910000000416e-03 -6.358622529999999329e-02 -4.552931460000000236e-02 -2.089429859999999972e-02 9.453516749999999955e-03
9.248001849999999990e+01 5.020551689999999678e-02 1.270663279999999923e-02 -6.679642809999999931e-02 6.555311730000000503e-02 -1.493359720000000078e-02 -2.099476830000000013e-03
9.518877630000000067e+01 4.958424740000000330e-02 1.327353560000000057e-02 -6.404870009999999447e-02 7.882533919999999694e-02 2.079683690000000071e-02 -3.468269899999999739e-02
9.789774350000000425e+01 4.807160030000000306e-02 7.746262910000000119e-03 -6.289624609999999727e-02 3.824968680000000176e-02 -1.912582759999999910e-02 -7.358218330000000119e-03
1.006052999999999997e+02 5.535432939999999913e-02 4.217317560000000305e-03 -4.821720780000000178e-02 7.756490779999999918e-03 1.630317800000000150e-02 -7.618199689999999823e-03
1.033165029999999973e+02 4.555921620000000227e-02 4.754737990000000255e-04 -5.965810619999999814e-02 -2.828945130000000072e-02 1.375978899999999970e-02 -2.776657379999999974e-04
1.060291440000000023e+02 5.122626179999999890e-02 2.509384659999999885e-03 -5.990505069999999682e-02 -5.661884959999999994e-02 1.599517660000000091e-02 -3.129931350000000195e-02
1.087272530000000046e+02 5.662356159999999694e-02 2.396199730000000017e-03 -6.202152379999999882e-02 1.100449449999999982e-02 -1.029856780000000006e-02 5.288912540000000224e-03
1.114196120000000008e+02 6.825135359999999485e-02 5.247925300000000175e-03 -5.600542990000000054e-02 1.539153260000000051e-02 -1.563642219999999972e-02 5.041560550000000196e-02
1.141193310000000025e+02 5.938515939999999826e-02 4.851364399999999748e-04 -6.123375920000000139e-02 2.682645880000000121e-02 1.319217670000000057e-02 -3.784582700000000115e-03
1.168206590000000062e+02 5.890226679999999854e-02 1.748422269999999916e-03 -6.376371129999999776e-02 1.040730710000000066e-02 1.037079150000000047e-03 1.700428669999999934e-02
1.195184399999999982e+02 4.336056759999999677e-02 -5.838429299999999683e-04 -6.953711220000000082e-02 1.693896950000000137e-02 -2.323777559999999978e-02 2.259967969999999993e-02
1.222120189999999980e+02 4.069004179999999998e-02 -6.844539289999999887e-04 -7.298099689999999751e-02 2.113106249999999880e-02 -1.527276360000000017e-03 -4.245132489999999871e-04
1.249187689999999975e+02 4.389263749999999797e-02 -8.765089530000000698e-03 -6.968901550000000666e-02 3.679337190000000340e-02 -5.479681079999999815e-02 -6.774554850000000412e-03
1.276199720000000042e+02 5.464607540000000069e-02 -4.902823219999999718e-03 -6.653034230000000326e-02 3.525196729999999917e-02 -3.136779540000000227e-02 1.941105779999999920e-02
1.303194090000000074e+02 5.646969190000000055e-02 -4.035651769999999867e-03 -6.793831150000000096e-02 -3.039815590000000123e-02 -2.241003379999999962e-02 -4.732561940000000293e-03
1.330203940000000102e+02 5.485311739999999825e-02 -2.395533220000000026e-03 -6.542648500000000644e-02 -3.943478169999999755e-02 1.435934699999999974e-02 2.784432790000000019e-02
1.357233469999999897e+02 6.303954600000000186e-02 5.007711350000000096e-03 -6.271443459999999359e-02 -5.613840660000000114e-03 3.465022119999999761e-02 1.220697639999999973e-02
1.384190499999999986e+02 6.319210670000000030e-02 9.718277200000000060e-03 -5.639184960000000191e-02 2.583635529999999889e-02 6.150384459999999956e-03 2.442497279999999993e-02
1.411145190000000014e+02 7.037777169999999416e-02 8.034219840000000543e-03 -4.876241729999999941e-02 1.442749699999999920e-02 -1.808946029999999872e-02 2.154560599999999840e-02
1.438012219999999957e+02 6.691795279999999957e-02 1.547251759999999920e-03 -4.731110759999999915e-02 4.773301630000000018e-02 -1.052521009999999972e-02 7.201929119999999664e-04
1.465052689999999984e+02 6.782867809999999775e-02 4.178487429999999843e-03 -4.509299910000000300e-02 7.781042079999999847e-03 2.756826529999999859e-02 -1.213195769999999944e-02
1.492033940000000030e+02 7.243338790000000693e-02 2.081868639999999784e-03 -2.705402260000000156e-02 1.174133230000000069e-02 4.368183390000000138e-02 1.579646889999999915e-02
1.519010649999999885e+02 7.619717199999999357e-02 -6.120677249999999583e-03 -1.926503339999999925e-02 6.072590549999999643e-03 5.944581580000000282e-02 -2.123150199999999932e-02
1.546078149999999880e+02 8.117199260000000638e-02 -7.077232549999999678e-03 1.507173990000000054e-03 2.380062689999999995e-02 2.134494019999999895e-02 -5.893497039999999985e-03
1.573067369999999983e+02 7.965277430000000658e-02 -1.162126580000000069e-02 1.714851759999999961e-02 -5.522387630000000214e-03 -3.098058139999999849e-02 -1.806310859999999893e-02
1.600170809999999904e+02 8.563638460000000396e-02 -4.270633710000000006e-03 3.564255570000000178e-02 2.246651090000000017e-02 9.130412379999999425e-03 3.391230679999999997e-02
1.627153940000000034e+02 8.309674490000000524e-02 -1.111918150000000029e-02 4.023596100000000064e-02 4.847256739999999953e-03 1.031749529999999998e-02 -3.141709539999999919e-03
1.654050809999999956e+02 6.068467100000000253e-02 -8.560441239999999272e-03 4.651374070000000027e-02 -3.842763939999999795e-02 3.958221980000000036e-03 4.870793360000000294e-02
1.681032840000000022e+02 6.098355329999999991e-02 -5.004256880000000282e-03 5.051212010000000197e-02 -2.973452440000000016e-02 4.531428280000000114e-02 1.736671080000000075e-02
1.708027060000000006e+02 7.157271119999999986e-02 -4.067683770000000282e-03 4.753798000000000051e-02 2.753112230000000107e-04 -7.141170179999999784e-03 3.545784560000000279e-02
1.734990650000000016e+02 7.149408470000000182e-02 -1.135074550000000036e-02 5.796534329999999957e-02 1.311465480000000017e-02 1.355400390000000010e-02 3.649727950000000026e-02
1.761959559999999954e+02 6.701806150000000351e-02 -6.059682840000000376e-03 5.961735259999999953e-02 -1.329243199999999986e-02 3.017790890000000142e-02 5.422875519999999921e-02
1.789112839999999949e+02 5.829039379999999965e-02 9.039818179999999743e-04 6.144707330000000189e-02 4.568770689999999621e-03 -2.399285749999999912e-02 3.192650589999999899e-02
1.816075649999999939e+02 6.760848549999999568e-02 7.556764659999999634e-03 6.054341299999999731e-02 -1.604131250000000045e-03 -5.684140399999999989e-03 6.873848590000000355e-03
1.843002529999999979e+02 7.473343829999999632e-02 -1.100117239999999974e-03 5.558012829999999654e-02 1.664087529999999995e-02 -5.763295570000000201e-02 4.017080130000000304e-02
1.870044870000000117e+02 6.736680970000000213e-02 -1.264122639999999947e-03 5.652120919999999854e-02 2.197056829999999902e-03 2.657543220000000046e-03 4.742199889999999807e-02
1.897061899999999923e+02 5.468077140000000141e-02 7.402932160000000317e-03 6.177148770000000233e-02 -5.553850750000000405e-03 7.390509959999999601e-03 4.141566060000000105e-02
1.924129090000000133e+02 4.931984560000000212e-02 -1.639567240000000103e-03 5.730478499999999698e-02 -1.469134979999999965e-03 -1.751870009999999950e-02 1.690908940000000055e-02
1.951152840000000026e+02 4.596288450000000220e-02 3.899636760000000160e-03 6.499614330000000328e-02 -8.904212189999999999e-03 -2.192023759999999974e-03 5.366443580000000019e-02
1.978231120000000089e+02 4.876074939999999747e-02 6.858718560000000124e-03 6.510854080000000321e-02 8.651439310000000413e-04 -1.746554690000000007e-02 4.766008830000000029e-02
2.005309560000000033e+02 6.041596510000000336e-02 -3.200490079999999959e-03 6.198220229999999720e-02 -1.283510040000000046e-02 -3.757096349999999862e-02 7.402361540000000628e-02
2.032401279999999986e+02 5.983438650000000303e-02 5.008339110000000101e-03 5.913807979999999992e-02 -1.594624910000000048e-02 -1.784355799999999895e-02 4.921332829999999769e-02
2.059362529999999936e+02 6.472968590000000022e-02 -2.146676310000000202e-03 5.470157199999999692e-02 8.297931589999999955e-03 -8.905463940000000328e-03 7.303801769999999915e-02
2.086427999999999940e+02 6.307933070000000531e-02 1.084213149999999938e-03 4.352580369999999726e-02 2.031242630000000028e-03 -1.444031680000000019e-02 5.148786370000000071e-03
2.113492219999999975e+02 6.540563670000000551e-02 2.604861019999999902e-03 4.489152629999999811e-02 -1.691769909999999918e-02 -2.406005560000000140e-02 2.733470530000000134e-02
2.140437220000000025e+02 7.328985620000000312e-02 7.782774140000000423e-03 4.745639069999999654e-02 -1.055169920000000039e-02 -1.143795319999999990e-02 2.166059219999999855e-02
2.167347369999999955e+02 6.418010379999999904e-02 6.654341180000000397e-03 5.059930409999999906e-02 -4.927194640000000236e-02 -5.498307150000000115e-02 2.483529510000000162e-02
2.194343780000000095e+02 6.955454799999999382e-02 -5.957243479999999822e-05 5.960949869999999928e-02 -3.546279630000000183e-02 -1.706461930000000016e-02 4.189051719999999784e-02
2.221387369999999919e+02 6.557717840000000520e-02 -8.430470610000000836e-03 6.568100899999999853e-02 -3.508021590000000300e-02 1.179042739999999929e-02 2.889336140000000122e-02
2.248454250000000059e+02 6.962363250000000447e-02 -4.299873099999999664e-03 6.212694719999999754e-02 5.999097479999999927e-03 -9.555316470000000187e-03 4.381609560000000042e-02
2.275437059999999860e+02 6.754124100000000186e-02 -4.261062779999999842e-03 5.880155279999999679e-02 -8.777934919999999888e-06 6.343967770000000228e-02 7.067881019999999737e-02
2.302378469999999879e+02 6.011296320000000110e-02 -7.323670630000000091e-03 6.212331950000000297e-02 -3.189608840000000139e-02 3.780481579999999883e-04 5.121567889999999873e-02
2.329395649999999875e+02 5.895359890000000103e-02 -6.991685360000000383e-03 6.715449919999999517e-02 -8.313279499999999544e-03 -1.052412890000000052e-02 4.639666030000000330e-02
2.356398309999999867e+02 5.366563530000000026e-02 2.244520449999999785e-03 6.387428270000000685e-02 -4.039621360000000133e-02 -1.903715749999999873e-02 3.748683239999999958e-03
2.383416440000000023e+02 4.572091910000000009e-02 1.207688030000000044e-02 6.053095649999999661e-02 -3.171772059999999893e-02 -3.787083869999999935e-02 -2.064902639999999928e-02
2.410344090000000108e+02 5.327625300000000258e-02 2.249118300000000140e-03 6.215068700000000307e-02 -4.359364620000000246e-02 3.870801760000000102e-03 -1.951458799999999938e-02
2.437247839999999997e+02 5.290882389999999880e-02 6.257447210000000211e-03 5.796298800000000001e-02 -2.230185750000000106e-02 7.900039660000000158e-03 -3.174031659999999866e-02
2.464118780000000015e+02 6.430273499999999975e-02 -8.392621919999999208e-03 5.907423080000000215e-02 5.081987750000000088e-03 -1.952101720000000082e-02 1.962653379999999836e-02
2.491086280000000102e+02 7.086244399999999666e-02 -2.132780649999999924e-03 5.743514460000000155e-02 -1.795886660000000148e-02 4.761621080000000283e-03 2.170573669999999872e-02
2.518104720000000043e+02 6.726301399999999597e-02 -4.103386659999999956e-04 6.092335289999999820e-02 -8.774669679999999583e-03 4.796942939999999933e-03 4.218707790000000152e-02
2.545134250000000122e+02 5.816322520000000162e-02 5.310602139999999645e-03 7.343073840000000074e-02 1.246108760000000024e-02 -2.977927169999999846e-02 6.445458760000000176e-02
2.572130970000000048e+02 5.772738560000000019e-02 8.383781249999999741e-03 7.088790659999999466e-02 4.815449099999999892e-03 -4.129643419999999739e-03 1.983312450000000032e-03
2.599195809999999938e+02 6.040699859999999755e-02 -3.002155849999999914e-03 6.692304289999999323e-02 -1.311109719999999958e-02 -3.028818210000000163e-02 5.395066839999999864e-02
2.626182689999999980e+02 6.681515109999999757e-02 1.309794680000000077e-03 6.128646709999999859e-02 -2.780685999999999922e-02 5.550222900000000362e-03 1.485305649999999963e-02
2.653243939999999839e+02 6.926067519999999644e-02 -7.184237720000000160e-03 4.937854710000000313e-02 1.070697060000000075e-02 -2.553363650000000165e-02 4.315072749999999957e-02
2.680179089999999746e+02 6.811911739999999826e-02 -3.134968680000000014e-03 4.501883909999999933e-02 7.783660259999999886e-02 -2.025716790000000114e-02 8.794476750000000329e-03
