# a=0.06572095820470639, b=-128.93978993000684, c=0.00033330574411468767, xi=11.191737937413889
6.896968390000000060e-01 6.654299630000000410e-02 -2.231468179999999968e-02 4.886635260000000286e-02 3.818707340000000033e-02 -1.420871559999999957e-02 1.448556479999999966e-02
3.382364449999999856e+00 6.961716860000000118e-02 -1.612920060000000086e-02 3.472434490000000235e-02 -7.171446520000000248e-03 1.164788590000000006e-02 -3.792459079999999788e-02
6.083631950000000010e+00 7.384770420000000279e-02 -1.551120830000000082e-02 7.151279959999999603e-03 -4.664956299999999806e-02 6.141718969999999597e-03 -5.481051809999999691e-02
8.778764920000000416e+00 7.918467640000000085e-02 -1.281891949999999954e-02 -1.071266599999999916e-02 -4.731004369999999848e-02 3.971022139999999707e-03 -1.459429750000000060e-02
1.146928199999999975e+01 7.888170009999999344e-02 -1.072082700000000048e-02 -2.801350860000000054e-02 -3.479607750000000138e-02 5.849163639999999803e-02 4.688263759999999891e-02
1.415856010000000076e+01 7.057481590000000415e-02 -9.005622899999999459e-03 -4.462868650000000048e-02 -1.749302299999999991e-02 8.088840819999999765e-02 3.814413469999999862e-02
1.685510229999999865e+01 6.415583449999999466e-02 -3.578419670000000143e-03 -6.161194159999999753e-02 -2.753497309999999865e-02 5.130361130000000297e-02 4.753723890000000410e-03
1.956236159999999913e+01 6.340872340000000551e-02 -5.263317980000000416e-03 -5.993431209999999787e-02 -1.153737129999999993e-02 3.840007539999999719e-02 1.622316739999999854e-02
2.227497260000000168e+01 7.010866289999999335e-02 1.499077479999999952e-03 -6.046963389999999994e-02 -2.114403689999999961e-02 8.282973720000000317e-02 2.588918020000000042e-02
2.498116320000000101e+01 7.226021100000000474e-02 1.305601190000000092e-03 -5.888482529999999882e-02 -1.268251209999999955e-02 2.261713079999999945e-02 -1.049936939999999985e-02
2.768872259999999841e+01 7.139909760000000272e-02 5.969497219999999812e-03 -5.563126599999999866e-02 -2.742106260000000059e-03 -2.604589129999999864e-02 1.038990979999999953e-02
3.039368659999999878e+01 6.826411549999999995e-02 1.806174090000000091e-03 -6.147172509999999923e-02 1.099587729999999992e-02 -2.821390860000000042e-02 1.968181150000000018e-02
3.309718980000000244e+01 7.054064610000000679e-02 -9.488976690000000156e-04 -6.547127029999999515e-02 1.689890080000000169e-02 -1.237402540000000044e-02 3.723972350000000209e-02
3.579749290000000173e+01 6.536500060000000056e-02 -1.329597650000000075e-03 -6.777193069999999653e-02 1.337507479999999922e-02 -2.546864639999999944e-02 4.881487589999999877e-02
3.849723980000000267e+01 6.038158839999999833e-02 3.331588369999999733e-04 -5.995877060000000258e-02 2.470856969999999861e-02 -4.748163159999999744e-02 4.626443189999999983e-02
4.119232099999999974e+01 5.616686829999999880e-02 5.449120130000000353e-03 -5.564158350000000114e-02 8.135562589999999206e-03 -5.928297629999999818e-02 2.873720109999999828e-02
4.389193039999999968e+01 6.156793640000000206e-02 8.051329549999999835e-03 -5.900963979999999942e-02 1.208674629999999944e-02 -2.511535269999999945e-02 5.940733509999999995e-02
4.658407410000000226e+01 6.508927750000000068e-02 3.628790819999999986e-03 -6.073934069999999824e-02 -2.782339879999999946e-02 -2.245691049999999980e-03 3.340755320000000222e-02
4.927981009999999884e+01 6.288465360000000670e-02 4.827089819999999878e-03 -6.601033420000000651e-02 -1.078346590000000063e-02 -1.233766239999999981e-03 2.737771769999999827e-02
5.197156629999999922e+01 6.717126099999999600e-02 5.089873320000000423e-03 -6.628704509999999717e-02 -7.250503539999999733e-03 3.228196439999999993e-03 1.742247809999999952e-02
5.467378200000000277e+01 6.531682660000000251e-02 5.495272560000000195e-03 -6.155412639999999908e-02 1.691635340000000043e-02 -6.228586500000000102e-03 -1.138761899999999987e-02
5.737329600000000340e+01 6.372811089999999568e-02 5.837339000000000416e-03 -5.913055319999999809e-02 1.844917999999999905e-02 -2.902169019999999849e-02 -1.514287660000000063e-02
6.007669599999999832e+01 6.372532890000000283e-02 3.589766729999999996e-03 -6.105207829999999974e-02 2.893903389999999930e-03 -7.090219109999999769e-02 3.979766490000000156e-02
6.277851160000000164e+01 6.813795840000000381e-02 5.922435030000000079e-03 -6.894911600000000473e-02 -1.897538650000000007e-02 -6.462391189999999730e-02 5.392836110000000238e-02
6.547328659999999445e+01 6.443533210000000622e-02 8.626800340000000816e-03 -6.291950309999999602e-02 -7.768813779999999766e-03 -2.356199900000000014e-02 5.461110360000000219e-02
6.816672880000000134e+01 6.486504090000000389e-02 8.977730890000000519e-03 -6.134546949999999943e-02 -6.957911800000000056e-03 -3.061866519999999897e-02 3.235508430000000324e-02
7.085920699999999783e+01 6.734619899999999548e-02 1.034062149999999923e-02 -6.780712519999999854e-02 1.960434750000000087e-02 -1.223951520000000036e-02 3.427699430000000214e-02
7.355417730000000631e+01 6.493023270000000680e-02 6.434170369999999729e-03 -7.082216489999999809e-02 2.218893649999999912e-02 -2.125710730000000132e-02 1.242556809999999928e-02
7.625602410000000475e+01 5.659262109999999707e-02 -7.236006149999999523e-04 -6.826223080000000387e-02 -2.536402569999999992e-03 -3.310638879999999729e-02 -2.385757889999999895e-02
7.894807570000000396e+01 5.862375179999999852e-02 -1.718885540000000085e-03 -5.877193669999999925e-02 -1.048497559999999988e-02 -8.073882750000000580e-03 -4.384947069999999697e-02
8.164996010000000126e+01 6.165188149999999839e-02 4.350517410000000022e-03 -6.064684669999999972e-02 -5.407088000000000172e-02 3.164857320000000109e-03 -1.272629930000000048e-02
8.435839450000000284e+01 6.013148110000000185e-02 1.182928149999999944e-04 -6.381829479999999444e-02 -4.190332809999999797e-02 1.609544109999999986e-02 -9.247119459999999722e-03
8.706197570000000496e+01 5.973823250000000196e-02 5.260786959999999568e-03 -7.292079390000000272e-02 -5.079167300000000246e-02 1.782938549999999941e-02 -2.676797969999999971e-02
8.975756010000000629e+01 6.571191749999999443e-02 4.888907229999999576e-03 -7.616861519999999774e-02 -3.403453680000000092e-02 4.242394389999999682e-02 -3.901231759999999795e-03
9.245960230000000024e+01 6.175355369999999816e-02 6.999641190000000131e-03 -7.043973319999999316e-02 -1.854037589999999944e-02 4.678791830000000179e-02 2.522593529999999848e-02
9.516047100000000114e+01 6.296000250000000076e-02 8.720065810000000167e-03 -7.097411650000000349e-02 -1.940534060000000116e-02 7.317684320000000103e-03 2.983100610000000152e-02
9.785741480000000081e+01 6.100451760000000223e-02 4.408202170000000142e-03 -7.203125500000000236e-02 1.604423729999999992e-02 3.851377339999999955e-03 2.173489970000000090e-02
1.005655179999999973e+02 6.383228009999999952e-02 -1.480791780000000101e-03 -6.743419999999999970e-02 1.863566150000000102e-02 -1.692798850000000119e-02 1.006160120000000081e-02
1.032717990000000015e+02 6.804416230000000232e-02 -4.974688910000000380e-03 -5.198076840000000198e-02 -1.728419679999999847e-02 -2.669547020000000159e-02 -3.834269249999999740e-02
1.059783769999999947e+02 5.632829870000000128e-02 -5.095014450000000077e-03 -5.165088539999999895e-02 -5.153591650000000080e-02 -1.625383479999999853e-02 -3.801579420000000126e-02
1.086785959999999989e+02 6.515337920000000005e-02 -2.713837420000000033e-04 -5.487923830000000086e-02 -4.421036350000000226e-02 -2.590051419999999955e-03 -1.807704779999999957e-03
1.113781589999999966e+02 6.946472820000000603e-02 -1.771345070000000061e-03 -5.332281779999999832e-02 -6.228048059999999678e-03 1.307698210000000048e-02 1.680971120000000069e-02
1.140777680000000061e+02 7.042862519999999737e-02 -8.031501780000000271e-03 -4.957536729999999919e-02 2.142299419999999996e-02 -5.381930329999999596e-03 2.941239039999999846e-02
1.167772520000000043e+02 6.921518660000000600e-02 -1.113320479999999925e-02 -5.535071889999999828e-02 2.952308320000000125e-02 1.113844240000000027e-02 3.491907849999999897e-02
1.194762520000000023e+02 7.788424789999999487e-02 -1.292269140000000018e-02 -5.065644429999999893e-02 3.681290699999999888e-02 -4.298485350000000316e-02 1.845987359999999924e-02
1.221754870000000039e+02 7.837676359999999620e-02 -4.374477140000000187e-03 -3.766476519999999856e-02 3.712013780000000124e-02 -3.078998109999999885e-02 4.824527159999999690e-03
1.248731740000000059e+02 8.566413999999999973e-02 -9.426534389999999611e-03 -2.310477049999999991e-02 2.109240940000000133e-02 -3.072839429999999969e-02 -1.831169670000000124e-02
1.275727049999999991e+02 8.352016510000000171e-02 -8.995536889999999203e-03 -5.860505109999999789e-03 -1.411315790000000050e-04 -1.435166050000000020e-02 -2.405364070000000007e-02
1.302662679999999966e+02 7.725370249999999328e-02 -7.882852520000000612e-03 2.479910090000000174e-03 2.022182989999999833e-02 4.567931489999999678e-02 -4.663354060000000391e-03
1.329605339999999956e+02 7.768212870000000547e-02 -5.948023359999999628e-03 2.284231940000000169e-02 4.749819219999999731e-03 4.448666469999999762e-02 4.201161640000000003e-02
1.356600019999999915e+02 7.321615099999999321e-02 1.135401550000000046e-03 3.846665850000000053e-02 -1.305743170000000022e-02 2.398751710000000120e-02 5.454718439999999696e-02
1.383569549999999992e+02 7.783294949999999823e-02 5.573931449999999571e-04 5.127345920000000307e-02 -1.086286139999999983e-02 -1.743394410000000117e-02 -4.636755220000000205e-03
1.410662680000000080e+02 7.302562769999999814e-02 5.533840830000000093e-03 5.609655659999999988e-02 -2.350899090000000118e-03 -3.349022329999999659e-02 -2.213988219999999882e-02
1.437665650000000142e+02 6.521107589999999843e-02 7.702385320000000417e-03 6.375723110000000582e-02 -1.483667120000000013e-02 -2.149261380000000096e-02 -3.178268039999999905e-02
1.464722209999999905e+02 6.946783469999999461e-02 9.297472290000000777e-03 6.076245339999999939e-02 -6.377802380000000340e-03 -7.323294679999999609e-04 -1.681849480000000008e-02
1.491773460000000000e+02 7.109939449999999606e-02 1.597633420000000096e-02 5.839310579999999751e-02 1.196210869999999975e-02 3.965500310000000250e-02 1.716510829999999890e-02
1.518779710000000023e+02 7.055121490000000606e-02 1.525731970000000076e-02 5.421647770000000144e-02 -1.659025929999999923e-03 1.979248119999999986e-02 1.473253450000000042e-03
1.545758150000000057e+02 7.151216589999999373e-02 1.051766099999999933e-02 5.355562249999999691e-02 1.207150050000000037e-02 -1.172341609999999999e-02 -1.940268300000000043e-02
1.572728930000000105e+02 7.013931510000000202e-02 1.309478960000000011e-02 5.368680900000000200e-02 3.982700160000000184e-02 -3.169058269999999733e-02 2.138207560000000146e-02
1.599756739999999979e+02 5.943175269999999982e-02 1.114834919999999931e-02 6.000263759999999863e-02 5.200221879999999963e-02 -5.565355990000000336e-02 4.282903899999999930e-02
1.626704090000000065e+02 5.412939220000000107e-02 6.183656860000000081e-03 5.509166929999999990e-02 1.779184589999999871e-02 -7.438116140000000653e-02 -2.061225460000000106e-02
1.653607210000000123e+02 5.854923819999999918e-02 4.561578499999999897e-03 6.004178550000000003e-02 2.609193649999999934e-02 -3.201811029999999947e-02 -5.561014329999999783e-02
1.680610020000000020e+02 5.992151610000000239e-02 2.758785460000000040e-03 6.279744230000000593e-02 2.123708570000000170e-02 3.557603769999999853e-03 -2.901383930000000014e-02
1.707575960000000066e+02 5.775910709999999837e-02 -4.451691269999999596e-03 5.710668010000000128e-02 -9.172601739999999490e-03 -4.570203979999999666e-03 -1.714875609999999898e-02
1.734477990000000034e+02 6.510470779999999458e-02 -4.173080770000000411e-03 6.002007379999999698e-02 -1.097299649999999935e-03 2.393791089999999788e-03 5.646728940000000094e-04
1.761527680000000089e+02 6.391835740000000043e-02 -9.938121330000000697e-03 6.944352199999999364e-02 -3.590317750000000113e-02 -8.278326770000000306e-03 6.563457469999999828e-03
1.788581430000000125e+02 6.096649979999999719e-02 -5.216294699999999597e-03 6.935278070000000517e-02 -7.065017649999999830e-04 1.430883410000000024e-04 7.296887000000000165e-03
1.815575179999999875e+02 6.068821740000000103e-02 -7.206072329999999981e-04 7.382273479999999777e-02 -5.199404779999999837e-03 -1.936011849999999881e-02 -2.367316779999999871e-02
1.842598930000000053e+02 6.614690239999999888e-02 -1.701272489999999869e-04 6.865957229999999911e-02 -2.734812049999999981e-02 -1.821226269999999883e-02 -4.361969880000000216e-02
1.869521430000000066e+02 6.211982180000000242e-02 3.584117029999999825e-03 7.045060309999999493e-02 1.517188759999999956e-02 8.498961120000000577e-03 -2.785119670000000061e-02
1.896474550000000079e+02 5.883807380000000142e-02 6.383170260000000339e-03 6.901906110000000094e-02 1.359579839999999935e-02 7.001128570000000016e-03 -1.475301059999999977e-02
1.923487369999999999e+02 5.696440550000000241e-02 2.771454689999999863e-03 7.210825640000000092e-02 -2.995405129999999944e-03 -4.645412649999999810e-02 9.539690260000000671e-03
1.950409710000000132e+02 5.050052139999999801e-02 3.867495590000000118e-03 7.514998169999999311e-02 1.600659499999999846e-02 2.690882990000000030e-02 3.407903860000000007e-02
1.977386590000000126e+02 5.280164600000000069e-02 7.999777560000000814e-03 7.116626959999999835e-02 6.132257709999999751e-02 2.697900229999999899e-02 5.241646140000000287e-02
2.004432050000000061e+02 5.683354919999999977e-02 3.707476329999999896e-03 6.748045599999999422e-02 3.494799240000000251e-02 -3.013768619999999954e-02 5.647008170000000077e-02
2.031404239999999959e+02 7.317561929999999437e-02 -1.192641929999999897e-03 6.214439220000000236e-02 -2.043202200000000107e-03 -1.630744649999999948e-02 2.368229889999999820e-03
2.058336119999999880e+02 8.187801399999999896e-02 4.379985450000000238e-03 6.328565220000000047e-02 -2.170396319999999893e-02 -4.015097900000000331e-02 -6.519640370000000240e-02
2.085273300000000063e+02 8.126629509999999668e-02 6.025969320000000400e-03 6.375470430000000632e-02 -4.153552779999999944e-03 -1.561156130000000003e-02 -6.005883050000000029e-02
2.112212049999999977e+02 7.216859790000000607e-02 5.050053320000000116e-03 5.656776210000000193e-02 1.941328640000000022e-02 -3.502692099999999992e-03 1.509128459999999929e-02
2.139191899999999862e+02 6.805966160000000154e-02 -7.418312709999999805e-04 6.256754679999999846e-02 -2.889293739999999888e-02 3.448303870000000299e-02 -2.053369219999999842e-02
2.166125959999999964e+02 6.585025320000000015e-02 6.036726049999999871e-03 6.894599490000000164e-02 -2.897954570000000132e-02 -1.179104129999999917e-02 -8.596871949999999873e-02
2.193172840000000008e+02 5.679256509999999758e-02 6.887266280000000143e-03 7.505492939999999780e-02 1.222651209999999974e-02 1.647033349999999993e-02 -6.740994270000000288e-02
2.220195180000000050e+02 5.643265699999999718e-02 2.866657669999999811e-03 7.737140409999999913e-02 4.987426830000000338e-02 3.024159220000000037e-02 -6.626979850000000449e-02
2.247205649999999935e+02 4.571237890000000303e-02 3.758827780000000094e-03 7.491306729999999692e-02 6.929616110000000329e-02 2.396547140000000048e-02 -7.628878960000000375e-02
2.274275959999999941e+02 4.602938019999999741e-02 3.017139350000000182e-03 7.272255249999999560e-02 4.118590369999999834e-02 1.149998809999999965e-03 7.094986779999999660e-03
2.301247679999999889e+02 4.476125830000000222e-02 -6.465105439999999830e-04 6.735143259999999688e-02 3.815810110000000116e-02 2.669081580000000082e-03 1.246644260000000053e-02
2.328373620000000130e+02 5.267449510000000307e-02 -8.860347100000000656e-03 7.231417240000000135e-02 -2.734254490000000148e-02 -2.037238010000000030e-02 2.559237279999999892e-02
2.355412680000000023e+02 5.047566070000000099e-02 -4.194510939999999966e-03 7.401770770000000443e-02 -1.915010060000000083e-02 -1.077129400000000070e-02 1.462144469999999974e-02
2.382383770000000140e+02 4.860819980000000151e-02 -6.209731389999999761e-03 7.652213110000000151e-02 5.360915850000000024e-03 -4.038229630000000209e-02 1.268728539999999967e-02
2.409445489999999950e+02 4.509864840000000347e-02 -9.047611380000000758e-03 7.548800190000000410e-02 -2.850384970000000018e-02 2.430881230000000136e-03 2.488665240000000056e-02
2.436373619999999960e+02 4.573614599999999836e-02 -1.323942189999999935e-02 7.273584280000000568e-02 -6.370617710000000058e-03 7.810985379999999673e-03 5.604757140000000276e-02
2.463402680000000089e+02 4.125483569999999905e-02 -9.306283950000000804e-03 7.836336989999999336e-02 2.331987350000000112e-02 4.259880070000000157e-02 -2.720970370000000069e-02
2.490422049999999956e+02 4.784003900000000087e-02 -1.579994590000000088e-02 7.116975350000000200e-02 7.219280869999999961e-02 -2.890945330000000216e-03 -2.503966380000000047e-02
2.517460020000000043e+02 4.644517210000000118e-02 -2.063024310000000083e-02 6.764519900000000308e-02 8.492426919999999935e-02 -8.033673680000000608e-03 2.499475270000000096e-02
2.544486119999999971e+02 4.623415000000000163e-02 -1.982173229999999869e-02 6.255343750000000314e-02 6.237796679999999677e-02 -1.034034940000000055e-02 2.909367369999999939e-02
2.571522049999999808e+02 5.135312720000000108e-02 -1.768453269999999827e-02 6.922804139999999551e-02 3.114518819999999993e-02 1.033048399999999915e-02 3.725545169999999739e-02
2.598505959999999959e+02 5.590334529999999719e-02 -8.863791529999999821e-03 6.888184140000000455e-02 -6.026863020000000279e-03 1.524883120000000009e-02 1.059359080000000022e-02
2.625584089999999833e+02 5.640632420000000341e-02 -1.118607729999999967e-02 7.472621029999999831e-02 -3.928353870000000220e-02 1.144384449999999963e-02 3.930094809999999661e-02
2.652563930000000028e+02 6.451543229999999463e-02 -1.050467520000000071e-02 6.743766260000000345e-02 -3.839203229999999661e-02 -6.894496740000000091e-05 5.382807889999999956e-02
2.679597239999999942e+02 7.129486359999999412e-02 -1.381016759999999927e-02 6.155707269999999981e-02 6.297830059999999681e-03 -6.362732940000000170e-02 6.473685299999999698e-02
