# a=0.06381591028072756, b=-154.7921001918626, c=-0.0010944009181298557, xi=9.197776865733513
7.007986269999999518e-01 7.519953000000000054e-02 -9.519842849999999787e-03 3.859811769999999670e-02 -3.334958570000000344e-02 -4.598297720000000047e-03 -4.086909130000000029e-02
3.397437479999999788e+00 7.926797959999999643e-02 -9.636895169999999677e-03 2.284673460000000156e-02 -4.203280279999999959e-03 1.991599039999999987e-02 -3.132172899999999954e-02
6.091002950000000027e+00 7.932071690000000452e-02 -8.990939389999999184e-03 1.935730639999999917e-03 -9.424790599999999935e-03 -2.765535400000000005e-02 9.735627599999999507e-03
8.791152479999999159e+00 7.467606109999999631e-02 -8.044272410000000845e-03 -3.957757079999999796e-03 2.010964999999999975e-02 3.911186000000000198e-04 -1.657451869999999883e-02
1.148530859999999976e+01 7.728675840000000241e-02 -3.651950189999999836e-03 -2.433722469999999999e-02 -7.010942939999999755e-03 -6.165840060000000317e-03 -2.655537230000000123e-02
1.416902729999999977e+01 8.214779590000000076e-02 -4.622935939999999605e-03 -2.938796479999999933e-02 2.954674250000000058e-02 1.801805610000000021e-03 3.769448689999999741e-02
1.686861010000000149e+01 7.673390119999999592e-02 -1.968248140000000116e-04 -4.447090990000000105e-02 3.789988140000000172e-02 3.678865159999999968e-02 1.508952640000000081e-02
1.956485079999999854e+01 6.837795339999999666e-02 3.391672000000000090e-03 -4.260603310000000282e-02 6.294173190000000584e-02 -1.246290019999999991e-02 9.428861420000000243e-03
2.226650700000000072e+01 6.545196720000000246e-02 2.801310520000000089e-03 -5.229589090000000273e-02 1.449360260000000060e-02 1.932531709999999944e-02 -5.835525309999999889e-03
2.496054140000000032e+01 5.556796709999999723e-02 -5.164136500000000331e-03 -5.423451139999999754e-02 1.299753720000000005e-03 2.195913580000000143e-02 -2.001375560000000046e-03
2.765193509999999932e+01 6.350070650000000372e-02 -1.249487950000000014e-02 -5.274003039999999864e-02 2.422201720000000114e-02 2.605114550000000098e-02 -5.754494409999999852e-03
3.034594759999999880e+01 6.237461810000000106e-02 -1.036938800000000022e-02 -5.476641549999999858e-02 1.136821250000000054e-02 2.048812959999999836e-02 6.977695419999999961e-03
3.304238670000000155e+01 5.785337060000000226e-02 -1.190794130000000055e-02 -5.804696179999999789e-02 2.008462780000000100e-02 4.784658320000000076e-02 3.262024220000000335e-02
3.573807579999999717e+01 6.467295230000000283e-02 -8.888999470000000583e-03 -6.798205699999999851e-02 1.753580449999999832e-02 -1.222841700000000011e-02 7.068294039999999979e-03
3.844694919999999883e+01 6.466799119999999679e-02 -6.432361919999999948e-03 -6.042528989999999822e-02 3.836090119999999853e-03 -6.387675689999999622e-03 -3.081474329999999914e-02
4.115126790000000057e+01 6.645567269999999582e-02 -1.450149470000000086e-02 -5.935101680000000324e-02 -7.061516819999999646e-03 -8.065987789999999602e-02 -4.125022350000000226e-02
4.386064760000000007e+01 6.611127290000000378e-02 -8.067793930000000807e-03 -6.345812970000000441e-02 5.670215509999999848e-03 -1.849669179999999941e-02 -2.595248760000000085e-02
4.656058509999999728e+01 5.648019420000000013e-02 -6.847045749999999993e-03 -5.567259609999999914e-02 6.585060249999999393e-02 5.816802400000000393e-03 4.789469600000000396e-03
4.927276789999999806e+01 5.438400129999999832e-02 -3.104542779999999984e-03 -6.508456009999999403e-02 9.314838989999999277e-03 -1.112155750000000040e-02 -5.932632699999999815e-02
5.196649140000000244e+01 4.839775069999999874e-02 -1.722419260000000035e-03 -6.130092210000000208e-02 2.545266220000000010e-02 5.437362630000000356e-03 -5.178239799999999685e-03
5.465326950000000039e+01 5.749855570000000221e-02 3.876665110000000161e-04 -6.329696179999999561e-02 9.548284830000000611e-02 1.808124919999999983e-02 3.308894440000000048e-02
5.734789289999999795e+01 6.751582949999999916e-02 -2.592471710000000145e-04 -5.999813050000000342e-02 7.415417150000000457e-02 -7.799654240000000391e-03 3.203382409999999680e-02
6.006427889999999792e+01 7.184334559999999703e-02 1.962038030000000084e-04 -6.383339970000000141e-02 2.077583829999999840e-02 2.430321480000000034e-02 -1.384599339999999928e-02
6.276356169999999679e+01 6.667977220000000094e-02 5.818100510000000008e-04 -5.827660519999999789e-02 -4.818584100000000356e-03 -2.269039070000000019e-02 -7.335753520000000069e-03
6.546817889999999807e+01 5.946680110000000102e-02 -7.074911889999999830e-04 -5.752151359999999741e-02 -2.430312709999999862e-02 -2.706289010000000050e-02 -2.671137960000000144e-02
6.816503199999999651e+01 5.323832989999999904e-02 -5.368463919999999544e-04 -6.751998889999999420e-02 -5.532941630000000333e-02 -3.300107250000000234e-04 -2.105457009999999948e-02
7.086325080000000298e+01 4.967177820000000243e-02 3.450535150000000068e-03 -7.001205659999999720e-02 8.131847750000000680e-03 -7.630203010000000292e-03 -4.454464439999999970e-02
7.355788509999999292e+01 5.386516009999999660e-02 9.649889650000000041e-03 -6.595593669999999520e-02 -6.201879320000000008e-03 -2.005929960000000026e-02 -1.447669400000000002e-02
7.627179920000000379e+01 5.855334160000000288e-02 1.336477389999999980e-02 -6.842684420000000323e-02 1.027449759999999983e-02 2.856451059999999889e-02 -2.415264129999999954e-02
7.897513979999999378e+01 5.323675130000000283e-02 1.525153949999999946e-02 -6.739316730000000089e-02 -1.701247599999999860e-02 1.449739239999999971e-02 5.403583909999999831e-03
8.167858830000000125e+01 5.328385409999999989e-02 1.196729149999999943e-02 -7.084972639999999322e-02 1.416075269999999935e-02 1.902163759999999856e-02 -5.022712359999999959e-02
8.437376790000000426e+01 4.981729609999999836e-02 1.144033759999999941e-02 -7.513528699999999505e-02 -8.837932200000000668e-03 -2.211165810000000065e-02 -2.328248189999999884e-02
8.706288039999999739e+01 6.170496529999999757e-02 1.125120450000000050e-02 -6.012413629999999870e-02 5.459075320000000148e-02 -2.134429139999999975e-02 -1.448600130000000062e-02
8.976513509999999485e+01 6.684094549999999857e-02 9.843569910000000631e-03 -6.404687039999999720e-02 2.655073070000000049e-02 2.706156620000000138e-02 -4.469364430000000166e-02
9.246672110000000089e+01 6.546907339999999409e-02 1.029567749999999934e-02 -5.813381609999999922e-02 3.631587940000000070e-02 -3.710217500000000091e-04 -3.438055560000000122e-02
9.517795080000000496e+01 6.266026099999999488e-02 6.678230579999999694e-03 -6.830270280000000360e-02 1.301629670000000079e-02 -1.860279670000000024e-02 -4.452738600000000213e-02
9.786648979999999654e+01 6.458033430000000019e-02 6.042668109999999732e-03 -6.537860659999999990e-02 4.030920450000000099e-02 -2.407853869999999896e-02 -1.381637009999999973e-03
1.005707129999999978e+02 6.277609720000000559e-02 1.244854819999999945e-02 -6.708047759999999360e-02 5.241892659999999871e-02 -1.574684720000000019e-04 -9.481710350000000301e-03
1.032693380000000047e+02 5.805021450000000249e-02 1.490229749999999985e-02 -7.211096039999999319e-02 3.632654269999999880e-02 3.001527140000000149e-02 1.551761419999999995e-02
1.059673070000000052e+02 5.473043839999999771e-02 1.249587140000000055e-02 -7.007227339999999582e-02 5.361544509999999902e-02 4.056937909999999703e-02 1.278624029999999960e-02
1.086634629999999930e+02 5.542533620000000133e-02 -5.627836029999999656e-03 -7.041678560000000364e-02 3.839280290000000179e-02 -1.663395349999999967e-02 1.160234209999999946e-02
1.113695409999999981e+02 5.671708030000000011e-02 1.712685769999999991e-03 -6.542125960000000351e-02 3.405068210000000012e-02 -4.049308469999999584e-03 -4.717849479999999818e-02
1.140637289999999950e+02 5.295545919999999906e-02 4.127407969999999956e-04 -5.932448190000000343e-02 6.572535259999999491e-02 -3.543096879999999699e-02 -2.623908109999999877e-02
1.167720099999999945e+02 6.079782389999999898e-02 1.805743710000000044e-04 -5.700001770000000245e-02 4.989560939999999889e-02 5.664818540000000208e-02 -3.275773819999999725e-02
1.194735569999999996e+02 6.853948410000000602e-02 -7.395150529999999474e-04 -6.585764419999999564e-02 4.004723539999999887e-02 3.683272619999999886e-02 -3.433470460000000168e-02
1.221698540000000008e+02 7.258543770000000506e-02 2.107089549999999895e-03 -5.587814490000000273e-02 5.107046710000000267e-02 1.351165810000000064e-02 4.343484840000000000e-03
1.248765729999999934e+02 6.806113799999999325e-02 -6.780910870000000229e-03 -6.067622479999999763e-02 2.992705639999999889e-02 5.986575539999999807e-02 -2.458318240000000043e-02
1.275735569999999939e+02 5.736793760000000186e-02 -2.016649629999999783e-03 -5.559545689999999957e-02 2.727586079999999927e-02 2.076113519999999921e-02 -3.312765670000000079e-02
1.302729160000000093e+02 5.199618269999999737e-02 -6.023935430000000243e-03 -6.174687980000000131e-02 3.672143829999999914e-02 -3.808386920000000203e-02 -3.067040630000000129e-02
1.329841350000000091e+02 5.630824009999999685e-02 -4.211675689999999639e-03 -5.941054169999999968e-02 4.440635490000000019e-02 -3.234587220000000041e-02 -2.282636130000000041e-02
1.356784480000000030e+02 5.789346520000000079e-02 -4.793509609999999782e-03 -5.491539909999999802e-02 2.604866119999999993e-02 -1.634132489999999896e-02 1.750917470000000128e-02
1.383910879999999963e+02 5.167701050000000212e-02 -7.482617450000000371e-03 -5.645774309999999907e-02 2.697909960000000051e-02 2.454390440000000020e-02 1.301256219999999929e-02
1.410942760000000078e+02 5.666835270000000063e-02 -5.631288820000000112e-03 -6.192336729999999706e-02 1.006161319999999970e-02 2.235298239999999881e-02 -1.702133540000000042e-02
1.438117450000000019e+02 6.745072119999999394e-02 -5.440110739999999816e-04 -5.445715680000000336e-02 2.905363980000000203e-03 -4.358246680000000400e-03 -3.922968500000000025e-02
1.465114010000000064e+02 6.611787809999999932e-02 -5.887969540000000286e-03 -5.578312409999999777e-02 5.740258459999999716e-03 -1.677098670000000055e-02 -9.185286290000000547e-03
1.492186509999999942e+02 7.113194230000000062e-02 -2.077138580000000012e-02 -3.858056239999999720e-02 4.121757860000000231e-03 -2.452240160000000030e-02 -2.052143409999999946e-02
1.519108540000000005e+02 7.147697629999999469e-02 -1.979085729999999904e-02 -2.554793890000000081e-02 -4.869199319999999859e-02 -5.762632470000000201e-02 1.473265879999999944e-02
1.546068699999999865e+02 7.150221769999999533e-02 -2.410403770000000070e-02 4.995213130000000432e-03 4.112238780000000184e-03 -7.092084179999999516e-02 7.150447590000000297e-02
1.573009319999999889e+02 7.652121839999999342e-02 -1.877048660000000049e-02 2.350566899999999987e-02 -1.881224780000000096e-02 -1.621520270000000041e-02 2.773902599999999996e-02
1.600000880000000052e+02 6.794264749999999464e-02 -1.423381699999999930e-02 3.505955289999999891e-02 5.025813480000000319e-03 -2.536813729999999947e-02 4.869709330000000086e-02
1.626924789999999916e+02 7.004760129999999807e-02 -1.199596170000000010e-02 3.893146799999999685e-02 -1.520409609999999988e-02 3.661223019999999828e-02 2.674473009999999915e-02
1.653986510000000010e+02 7.418467980000000017e-02 5.380490739999999571e-03 4.472427729999999685e-02 -6.380259610000000269e-03 4.098682430000000210e-03 5.676326320000000224e-03
1.681032759999999939e+02 6.619990770000000468e-02 -3.900778450000000081e-03 4.838420460000000117e-02 2.219294650000000133e-02 -2.772659870000000054e-02 1.691453849999999953e-02
1.708106980000000021e+02 6.234639859999999839e-02 2.694823879999999790e-03 5.316438069999999960e-02 -1.233122489999999901e-03 4.741639449999999686e-03 5.656977720000000258e-03
1.735267289999999889e+02 6.151025119999999763e-02 7.982127440000000296e-03 6.166523029999999850e-02 -1.002734580000000028e-02 -1.001160939999999958e-02 3.821439900000000306e-02
1.762216659999999990e+02 6.023949890000000057e-02 6.950628999999999835e-03 5.969987189999999971e-02 2.374011159999999884e-03 -1.260641430000000035e-02 1.843549010000000016e-02
1.789233380000000011e+02 6.698123309999999553e-02 7.371565709999999827e-03 6.146644030000000120e-02 5.948526830000000140e-03 3.347419170000000103e-03 6.594799789999999939e-02
1.816045100000000048e+02 6.509451410000000049e-02 5.356139339999999721e-03 5.965817789999999787e-02 -1.656530629999999893e-02 3.264902730000000201e-03 6.612109580000000153e-02
1.843084629999999891e+02 6.643128430000000417e-02 7.189284249999999647e-03 5.981423279999999870e-02 6.286667469999999980e-03 5.514301949999999772e-03 3.214446330000000213e-02
1.870142909999999858e+02 6.647997070000000175e-02 7.122162500000000195e-03 6.239568069999999744e-02 5.638897920000000147e-03 -1.240444079999999949e-02 7.671186160000000032e-02
1.897036980000000028e+02 6.512419919999999640e-02 -2.706652500000000100e-03 6.648910789999999682e-02 -3.386949289999999918e-02 -8.996202159999999379e-03 4.887600599999999962e-02
1.923963070000000073e+02 5.999315289999999912e-02 1.550369929999999979e-03 6.165935179999999793e-02 -2.145189629999999861e-02 6.847098919999999866e-02 1.025310259999999973e-01
1.950966040000000135e+02 6.235467060000000200e-02 -7.382389379999999834e-03 5.736541149999999784e-02 -1.689989730000000107e-02 2.953748349999999953e-02 1.559495940000000039e-02
1.977922599999999989e+02 5.662507600000000335e-02 5.562876280000000201e-03 6.999665589999999604e-02 -1.921808919999999990e-02 2.977990269999999939e-02 3.759727339999999890e-02
2.004857289999999921e+02 5.230947119999999895e-02 -2.354538790000000083e-03 7.508964629999999307e-02 -1.646954570000000104e-02 7.209769370000000677e-02 4.707334299999999666e-02
2.031916349999999909e+02 4.435105300000000139e-02 -1.314972839999999955e-02 6.915291889999999886e-02 1.451171490000000008e-02 1.662439259999999933e-02 3.715698149999999839e-02
2.058866659999999911e+02 4.341624849999999730e-02 -1.183095860000000013e-02 6.636385200000000095e-02 5.231858360000000117e-03 -1.184371470000000065e-02 3.907700480000000226e-02
2.086002450000000010e+02 3.922541649999999880e-02 1.736005469999999957e-03 6.585871940000000146e-02 3.899093680000000062e-02 1.503468409999999915e-02 2.845755540000000083e-02
2.113075259999999957e+02 4.350164530000000251e-02 6.069299470000000078e-03 6.488357620000000103e-02 2.230811889999999992e-02 2.933401529999999854e-02 6.991968480000000652e-02
2.140264950000000113e+02 5.379887609999999681e-02 7.169239130000000342e-03 6.587205000000000144e-02 2.533290120000000062e-02 9.583298849999999716e-03 5.891635890000000014e-02
2.167361040000000116e+02 5.768939969999999778e-02 7.700759940000000310e-03 6.665817039999999416e-02 3.120438440000000008e-02 3.203457120000000047e-02 7.777908299999999886e-02
2.194341819999999927e+02 5.930588190000000287e-02 1.020720110000000042e-02 6.055664720000000084e-02 -4.215338049999999698e-03 4.903811749999999713e-03 7.182818169999999336e-02
2.221370880000000056e+02 6.615020700000000253e-02 6.055921950000000241e-03 6.174945409999999663e-02 3.254169929999999739e-02 8.444725939999999861e-04 7.957592780000000143e-02
2.248384949999999947e+02 6.704933329999999969e-02 2.563644580000000190e-03 5.615155089999999960e-02 -1.405451020000000016e-02 5.318928110000000213e-05 8.344501990000000036e-02
2.275359009999999955e+02 6.325791140000000534e-02 1.249659870000000006e-02 5.464759420000000339e-02 1.256157790000000073e-02 -5.042524140000000099e-02 6.645194660000000586e-02
2.302375570000000096e+02 6.209106839999999766e-02 8.919804139999999368e-03 6.076012430000000270e-02 -1.269821580000000082e-02 -2.458180649999999919e-03 7.245899000000000090e-02
2.329352759999999876e+02 6.650350820000000551e-02 3.958346829999999893e-03 5.761375359999999779e-02 -4.080519860000000366e-03 2.697064880000000012e-02 5.374249049999999667e-02
2.356322450000000117e+02 6.110040490000000213e-02 8.572493909999999440e-03 5.971534700000000195e-02 -2.676567889999999835e-03 -1.446563189999999950e-02 6.958449449999999648e-02
2.383362129999999866e+02 6.432292689999999369e-02 8.100364860000000555e-03 5.483602180000000242e-02 -6.660658629999999941e-03 3.779531950000000057e-02 1.672755570000000053e-02
2.410300410000000113e+02 6.738079839999999709e-02 1.066439459999999999e-02 5.912596550000000228e-02 3.989639560000000050e-03 -1.413064479999999977e-02 3.451280290000000028e-02
2.437331509999999923e+02 5.728473950000000092e-02 2.481434319999999832e-03 5.129408340000000260e-02 -2.118051599999999906e-03 -9.112841820000000190e-03 -1.271301090000000016e-02
2.464335729999999955e+02 5.807793919999999777e-02 -2.044094670000000131e-03 6.225420260000000261e-02 1.690952780000000042e-03 -1.132839000000000068e-02 4.699673459999999942e-02
2.491416350000000079e+02 6.462132930000000219e-02 4.237082460000000418e-03 5.369311909999999882e-02 -1.371204119999999953e-03 -1.733597909999999923e-02 -2.932519560000000115e-03
2.518466819999999871e+02 5.923253089999999665e-02 -6.401501880000000366e-03 5.598060020000000109e-02 -7.823663240000000574e-03 3.403285479999999807e-02 1.465839430000000047e-02
2.545443070000000034e+02 6.150063310000000033e-02 -3.156544549999999814e-04 5.110643129999999784e-02 -1.200495229999999983e-02 3.600625269999999795e-02 1.379957910000000065e-02
2.572467909999999733e+02 5.980003400000000191e-02 -6.741688539999999598e-03 6.183556710000000234e-02 -1.093697149999999993e-02 3.058452899999999919e-02 4.986680069999999826e-02
2.599439479999999776e+02 7.044986000000000304e-02 -1.074333660000000024e-02 6.246486240000000134e-02 -1.723573319999999881e-02 3.694860810000000131e-03 5.287073729999999805e-02
2.626496980000000008e+02 7.256499449999999352e-02 -1.925491680000000067e-02 5.744303580000000020e-02 -9.591354000000000546e-02 -3.861210400000000126e-02 -1.881823319999999938e-02
2.653389789999999948e+02 6.967434279999999702e-02 -1.214219279999999984e-02 6.048308530000000294e-02 -9.732492219999999694e-03 3.553576310000000193e-03 -5.125057320000000333e-02
2.680377080000000092e+02 6.694716570000000533e-02 -1.212481680000000034e-02 4.105477159999999792e-02 -2.898627869999999968e-02 3.288678939999999801e-02 -7.040691999999999784e-02
