# a=0.06514050547421371, b=-150.80361438582938, c=-0.0004134641506326477, xi=9.47319558690363
7.120088660000000180e-01 5.040007459999999717e-02 -4.943983020000000455e-04 6.929875060000000031e-02 5.151691760000000342e-03 -9.621515230000000571e-03 -5.363243810000000193e-04
3.400935210000000097e+00 6.134029729999999903e-02 3.925201429999999707e-03 7.011856630000000423e-02 -6.448348080000000128e-03 -1.918308419999999919e-03 1.395924219999999938e-02
6.101418329999999557e+00 6.053780029999999979e-02 -6.226392740000000377e-03 5.939956469999999739e-02 2.781793580000000137e-03 1.916901000000000022e-02 1.996033089999999996e-02
8.802485989999999205e+00 6.530278050000000445e-02 -5.548115000000000165e-03 6.616442200000000051e-02 -8.879287160000000258e-04 -3.811738610000000010e-03 6.688061459999999903e-02
1.150906630000000064e+01 5.847767179999999870e-02 -3.862023349999999921e-03 6.033905080000000198e-02 -1.867922359999999934e-02 -2.553827990000000214e-03 4.300767440000000108e-02
1.420302410000000037e+01 6.327587930000000416e-02 1.664713339999999899e-03 5.767946520000000188e-02 -1.078637890000000042e-03 1.082784420000000060e-02 2.227866439999999851e-02
1.688708349999999925e+01 6.369841029999999404e-02 -1.820891390000000006e-03 6.195752880000000157e-02 -2.426722049999999881e-03 -1.176679240000000001e-02 6.251127189999999834e-02
1.957704599999999928e+01 6.019914999999999988e-02 -1.558241180000000071e-03 4.971670389999999912e-02 4.071624169999999571e-03 -3.667204660000000088e-02 5.191562379999999782e-02
2.228755070000000060e+01 6.266898349999999729e-02 6.336914639999999960e-03 3.814374470000000267e-02 3.877103609999999964e-03 -5.341113790000000250e-02 4.801618050000000353e-03
2.498908820000000119e+01 7.022359849999999792e-02 4.740517330000000064e-03 3.228039969999999675e-02 6.711705190000000210e-03 -4.443453089999999800e-02 -8.191451120000000155e-03
2.768502409999999969e+01 7.849105330000000214e-02 1.301223200000000075e-03 2.569163379999999872e-02 -2.588790629999999926e-02 2.331209219999999874e-02 -3.951616510000000373e-03
3.038479440000000054e+01 7.926272130000000526e-02 1.871020929999999902e-03 2.265560010000000190e-03 -3.774381809999999976e-02 -5.800125110000000153e-03 -1.363778700000000017e-02
3.308583190000000229e+01 8.521210640000000114e-02 1.458897769999999974e-03 -9.489914979999999889e-03 -4.048331530000000116e-03 -7.108861069999999893e-03 -2.700635150000000109e-02
3.577906629999999666e+01 8.830033810000000039e-02 1.975157359999999817e-03 -3.081828290000000053e-02 -1.824314569999999948e-03 -5.340785470000000007e-02 -7.135450970000000240e-03
3.845845220000000353e+01 7.826501639999999815e-02 -1.451083549999999901e-03 -3.976338649999999753e-02 -4.082535579999999747e-02 -6.540713180000000404e-02 7.341607929999999530e-04
4.116674290000000269e+01 8.093197259999999893e-02 -2.253506529999999789e-03 -4.109840850000000267e-02 -3.266749819999999974e-03 -1.438990409999999984e-02 1.309563400000000009e-02
4.387463189999999713e+01 7.364325839999999457e-02 -6.042665330000000432e-03 -4.401700360000000006e-02 1.299458879999999990e-02 -1.447457260000000086e-02 -5.176257539999999657e-02
4.656638970000000199e+01 7.217088920000000463e-02 2.015107099999999957e-03 -4.065325410000000111e-02 -1.960761160000000156e-02 2.678777439999999871e-02 -1.082846620000000063e-03
4.926963349999999764e+01 6.450337659999999529e-02 3.979799729999999695e-03 -5.321966189999999958e-02 1.942021550000000082e-02 -2.851207379999999916e-02 -2.869557479999999827e-02
5.196659439999999819e+01 6.138011799999999740e-02 3.934165469999999741e-03 -5.843364460000000093e-02 2.159290960000000148e-02 -2.831753619999999999e-02 -4.142088879999999973e-02
5.466142719999999855e+01 6.758156499999999622e-02 8.321679510000000793e-03 -6.527392949999999416e-02 -2.331090379999999854e-03 6.428956759999999993e-03 2.039197129999999886e-02
5.736320380000000085e+01 7.030556340000000681e-02 3.516150170000000193e-03 -5.715936650000000285e-02 -3.178992540000000200e-02 3.249776100000000001e-02 -2.797944289999999834e-02
6.005867719999999821e+01 6.736125680000000504e-02 8.341429789999999476e-04 -5.692358790000000279e-02 -2.461220000000000074e-02 3.928600349999999963e-02 -4.075480489999999678e-02
6.274888659999999874e+01 6.325535690000000377e-02 3.886373140000000132e-03 -7.006391509999999878e-02 -1.201018440000000027e-02 -7.464195570000000182e-03 -5.557299799999999845e-02
6.544988039999999785e+01 6.463687749999999510e-02 1.852771270000000024e-03 -6.233451920000000063e-02 1.202099119999999917e-02 2.140787419999999955e-02 -6.316834859999999330e-02
6.816211160000000291e+01 7.282016889999999576e-02 -1.640366180000000021e-03 -6.033556379999999858e-02 5.403829649999999755e-03 -3.612544709999999937e-02 -6.133028360000000040e-02
7.085661469999999440e+01 6.511457700000000681e-02 -5.123797260000000076e-03 -5.791428710000000313e-02 -4.523457820000000018e-03 -2.833643389999999929e-02 -1.302577220000000063e-02
7.356347409999999343e+01 6.045568180000000097e-02 -3.128656330000000041e-03 -6.347459079999999421e-02 -1.612809889999999857e-02 -3.299349149999999953e-02 -2.471848550000000158e-02
7.626401789999999892e+01 5.592890620000000312e-02 -6.311748729999999523e-04 -6.833799529999999567e-02 -8.547122750000000352e-03 1.042901660000000036e-02 -3.847891249999999853e-03
7.895702570000000264e+01 5.739682380000000333e-02 6.036372029999999798e-03 -6.389355530000000172e-02 -1.667498550000000085e-03 -4.352325879999999723e-03 -1.183240659999999951e-02
8.165320540000000449e+01 5.712364710000000095e-02 1.347684619999999986e-02 -5.752325300000000335e-02 -1.223587219999999927e-02 5.018259929999999841e-02 2.131168829999999931e-02
8.434742409999999779e+01 5.638793589999999828e-02 6.234493540000000250e-03 -6.004059219999999947e-02 -2.092689650000000012e-03 -1.230217230000000064e-02 -2.156910370000000160e-02
8.706175070000000460e+01 5.839572049999999792e-02 -6.814492370000000158e-04 -6.575268530000000222e-02 5.056355139999999665e-03 3.504173269999999972e-03 -4.980725450000000193e-02
8.976745069999999771e+01 5.041713529999999888e-02 2.758833870000000025e-03 -7.165561950000000346e-02 1.955444619999999883e-02 5.897925579999999807e-02 -4.060480760000000078e-02
9.245950220000000286e+01 5.583951129999999846e-02 2.167796069999999996e-05 -7.424926689999999940e-02 6.237020719999999963e-03 6.530801010000000101e-03 -4.618557460000000114e-02
9.516147259999999619e+01 6.293906039999999646e-02 8.874798190000000257e-04 -7.689749090000000398e-02 3.091642039999999841e-02 4.745560559999999727e-03 3.162340260000000292e-02
9.786519130000000644e+01 5.981280740000000096e-02 -1.913167799999999962e-03 -7.233108219999999366e-02 1.071631749999999925e-02 2.840704949999999993e-02 -7.488505010000000295e-03
1.005563539999999989e+02 6.575442930000000019e-02 1.320570729999999936e-02 -7.499309690000000028e-02 -2.295427740000000050e-02 2.705326740000000077e-02 -2.449274430000000086e-02
1.032590569999999985e+02 6.522560160000000218e-02 1.322979349999999985e-02 -6.555629270000000453e-02 2.797295129999999991e-02 2.139076330000000067e-02 -2.500113870000000155e-02
1.059642130000000009e+02 6.196140609999999799e-02 1.725626939999999956e-02 -6.201369570000000303e-02 1.199994319999999996e-02 1.517388910000000077e-02 -2.105048169999999830e-02
1.086751660000000044e+02 6.367457229999999579e-02 1.522729079999999907e-03 -5.252308449999999740e-02 1.173905899999999961e-02 -3.286970599999999854e-02 -2.917373900000000062e-02
1.113763229999999993e+02 6.925641039999999582e-02 -2.912457350000000143e-03 -6.428843350000000567e-02 -1.613490479999999880e-02 9.245590390000000755e-03 -8.184886089999999365e-03
1.140856660000000034e+02 6.065546759999999871e-02 -5.740352940000000362e-03 -6.904273260000000356e-02 -1.041334409999999933e-02 -6.699736789999999852e-03 -3.893786560000000313e-02
1.167745259999999945e+02 5.460033179999999875e-02 -2.784905119999999800e-03 -6.942654830000000166e-02 1.496810280000000076e-02 1.300540820000000049e-02 2.177401840000000102e-02
1.194946659999999952e+02 5.438884809999999792e-02 4.903405119999999957e-03 -6.802139429999999598e-02 2.997671439999999993e-02 -2.475477109999999793e-03 -5.961902980000000074e-02
1.221909940000000034e+02 5.911187889999999778e-02 -3.458785869999999804e-03 -6.955120800000000325e-02 2.182910089999999873e-02 6.743988680000000124e-03 -3.490864929999999700e-02
1.249056190000000015e+02 5.207244810000000168e-02 2.770523090000000070e-03 -6.196490469999999667e-02 1.481775479999999923e-02 -1.005587359999999923e-02 -3.714799039999999719e-02
1.276009480000000025e+02 5.402594460000000043e-02 4.404510369999999758e-03 -6.390131309999999565e-02 1.976461300000000032e-02 -4.574820300000000117e-02 2.557634519999999953e-02
1.302961040000000139e+02 5.536595560000000249e-02 6.337604719999999879e-03 -5.338342850000000334e-02 2.822409890000000116e-02 -2.465716410000000011e-02 1.737183499999999867e-02
1.329991039999999884e+02 5.405767169999999705e-02 1.201620870000000025e-03 -6.019340410000000030e-02 2.547010609999999890e-03 -2.462436100000000086e-02 -1.060292179999999980e-02
1.357129630000000020e+02 5.407532030000000017e-02 5.325661819999999956e-03 -6.621533420000000336e-02 6.881824519999999584e-03 8.058826439999999813e-03 -7.575538530000000548e-02
1.383942130000000077e+02 6.079094899999999690e-02 5.577878930000000277e-03 -5.564951010000000059e-02 1.672645549999999919e-03 1.030075710000000026e-02 -7.103796649999999900e-03
1.410946659999999895e+02 6.274710729999999348e-02 8.652993879999999402e-03 -5.257894080000000137e-02 -2.978871880000000076e-03 -2.734590779999999943e-02 -1.967057640000000052e-02
1.437952760000000012e+02 6.814121200000000655e-02 6.521558789999999661e-03 -3.721430769999999749e-02 -9.657314300000000712e-03 8.356107280000000387e-03 -4.087782739999999693e-02
1.464809480000000121e+02 7.248637219999999604e-02 5.858644730000000210e-03 -3.120898789999999867e-02 -4.593639739999999701e-03 9.876268239999999587e-03 3.946432239999999626e-03
1.491800880000000120e+02 7.918984449999999509e-02 1.755371080000000042e-03 -8.501017059999999362e-03 -2.632544410000000126e-02 5.479671209999999876e-02 3.540651119999999735e-02
1.518667130000000043e+02 6.966607119999999875e-02 -1.332938020000000012e-03 4.468937699999999888e-03 -4.408855009999999852e-02 3.583436680000000318e-02 6.631438840000000029e-03
1.545711509999999862e+02 7.397247540000000121e-02 2.464421369999999882e-03 2.122070319999999968e-02 -9.569326459999999424e-02 3.592702030000000102e-02 -2.551551989999999853e-02
1.572713689999999929e+02 6.923905449999999406e-02 1.248710299999999940e-02 3.993568260000000120e-02 -7.954354010000000419e-02 3.642356089999999880e-02 -4.908788690000000232e-02
1.599681820000000130e+02 6.824946680000000543e-02 6.582488029999999934e-03 4.901391620000000032e-02 -4.541698649999999921e-02 8.313386379999999215e-03 -1.728629870000000096e-02
1.626616510000000062e+02 5.986914189999999886e-02 4.709405740000000354e-03 6.085834269999999824e-02 -1.183093779999999998e-02 -1.995468970000000009e-02 6.346948150000000094e-03
1.653599629999999934e+02 6.075095949999999995e-02 9.529090469999999466e-03 5.715870700000000304e-02 1.392197990000000087e-02 -5.211340529999999686e-03 1.893205259999999890e-02
1.680686819999999955e+02 5.381529169999999668e-02 1.854434380000000160e-02 6.284174080000000384e-02 -1.126063989999999924e-02 2.977112260000000163e-02 1.847956350000000067e-02
1.707689320000000066e+02 5.178395310000000196e-02 1.727759859999999925e-02 5.504175830000000019e-02 -3.019847399999999946e-02 3.885985339999999816e-02 6.053404810000000136e-02
1.734707290000000057e+02 5.930626440000000277e-02 1.489993839999999986e-02 6.657601659999999588e-02 4.497055489999999796e-04 -2.866195399999999990e-02 7.647065050000000086e-02
1.761792130000000043e+02 5.877955829999999965e-02 1.246883960000000000e-02 7.139131799999999528e-02 -1.693339079999999983e-02 -3.915569020000000261e-02 2.590308239999999929e-02
1.788828849999999875e+02 5.462700909999999854e-02 7.125447289999999739e-03 6.531029670000000620e-02 -3.299713800000000224e-02 4.394010880000000230e-02 3.629040399999999833e-02
1.815894159999999999e+02 6.547904910000000578e-02 4.142588239999999908e-03 6.932852459999999661e-02 -3.428626459999999793e-02 -3.068517960000000100e-02 -8.621420419999999488e-03
1.842934009999999887e+02 6.250802360000000391e-02 -7.542234410000000187e-03 6.908706679999999933e-02 -3.787782940000000015e-02 2.363476520000000122e-02 3.911545379999999822e-02
1.869896659999999997e+02 5.811004139999999957e-02 -9.023412390000000796e-03 6.933157769999999387e-02 6.561730229999999942e-03 -2.182458109999999962e-03 2.976938590000000051e-02
1.896997130000000027e+02 5.606329930000000100e-02 -1.597749260000000046e-02 6.149276439999999677e-02 3.837097199999999885e-03 -3.712312909999999910e-02 3.255619679999999933e-02
1.924002130000000079e+02 6.365251090000000056e-02 -1.063789300000000070e-02 5.593166909999999770e-02 1.061816350000000024e-04 -3.454401780000000005e-02 3.034394669999999905e-02
1.951033689999999865e+02 6.479287079999999921e-02 -1.318229609999999920e-02 6.260800919999999492e-02 -2.823381529999999945e-02 -4.818252750000000251e-02 3.427834400000000226e-02
1.978053229999999871e+02 7.100041249999999859e-02 -8.965114579999999139e-03 5.844386020000000292e-02 2.621974649999999837e-02 3.263657850000000176e-03 7.259137929999999895e-04
2.005062910000000045e+02 7.014229199999999498e-02 -6.373260230000000331e-03 4.633555400000000102e-02 2.303305589999999833e-02 4.005442339999999712e-02 2.500650760000000094e-03
2.032187130000000082e+02 7.229974999999999596e-02 -1.346320909999999989e-02 4.224782490000000140e-02 -2.726993679999999923e-03 4.705559980000000031e-02 -3.711835940000000195e-02
2.059142600000000130e+02 7.185613609999999540e-02 -4.010055210000000245e-03 4.302532230000000180e-02 -1.573615039999999923e-02 -2.311397290000000160e-02 -1.383166989999999943e-02
2.086196979999999996e+02 7.353443430000000669e-02 5.281801059999999574e-04 4.051430789999999754e-02 -1.981698219999999955e-02 -3.326598299999999897e-02 2.233482319999999938e-02
2.113230259999999987e+02 6.825763780000000669e-02 7.279362960000000009e-04 4.381589489999999920e-02 6.698087030000000452e-04 -3.166037540000000029e-03 -4.715231720000000008e-03
2.140214479999999924e+02 6.505027350000000541e-02 9.051427529999999744e-04 4.544190149999999956e-02 -4.095711259999999798e-02 -3.389288389999999679e-02 -3.488435599999999831e-02
2.167227760000000103e+02 6.683121799999999779e-02 9.823256699999999633e-04 5.308786370000000143e-02 -8.410054790000000280e-02 -2.148675489999999841e-03 -4.227166250000000125e-02
2.194335570000000075e+02 6.348592220000000286e-02 -6.490418129999999883e-03 6.535449040000000653e-02 -7.068370159999999569e-02 2.967686079999999962e-02 -3.759069240000000034e-02
2.221365409999999940e+02 5.057682749999999755e-02 -3.377044330000000035e-03 6.202230859999999929e-02 -5.654078629999999966e-02 -2.574379980000000151e-02 -4.730129119999999798e-02
2.248358230000000049e+02 5.269476909999999681e-02 -7.379057149999999898e-03 5.404732109999999673e-02 -7.791174530000000154e-02 -5.508053619999999859e-03 -4.468875020000000198e-02
2.275152600000000120e+02 5.284681260000000103e-02 -1.346434550000000056e-02 6.875549879999999503e-02 7.139756629999999792e-03 -5.065961489999999678e-02 -2.199347070000000001e-02
2.302233689999999910e+02 5.731889409999999657e-02 -2.043266599999999864e-02 5.873954440000000304e-02 1.806373400000000143e-02 2.603029940000000167e-02 6.190996820000000019e-03
2.329259480000000053e+02 5.401743390000000172e-02 -7.124174429999999628e-03 5.481248369999999759e-02 4.319239329999999960e-02 1.375015790000000057e-02 2.757149279999999980e-02
2.356366659999999911e+02 5.151515350000000076e-02 -7.409758300000000332e-03 4.612998039999999939e-02 -4.390115900000000210e-02 -4.552238249999999986e-02 7.190897350000000077e-02
2.383446659999999895e+02 5.567372589999999843e-02 -2.646079840000000079e-03 5.539696310000000179e-02 -7.866889620000000471e-02 -2.331729219999999908e-02 2.868741899999999873e-02
2.410330260000000067e+02 5.792226240000000054e-02 -6.651413489999999894e-03 5.512136830000000098e-02 -6.207757199999999753e-02 -2.008208380000000084e-02 3.868747790000000297e-02
2.437350570000000118e+02 6.215837800000000024e-02 2.365992899999999795e-03 5.340820400000000079e-02 -1.092971560000000064e-01 -1.886149839999999925e-02 -4.774072950000000405e-03
2.464212440000000015e+02 5.427866890000000027e-02 -5.257454959999999580e-03 6.152222749999999851e-02 -4.416832949999999897e-02 8.010163930000000453e-04 -5.867080680000000097e-03
2.491352290000000096e+02 6.065196469999999812e-02 -1.187824470000000050e-04 6.116759029999999792e-02 -9.765504869999999671e-02 -2.019673560000000145e-02 -2.933009209999999992e-02
2.518308230000000094e+02 6.473422130000000552e-02 -7.509764849999999575e-03 6.236636279999999838e-02 -1.888769510000000082e-02 -9.846823640000000252e-03 1.122260760000000010e-02
2.545258849999999882e+02 5.404046590000000094e-02 -3.021989509999999796e-03 5.775534859999999909e-02 -7.059152659999999579e-02 -1.475791830000000061e-02 1.074880549999999990e-02
2.572205099999999902e+02 6.068643719999999853e-02 -6.481256250000000212e-03 6.744986170000000225e-02 -5.655839769999999878e-02 -2.103962339999999875e-02 1.107478289999999990e-03
2.599227440000000229e+02 6.339060320000000637e-02 -2.706516190000000065e-03 6.361111999999999322e-02 -8.356531189999999443e-02 2.716300259999999966e-02 -2.659470010000000023e-02
2.626234160000000202e+02 5.786705970000000088e-02 -1.012122509999999979e-03 6.153792489999999893e-02 -2.249989679999999867e-02 1.939995109999999908e-03 -1.281495440000000093e-03
2.653308690000000070e+02 6.100969869999999656e-02 1.662942719999999878e-04 6.185736609999999830e-02 1.653162960000000015e-02 -8.480135689999999601e-03 -8.527843420000000285e-03
2.680390570000000139e+02 5.520512340000000018e-02 -1.018855639999999979e-02 6.298636189999999579e-02 3.668744609999999989e-03 4.363150780000000020e-03 -3.107454039999999959e-02
