# a=0.06567909094987825, b=-152.60135037620023, c=0.002093383802981718, xi=6.605162913529065
6.828151180000000542e-01 7.041372889999999996e-02 1.198998130000000079e-02 3.568603580000000164e-02 7.769866840000000385e-03 -5.590601550000000308e-02 3.103499230000000136e-02
3.392912100000000208e+00 8.381966329999999965e-02 1.043068379999999989e-02 2.336266149999999958e-02 3.868246429999999680e-02 -2.817764739999999851e-02 8.512547190000000624e-03
6.096435070000000067e+00 8.769030029999999587e-02 1.062525580000000039e-02 1.902757080000000087e-02 -4.072851449999999665e-03 -2.450953980000000060e-02 8.955095360000000018e-03
8.788260230000000561e+00 7.685142329999999911e-02 1.364046680000000067e-02 6.494811789999999953e-03 -2.140429790000000082e-02 7.591448049999999573e-03 6.686927720000000221e-03
1.148977490000000046e+01 7.710399839999999838e-02 1.875940530000000037e-02 -1.056841189999999965e-02 -2.337685379999999979e-02 1.122724339999999973e-02 5.732002259999999759e-03
1.418962800000000080e+01 8.503900329999999896e-02 1.447918060000000055e-02 -3.195949270000000147e-02 -3.075411249999999985e-02 -6.306360330000000680e-02 -1.767878100000000105e-02
1.687668899999999894e+01 8.195230520000000574e-02 7.398258900000000311e-03 -4.297747410000000295e-02 -2.155803300000000075e-02 -7.049514469999999811e-02 -2.679254429999999854e-02
1.957129369999999824e+01 8.221311670000000515e-02 2.532257029999999878e-03 -4.385557279999999919e-02 3.872509870000000187e-02 -1.515032340000000040e-02 -3.427174420000000249e-02
2.227529050000000055e+01 7.109531239999999919e-02 2.220302270000000012e-04 -5.280458839999999793e-02 -1.826269830000000136e-02 3.070598990000000111e-02 -2.742200029999999900e-02
2.496999990000000125e+01 6.205915439999999672e-02 1.981516459999999903e-03 -5.629156319999999852e-02 3.221848919999999866e-02 5.330752469999999743e-02 2.926226360000000123e-02
2.766791870000000131e+01 5.852395209999999848e-02 8.531409340000000591e-03 -5.625243540000000181e-02 -6.936124550000000513e-04 -9.735940930000000840e-03 -2.257957699999999911e-03
3.037423589999999862e+01 6.016096759999999682e-02 8.991415880000000818e-03 -6.450380149999999924e-02 1.594016410000000106e-02 -3.217825950000000046e-02 6.085226009999999963e-03
3.307429520000000167e+01 6.061830919999999789e-02 7.635143409999999714e-03 -6.158133729999999695e-02 -1.971840089999999865e-02 -9.334181259999999383e-03 4.211812229999999948e-04
3.577064680000000152e+01 6.737261799999999523e-02 4.622304800000000095e-03 -6.983589869999999589e-02 7.332009949999999943e-02 -1.301464090000000080e-03 -1.491664759999999923e-02
3.847246400000000222e+01 6.629185599999999623e-02 -5.645782349999999700e-03 -5.794371499999999980e-02 4.218018689999999959e-02 2.769995399999999885e-02 -2.557839920000000086e-02
4.117737340000000046e+01 6.324699690000000485e-02 -9.304220280000000814e-03 -5.801032200000000305e-02 4.749638569999999754e-02 4.608616539999999852e-03 -4.830537659999999817e-02
4.388225769999999670e+01 5.923373269999999968e-02 -1.166978400000000075e-02 -5.385817620000000333e-02 -2.157890599999999839e-02 -4.173966129999999788e-03 -5.570819760000000204e-02
4.658379990000000248e+01 5.171410109999999977e-02 -7.965519279999999647e-03 -5.778648909999999778e-02 -5.078126649999999825e-02 -1.657533770000000142e-02 -8.454371210000000136e-02
4.927832490000000121e+01 6.632486699999999569e-02 -9.496350400000000760e-03 -6.540567340000000285e-02 -2.517647879999999894e-02 2.699504579999999990e-03 -4.013218989999999681e-02
5.198015620000000325e+01 6.680815110000000445e-02 -5.255699529999999578e-03 -6.409591239999999635e-02 3.133516220000000241e-02 1.641965329999999987e-03 -2.365697710000000051e-02
5.466037649999999815e+01 6.656549209999999828e-02 -5.534760789999999993e-03 -6.581542640000000166e-02 4.135907700000000103e-02 3.508488340000000261e-02 8.217513489999999851e-03
5.736351090000000141e+01 5.864711160000000284e-02 -1.404562469999999898e-03 -6.731403060000000493e-02 2.236976140000000030e-02 1.865423800000000007e-02 6.815507820000000355e-03
6.005680300000000216e+01 5.702078769999999880e-02 8.271660570000000448e-04 -6.495364409999999922e-02 -3.427910349999999801e-02 -3.025176229999999855e-02 1.316159610000000070e-02
6.275829989999999725e+01 5.163121069999999924e-02 -5.925459360000000404e-03 -6.649572419999999484e-02 -1.120065010000000083e-02 -3.718290660000000275e-02 -2.546109010000000006e-02
6.545819050000000061e+01 5.734387109999999899e-02 4.672515130000000263e-04 -6.205945620000000162e-02 1.556067830000000020e-02 -1.280554629999999978e-02 -3.930129460000000158e-02
6.816588430000000187e+01 5.871252400000000204e-02 8.275775929999999725e-03 -6.601194200000000400e-02 5.692915320000000237e-03 -6.602289849999999974e-03 -4.333293159999999922e-02
7.086217019999999422e+01 5.756156309999999748e-02 1.807559209999999930e-02 -5.508192819999999795e-02 1.353464020000000045e-01 3.885257850000000106e-03 -1.612781350000000100e-02
7.356359679999999912e+01 5.764235079999999872e-02 1.749670409999999968e-02 -6.282188950000000549e-02 5.626514739999999987e-02 9.285237030000000752e-03 -5.339918479999999912e-02
7.626477649999999642e+01 5.726116280000000114e-02 1.990075180000000152e-02 -6.489206499999999878e-02 7.008113639999999367e-02 -3.484988779999999980e-02 -3.868859890000000273e-02
7.896682339999999556e+01 5.611240900000000198e-02 2.443616480000000007e-02 -6.751350909999999372e-02 -4.225057909999999778e-02 5.524267850000000313e-02 -5.251299799999999823e-02
8.165472019999999986e+01 5.472808769999999712e-02 1.504527840000000061e-02 -6.772163709999999559e-02 4.340446159999999942e-02 2.042409079999999919e-02 -6.043150480000000074e-02
8.435671709999999734e+01 4.414818630000000299e-02 1.885881179999999990e-02 -6.849787150000000158e-02 3.806795770000000190e-02 3.670412519999999984e-02 -4.245712580000000208e-02
8.705954680000000678e+01 4.989968940000000241e-02 7.682277270000000165e-03 -7.425760780000000005e-02 1.142624889999999949e-01 1.069345179999999992e-02 -4.907772769999999701e-02
8.977383269999999982e+01 5.672478520000000246e-02 1.261882070000000002e-02 -6.109336910000000287e-02 5.266030819999999862e-02 -2.210486630000000133e-02 -7.363488880000000625e-02
9.248455769999999632e+01 5.987628629999999785e-02 1.026291680000000067e-02 -5.794229249999999914e-02 -1.057027810000000026e-02 -1.564851399999999879e-02 -7.576152249999999755e-02
9.519157959999999719e+01 5.853169540000000004e-02 4.500161740000000431e-03 -5.812120429999999977e-02 -3.084795789999999864e-03 -1.488052010000000085e-02 -3.377757270000000117e-02
9.789360929999999428e+01 6.762571320000000663e-02 8.986980970000000776e-03 -6.752508109999999508e-02 1.284252299999999979e-02 -2.698719030000000171e-02 -2.602975069999999974e-02
1.005832889999999935e+02 6.753160330000000655e-02 8.920375510000000049e-03 -6.107547599999999660e-02 5.623734030000000078e-02 2.575753259999999899e-03 2.063916669999999939e-02
1.032858669999999961e+02 6.605777499999999913e-02 5.144390010000000381e-03 -7.019228700000000598e-02 7.834475350000000282e-02 -3.134474369999999677e-02 2.142008290000000162e-02
1.059870700000000028e+02 6.546645619999999499e-02 5.920715719999999948e-04 -6.216780709999999988e-02 7.844378579999999879e-02 -4.184377820000000081e-02 -5.298194200000000062e-03
1.086886640000000028e+02 5.849894869999999747e-02 4.191848019999999702e-05 -6.135100360000000225e-02 -1.406425099999999984e-02 -4.258459529999999993e-02 -3.271938700000000255e-02
1.113828979999999973e+02 6.028338379999999969e-02 -2.573132719999999835e-03 -6.240787200000000312e-02 1.440999840000000039e-02 -1.365199410000000023e-02 1.297913239999999926e-02
1.140798199999999980e+02 6.040534959999999814e-02 5.101925900000000083e-03 -6.347602010000000239e-02 3.423272069999999667e-02 3.275302790000000214e-03 2.709604479999999996e-02
1.167871949999999970e+02 5.590021220000000041e-02 9.121429949999999148e-03 -5.816244999999999749e-02 4.013459519999999781e-02 -1.744234639999999933e-03 1.309930519999999952e-02
1.194895230000000055e+02 6.740208520000000314e-02 -4.554926780000000293e-03 -5.992224969999999928e-02 -7.376412720000000318e-03 -1.730560800000000010e-02 -1.226840969999999989e-02
1.221893199999999950e+02 7.453811379999999986e-02 -4.311456449999999906e-03 -5.470369700000000251e-02 3.500956250000000075e-02 2.700199030000000056e-02 -2.727137810000000023e-02
1.248807580000000002e+02 6.611248479999999594e-02 -4.023914370000000219e-03 -5.653852270000000318e-02 9.467325509999999222e-03 -1.326018730000000020e-02 7.084613370000000278e-04
1.275919449999999955e+02 6.513090309999999827e-02 3.020902380000000005e-03 -6.855864740000000568e-02 9.133853080000000485e-03 -5.922468250000000045e-03 -1.027579659999999957e-02
1.302935080000000028e+02 6.604930309999999805e-02 -4.592684760000000088e-03 -7.049745120000000531e-02 -5.146861550000000375e-03 -4.512628750000000077e-02 -3.472050819999999982e-02
1.329899609999999939e+02 6.411126870000000144e-02 -1.586133350000000107e-04 -5.542562830000000162e-02 1.156335640000000047e-02 -5.884019110000000136e-02 -2.766996080000000066e-02
1.356983360000000118e+02 6.810807520000000670e-02 -7.239031089999999578e-03 -5.664556169999999946e-02 -2.878328590000000034e-02 -1.440694019999999922e-02 -5.065982029999999831e-02
1.383867419999999981e+02 6.680233030000000405e-02 -5.152602679999999935e-03 -6.597233040000000104e-02 1.788141290000000092e-02 3.253214840000000219e-02 1.085225589999999976e-02
1.410805229999999995e+02 6.772150899999999918e-02 -9.765836649999999966e-03 -7.642454989999999948e-02 -3.468848609999999801e-03 2.009255979999999969e-02 1.387582300000000067e-02
1.437778199999999913e+02 6.829242180000000273e-02 -5.344934110000000398e-03 -5.515494490000000249e-02 7.432380739999999708e-02 2.648074140000000049e-02 1.985476040000000095e-02
1.464710230000000024e+02 7.111076219999999670e-02 -2.677978159999999924e-03 -4.791705379999999792e-02 9.588734390000000843e-03 1.683204320000000059e-02 -1.636929709999999927e-02
1.491758199999999874e+02 7.280036300000000682e-02 -4.500972130000000133e-03 -2.510859190000000116e-02 -7.481853360000000194e-04 1.312022510000000058e-02 6.069419890000000289e-03
1.518747260000000097e+02 7.884294179999999652e-02 -7.413426909999999703e-03 -5.932502779999999573e-03 -5.010971240000000257e-03 -2.794664059999999936e-02 -6.314825100000000246e-02
1.545742419999999981e+02 7.728157600000000460e-02 -1.380515369999999950e-02 2.235928090000000035e-02 2.487994810000000116e-03 -2.745709190000000105e-02 -1.564113920000000102e-02
1.572852579999999989e+02 7.463627330000000004e-02 -6.043215559999999716e-03 4.783840739999999786e-02 7.819087120000000127e-03 1.985212219999999902e-02 -1.550975500000000007e-02
1.599832890000000134e+02 7.047534369999999826e-02 -3.110928649999999789e-03 4.920157170000000191e-02 -1.890869270000000019e-02 3.128601229999999900e-02 3.323433559999999787e-02
1.626747420000000091e+02 6.593542269999999594e-02 -1.252467510000000034e-02 5.267903100000000116e-02 -1.448029820000000002e-02 1.527210990000000060e-02 6.228130099999999725e-02
1.653888829999999928e+02 6.350491510000000339e-02 -8.121846440000000250e-03 6.033703470000000013e-02 -1.316616930000000067e-02 3.564674810000000027e-02 2.827036629999999870e-02
1.680837109999999939e+02 7.068180740000000462e-02 -4.093059639999999631e-03 6.279957419999999957e-02 2.788759769999999989e-03 5.574949609999999695e-02 1.159613429999999980e-02
1.707845550000000117e+02 6.943966699999999659e-02 2.055612400000000201e-03 6.784623870000000556e-02 -6.893977240000000476e-04 3.382397630000000266e-02 9.072169810000000820e-03
1.734821169999999881e+02 5.088688060000000346e-02 -6.331312280000000146e-03 6.921571199999999868e-02 1.147605569999999957e-02 4.280179420000000332e-03 6.216203200000000074e-03
1.761799139999999966e+02 4.573748789999999842e-02 -1.926843779999999964e-02 7.840658379999999872e-02 8.433898040000000276e-03 1.575580390000000039e-02 2.677503419999999884e-02
1.788808510000000069e+02 4.992787159999999974e-02 -6.853306749999999586e-03 7.581882920000000692e-02 -5.626003969999999796e-06 -2.586040270000000002e-02 7.034944549999999630e-02
1.815789450000000045e+02 5.552471259999999798e-02 -1.641727410000000040e-02 6.834885740000000431e-02 7.662764830000000013e-03 -3.401036860000000023e-02 1.006783779999999989e-01
1.842830390000000023e+02 6.487550359999999516e-02 -4.100977139999999882e-03 6.572217049999999616e-02 3.072519669999999870e-02 -9.239916739999999573e-03 6.722957340000000614e-02
1.869962889999999902e+02 6.438657370000000491e-02 1.028058899999999970e-02 5.968710709999999753e-02 -4.379497290000000133e-03 -1.050227400000000068e-02 2.310190510000000030e-02
1.896961169999999868e+02 6.808805319999999828e-02 9.911169949999999729e-03 5.217268629999999990e-02 -4.903725939999999985e-03 -2.919378980000000151e-02 1.442585459999999944e-02
1.923934299999999951e+02 6.789971059999999614e-02 1.540773320000000078e-02 7.084327610000000497e-02 2.088978630000000100e-02 -1.884508879999999970e-02 5.745762410000000014e-02
1.951090859999999907e+02 6.593289669999999325e-02 6.412337990000000106e-03 6.992089460000000534e-02 1.954553610000000011e-02 -3.332704709999999987e-02 2.005043249999999971e-02
1.978058980000000133e+02 6.773146730000000060e-02 2.818636460000000128e-03 8.067039850000000401e-02 2.024151970000000102e-03 -5.512513749999999740e-03 7.575681469999999418e-02
2.005059300000000064e+02 6.505523800000000134e-02 6.993323430000000090e-03 7.076679280000000571e-02 8.971508600000000638e-03 9.702987360000000019e-03 1.059433669999999966e-01
2.032075550000000135e+02 6.823108499999999688e-02 1.450885650000000027e-02 7.015065380000000406e-02 2.357357999999999936e-03 -1.802294299999999960e-03 7.884457829999999556e-02
2.059088509999999985e+02 6.622656470000000406e-02 1.203024419999999990e-02 6.333109100000000602e-02 -8.302212419999999843e-03 -1.192161630000000000e-02 4.833855559999999940e-02
2.086131479999999954e+02 6.573092229999999425e-02 5.344530820000000307e-03 6.758902390000000315e-02 -8.021518619999999308e-03 -1.364584999999999930e-02 6.119835450000000315e-02
2.113012109999999950e+02 7.654044590000000370e-02 4.579442839999999654e-03 7.176364790000000493e-02 -1.873480400000000073e-02 3.234410949999999682e-05 5.477380879999999702e-02
2.140074610000000064e+02 6.281609840000000611e-02 3.650720230000000042e-03 6.612304450000000555e-02 -1.195368469999999982e-02 -1.853019750000000146e-02 1.835154250000000167e-02
2.167115699999999947e+02 5.949156590000000133e-02 -2.809788470000000094e-04 7.411893780000000653e-02 8.546530550000000503e-03 -8.530986730000000504e-03 4.968870680000000289e-02
2.194258360000000039e+02 6.123978959999999694e-02 -2.629049389999999799e-03 7.188916750000000355e-02 1.663162270000000109e-02 3.949580190000000386e-03 9.924285660000000536e-03
2.221194920000000081e+02 6.200124569999999891e-02 1.291870780000000003e-03 6.704320010000000551e-02 -1.571479539999999855e-02 -4.651702879999999700e-03 5.551639550000000284e-02
2.248222260000000006e+02 6.731636420000000620e-02 -5.120159509999999692e-03 6.227574429999999800e-02 7.516953419999999886e-03 -7.600445309999999399e-02 6.343850789999999629e-02
2.275199609999999950e+02 6.048291979999999984e-02 -4.761756540000000029e-04 6.353887240000000158e-02 -1.505446899999999914e-02 -8.782424340000000856e-03 4.577008049999999745e-02
2.302236169999999902e+02 5.413077220000000328e-02 -6.857375029999999635e-03 6.805922370000000443e-02 -2.437595249999999908e-02 4.154409409999999629e-03 5.982323400000000291e-02
2.329122110000000134e+02 5.551291059999999972e-02 -4.222988389999999745e-03 6.303645250000000644e-02 -5.675544589999999973e-02 5.164543469999999942e-02 4.518787939999999864e-02
2.356089760000000126e+02 6.321428469999999800e-02 1.997598100000000203e-03 6.857366439999999785e-02 -2.135194979999999968e-03 2.594874709999999904e-02 7.229248439999999554e-02
2.382940700000000049e+02 7.334196739999999937e-02 -1.721690029999999993e-03 6.234725890000000076e-02 -2.291832289999999953e-02 -5.792656999999999667e-03 6.584092769999999595e-02
2.409927260000000047e+02 7.579152490000000408e-02 2.086234550000000149e-03 6.065656340000000202e-02 -1.195797179999999980e-02 7.318264920000000333e-03 7.572379249999999784e-02
2.436927110000000027e+02 7.205100949999999893e-02 7.907845760000000584e-03 5.913662649999999743e-02 -1.613268210000000022e-02 5.608274729999999930e-02 3.363841830000000033e-02
2.463868980000000022e+02 6.619746690000000156e-02 4.684276779999999724e-03 6.070571100000000248e-02 -2.109225190000000097e-02 -2.834903230000000111e-03 1.888109610000000133e-02
2.490854919999999879e+02 7.073239850000000162e-02 5.429006390000000286e-03 5.770725549999999870e-02 -4.293727790000000100e-02 4.214240410000000270e-02 2.297746719999999975e-03
2.517822109999999896e+02 6.141312899999999686e-02 -1.883429420000000106e-03 6.003947999999999924e-02 -2.918654760000000126e-02 -2.387337470000000170e-02 3.413901169999999929e-02
2.544831479999999999e+02 6.791003789999999762e-02 1.712992179999999918e-03 6.330653790000000114e-02 -2.736772410000000086e-02 -1.152418080000000046e-02 4.029053999999999969e-02
2.571880859999999984e+02 6.769560589999999711e-02 -8.227964730000000490e-03 6.029864039999999897e-02 -6.882570989999999694e-03 1.774864899999999829e-02 5.727910640000000164e-02
2.598788049999999998e+02 6.497048619999999663e-02 8.249830300000000416e-04 6.339934110000000622e-02 1.847857450000000082e-02 1.146965129999999965e-02 2.437703750000000044e-02
2.625915079999999762e+02 5.841050679999999773e-02 9.061700469999999646e-03 6.183840279999999745e-02 1.608139889999999836e-02 2.184228699999999843e-02 -1.066070069999999932e-02
2.652826949999999897e+02 6.332569940000000452e-02 5.392998290000000118e-03 5.727722539999999946e-02 -2.692062209999999955e-02 -3.224045159999999743e-02 4.274067730000000176e-02
2.679895149999999830e+02 6.308880220000000205e-02 1.463139869999999926e-02 4.717182909999999979e-02 3.951561919999999756e-02 -4.041055040000000181e-02 4.238145509999999977e-02
