# a=0.06140855532653043, b=-153.68084093159652, c=0.0004766953882311734, xi=7.249455731949785
6.946388679999999649e-01 7.843210109999999846e-02 3.010482310000000151e-03 3.929145719999999758e-02 4.066181420000000366e-03 1.374076439999999920e-02 1.253817399999999915e-02
3.395549840000000152e+00 8.736025099999999988e-02 -4.931287109999999904e-03 2.916214120000000173e-02 -3.007610860000000004e-03 -1.173410230000000026e-02 4.713144799999999940e-02
6.088893750000000438e+00 8.811930469999999793e-02 3.723163710000000019e-03 9.167613740000000316e-03 -8.019499160000000473e-03 -1.859705140000000173e-02 9.978573969999999724e-03
8.795365470000000130e+00 8.816950780000000487e-02 1.588726400000000077e-03 -1.686154050000000099e-02 -3.421252300000000163e-03 1.915347300000000072e-03 -2.042394960000000134e-02
1.148505250000000011e+01 7.920209020000000544e-02 1.134446299999999967e-04 -4.023470650000000176e-02 -2.977735730000000136e-03 1.580729629999999900e-02 1.212733719999999939e-02
1.418483059999999973e+01 7.833699249999999392e-02 -5.693726030000000396e-04 -4.259771429999999887e-02 6.942475919999999828e-03 3.956949860000000263e-02 3.107291539999999883e-03
1.686937590000000142e+01 7.281090919999999578e-02 2.792264800000000195e-04 -5.302796559999999743e-02 -1.192115619999999966e-02 -7.176178739999999716e-03 -2.250779630000000059e-02
1.957631969999999910e+01 6.978999169999999808e-02 -5.755480159999999679e-03 -5.239366730000000194e-02 2.548408729999999955e-02 -2.552202640000000161e-02 -9.765114319999999848e-02
2.227320879999999903e+01 7.312612329999999827e-02 2.025849179999999854e-03 -5.302731809999999824e-02 -6.456809499999999723e-03 -1.478106719999999936e-02 -7.101349279999999431e-02
2.497047279999999958e+01 6.878454500000000249e-02 2.736739079999999974e-04 -5.900035289999999710e-02 8.016055089999999869e-03 -5.880688879999999841e-02 -2.849073319999999993e-02
2.766076029999999975e+01 7.104743870000000683e-02 1.605848729999999900e-03 -5.816708699999999926e-02 2.261887309999999901e-02 -5.180147379999999746e-02 1.174835339999999971e-02
3.036196190000000072e+01 6.710981600000000269e-02 -1.546191289999999908e-04 -5.451814089999999779e-02 -9.989066629999999655e-03 -3.248955030000000299e-02 3.534759860000000198e-02
3.305043059999999855e+01 6.831166180000000643e-02 5.495457760000000032e-03 -5.643629339999999689e-02 1.968012959999999867e-02 -8.152778350000000618e-03 6.903553440000000097e-02
3.575282119999999964e+01 7.033792279999999397e-02 -2.121690720000000020e-03 -5.551215100000000263e-02 -8.635063110000000541e-03 -2.124256060000000168e-02 5.237046170000000250e-02
3.845505560000000145e+01 6.659755080000000216e-02 -1.876989440000000108e-03 -5.977040260000000133e-02 5.272604279999999928e-03 -4.015936789999999777e-03 2.597393580000000035e-02
4.115151190000000270e+01 6.010155290000000067e-02 7.630964040000000120e-04 -6.772537150000000616e-02 -4.466293849999999725e-03 -2.615333669999999992e-03 2.877017509999999986e-02
4.384501339999999914e+01 5.582475819999999783e-02 3.990113380000000209e-03 -6.371905690000000122e-02 2.476153869999999854e-02 9.333965209999999652e-03 -2.362429229999999866e-02
4.654943690000000345e+01 5.349347380000000346e-02 2.499982410000000082e-03 -6.220665749999999827e-02 -8.402780619999999576e-03 -1.966641129999999790e-03 -7.359466850000000171e-02
4.925791970000000219e+01 6.286593999999999516e-02 6.775020080000000201e-03 -6.571691420000000394e-02 -1.757522170000000092e-02 -5.607055889999999765e-02 -5.314215869999999514e-04
5.194582280000000196e+01 6.375874010000000258e-02 -4.517253740000000233e-03 -6.038861100000000176e-02 2.296837779999999843e-02 -2.578841770000000078e-03 4.137624210000000191e-02
5.464479310000000112e+01 5.994555309999999998e-02 -4.643783180000000217e-04 -5.691529830000000012e-02 4.378996680000000336e-02 -1.161867829999999914e-02 6.412943710000000574e-02
5.735240410000000111e+01 6.454776360000000213e-02 -6.123693529999999765e-04 -6.302067140000000567e-02 3.411217119999999936e-02 8.578137479999999601e-04 4.502966199999999808e-02
6.006107910000000061e+01 6.338136610000000282e-02 7.444166210000000353e-03 -6.201901929999999868e-02 2.717903990000000020e-02 2.921146349999999975e-02 -1.425318339999999927e-02
6.277684630000000254e+01 5.898321489999999723e-02 8.096811170000000821e-03 -6.397036490000000686e-02 -2.402689640000000085e-02 1.299663419999999917e-02 -2.542885900000000157e-02
6.547254309999999577e+01 5.916272809999999910e-02 4.170498689999999758e-03 -5.598326399999999786e-02 1.375564609999999945e-02 2.020850800000000003e-02 -1.337334119999999960e-02
6.817432279999999878e+01 6.492747000000000102e-02 9.151839429999999304e-03 -5.886622989999999722e-02 1.383476080000000004e-02 -1.309007830000000032e-02 2.389208749999999909e-02
7.087117910000000620e+01 6.218753259999999783e-02 7.261568210000000391e-03 -4.595550050000000303e-02 3.548641229999999896e-02 -4.680315930000000075e-04 -4.593107840000000032e-03
7.357077280000000030e+01 6.022360949999999713e-02 -5.263910719999999842e-03 -4.561224180000000156e-02 4.750836289999999656e-02 9.983803439999999405e-03 -1.091733880000000066e-02
7.628168839999999307e+01 5.352900149999999940e-02 -4.507370010000000086e-03 -4.290343280000000203e-02 -1.706466179999999860e-02 5.975720510000000034e-03 5.693441040000000314e-03
7.898067129999999736e+01 5.952596109999999663e-02 7.009949560000000059e-04 -5.756580830000000010e-02 -2.019191290000000097e-02 3.661947760000000031e-03 -1.029994830000000028e-02
8.168305410000000677e+01 6.779668379999999328e-02 -3.964949050000000181e-04 -5.545210340000000099e-02 7.235921830000000075e-05 3.697592080000000093e-03 -2.933646100000000118e-02
8.438341029999999421e+01 5.960034689999999663e-02 -2.960207319999999878e-03 -5.845021110000000325e-02 -2.450799799999999959e-02 -3.432543299999999808e-03 6.052529000000000069e-03
8.707744309999999643e+01 6.113076290000000329e-02 -3.523734850000000227e-04 -6.642160210000000453e-02 7.956953610000000454e-02 -1.284041200000000070e-02 1.590089139999999873e-02
8.977890560000000164e+01 6.508206719999999612e-02 8.421530190000000096e-03 -6.698891610000000385e-02 7.211529569999999834e-02 3.000632110000000033e-03 -1.467608270000000069e-02
9.247258220000000506e+01 6.485084759999999726e-02 1.457246920000000029e-02 -6.751052929999999674e-02 1.213505289999999986e-01 1.433809309999999927e-02 -2.041680800000000157e-02
9.517572749999999360e+01 5.598233009999999815e-02 5.806400249999999624e-03 -6.352213349999999425e-02 3.079446829999999899e-02 -1.456762929999999914e-02 3.426590580000000302e-02
9.787029160000000161e+01 5.659865050000000009e-02 5.864624439999999682e-03 -5.463625579999999843e-02 9.909240519999999719e-02 -2.999566000000000038e-02 2.842258099999999885e-02
1.005691130000000015e+02 6.765053949999999539e-02 6.478751619999999732e-03 -5.745840650000000327e-02 5.283930839999999990e-02 -1.847908750000000142e-02 3.889648729999999749e-02
1.032693320000000057e+02 6.698485429999999352e-02 4.017968149999999634e-03 -5.132711420000000274e-02 6.016891519999999910e-02 2.764234800000000061e-02 4.620571080000000080e-02
1.059820040000000034e+02 6.363421489999999958e-02 1.471564120000000029e-03 -6.140230509999999864e-02 9.831016260000000409e-03 1.167413099999999992e-03 -3.594733340000000332e-02
1.086758630000000068e+02 6.274821429999999367e-02 -2.658485180000000076e-03 -6.099295250000000279e-02 1.854422509999999885e-02 2.897237180000000138e-03 -1.427317160000000050e-02
1.113753480000000025e+02 6.475348059999999628e-02 9.009249360000000720e-03 -6.307506079999999904e-02 3.336856800000000123e-02 7.062544709999999792e-04 -5.293998800000000032e-02
1.140665670000000063e+02 7.133533220000000397e-02 6.280682170000000293e-03 -6.228151960000000154e-02 4.076561160000000128e-02 2.138658419999999935e-03 -4.459278170000000041e-02
1.167589880000000022e+02 6.137348170000000297e-02 -7.180626849999999705e-04 -6.229749150000000318e-02 7.362016400000000182e-02 1.576978110000000141e-02 -2.719006040000000041e-02
1.194564570000000003e+02 5.190822500000000228e-02 -2.850259300000000055e-03 -6.646681449999999880e-02 4.543724460000000270e-02 1.542873400000000081e-03 2.508091900000000013e-02
1.221619259999999940e+02 5.769956180000000018e-02 1.775868180000000039e-03 -6.409939130000000262e-02 3.185626329999999978e-02 1.055441810000000077e-02 7.549072689999999832e-04
1.248653319999999951e+02 6.039414600000000272e-02 -1.210985579999999994e-03 -6.490845470000000672e-02 -1.002173880000000079e-02 1.626358090000000131e-02 -1.294767710000000079e-02
1.275707230000000010e+02 6.585394499999999707e-02 2.010361060000000200e-03 -6.079751320000000014e-02 1.996727909999999884e-02 2.853926059999999879e-03 -2.766931350000000067e-02
1.302772850000000062e+02 5.365242819999999774e-02 -5.471992670000000100e-03 -6.060599860000000227e-02 2.488200800000000060e-02 -6.319598039999999896e-03 -4.277718629999999883e-02
1.329834879999999941e+02 5.171523100000000039e-02 -7.031983210000000359e-03 -7.150137900000000379e-02 2.295905349999999984e-02 -2.126879959999999903e-02 -1.609072539999999857e-02
1.356909730000000138e+02 4.738054659999999668e-02 -7.984344670000000782e-03 -6.753441470000000335e-02 2.914358230000000088e-03 1.836287149999999910e-02 -1.783466889999999958e-02
1.384013009999999895e+02 4.074210579999999748e-02 -1.364218809999999914e-02 -7.134651579999999604e-02 -1.781852620000000040e-02 2.219623759999999994e-03 1.690487689999999911e-03
1.410986130000000003e+02 4.690023220000000270e-02 -1.861198420000000076e-02 -7.146781100000000608e-02 4.456860929999999915e-02 3.192051819999999762e-02 2.947781530000000150e-02
1.438058629999999880e+02 5.038789939999999828e-02 -1.742743949999999917e-02 -5.570787869999999781e-02 2.702346560000000106e-02 4.125895880000000210e-02 2.558169429999999911e-02
1.465027069999999867e+02 5.368593390000000326e-02 -2.121562290000000156e-02 -4.841257859999999885e-02 -7.245832219999999782e-03 1.203232480000000076e-02 -7.817554529999999613e-02
1.492076920000000086e+02 6.103790869999999730e-02 -1.330714700000000007e-02 -2.881511159999999849e-02 -6.622844129999999607e-03 -2.740426970000000087e-02 -1.826258750000000000e-02
1.519134099999999989e+02 7.442286150000000655e-02 -5.532402980000000053e-03 -6.368420169999999825e-03 1.699226560000000052e-02 2.706755920000000065e-02 -3.691748219999999719e-02
1.546128480000000138e+02 8.271583979999999614e-02 -4.203609199999999713e-03 6.703812899999999839e-03 7.863572390000000273e-03 4.228438649999999993e-02 2.960117060000000151e-03
1.573340819999999951e+02 8.279791190000000689e-02 -7.203180220000000584e-05 2.387642640000000108e-02 3.175047920000000079e-02 -8.971136910000000048e-03 -3.405878410000000300e-02
1.600325980000000072e+02 7.361300819999999634e-02 3.540327419999999854e-03 4.428587209999999830e-02 -2.091232200000000055e-02 2.452403620000000173e-02 -9.728389040000000321e-03
1.627315670000000125e+02 6.817767750000000571e-02 -1.700888850000000082e-03 5.038099880000000003e-02 -1.186852929999999973e-02 4.717996109999999903e-03 1.832113319999999906e-02
1.654247850000000142e+02 6.677837000000000356e-02 4.082010260000000328e-03 5.807680779999999793e-02 -2.039421190000000050e-02 1.956795730000000094e-02 3.574203790000000242e-02
1.681176600000000008e+02 5.953069899999999942e-02 -2.454841110000000135e-03 5.658545610000000059e-02 -3.110223650000000159e-02 3.969020289999999895e-02 -8.710238309999999984e-03
1.708115349999999921e+02 5.847496819999999790e-02 4.376807259999999748e-03 5.980673510000000109e-02 -9.827623580000000025e-03 -4.176274750000000258e-02 4.605063739999999683e-02
1.735144099999999980e+02 5.963230399999999709e-02 2.674966239999999884e-03 5.690989719999999669e-02 -9.822744530000000057e-03 -9.330404750000000080e-03 3.214907899999999794e-03
1.762230979999999931e+02 5.082852840000000316e-02 -1.557221739999999988e-03 6.406183449999999779e-02 -1.672367890000000037e-02 -1.935731239999999992e-02 2.874810969999999979e-02
1.789191920000000096e+02 5.664452939999999742e-02 -8.537898770000000538e-04 5.640548289999999798e-02 -2.635933860000000059e-02 1.162097919999999923e-02 2.190863930000000112e-02
1.816155819999999892e+02 6.625217840000000025e-02 -5.522431369999999777e-03 5.912240660000000342e-02 -6.150732849999999974e-03 3.738036479999999953e-03 6.739321299999999348e-02
1.843033320000000117e+02 6.922267830000000677e-02 -1.123664069999999980e-02 6.282395910000000694e-02 1.010569850000000080e-03 1.389412190000000047e-02 8.351208679999999607e-02
1.870000510000000133e+02 7.425024550000000612e-02 -6.729254680000000370e-03 4.787129360000000333e-02 -1.950054890000000110e-02 4.448399859999999616e-03 3.200504640000000067e-02
1.897083320000000128e+02 7.019958900000000668e-02 -8.165082150000000857e-03 5.490990109999999841e-02 3.049512449999999819e-03 -1.639954539999999988e-02 5.144243529999999870e-02
1.923894099999999980e+02 6.219658310000000107e-02 -6.499800039999999862e-03 5.371049259999999964e-02 5.754084869999999581e-03 -3.570890399999999965e-02 7.345890080000000433e-02
1.950937069999999949e+02 6.044290060000000187e-02 -4.761346710000000267e-03 5.726964689999999858e-02 1.393952180000000013e-02 1.705177080000000109e-02 1.009514559999999950e-01
1.978000670000000127e+02 7.155233900000000646e-02 -7.112773369999999575e-03 5.953634249999999878e-02 -4.321587709999999763e-03 9.530486450000000276e-03 6.267334700000000425e-02
2.005063319999999862e+02 7.123384319999999381e-02 6.125491580000000120e-04 5.972939640000000244e-02 3.545140430000000287e-02 -2.539768510000000104e-02 5.663347540000000097e-02
2.032140670000000000e+02 6.449489590000000161e-02 -2.339111559999999986e-03 5.974495009999999939e-02 3.179925260000000115e-02 -1.888314040000000152e-02 1.701941690000000063e-03
2.059093320000000062e+02 6.366260760000000407e-02 9.572051669999999748e-03 6.340884800000000376e-02 3.984158559999999988e-02 -2.962382740000000028e-02 4.558768920000000335e-02
2.086162699999999859e+02 6.056943900000000269e-02 6.410453939999999698e-03 6.542731309999999523e-02 2.186381459999999985e-02 2.672867240000000120e-03 3.550530510000000223e-02
2.113118169999999907e+02 6.150019229999999920e-02 2.912489729999999995e-03 6.750871310000000625e-02 3.158355570000000168e-02 -3.912736399999999781e-02 4.363035679999999888e-02
2.140187540000000013e+02 5.739982090000000231e-02 -3.313008230000000047e-03 6.336276670000000333e-02 1.272688280000000040e-02 1.093947070000000042e-02 2.846419329999999928e-02
2.167355039999999917e+02 5.458447019999999872e-02 -5.326513740000000247e-03 6.846604779999999890e-02 3.388475290000000223e-02 -1.125698649999999981e-02 -7.168947849999999813e-06
2.194238789999999995e+02 5.607862849999999816e-02 7.083565960000000501e-04 6.860312250000000223e-02 1.193993370000000047e-02 4.831146110000000132e-03 2.927347339999999964e-02
2.221259259999999927e+02 6.274314629999999671e-02 2.255213089999999910e-03 7.026433460000000575e-02 1.722434139999999992e-03 1.169296870000000000e-03 5.759694149999999846e-02
2.248391290000000140e+02 6.482610310000000431e-02 4.551765610000000316e-03 7.282495890000000027e-02 2.504691309999999838e-02 -3.345821630000000210e-03 4.175282310000000274e-02
2.275371600000000001e+02 7.354411469999999618e-02 1.163671609999999967e-02 7.320804829999999486e-02 -1.140711690000000000e-02 -2.142233400000000121e-02 6.443938999999999917e-02
2.302328009999999949e+02 6.684061089999999983e-02 4.949036759999999972e-04 6.840375899999999454e-02 -9.097239680000000772e-03 -1.235200430000000030e-02 6.226666840000000258e-02
2.329285350000000108e+02 7.385417489999999974e-02 1.114066390000000104e-03 5.970175509999999658e-02 -9.996660410000000191e-03 -2.463762380000000113e-02 5.670996870000000190e-02
2.356326129999999921e+02 5.643086459999999832e-02 5.788208230000000364e-03 6.343523410000000140e-02 -9.936089060000000139e-03 1.352439769999999944e-02 4.236537769999999814e-02
2.383390670000000000e+02 6.078257539999999681e-02 -2.775959919999999945e-03 6.351957610000000254e-02 -1.870703350000000112e-02 -5.116411109999999957e-02 6.177049929999999661e-02
2.410366290000000049e+02 5.957602060000000144e-02 7.580530470000000111e-03 6.086709240000000298e-02 1.427699560000000086e-03 -3.620521939999999956e-03 5.503621189999999969e-02
2.437392539999999883e+02 5.998418769999999678e-02 -3.104851019999999972e-03 6.546914110000000286e-02 1.729135520000000051e-02 -2.777953409999999942e-02 4.902553080000000146e-02
2.464456759999999917e+02 5.960729559999999871e-02 4.005925599999999795e-03 6.096943419999999864e-02 -3.184394990000000147e-02 -4.216708110000000342e-02 2.270937500000000039e-02
2.491433010000000081e+02 6.084739370000000203e-02 4.507977370000000074e-03 6.823531609999999858e-02 -6.772570129999999806e-03 -3.994221950000000076e-02 9.928483050000000421e-02
2.518377230000000111e+02 5.995262130000000161e-02 2.295714160000000142e-03 6.449396540000000566e-02 -5.612628730000000267e-03 -4.878724720000000153e-02 7.038119010000000453e-02
2.545460040000000106e+02 5.931392030000000315e-02 -4.535328850000000002e-03 6.604690000000000560e-02 5.413943899999999927e-03 1.392295580000000059e-03 5.580689230000000084e-02
2.572449879999999780e+02 5.727177399999999752e-02 9.298399700000000399e-04 6.270370520000000114e-02 9.148886880000000124e-03 1.404672939999999925e-02 2.458409090000000102e-02
2.599541919999999777e+02 5.812562920000000077e-02 2.778005649999999954e-04 6.126779150000000174e-02 1.378858829999999973e-02 -5.530719410000000009e-03 2.793407510000000052e-02
2.626489730000000122e+02 6.603079829999999872e-02 5.170965800000000513e-04 6.034817879999999912e-02 -4.249345059999999619e-03 -7.796122229999999896e-03 -4.646435659999999940e-02
2.653469099999999798e+02 6.469623189999999802e-02 1.115733040000000103e-03 5.067706589999999844e-02 -4.789860669999999876e-02 -4.653378529999999819e-02 -3.633637430000000168e-02
2.680411629999999832e+02 7.051910910000000476e-02 -2.053900019999999917e-03 4.015143639999999708e-02 -2.706231729999999946e-02 2.133059249999999865e-02 -1.251896119999999953e-02
