# a=0.06274769852254047, b=-137.16285277183226, c=-0.0005231366259258789, xi=12.257299001603199
6.821658069999999574e-01 7.317000460000000484e-02 7.809220539999999974e-03 4.862249300000000274e-02 -1.397379720000000054e-02 -2.183258789999999866e-02 7.416942649999999637e-02
3.399496329999999844e+00 6.726101090000000116e-02 -4.492383020000000103e-04 4.880038980000000332e-02 -7.352608069999999781e-03 1.260151769999999895e-03 1.106907369999999939e-02
6.096931950000000100e+00 5.742113620000000029e-02 7.130247929999999901e-03 6.468866169999999693e-02 -1.482780399999999998e-02 2.673102650000000122e-03 2.269268589999999877e-02
8.801866020000000290e+00 5.694091729999999768e-02 -9.211666539999999875e-03 7.143408380000000613e-02 -1.680447739999999923e-03 3.118102520000000030e-02 4.137315109999999824e-02
1.150018900000000066e+01 6.178262550000000047e-02 2.755026370000000085e-03 6.176947569999999971e-02 2.042271500000000101e-02 3.990805540000000318e-02 6.910865180000000385e-02
1.421094989999999925e+01 6.775879699999999561e-02 4.355865840000000110e-04 4.365167340000000035e-02 -1.544786459999999972e-02 1.661746360000000006e-02 4.805584260000000246e-02
1.690837649999999925e+01 7.107063090000000083e-02 -2.935994529999999981e-03 2.755991019999999916e-02 -1.894333670000000053e-02 -4.007246999999999892e-02 -4.538144620000000157e-03
1.959704989999999825e+01 7.805554010000000098e-02 1.119181739999999987e-02 1.796072729999999978e-02 -4.792517579999999895e-03 1.008701830000000021e-02 3.261376769999999731e-02
2.229178119999999907e+01 8.015946810000000589e-02 6.983133869999999868e-03 -5.684505589999999664e-03 -1.522565499999999940e-02 9.672561810000000759e-03 -1.657223320000000139e-02
2.498002960000000172e+01 7.709297260000000374e-02 1.125121029999999987e-02 -2.898713290000000040e-02 -5.238859810000000283e-02 -3.338045729999999933e-02 3.443143850000000145e-02
2.767227959999999953e+01 7.012810599999999561e-02 -3.723029450000000032e-03 -4.908762369999999930e-02 -2.312209520000000143e-02 -3.333215369999999872e-02 -4.514422180000000201e-02
3.036961709999999925e+01 6.569680640000000182e-02 -9.837761920000001083e-04 -5.898898040000000176e-02 -1.465413450000000090e-04 2.623254129999999865e-02 -4.338984209999999925e-02
3.306532179999999954e+01 6.197373359999999720e-02 -2.204937030000000010e-03 -6.014431110000000025e-02 1.510404649999999918e-02 3.287107740000000129e-03 -1.403141989999999971e-02
3.578313119999999969e+01 6.059734029999999660e-02 -6.765321379999999704e-03 -7.251003070000000550e-02 2.066634659999999971e-02 4.051819999999999727e-02 -9.525914450000000366e-02
3.848182020000000136e+01 6.572774800000000250e-02 -9.631302240000000348e-03 -6.397811620000000421e-02 5.421523380000000357e-03 5.314695669999999761e-02 -2.474783090000000005e-02
4.118003430000000264e+01 5.618092639999999749e-02 -5.521739220000000323e-03 -6.760265149999999945e-02 1.285630769999999978e-02 2.660678080000000029e-02 -7.558723209999999859e-02
4.388348739999999992e+01 5.939749369999999806e-02 -2.044305880000000120e-03 -5.998812929999999821e-02 -1.618708069999999846e-02 5.535361989999999788e-02 -4.270182780000000150e-02
4.659094520000000017e+01 5.892192090000000076e-02 -1.216808819999999972e-02 -6.244072130000000165e-02 2.298964259999999871e-02 1.155511669999999963e-02 -1.094369280000000028e-01
4.928054680000000332e+01 6.371797079999999558e-02 -1.166415439999999963e-02 -6.972954110000000039e-02 1.699793590000000035e-02 2.483484370000000122e-02 -2.518101730000000052e-02
5.197635770000000122e+01 5.070501580000000286e-02 -1.175488059999999987e-02 -6.881387740000000086e-02 1.969166810000000031e-02 -1.219047700000000034e-03 -3.530197809999999908e-02
5.467612650000000230e+01 5.431769089999999994e-02 -7.769123840000000288e-04 -5.760938000000000170e-02 -9.116513479999999517e-03 -7.297070220000000107e-03 -8.630216930000000203e-03
5.738036710000000085e+01 5.671743950000000117e-02 -1.759262360000000015e-03 -6.396529909999999763e-02 2.792030009999999993e-02 -1.457218799999999981e-02 -4.541528179999999859e-02
6.007586549999999903e+01 5.458029259999999661e-02 -2.038662469999999970e-03 -6.091238110000000289e-02 7.053467079999999577e-03 -3.338564730000000147e-02 -1.051355250000000040e-02
6.278731870000000015e+01 5.866285029999999956e-02 -1.218287879999999926e-03 -5.504746159999999999e-02 9.388374010000000505e-03 -4.303384199999999576e-03 -5.106156049999999863e-02
6.548367799999999761e+01 5.290563429999999706e-02 -6.507574399999999613e-03 -5.808023980000000253e-02 1.944882759999999947e-02 -2.572712049999999889e-02 -4.361205819999999789e-02
6.818217180000000610e+01 5.886862030000000051e-02 8.170542549999999793e-03 -6.126318089999999855e-02 2.729536590000000099e-03 4.086229299999999919e-03 -1.576458519999999965e-04
7.088080619999999499e+01 5.654251040000000256e-02 6.125608190000000376e-03 -6.074585589999999952e-02 1.012806530000000087e-02 -3.891753120000000093e-02 7.713951030000000021e-03
7.357906090000000177e+01 5.608837750000000150e-02 1.198113190000000064e-02 -6.062253759999999825e-02 -5.804809099999999784e-03 1.587760890000000039e-03 6.983491019999999577e-03
7.628691240000000562e+01 5.454622199999999838e-02 1.651624529999999938e-02 -5.801826799999999784e-02 8.192300669999999507e-03 -2.062953240000000091e-02 -4.318272680000000141e-02
7.899178899999999715e+01 5.931835330000000128e-02 1.391949680000000023e-02 -5.406367000000000117e-02 1.680550199999999994e-02 2.242062909999999881e-02 -6.552514310000000231e-02
8.168115299999999479e+01 6.167464639999999804e-02 1.243303439999999919e-02 -5.485992480000000115e-02 -2.241653429999999891e-02 9.919192179999999567e-03 -3.435036539999999916e-02
8.438075299999999856e+01 5.996631990000000217e-02 1.067712929999999928e-02 -6.439139089999999788e-02 -2.662520960000000145e-02 -2.477975800000000155e-03 -3.257161330000000327e-02
8.706652490000000455e+01 5.970701689999999978e-02 1.252281669999999979e-03 -6.405938610000000422e-02 -1.408065510000000055e-02 -1.812181660000000000e-02 -4.596269649999999707e-02
8.976341089999999667e+01 5.560485130000000081e-02 -4.782651580000000027e-03 -7.075426890000000024e-02 -2.637278350000000007e-02 -1.401494510000000047e-02 -4.908212769999999864e-02
9.247227180000000146e+01 4.580065829999999810e-02 1.040011240000000099e-03 -5.826036400000000198e-02 2.974616799999999991e-02 3.749249150000000252e-02 -2.208183390000000024e-02
9.517809990000000653e+01 4.959743190000000246e-02 -1.903148290000000048e-03 -6.761073839999999502e-02 2.440814880000000131e-02 2.067754180000000094e-02 -7.573512740000000465e-02
9.788407960000000685e+01 5.027730329999999942e-02 -9.992278369999999660e-03 -6.990469589999999400e-02 1.490133570000000060e-02 2.741665149999999995e-02 -3.581141809999999898e-02
1.005861660000000057e+02 4.615121300000000343e-02 4.533899220000000077e-03 -7.873791489999999726e-02 8.366916959999999917e-03 -2.497113039999999951e-02 -2.797780890000000145e-02
1.032829940000000022e+02 4.119929249999999821e-02 1.270831740000000123e-04 -6.871502300000000008e-02 1.417621550000000043e-02 1.179620089999999961e-02 -7.755789499999999649e-03
1.059831810000000019e+02 4.547477269999999905e-02 6.550955530000000283e-03 -6.717174039999999902e-02 1.120162249999999936e-02 -3.135960919999999930e-02 -4.341182569999999658e-02
1.086843060000000065e+02 5.301974589999999821e-02 9.322583369999999994e-03 -6.733653059999999968e-02 1.460351279999999932e-02 -4.924428930000000065e-02 -5.609419520000000214e-02
1.113956189999999964e+02 6.020056139999999806e-02 8.136443930000000768e-03 -6.321490189999999509e-02 2.641794529999999877e-02 -4.715115279999999853e-02 -5.424604479999999701e-02
1.140973369999999960e+02 6.816729720000000436e-02 -3.076702539999999746e-04 -5.822879439999999879e-02 -2.493076320000000082e-02 -3.385723809999999917e-02 -5.129653759999999729e-02
1.168043219999999991e+02 6.057798720000000248e-02 -6.270804920000000275e-03 -5.233424720000000308e-02 -8.107393640000000110e-03 -2.032563529999999868e-02 -6.112438860000000279e-02
1.194943219999999968e+02 5.930757679999999754e-02 -9.888445390000000224e-03 -5.293023270000000308e-02 -2.854408389999999948e-02 2.397763950000000172e-02 -4.057398150000000175e-02
1.221943059999999974e+02 6.045942110000000064e-02 -1.270230009999999930e-02 -4.905019050000000019e-02 -1.804895839999999876e-02 -1.986186649999999859e-02 -2.513747439999999833e-02
1.248882749999999930e+02 7.234962940000000398e-02 -6.234731250000000169e-03 -4.239123379999999719e-02 9.571361569999999475e-04 1.450808970000000073e-02 1.922913860000000086e-02
1.275892589999999984e+02 7.801340149999999585e-02 3.538608359999999807e-03 -3.465711169999999980e-02 1.227755969999999933e-02 2.767617149999999915e-02 6.422151259999999470e-04
1.302994469999999865e+02 7.306423160000000139e-02 -3.709631069999999847e-03 -3.437881050000000244e-02 -8.765451219999999613e-03 -7.975621020000000366e-03 -5.722122280000000241e-03
1.330019470000000013e+02 7.352890659999999912e-02 -2.279785690000000163e-03 -2.882309250000000128e-02 -1.773711840000000151e-02 -2.429501790000000022e-02 -6.610341340000000510e-02
1.356966339999999889e+02 7.223001910000000081e-02 -1.920118729999999857e-02 -8.680172970000000349e-03 -1.725797739999999914e-02 -5.690784719999999672e-03 -2.128250239999999842e-03
1.383960250000000087e+02 7.029320020000000280e-02 -1.844404839999999948e-02 -1.876494009999999995e-03 -9.448068219999999559e-03 -1.137939070000000032e-02 -5.028663970000000344e-02
1.410848220000000026e+02 7.693645039999999491e-02 -2.280180399999999843e-02 2.623698149999999923e-02 -2.350664530000000016e-02 9.763417610000000094e-03 7.106990270000000318e-03
1.437895870000000116e+02 7.585704879999999317e-02 -2.706974590000000083e-02 3.308372009999999835e-02 -2.239922410000000016e-02 2.301238450000000005e-02 -1.093546880000000054e-02
1.464878530000000012e+02 6.832235540000000662e-02 -2.176281639999999920e-02 3.616740360000000182e-02 -3.418272420000000034e-02 -6.499458179999999773e-03 -5.544323819999999632e-03
1.491870250000000055e+02 6.598390649999999469e-02 -1.748920309999999964e-02 4.362547120000000167e-02 -4.742155509999999852e-02 3.367372459999999775e-04 -2.763894180000000048e-02
1.518819469999999967e+02 6.569251080000000631e-02 -1.160258649999999954e-02 5.411914450000000071e-02 -4.394596819999999765e-02 6.851339199999999761e-03 1.723826989999999865e-02
1.545903219999999862e+02 6.542269230000000158e-02 -1.476981119999999995e-02 5.302398760000000266e-02 -5.236390669999999720e-02 1.384854999999999940e-02 2.552712819999999883e-02
1.572865559999999903e+02 6.131377930000000281e-02 -3.422088560000000144e-03 6.254987389999999703e-02 1.741496630000000101e-02 2.365630000000000163e-02 -1.135293570000000044e-02
1.599923369999999920e+02 5.213702320000000029e-02 -8.554886439999999370e-03 6.468920190000000681e-02 -3.576242210000000338e-02 -1.035617479999999951e-02 -2.171575159999999949e-02
1.626867909999999995e+02 5.092100299999999941e-02 -8.953990840000000326e-03 6.643157619999999486e-02 -1.994740810000000114e-02 1.969589890000000149e-02 -2.182232530000000059e-02
1.653818840000000137e+02 4.766669419999999824e-02 -6.273152970000000182e-03 7.388973590000000313e-02 -1.339053450000000055e-02 -7.540400340000000430e-03 -4.385890030000000328e-02
1.680939940000000092e+02 4.754353060000000158e-02 -1.847152010000000085e-03 7.399420660000000094e-02 -3.162037210000000209e-02 -4.248686200000000024e-02 -1.320291470000000029e-02
1.708103999999999871e+02 5.088039149999999677e-02 -4.734789359999999961e-03 7.232701469999999744e-02 -4.367934720000000298e-02 -2.193197159999999823e-03 7.752284350000000247e-03
1.735122120000000052e+02 4.951612960000000008e-02 -6.696306510000000524e-04 6.159291609999999889e-02 -1.528410460000000082e-02 1.206455170000000042e-02 3.855344980000000032e-02
1.762300869999999975e+02 4.856296140000000011e-02 -7.002842290000000150e-03 5.149947609999999676e-02 -1.409997129999999987e-02 6.357341360000000156e-03 -2.675113289999999852e-02
1.789346969999999999e+02 5.373844120000000057e-02 1.774262360000000054e-03 6.046944120000000145e-02 -2.738410250000000018e-02 1.051787849999999922e-05 -5.372755519999999896e-02
1.816248219999999947e+02 4.989749889999999660e-02 1.198259880000000083e-03 7.070626709999999759e-02 3.458422330000000128e-02 -2.401485880000000031e-02 3.294231289999999951e-02
1.843318529999999953e+02 5.548054460000000077e-02 1.004417879999999937e-02 6.638480049999999355e-02 -2.722221400000000065e-03 -1.412225140000000073e-02 4.729750840000000039e-02
1.870349779999999953e+02 4.622151540000000308e-02 1.407406930000000035e-02 6.698098480000000410e-02 -1.882616540000000074e-02 1.322028530000000056e-02 3.924287580000000025e-02
1.897283840000000055e+02 5.077932909999999939e-02 1.597578709999999957e-02 6.551959870000000075e-02 -6.510806790000000371e-03 -1.502536399999999939e-02 -1.778622220000000004e-02
1.924114940000000047e+02 5.850154560000000309e-02 1.168671540000000043e-02 6.614241599999999555e-02 3.484837739999999823e-02 -2.019927319999999943e-02 9.022011579999999337e-03
1.951210869999999886e+02 5.117660599999999949e-02 1.138619169999999930e-02 7.098777180000000186e-02 1.310097839999999937e-02 -1.801275969999999865e-02 -1.962174460000000106e-02
1.978150719999999865e+02 4.127120520000000098e-02 2.933705750000000032e-03 5.265389439999999810e-02 -3.262836690000000140e-03 -3.968208039999999992e-02 -1.315530990000000032e-02
2.005245869999999968e+02 4.176389209999999824e-02 7.285130909999999738e-03 4.595383869999999926e-02 -3.887622460000000196e-02 6.153608189999999756e-03 -1.278908199999999893e-03
2.032192909999999983e+02 5.786417979999999850e-02 3.913727389999999834e-03 4.857361970000000084e-02 -3.044114319999999957e-02 -6.326929769999999759e-03 3.265727510000000083e-02
2.059253999999999962e+02 6.381677069999999730e-02 2.201176229999999949e-03 5.280354789999999743e-02 -6.210165310000000105e-02 2.802129719999999977e-02 4.594093569999999765e-02
2.086250249999999937e+02 7.117584700000000042e-02 -6.847352689999999971e-03 5.560005429999999998e-02 -3.959251949999999937e-02 2.727654139999999977e-02 4.513144510000000054e-02
2.113221810000000005e+02 6.988339220000000518e-02 5.590971919999999928e-03 5.341852180000000033e-02 -5.384666330000000001e-02 2.166216610000000140e-02 3.714667969999999736e-02
2.140182120000000054e+02 7.229890429999999424e-02 2.646926410000000063e-03 5.960166100000000022e-02 -1.245950539999999933e-02 3.760252160000000093e-02 3.962002679999999943e-02
2.167274620000000027e+02 7.113221429999999623e-02 9.255475620000000112e-03 4.706028350000000110e-02 -4.022260040000000259e-02 5.287399660000000057e-02 1.748120599999999913e-02
2.194358369999999923e+02 6.366474699999999376e-02 2.798207929999999791e-03 6.367813960000000273e-02 8.593906959999999531e-04 -1.444880460000000019e-02 7.203941059999999924e-03
2.221401030000000105e+02 5.347756969999999804e-02 5.809755619999999905e-03 6.672724459999999913e-02 1.382041929999999925e-02 4.484535650000000262e-02 1.087418859999999925e-02
2.248501809999999921e+02 4.241041680000000313e-02 8.775764760000000567e-03 6.419964440000000550e-02 1.067836330000000028e-02 -1.474534540000000012e-02 -2.522015910000000027e-02
2.275515870000000120e+02 3.681501990000000252e-02 7.253830329999999939e-04 6.739177409999999591e-02 -4.872451779999999871e-02 -6.672487989999999897e-03 -2.201683639999999983e-02
2.302496810000000096e+02 4.425934890000000205e-02 1.770933549999999896e-03 6.066927669999999662e-02 -4.299970799999999760e-02 1.134082779999999978e-02 -2.682829659999999908e-02
2.329443060000000116e+02 4.166075639999999858e-02 -9.105088610000000061e-04 6.187701849999999865e-02 -6.668081430000000198e-02 3.535991499999999871e-02 1.184277629999999941e-03
2.356338220000000092e+02 4.238453989999999699e-02 -1.103507450000000036e-04 6.510185720000000176e-02 -5.210067040000000010e-02 2.511274900000000018e-02 -2.217166859999999962e-02
2.383278060000000096e+02 5.409665059999999720e-02 -6.212832280000000346e-03 6.244784689999999944e-02 -7.531500119999999521e-02 -7.469752480000000326e-03 -8.916524670000000249e-03
2.410308060000000125e+02 5.229074239999999957e-02 8.678183479999999558e-05 6.623010799999999587e-02 -3.535689300000000035e-02 -7.040512219999999627e-03 -1.527428140000000080e-02
2.437285870000000045e+02 5.175023220000000285e-02 2.091466719999999883e-03 5.126636880000000340e-02 -7.006349030000000311e-02 3.292722599999999694e-02 -7.183641979999999538e-02
2.464325560000000053e+02 4.985801880000000075e-02 -2.808300149999999953e-03 5.117666139999999669e-02 -3.745479689999999667e-02 -1.300125010000000025e-02 -8.702906330000000079e-02
2.491330250000000035e+02 5.982955980000000118e-02 3.049145779999999986e-03 5.132181639999999767e-02 -4.440085600000000243e-02 -2.532212400000000141e-02 -1.043441950000000007e-01
2.518326340000000130e+02 5.954386569999999684e-02 -1.183764010000000087e-03 5.559381809999999757e-02 -3.751549700000000181e-02 1.649902500000000050e-02 -4.271885450000000028e-02
2.545313840000000027e+02 5.232072830000000091e-02 4.427968630000000093e-03 5.959062799999999965e-02 -2.855406239999999912e-03 7.454434519999999890e-03 -1.478024040000000018e-02
2.572338060000000155e+02 5.161858130000000072e-02 2.858321139999999913e-03 5.839225249999999839e-02 2.295072879999999951e-03 -5.384033879999999828e-03 4.751387700000000297e-02
2.599407590000000141e+02 6.080083039999999855e-02 1.276820939999999925e-02 5.845337409999999678e-02 3.112970530000000111e-03 8.790869349999999235e-03 4.778239150000000018e-02
2.626482909999999720e+02 5.620138110000000298e-02 1.217509999999999946e-02 5.688394850000000336e-02 -2.277891279999999952e-03 -1.511175640000000063e-04 4.577500229999999920e-02
2.653439309999999978e+02 6.031324879999999666e-02 6.715857629999999641e-03 5.338569979999999854e-02 -3.226252549999999997e-02 -4.749845829999999741e-02 6.139055379999999729e-02
2.680380069999999932e+02 6.605492790000000447e-02 4.370505260000000052e-03 4.707341470000000333e-02 7.358096429999999750e-03 -2.028286379999999847e-02 3.657414929999999731e-02
