# a=0.06050963557576505, b=-149.9523366026407, c=-0.002069332519160293, xi=6.911729315118513
7.102167190000000518e-01 6.119404090000000324e-02 4.289913830000000386e-03 5.935654149999999851e-02 -4.540666229999999574e-03 -4.229579740000000143e-02 3.478084189999999798e-02
3.403361729999999863e+00 5.781071809999999839e-02 -7.929913610000000404e-03 6.000271759999999815e-02 -4.931771839999999837e-03 -1.548641679999999965e-02 3.241512970000000327e-02
6.087493450000000195e+00 5.827497999999999706e-02 -7.926673659999999497e-03 4.745036939999999759e-02 -2.815165539999999952e-02 1.244653639999999950e-02 2.277165509999999962e-02
8.796319860000000546e+00 6.769029599999999702e-02 1.358903920000000074e-03 5.408905249999999831e-02 -1.761150889999999955e-02 5.242567690000000339e-04 1.634677659999999927e-03
1.149628240000000012e+01 7.023596270000000141e-02 6.503055790000000086e-03 4.536826459999999950e-02 -1.651325619999999966e-02 3.187464000000000096e-03 -1.953908749999999899e-03
1.419092919999999935e+01 7.312614589999999470e-02 2.116380100000000205e-03 5.361488670000000289e-02 -1.446292989999999924e-02 1.059920280000000055e-02 4.377783469999999705e-02
1.689213240000000127e+01 7.343211809999999895e-02 4.906022000000000334e-03 4.805015969999999748e-02 8.445209750000000001e-03 2.888211220000000065e-02 1.813410290000000077e-02
1.958913240000000044e+01 7.815850709999999646e-02 5.162230299999999959e-03 3.868943360000000331e-02 1.537576419999999930e-02 3.968879260000000159e-02 4.803986570000000345e-02
2.228786360000000144e+01 7.675833109999999349e-02 9.553914099999999757e-03 4.384038679999999882e-02 1.036264010000000069e-02 3.908020210000000272e-02 4.296479670000000195e-02
2.498586519999999922e+01 7.984767119999999774e-02 -1.352237089999999914e-03 3.922236300000000314e-02 -1.423433340000000019e-02 1.039390230000000054e-02 5.007695100000000149e-02
2.767962139999999849e+01 7.805485789999999646e-02 1.099467960000000090e-03 1.320892209999999928e-02 -7.189558060000000167e-03 7.316131590000000268e-03 1.051676229999999948e-02
3.038136670000000095e+01 6.836327300000000218e-02 -3.770924099999999751e-04 -1.143731949999999935e-02 3.553711960000000003e-02 2.448240540000000062e-02 3.810509769999999991e-02
3.307908079999999984e+01 6.712502089999999866e-02 -9.432076500000000779e-03 -2.475036840000000016e-02 1.732675410000000110e-02 4.839936880000000191e-02 -3.033800819999999884e-02
3.578792450000000258e+01 6.403409490000000481e-02 1.541021309999999903e-03 -3.271079639999999872e-02 6.995780360000000350e-03 2.151077020000000117e-02 -1.746445199999999837e-02
3.848422140000000269e+01 6.255611860000000191e-02 8.816872389999999213e-03 -4.471883430000000298e-02 2.211981379999999886e-02 4.314725640000000029e-02 -7.287049780000000310e-02
4.116751990000000205e+01 6.232809930000000193e-02 7.598865710000000419e-03 -5.260568720000000087e-02 -2.263000050000000055e-02 7.281884669999999678e-03 -6.093551059999999762e-03
4.387536200000000264e+01 5.712475849999999744e-02 9.237882299999999880e-03 -4.993200839999999835e-02 -1.535650990000000070e-02 2.554542770000000143e-02 -3.015250109999999956e-02
4.657041670000000266e+01 6.886805640000000228e-02 7.072265450000000259e-03 -5.235098700000000160e-02 2.554839829999999874e-03 3.200112260000000097e-02 -1.935923609999999975e-02
4.925510109999999742e+01 6.681506600000000629e-02 8.899239850000000701e-03 -5.159947420000000201e-02 -1.055166090000000077e-02 3.250722169999999828e-02 2.745563180000000145e-02
5.195928390000000263e+01 5.936414529999999717e-02 7.711218790000000031e-03 -5.345950070000000248e-02 2.480170549999999828e-03 5.278072289999999681e-03 -1.559392599999999927e-02
5.466622770000000031e+01 6.091449880000000122e-02 3.559988500000000212e-03 -5.476948420000000289e-02 -1.632854619999999854e-02 1.153763250000000053e-02 -3.535517049999999800e-02
5.737836829999999821e+01 5.587919019999999792e-02 3.280627390000000112e-03 -7.148393200000000003e-02 2.749593109999999823e-03 -1.581985730000000021e-02 -1.056256559999999983e-01
6.006987920000000258e+01 5.942185600000000206e-02 1.408910269999999985e-02 -6.563430269999999400e-02 -1.995505389999999851e-02 -1.945421489999999906e-02 -6.699363220000000008e-02
6.277453080000000085e+01 6.350414690000000251e-02 1.260787049999999992e-02 -6.662132029999999483e-02 -1.316209039999999969e-02 -2.344397299999999990e-02 -6.136498569999999930e-02
6.546543079999999293e+01 5.483942790000000123e-02 4.064793239999999613e-03 -6.189061109999999949e-02 -1.065348640000000034e-02 -5.989476819999999847e-03 -4.738296079999999855e-02
6.815503549999999677e+01 5.433108219999999849e-02 3.957969129999999898e-03 -7.494503130000000624e-02 -1.298651569999999950e-02 1.340630680000000005e-02 -6.337708659999999328e-02
7.085797920000000261e+01 5.335401220000000194e-02 8.158190710000000692e-03 -7.290521029999999514e-02 2.225159920000000001e-04 2.384485089999999891e-02 -6.367522979999999666e-02
7.355331049999999493e+01 5.768797850000000060e-02 9.346618069999999834e-03 -7.129769019999999957e-02 9.145418109999999337e-03 1.630244340000000167e-02 -7.152343560000000433e-02
7.626140420000000120e+01 5.442501579999999700e-02 -3.739984430000000033e-03 -5.943623549999999672e-02 2.353376509999999949e-02 -2.025839020000000032e-02 -4.877149969999999835e-02
7.895713859999999329e+01 5.202218699999999751e-02 -1.203807190000000076e-02 -5.913327599999999851e-02 9.098722829999999345e-03 4.465412470000000057e-03 -2.123985080000000136e-02
8.165505890000000022e+01 5.586086450000000286e-02 -5.439803439999999976e-03 -6.141154520000000061e-02 5.465038190000000295e-03 1.664719079999999948e-02 -2.655827570000000165e-02
8.434846050000000162e+01 5.780258209999999952e-02 -5.559933379999999759e-03 -6.374131140000000029e-02 -1.102519790000000034e-02 -1.036240390000000081e-02 -2.934022899999999892e-02
8.706015419999999949e+01 6.004883829999999728e-02 -2.791441769999999933e-03 -6.497079029999999755e-02 -1.102254209999999936e-02 -3.135518670000000258e-02 -2.787080420000000169e-02
8.974938079999999729e+01 5.852932780000000279e-02 -6.670121579999999627e-03 -6.290893370000000262e-02 -2.642093439999999849e-02 -1.116761229999999917e-02 -1.282907519999999975e-02
9.245160579999999584e+01 4.673927060000000050e-02 -5.614415000000000204e-03 -5.763543260000000140e-02 -2.978127719999999843e-03 -3.964137439999999846e-02 -3.196231680000000130e-02
9.515058550000000537e+01 4.719264599999999782e-02 -8.210335770000000422e-03 -6.399338409999999477e-02 -5.666406790000000013e-03 -6.741166350000000161e-03 -4.078133369999999841e-02
9.785670269999999960e+01 5.018593259999999667e-02 -1.304084190000000081e-02 -5.403168619999999811e-02 2.629903499999999839e-02 -5.795627700000000049e-02 -4.864070649999999857e-02
1.005756820000000005e+02 5.222672319999999840e-02 -1.195033459999999929e-02 -7.090723520000000168e-02 2.215066369999999993e-02 1.082618689999999967e-02 -6.690418310000000035e-02
1.032748849999999976e+02 5.662139640000000279e-02 -1.999683299999999858e-02 -6.625502830000000454e-02 -7.439532569999999893e-03 2.044267950000000153e-02 -2.862564110000000162e-02
1.059941199999999952e+02 5.518078800000000145e-02 -1.044147810000000016e-02 -6.891797489999999804e-02 9.755494619999999228e-03 -3.969381219999999766e-02 -6.846008239999999689e-02
1.086802140000000065e+02 5.956040580000000056e-02 -2.071951340000000204e-03 -5.851568239999999782e-02 -2.215073290000000097e-02 3.503686780000000132e-03 -2.231476589999999843e-03
1.113893850000000043e+02 5.353072999999999859e-02 1.086315940000000084e-02 -6.095541930000000080e-02 -3.383890230000000023e-03 -3.357966560000000267e-02 -4.937407299999999749e-02
1.140851509999999962e+02 6.072694299999999851e-02 8.807604780000000480e-03 -5.042377700000000296e-02 -1.740423629999999925e-03 6.750124760000000140e-03 5.379933580000000222e-03
1.167885260000000045e+02 6.030791550000000334e-02 1.019889599999999940e-03 -5.391355999999999926e-02 3.156827579999999661e-02 1.859018570000000106e-02 -6.249977069999999857e-02
1.194964480000000009e+02 6.492594590000000387e-02 9.483552140000000219e-04 -6.509157259999999445e-02 -7.239092340000000299e-03 -2.189283849999999840e-03 -5.338082789999999689e-02
1.221967759999999998e+02 6.262189349999999766e-02 5.171733960000000040e-03 -6.167564500000000116e-02 -1.622712780000000118e-02 1.322329440000000102e-03 -4.677568120000000218e-02
1.248996819999999985e+02 5.976253019999999694e-02 5.464180120000000293e-03 -6.220818689999999679e-02 1.772569110000000092e-03 -1.464129299999999967e-02 -5.158850510000000111e-02
1.275954009999999954e+02 6.054326270000000287e-02 2.859723079999999893e-03 -6.964667139999999868e-02 1.522038239999999945e-02 7.316034049999999705e-03 -4.139884879999999878e-02
1.302930259999999976e+02 6.298358240000000163e-02 9.130252369999999548e-03 -7.229043479999999744e-02 1.990780649999999985e-02 1.725850040000000141e-02 5.023140389999999900e-03
1.330074319999999943e+02 6.342255550000000519e-02 6.479210019999999924e-03 -6.247194789999999803e-02 2.367573850000000146e-02 4.169124960000000074e-02 -9.682437139999999776e-03
1.357128229999999860e+02 6.799189579999999344e-02 1.539305460000000084e-02 -4.796473660000000194e-02 -3.541024880000000208e-02 2.239889109999999850e-02 -2.035773600000000128e-02
1.384067919999999958e+02 6.867002760000000261e-02 6.097692400000000179e-03 -3.706875779999999759e-02 -9.693019350000000103e-03 1.327112209999999938e-02 -2.210480470000000114e-02
1.410928700000000049e+02 6.952184499999999878e-02 1.220876570000000057e-02 -5.343696760000000295e-02 -3.717590739999999949e-02 -2.912910490000000102e-02 -8.385764139999999853e-03
1.437904639999999858e+02 8.058114600000000627e-02 6.921706219999999680e-03 -4.945319439999999733e-02 -7.825460330000000644e-03 -5.385307100000000236e-02 2.526902750000000180e-03
1.464858539999999891e+02 6.864932260000000674e-02 1.497978700000000092e-03 -3.611867149999999776e-02 1.078231299999999997e-02 -1.393012010000000030e-02 2.917126290000000149e-02
1.491885890000000074e+02 7.236944119999999536e-02 9.171804270000000203e-03 -6.062060269999999980e-03 7.958068299999999234e-03 -7.593843679999999485e-02 -9.305933529999999357e-03
1.518855570000000057e+02 7.155276680000000056e-02 4.994903119999999710e-03 9.089377160000000275e-03 -1.104524240000000039e-02 -4.045064470000000328e-02 8.761144179999999504e-03
1.545856670000000008e+02 7.168287040000000110e-02 -9.430635879999999882e-04 4.134257680000000268e-02 -5.781181720000000412e-03 1.243763359999999936e-02 -4.614069519999999813e-03
1.572844640000000140e+02 6.446551089999999484e-02 -4.902679830000000218e-03 4.857136759999999831e-02 -6.025132569999999688e-02 -2.440159440000000055e-02 1.062591119999999924e-02
1.599920419999999979e+02 7.396200460000000587e-02 -1.991463100000000208e-03 5.012906589999999857e-02 -5.792435549999999655e-02 -3.493142949999999969e-02 3.366570210000000007e-02
1.626852599999999995e+02 6.685516140000000163e-02 7.290868520000000352e-03 5.277320869999999747e-02 -5.900768350000000148e-03 -2.911640320000000171e-02 -4.671788120000000023e-03
1.653919170000000065e+02 6.089356640000000154e-02 -1.628922739999999958e-03 4.986588320000000241e-02 7.134734329999999763e-03 4.667573020000000128e-02 -1.258630929999999919e-02
1.680876039999999989e+02 6.442916229999999522e-02 8.474232790000000041e-04 6.391732710000000428e-02 -3.349454560000000164e-02 1.480118639999999930e-02 -1.679106160000000056e-02
1.707907920000000104e+02 5.944260550000000226e-02 -1.037748440000000016e-04 5.675078360000000016e-02 3.973163350000000205e-02 -1.711762409999999929e-02 -5.758166759999999718e-02
1.734895730000000071e+02 6.268428859999999880e-02 7.458480630000000056e-03 6.081339479999999659e-02 4.256386889999999937e-03 -9.103221689999999727e-03 2.590644580000000044e-02
1.761809320000000127e+02 5.957154230000000217e-02 4.091342260000000244e-03 6.227492879999999703e-02 3.062329570000000070e-02 -1.729215159999999973e-02 5.573923580000000183e-02
1.788927759999999978e+02 6.213252510000000228e-02 1.037735910000000053e-02 6.097828169999999770e-02 -4.909623820000000305e-02 -3.552304669999999803e-02 5.236995910000000198e-03
1.815992599999999868e+02 5.882822489999999654e-02 6.557670810000000051e-03 6.278512649999999640e-02 -2.967414939999999876e-02 1.582425939999999864e-02 2.706236339999999827e-03
1.843067760000000135e+02 5.467472400000000093e-02 2.732091969999999887e-03 5.927708109999999669e-02 -5.864372489999999938e-02 2.041467150000000202e-03 -7.306303689999999948e-03
1.870114480000000015e+02 6.232163059999999699e-02 6.091254560000000304e-03 5.248473549999999738e-02 -4.225135850000000248e-02 2.869375000000000051e-02 -7.094239040000000288e-03
1.897036510000000078e+02 5.928631549999999889e-02 -2.526258779999999895e-03 6.405567210000000233e-02 2.994472639999999977e-02 6.082006400000000181e-03 2.632787459999999828e-04
1.924170729999999878e+02 5.196155840000000331e-02 -4.910011070000000304e-03 6.096278869999999933e-02 3.660360730000000035e-02 -1.060440760000000079e-02 -3.065227239999999964e-02
1.951176509999999951e+02 5.592577840000000078e-02 -1.590466899999999975e-02 5.555819320000000144e-02 4.720910119999999904e-02 1.731584079999999928e-02 1.256292160000000054e-02
1.978239010000000064e+02 5.604389709999999664e-02 -1.194612509999999975e-02 5.044890190000000246e-02 -9.493035880000000315e-03 1.221291399999999919e-03 -2.911415569999999987e-03
2.005215100000000064e+02 6.145120689999999941e-02 -1.870373560000000018e-02 5.439309999999999978e-02 -2.197953480000000136e-03 -8.416701279999999272e-03 -6.272347959999999799e-03
2.032210729999999899e+02 6.368884769999999529e-02 -8.882128099999999152e-03 4.820589830000000103e-02 -8.003994099999999987e-03 -1.910142800000000037e-04 7.507838900000000058e-03
2.059208539999999914e+02 6.581350430000000584e-02 -1.368079359999999946e-02 5.766909349999999740e-02 -4.721984559999999748e-03 1.873689729999999942e-02 -1.920151289999999858e-02
2.086249950000000126e+02 6.694075620000000670e-02 -1.152382899999999932e-02 4.487789959999999995e-02 -3.710790729999999954e-02 8.412599959999999405e-03 -1.307879229999999934e-02
2.113199009999999873e+02 7.599499860000000218e-02 -1.508207070000000018e-02 4.342883399999999949e-02 -2.820137710000000103e-02 1.819450920000000027e-02 5.388802489999999605e-03
2.140104479999999967e+02 7.095694049999999586e-02 -7.350704940000000152e-03 4.409546159999999659e-02 4.785974529999999921e-02 3.156709030000000304e-02 3.282487440000000228e-02
2.167127140000000054e+02 6.033169990000000066e-02 -1.063218800000000075e-02 3.847724160000000337e-02 6.021450629999999804e-02 2.311852860000000037e-02 8.084618990000000394e-03
2.194190099999999859e+02 6.673698679999999495e-02 -1.087564459999999962e-02 4.524742410000000270e-02 -3.988413870000000194e-02 -5.041194080000000258e-03 2.023660879999999995e-02
2.221233389999999872e+02 7.172354200000000124e-02 -6.230414190000000199e-03 4.866844210000000059e-02 -2.411084210000000172e-02 -1.886022370000000128e-02 1.486624549999999989e-02
2.248222920000000045e+02 7.213562110000000527e-02 -1.677196140000000030e-03 5.885273840000000006e-02 -1.540985270000000060e-02 1.409643260000000009e-02 1.211742319999999963e-02
2.275290099999999995e+02 6.175694749999999927e-02 -4.785781770000000087e-04 5.582170210000000216e-02 -1.399688450000000084e-02 4.135602439999999658e-02 3.976784199999999769e-02
2.302355100000000050e+02 6.334336270000000269e-02 1.169893240000000056e-02 5.290258459999999663e-02 -2.764718650000000041e-02 1.289673380000000077e-02 -2.974174080000000116e-03
2.329329639999999984e+02 6.219400139999999716e-02 1.106760069999999973e-03 7.101318919999999313e-02 -1.181437370000000021e-02 1.052851479999999951e-02 -1.721047170000000043e-03
2.356298700000000110e+02 6.382294169999999656e-02 1.664030020000000073e-03 7.212129039999999602e-02 2.159938380000000005e-02 4.197184150000000252e-02 -6.060793949999999757e-03
2.383232449999999858e+02 6.130643589999999754e-02 -4.653618239999999899e-03 6.323060140000000273e-02 5.702678330000000156e-02 2.764519370000000087e-02 -4.115284419999999665e-02
2.410377919999999961e+02 6.055839059999999774e-02 -3.222055799999999984e-03 6.625230910000000362e-02 2.063993760000000163e-02 4.468340240000000241e-02 6.191879170000000418e-05
2.437347760000000108e+02 5.510901089999999808e-02 -9.056051529999999475e-03 5.895469560000000248e-02 5.301265260000000146e-02 -2.944345850000000195e-03 2.912204230000000130e-02
2.464386350000000050e+02 5.460011869999999851e-02 -4.081798040000000037e-03 5.412251879999999821e-02 4.200478710000000310e-02 1.041064189999999987e-02 3.209605260000000099e-02
2.491476820000000032e+02 5.731010260000000273e-02 -7.120749959999999636e-03 5.287280540000000029e-02 -6.456982129999999653e-02 -3.609106359999999809e-03 1.387278819999999968e-02
2.518493850000000123e+02 5.486827639999999895e-02 -3.413815279999999914e-03 5.921729760000000314e-02 1.906614790000000018e-02 6.063566280000000017e-03 -3.011413320000000133e-03
2.545426669999999945e+02 5.419145160000000266e-02 -3.552293220000000192e-03 5.831963169999999919e-02 2.737309840000000036e-02 -8.216559340000000392e-03 3.962868549999999657e-02
2.572550259999999867e+02 6.282068039999999520e-02 -7.048825699999999687e-03 5.505724609999999852e-02 4.662514219999999709e-02 1.550013249999999954e-02 1.506113329999999965e-02
2.599533230000000117e+02 5.750276740000000164e-02 2.885589840000000149e-03 5.774308840000000331e-02 -6.630634580000000118e-03 -1.635676620000000095e-02 2.592242820000000003e-02
2.626592600000000175e+02 5.111713040000000208e-02 -6.607790369999999710e-04 6.264524339999999469e-02 -2.610657159999999963e-02 3.954989739999999893e-02 4.880496279999999715e-02
2.653469010000000026e+02 5.626544160000000044e-02 -3.896573700000000202e-03 6.808070300000000630e-02 2.069054739999999937e-03 3.873861769999999843e-02 7.367078430000000011e-02
2.680466020000000071e+02 6.065575809999999846e-02 -2.390865009999999791e-03 6.358246519999999347e-02 1.391432830000000065e-02 6.766905989999999656e-03 1.061262889999999987e-01
