# a=0.05722688082487046, b=-145.01774023328846, c=-0.00020157265802631433, xi=9.903468029941559
6.872339459999999844e-01 6.899462650000000308e-02 4.087454840000000027e-03 5.904348990000000269e-02 -2.405975559999999971e-02 2.113540259999999952e-03 -8.773978680000000738e-03
3.396114199999999972e+00 6.729528969999999666e-02 6.876512680000000308e-03 6.278719060000000074e-02 -2.215614379999999994e-02 1.110560619999999971e-02 4.410958539999999990e-03
6.077900299999999589e+00 5.403347909999999671e-02 -3.577703040000000060e-03 4.859791869999999930e-02 -4.543350389999999822e-02 4.825571149999999948e-02 5.632614969999999791e-03
8.787540769999999668e+00 6.212902950000000202e-02 -4.505011330000000154e-03 5.272160189999999802e-02 -1.599301360000000144e-02 3.049378560000000002e-02 1.097809509999999981e-02
1.148935700000000004e+01 5.887524360000000179e-02 -5.409244839999999797e-03 5.596492389999999789e-02 -1.859664570000000086e-02 3.018399360000000031e-02 1.955195560000000041e-02
1.418553359999999941e+01 6.188158220000000015e-02 -4.713973669999999699e-03 5.802409990000000073e-02 -2.011679560000000089e-02 -4.401867139999999720e-03 9.474659039999999699e-03
1.688544449999999841e+01 6.748852719999999528e-02 -7.041515110000000355e-03 4.742517150000000181e-02 -8.891512670000000645e-03 1.116840250000000062e-02 8.712121760000000187e-03
1.959859140000000011e+01 6.218272510000000253e-02 -3.691546420000000033e-03 5.427433429999999753e-02 2.451030070000000116e-02 -1.391508930000000081e-02 7.944589070000000752e-03
2.229515230000000159e+01 5.823699379999999759e-02 -3.684275629999999961e-03 6.246838440000000020e-02 1.958894140000000048e-02 1.702626380000000052e-03 -1.175787109999999920e-02
2.500642889999999952e+01 6.328361609999999526e-02 -1.226136459999999963e-02 4.782868259999999844e-02 -1.305630099999999932e-02 2.629170260000000120e-02 9.749853500000000769e-03
2.770842890000000125e+01 7.756145670000000325e-02 -6.036468159999999923e-03 3.599236559999999946e-02 -1.660193799999999968e-03 1.023930219999999967e-02 7.142626860000000043e-03
3.039902580000000043e+01 8.319292059999999767e-02 -1.230031990000000040e-02 1.230822479999999983e-02 3.646621669999999989e-03 4.731608570000000319e-02 4.260244540000000107e-02
3.311550549999999760e+01 7.366660799999999454e-02 -1.277065890000000058e-02 -3.773364410000000068e-03 2.627529580000000087e-02 4.481180459999999782e-02 -1.013784430000000056e-02
3.580921010000000138e+01 7.920402249999999866e-02 -9.123270489999999941e-03 -1.893942430000000038e-02 -2.955613049999999964e-02 3.049789959999999953e-02 -3.438501620000000009e-02
3.850005860000000268e+01 7.116915140000000528e-02 -6.316560869999999703e-03 -3.249744610000000061e-02 -1.093417260000000002e-02 1.532364240000000030e-02 -2.406586869999999961e-02
4.118527110000000135e+01 6.669233230000000401e-02 -1.184150500000000043e-02 -3.993988799999999978e-02 -1.227499930000000052e-02 -7.421353949999999998e-03 -2.499971260000000139e-02
4.387265550000000047e+01 6.955222710000000252e-02 -1.600272419999999862e-02 -5.065052329999999992e-02 -1.952414709999999998e-02 3.399383339999999948e-02 -1.954406430000000042e-02
4.657672110000000032e+01 6.854378460000000450e-02 -8.761940989999999693e-03 -5.528872619999999904e-02 2.435670189999999957e-02 2.347381449999999883e-02 -4.031101959999999762e-02
4.927045700000000039e+01 6.043234909999999765e-02 8.886939729999999852e-04 -6.891053040000000296e-02 6.944374149999999954e-03 4.644466369999999955e-02 -1.824050249999999845e-02
5.198149300000000039e+01 5.914716720000000316e-02 8.497657869999999600e-03 -6.759707269999999657e-02 -8.188831790000000027e-03 -1.132088329999999914e-02 -5.886822860000000268e-02
5.468014449999999727e+01 6.085121150000000201e-02 1.765814930000000069e-03 -5.682770220000000344e-02 6.701345739999999690e-03 2.084311250000000018e-03 -1.969089629999999994e-02
5.737583980000000139e+01 5.811575270000000210e-02 8.949275600000000663e-03 -5.840608700000000236e-02 7.571493979999999874e-03 -1.972516440000000090e-03 -4.250750340000000044e-02
6.007286169999999714e+01 5.076608039999999655e-02 7.338990539999999674e-03 -5.574118539999999705e-02 -1.197609879999999953e-02 -1.398211149999999895e-04 3.583470980000000305e-02
6.277669920000000303e+01 5.189639160000000112e-02 1.158032699999999963e-02 -6.380491509999999811e-02 1.204996390000000021e-02 4.084124150000000009e-02 -1.397240299999999956e-02
6.547947580000000301e+01 5.499961350000000249e-02 9.424802950000000026e-03 -6.221987610000000168e-02 -3.314256319999999822e-03 -4.069287679999999963e-02 1.990034660000000039e-02
6.818371009999999899e+01 4.370827570000000023e-02 5.622858279999999858e-04 -6.266278090000000633e-02 1.711556839999999954e-02 -1.581926910000000172e-02 2.430526029999999921e-02
7.089546479999999917e+01 4.574977730000000242e-02 6.283290920000000196e-03 -5.741502510000000281e-02 1.683720869999999828e-02 1.258372219999999951e-02 -2.221663059999999870e-02
7.358832580000000689e+01 5.500213849999999877e-02 1.377438560000000074e-03 -6.175877009999999889e-02 3.421301559999999787e-03 1.250500050000000023e-02 1.935043250000000048e-02
7.630089449999999829e+01 5.369292350000000325e-02 -8.624258969999999691e-03 -6.324614609999999748e-02 3.107820930000000040e-03 -5.505207740000000322e-02 -1.714270860000000063e-02
7.899740699999999549e+01 5.825489970000000128e-02 -5.458906670000000273e-03 -6.166412420000000338e-02 -2.230524880000000001e-02 2.243093330000000066e-02 -3.014001989999999867e-02
8.169792420000000277e+01 5.819488870000000258e-02 -1.189610150000000068e-02 -6.708271540000000643e-02 2.139244150000000049e-03 -1.170617200000000080e-02 -2.153182010000000146e-02
8.439042890000000341e+01 4.937891690000000000e-02 -1.521041899999999933e-02 -6.428684229999999389e-02 -1.593507159999999964e-02 2.786837569999999972e-02 -3.599403279999999899e-02
8.708544139999999345e+01 5.061736180000000335e-02 -1.454492689999999956e-02 -6.199702800000000263e-02 -7.838997149999999726e-04 1.631323390000000151e-02 -2.804468859999999925e-02
8.979258199999999590e+01 5.049363510000000332e-02 -1.457324739999999938e-02 -5.939344409999999796e-02 -1.936099089999999967e-02 1.331233929999999996e-02 -2.054513540000000096e-02
9.248532419999999377e+01 3.565583099999999894e-02 -2.280167840000000049e-04 -5.924177030000000316e-02 1.396397960000000027e-03 -1.468882959999999981e-03 -5.453935889999999946e-03
9.520319299999999885e+01 3.587708970000000330e-02 -1.229241629999999925e-02 -6.364209560000000376e-02 3.013063509999999983e-03 -2.816019520000000165e-02 -2.705126500000000142e-02
9.790726800000000196e+01 3.273028800000000321e-02 -1.340667880000000027e-02 -6.888009119999999319e-02 -1.666455179999999994e-02 2.237354080000000106e-02 -1.444910310000000050e-03
1.006073540000000008e+02 4.465952179999999744e-02 -1.289678420000000061e-02 -6.613406289999999854e-02 -6.804001980000000047e-03 3.497347919999999749e-02 -6.092664329999999961e-02
1.033028699999999986e+02 5.488160200000000155e-02 -1.151260679999999972e-03 -5.124423379999999695e-02 -1.407953590000000053e-02 -1.836390220000000016e-03 2.052171759999999942e-02
1.060078069999999997e+02 6.132539089999999860e-02 -5.192613159999999797e-03 -5.440551169999999909e-02 7.051614819999999645e-03 8.513206020000000512e-03 -7.218821820000000111e-02
1.087059950000000015e+02 6.623742829999999804e-02 -3.630495889999999989e-03 -4.977974930000000214e-02 -1.168748959999999990e-02 2.705361360000000173e-02 -1.634270380000000036e-02
1.114072599999999937e+02 6.274284859999999797e-02 -9.501580370000000178e-03 -4.710694239999999727e-02 -1.268577580000000010e-02 -1.019336269999999989e-02 -9.107721890000000653e-02
1.140951510000000013e+02 7.047947250000000108e-02 -7.490010180000000219e-03 -5.108256530000000045e-02 -2.602483909999999886e-02 -1.146564599999999948e-02 -7.826967509999999476e-03
1.168040570000000002e+02 7.492597589999999697e-02 -7.548967059999999937e-03 -5.235572489999999746e-02 1.729159489999999855e-02 -2.410324750000000099e-02 -3.452650349999999979e-02
1.194846040000000045e+02 7.228056580000000175e-02 -3.526464329999999753e-04 -4.198676949999999991e-02 -2.111614500000000109e-03 2.194290219999999944e-02 2.209815340000000072e-02
1.221984949999999941e+02 5.596485970000000115e-02 -3.195871769999999827e-03 -4.512398809999999816e-02 -6.301124590000000206e-03 -9.442747070000000187e-03 -4.119191879999999778e-02
1.249021510000000035e+02 5.443821480000000240e-02 5.139863439999999700e-03 -4.729385590000000084e-02 8.832689060000000533e-04 -5.807125999999999955e-02 -1.311695119999999916e-02
1.276108069999999941e+02 5.810677189999999964e-02 1.668000539999999962e-02 -4.551880929999999742e-02 -2.368396949999999890e-02 -3.754473900000000058e-02 -3.779026840000000026e-02
1.303021659999999997e+02 6.520377239999999852e-02 1.576513300000000062e-02 -5.034421580000000146e-02 -1.998138129999999998e-02 -2.212591400000000000e-02 -3.429582710000000229e-02
1.330024479999999869e+02 7.344285100000000344e-02 1.844778429999999886e-02 -5.519830590000000120e-02 -2.781787969999999915e-02 4.739751890000000185e-04 -7.111791889999999339e-02
1.356876509999999882e+02 7.391251120000000285e-02 1.501191720000000056e-02 -4.743243020000000032e-02 -3.622456830000000266e-02 2.377184950000000088e-02 -2.201710670000000050e-02
1.383924629999999922e+02 7.785160839999999416e-02 9.537319810000000064e-03 -3.727536210000000072e-02 -4.771350300000000259e-03 1.681940449999999934e-02 -3.881180239999999781e-02
1.411002290000000130e+02 7.848511319999999791e-02 8.742508939999999243e-03 -1.653561710000000032e-02 -1.804660660000000083e-02 -2.656292340000000144e-04 -3.160914769999999957e-02
1.438038540000000012e+02 8.273184490000000391e-02 6.666803080000000339e-03 -5.776960089999999895e-03 -2.764946710000000096e-03 -3.076515989999999839e-02 -1.182971579999999960e-02
1.465034949999999867e+02 7.373664159999999967e-02 -1.379782420000000027e-03 5.445254939999999780e-03 -2.069519969999999986e-02 -7.395526010000000317e-03 -2.622119599999999870e-02
1.491985880000000009e+02 6.902694889999999583e-02 -3.751927999999999860e-03 2.183170480000000066e-02 -2.684832779999999849e-02 2.825352539999999996e-02 -1.204755899999999935e-02
1.519154949999999928e+02 7.204891080000000447e-02 -5.020914199999999654e-03 3.375977969999999911e-02 -6.849478119999999337e-02 1.812603230000000079e-02 -3.854882689999999945e-02
1.546207909999999970e+02 7.528285449999999601e-02 -4.113018280000000151e-03 4.477210339999999900e-02 -6.474382139999999841e-02 -1.793642360000000102e-02 -4.762937469999999757e-02
1.573184009999999944e+02 6.271856319999999374e-02 -1.353178569999999997e-02 5.375521230000000067e-02 -3.415379739999999803e-02 -2.009763889999999914e-02 -2.266653170000000172e-03
1.600193849999999998e+02 6.314227340000000410e-02 -7.913550409999999327e-03 4.847768520000000220e-02 -3.540638389999999774e-02 -5.232572819999999764e-02 -7.377691559999999954e-03
1.627259950000000117e+02 6.518693590000000648e-02 -4.369576109999999576e-03 5.389086180000000198e-02 -5.752383610000000314e-02 -3.444724810000000109e-02 2.286008969999999904e-02
1.654260879999999929e+02 5.519788140000000259e-02 3.665127849999999868e-03 5.987373730000000033e-02 -2.802422300000000088e-02 -7.590900149999999652e-03 6.450303279999999861e-03
1.681221979999999974e+02 6.454022850000000477e-02 7.573039190000000268e-03 5.365734710000000240e-02 8.569231130000000418e-03 -1.395953769999999997e-02 6.689097070000000339e-03
1.708336040000000082e+02 6.662915730000000536e-02 8.045280840000000253e-03 5.164328199999999869e-02 -2.621674129999999880e-02 2.076051939999999998e-02 3.853709589999999852e-02
1.735230410000000063e+02 6.299721369999999876e-02 4.923559739999999740e-03 5.690267870000000061e-02 1.792636670000000154e-02 -3.024513959999999835e-02 4.948320979999999703e-02
1.762266510000000039e+02 6.066876649999999871e-02 2.149929999999999983e-03 5.358735049999999861e-02 -8.662343399999999569e-03 -2.819821120000000000e-02 3.659335939999999732e-02
1.789309159999999963e+02 6.043518059999999914e-02 2.282579690000000137e-03 5.828577509999999934e-02 -2.184337250000000039e-03 -5.707521650000000127e-03 -1.281949750000000061e-02
1.816185260000000028e+02 5.501232539999999921e-02 2.157870689999999946e-03 6.658152709999999586e-02 2.927530650000000068e-02 4.530948509999999617e-03 3.170289329999999989e-02
1.843191199999999981e+02 4.728065380000000262e-02 2.552992019999999942e-03 6.056508669999999955e-02 1.050775039999999987e-02 1.564499360000000047e-02 2.434422779999999807e-03
1.870259320000000116e+02 4.219329819999999981e-02 -4.860144480000000086e-03 6.931289300000000042e-02 -1.442259750000000028e-02 -1.268748010000000058e-02 -5.981219989999999806e-04
1.897246509999999944e+02 4.201778999999999931e-02 -8.136187519999999243e-03 6.252234900000000484e-02 -7.233042159999999651e-03 1.623412670000000000e-03 -1.032613700000000086e-02
1.924258069999999918e+02 4.234677099999999833e-02 -1.010515570000000002e-02 5.866336569999999750e-02 -2.972336340000000104e-02 -5.007354449999999735e-02 1.326287909999999959e-02
1.951293070000000114e+02 4.295627989999999813e-02 -6.217140739999999985e-03 6.605426960000000680e-02 8.079569689999999832e-03 -3.895599179999999911e-02 1.174414399999999976e-02
1.978365880000000061e+02 3.613666580000000211e-02 -9.266315679999999680e-03 6.662683029999999507e-02 -2.798629130000000048e-02 -2.054434420000000004e-03 7.657406349999999751e-03
2.005441040000000044e+02 4.024911999999999934e-02 -6.675079870000000422e-03 7.562759410000000071e-02 5.638359019999999826e-03 2.983962449999999836e-02 -3.853796660000000096e-02
2.032553540000000112e+02 4.991414570000000245e-02 -4.282059500000000123e-03 6.860862539999999787e-02 -1.762781860000000103e-02 -3.055529229999999919e-03 -5.625522540000000432e-03
2.059612909999999886e+02 4.965190910000000235e-02 2.120887450000000056e-03 7.010531039999999547e-02 2.587779730000000153e-02 4.560971989999999983e-03 -5.442148780000000304e-03
2.086690879999999879e+02 3.849421850000000339e-02 -1.607062260000000076e-04 7.185355829999999500e-02 -3.617634670000000052e-02 1.109746139999999957e-02 6.247380920000000087e-03
2.113823849999999993e+02 4.150023010000000040e-02 -3.159742159999999900e-03 6.833848300000000542e-02 -8.403700259999999367e-02 3.839476370000000083e-02 -6.338192769999999830e-03
2.140724629999999991e+02 5.953979389999999872e-02 1.771987949999999932e-03 6.855182170000000130e-02 -5.383354030000000318e-02 4.743722870000000036e-02 -2.436659320000000156e-02
2.167722290000000100e+02 5.498140829999999951e-02 -1.283523479999999989e-03 5.634399510000000222e-02 -1.488315119999999991e-02 8.897260190000000693e-03 -1.125760420000000012e-02
2.194718230000000005e+02 6.014889799999999925e-02 9.040975959999999340e-03 4.809458140000000270e-02 -2.780620909999999973e-02 1.111599830000000073e-02 1.668973179999999959e-02
2.221715260000000001e+02 6.571945129999999524e-02 8.848070439999999523e-03 5.072780539999999921e-02 -3.253270159999999828e-02 7.191079490000000518e-02 2.178298359999999989e-02
2.248751039999999932e+02 6.279959729999999574e-02 1.017932480000000028e-02 5.783497449999999707e-02 -3.791602270000000302e-02 5.515550139999999581e-03 1.476665689999999941e-02
2.275718229999999949e+02 6.415228280000000172e-02 7.099700799999999860e-03 5.897666549999999730e-02 -4.863790309999999756e-02 1.806384420000000171e-02 1.037438539999999999e-02
2.302764630000000068e+02 6.740967500000000223e-02 9.368738340000000095e-03 5.067089319999999730e-02 -8.278648550000000661e-02 5.546691509999999992e-03 -3.568683410000000108e-03
2.329662449999999865e+02 6.365427129999999545e-02 1.117108569999999967e-02 5.793638689999999758e-02 -1.643341610000000064e-02 9.408201110000000145e-03 1.555288349999999972e-02
2.356561820000000012e+02 6.392287850000000216e-02 4.034264989999999593e-03 5.159853910000000016e-02 -1.108106990000000056e-02 -8.639202499999999859e-04 1.867721090000000125e-02
2.383586200000000019e+02 7.302856119999999451e-02 -3.691748819999999803e-06 4.590960169999999674e-02 2.327959859999999964e-02 -1.128123240000000055e-02 2.631741129999999942e-02
2.410691820000000121e+02 6.878026210000000307e-02 6.009205610000000267e-03 5.582189779999999907e-02 -3.898096499999999937e-02 1.059434880000000023e-02 3.783144210000000032e-03
2.437625409999999988e+02 5.905188680000000162e-02 1.549344549999999887e-04 6.574130879999999510e-02 -3.583996319999999819e-02 5.034236629999999657e-02 3.310710359999999991e-02
2.464714630000000000e+02 6.487158129999999467e-02 8.863472000000000711e-03 6.348454459999999799e-02 -4.025836020000000265e-02 3.000618650000000040e-02 -1.007767950000000058e-02
2.491688540000000103e+02 5.835025869999999754e-02 9.734203729999999985e-03 5.504969629999999919e-02 -6.386231069999999399e-02 3.961211469999999929e-02 9.378806920000000392e-04
2.518810880000000054e+02 5.365221690000000071e-02 1.486240089999999944e-02 5.917142260000000237e-02 -7.529575800000000430e-02 3.197509400000000251e-02 2.250847460000000161e-02
2.545616039999999884e+02 5.854937489999999939e-02 1.947042840000000070e-03 6.158552140000000258e-02 8.027712040000000273e-04 -4.714317770000000379e-03 1.407034759999999975e-02
2.572771349999999870e+02 5.880696609999999658e-02 5.286516599999999989e-03 5.367697030000000147e-02 -4.373573929999999971e-02 1.143089579999999978e-03 -1.727362589999999892e-02
2.599699949999999831e+02 5.927464119999999864e-02 1.635401990000000033e-03 5.259403630000000079e-02 -8.071247820000000683e-02 2.553839029999999902e-03 -3.724242879999999783e-02
2.626729629999999815e+02 6.134054459999999792e-02 3.507345779999999739e-04 4.791226660000000304e-02 -2.330109140000000134e-02 -3.497484719999999908e-02 -1.429100460000000059e-02
2.653654789999999934e+02 6.915390590000000670e-02 2.445196919999999968e-03 5.558302479999999851e-02 -2.275365730000000059e-02 -1.277786700000000004e-02 -2.688050290000000130e-03
2.680769300000000044e+02 6.486772520000000375e-02 2.517657879999999813e-04 5.529921969999999909e-02 -7.256846449999999893e-03 -3.705710930000000181e-02 5.409209320000000348e-03
