# a=0.06197971280580428, b=-149.55140873858596, c=-0.0021242046066609886, xi=7.822126036833614
7.091069319999999676e-01 6.512550659999999381e-02 3.856363470000000095e-03 5.759307150000000236e-02 -3.293835140000000300e-02 -1.147169299999999982e-02 -1.066014480000000014e-02
3.389526689999999842e+00 5.635942199999999930e-02 2.766661809999999919e-04 5.418301140000000155e-02 -2.245301970000000008e-02 -1.767487319999999987e-02 2.983582209999999929e-02
6.086782780000000059e+00 6.354344789999999410e-02 -6.719286980000000083e-03 4.479841579999999795e-02 -2.679088370000000038e-02 -2.338346360000000124e-03 5.157274209999999914e-02
8.789940599999999549e+00 6.445871899999999766e-02 -4.397003360000000210e-04 4.654341850000000280e-02 -7.292787799999999633e-03 -1.275240939999999898e-03 2.476938739999999875e-02
1.149842860000000044e+01 6.986581969999999808e-02 8.987497630000000626e-03 4.959589500000000095e-02 -7.326686199999999857e-03 8.570978039999999770e-03 3.887508799999999862e-03
1.419425200000000054e+01 7.233730419999999384e-02 6.184444100000000347e-03 5.381922129999999749e-02 -1.541974980000000023e-02 2.662699110000000050e-02 7.286392710000000328e-02
1.688571759999999955e+01 7.437400980000000161e-02 2.029321790000000042e-03 4.340693820000000175e-02 -9.931932399999999356e-03 3.154532150000000090e-02 3.029256140000000097e-02
1.957888170000000017e+01 8.072675120000000204e-02 1.691608270000000049e-03 4.541350410000000171e-02 7.819676620000000355e-03 3.292821480000000106e-02 8.745547030000000444e-02
2.228454109999999844e+01 7.971299649999999404e-02 5.371395850000000236e-03 3.813591379999999725e-02 2.737426460000000165e-04 2.141808079999999934e-02 1.901263950000000105e-02
2.498374259999999936e+01 8.263803860000000501e-02 2.080827620000000062e-03 3.972948140000000239e-02 -2.540049740000000032e-03 -1.939057629999999975e-03 9.600587909999999670e-03
2.768442860000000039e+01 7.615702169999999382e-02 -4.262413629999999704e-03 1.273604650000000060e-02 7.907156539999999831e-03 3.873229570000000233e-02 -2.477279519999999857e-03
3.038056449999999842e+01 7.195364249999999795e-02 -2.448844219999999922e-03 -7.491126550000000266e-03 -3.292680020000000006e-03 4.544560420000000323e-02 -4.520964070000000300e-03
3.307662859999999938e+01 7.065055920000000433e-02 -5.126317150000000294e-03 -2.958918389999999968e-02 -2.928889689999999903e-03 2.693335129999999827e-02 -3.096947699999999873e-02
3.578192860000000053e+01 6.439089480000000087e-02 1.662138139999999945e-03 -3.219362550000000323e-02 -2.800196690000000127e-02 1.392230929999999957e-02 -1.913999959999999889e-02
3.848164109999999738e+01 6.511645439999999563e-02 1.224176750000000036e-02 -5.391373619999999950e-02 1.450161770000000031e-02 2.850711980000000118e-02 -3.327948509999999888e-02
4.117450670000000201e+01 5.622960049999999738e-02 9.691175050000000457e-03 -6.010161530000000113e-02 -1.382053419999999897e-03 2.732036140000000061e-03 -1.191673009999999998e-02
4.387842390000000137e+01 6.066409379999999907e-02 6.950103509999999707e-03 -4.895061979999999757e-02 -6.468231930000000254e-04 2.943237690000000129e-02 8.817951460000000852e-03
4.657077079999999825e+01 6.470764149999999604e-02 6.271747339999999768e-03 -5.302071430000000057e-02 -8.483038849999999242e-03 2.409663780000000088e-02 -1.974822990000000070e-02
4.926827540000000027e+01 6.546447800000000650e-02 9.305437579999999154e-03 -5.019384760000000084e-02 -5.705043509999999617e-03 2.067461040000000139e-02 -3.194430700000000078e-03
5.195926920000000138e+01 6.141824679999999953e-02 6.152011300000000300e-03 -5.549823300000000098e-02 -3.517500540000000064e-02 -1.789613119999999965e-03 -4.562719949999999997e-02
5.467408170000000212e+01 5.498045690000000207e-02 5.799655069999999635e-03 -5.812896929999999962e-02 -5.952825590000000375e-03 -1.968249290000000096e-02 -5.798353609999999658e-02
5.738419890000000123e+01 6.185831509999999839e-02 8.382103959999999757e-03 -7.070459639999999990e-02 2.256841180000000030e-02 3.642252619999999941e-02 -1.015328709999999968e-01
6.007826920000000115e+01 6.037727410000000294e-02 1.511430430000000082e-02 -6.576010340000000565e-02 -4.376161160000000168e-03 7.273205579999999885e-03 -7.160613400000000184e-02
6.277821920000000233e+01 5.452286249999999806e-02 1.136476200000000047e-02 -6.832643750000000349e-02 -1.961564160000000070e-02 -2.286079220000000051e-02 -4.668717089999999820e-02
6.547625979999999402e+01 5.750587979999999960e-02 2.160920379999999984e-03 -6.402371540000000028e-02 -8.776340960000000163e-03 2.648226570000000030e-02 -2.022987210000000077e-02
6.817000830000000633e+01 5.708226920000000065e-02 1.356479309999999907e-03 -7.043813509999999334e-02 5.826040719999999937e-03 3.421599609999999986e-02 -1.027660160000000017e-01
7.086906919999999843e+01 5.785127920000000118e-02 1.067482259999999981e-02 -7.285992069999999710e-02 5.580741830000000327e-03 8.888667960000000282e-05 -6.056363659999999816e-02
7.357133790000000317e+01 6.197366829999999965e-02 7.360980799999999880e-03 -7.276765229999999918e-02 -4.648640960000000391e-03 8.142478979999999422e-03 -8.522604420000000347e-02
7.626626140000000476e+01 5.634098700000000209e-02 -6.833509740000000277e-03 -6.777344890000000510e-02 -1.007042470000000037e-02 -2.225469349999999874e-02 -4.355127789999999749e-02
7.896683950000000607e+01 5.128067089999999856e-02 -8.859702710000000314e-03 -5.964865300000000287e-02 -1.771383880000000025e-03 -8.553221349999999210e-03 -3.751509360000000043e-02
8.166135669999999891e+01 5.388567600000000041e-02 -4.897179930000000389e-03 -6.689632119999999738e-02 1.987561529999999979e-02 -3.854114000000000064e-03 -3.484323360000000230e-02
8.436311759999999538e+01 6.221659000000000217e-02 -7.932280039999999727e-03 -6.313080329999999629e-02 1.165034900000000082e-02 1.919407600000000089e-02 -3.671292830000000285e-02
8.706856919999999889e+01 6.656911729999999416e-02 -1.271976309999999985e-02 -6.263520979999999405e-02 -5.803172169999999859e-03 7.547811930000000377e-04 -4.546298299999999848e-02
8.975794569999999339e+01 5.794685000000000114e-02 -6.829082159999999568e-03 -6.801020859999999668e-02 -1.538725820000000008e-02 -4.749386769999999931e-03 -1.915096520000000163e-02
9.246300979999999470e+01 5.706906300000000321e-02 -4.773334909999999570e-03 -6.245022239999999808e-02 3.211069559999999920e-03 -1.032083479999999949e-02 -5.043911689999999726e-02
9.516083009999999831e+01 5.060108199999999862e-02 -8.705637610000000609e-03 -5.925951809999999848e-02 8.597645469999999970e-03 -6.380561529999999315e-02 -2.767795060000000085e-02
9.786561140000000591e+01 5.936129519999999715e-02 -1.580176269999999938e-02 -6.300560600000000566e-02 1.985681270000000040e-02 -6.846678829999999771e-02 2.819222609999999865e-03
1.005668359999999950e+02 5.553813390000000155e-02 -1.240472999999999923e-02 -7.171596719999999425e-02 3.615286079999999874e-02 -4.159667499999999962e-02 3.320163110000000101e-03
1.032754769999999951e+02 5.579641300000000304e-02 -2.408756319999999854e-02 -7.153363079999999763e-02 6.001922090000000320e-03 2.330992520000000137e-02 -5.225843839999999661e-04
1.059882900000000063e+02 5.278868409999999678e-02 -8.113655540000000443e-03 -6.745287830000000484e-02 2.239165380000000122e-02 -3.133801769999999820e-02 -4.664338999999999985e-02
1.086922579999999954e+02 5.699312930000000055e-02 -2.943181110000000003e-03 -5.901790900000000034e-02 -6.616256210000000075e-03 -3.551149940000000033e-02 1.348305080000000017e-02
1.113944929999999971e+02 6.274203230000000020e-02 8.923116289999999742e-03 -6.206836210000000326e-02 -3.294922909999999875e-03 -3.495946700000000101e-02 8.195641170000000225e-03
1.141047740000000061e+02 5.891284759999999843e-02 8.779781599999999728e-03 -5.599986440000000176e-02 -6.305342920000000032e-03 3.539053389999999993e-02 1.974354190000000148e-02
1.167937110000000018e+02 5.739279540000000179e-02 3.348699259999999948e-03 -5.525145470000000086e-02 -4.268607310000000225e-05 4.125393589999999666e-02 -3.500016680000000296e-02
1.195030710000000056e+02 6.390049520000000427e-02 6.685300739999999568e-03 -6.281125710000000362e-02 1.174596320000000083e-02 1.339227750000000078e-02 -3.102963109999999983e-02
1.222024930000000040e+02 6.676872350000000178e-02 1.176523729999999967e-03 -5.986956470000000252e-02 1.384788389999999994e-02 -5.959764430000000224e-03 -4.599163220000000024e-02
1.249058830000000029e+02 6.636051669999999680e-02 7.201773889999999768e-03 -7.127637529999999999e-02 2.063753750000000067e-02 1.381440620000000050e-02 -1.265692919999999999e-02
1.276043520000000058e+02 6.228553190000000322e-02 3.376378370000000014e-03 -6.638384579999999369e-02 1.273767509999999999e-02 -1.409329429999999980e-02 -2.441107259999999914e-03
1.303113679999999874e+02 6.464496919999999924e-02 5.318427080000000251e-03 -7.111006340000000647e-02 2.963729509999999887e-02 1.309659649999999915e-03 -3.931448910000000241e-02
1.330107109999999864e+02 5.830157550000000105e-02 3.363940240000000068e-03 -6.095372939999999656e-02 2.929688509999999954e-02 5.248281009999999913e-02 5.251743419999999746e-03
1.357225709999999879e+02 6.405683730000000242e-02 7.010939560000000251e-03 -4.503225820000000129e-02 3.814553039999999881e-03 2.515560869999999838e-02 -4.788727789999999880e-03
1.384180550000000096e+02 7.073540370000000466e-02 1.021817279999999960e-02 -3.689674359999999681e-02 -1.085157810000000021e-02 -7.982479710000000422e-03 -5.280150160000000176e-03
1.411129459999999938e+02 7.593799440000000012e-02 1.031639910000000000e-02 -4.939153720000000192e-02 -1.117812160000000027e-02 -4.348519070000000236e-02 -2.938786029999999883e-02
1.438082110000000000e+02 7.895180400000000043e-02 8.402802020000000802e-03 -5.222861289999999879e-02 4.443558830000000383e-03 -6.105943879999999740e-02 -2.529624379999999978e-02
1.465026330000000030e+02 7.463077499999999642e-02 9.448643709999999390e-03 -2.973821720000000002e-02 2.723558469999999912e-02 -1.593821499999999863e-02 5.552850039999999987e-02
1.492050859999999943e+02 7.390657239999999517e-02 2.953970760000000206e-03 -2.962968910000000119e-03 2.240049809999999919e-02 -5.645360569999999766e-03 3.537951109999999677e-02
1.519049139999999909e+02 7.022097089999999875e-02 4.506662350000000157e-03 1.165242149999999935e-02 -3.482596400000000092e-02 2.490941069999999882e-02 1.281755889999999960e-02
1.546108830000000012e+02 6.536556039999999457e-02 -2.181090310000000174e-03 4.246061059999999693e-02 -5.000557259999999921e-02 2.515211410000000257e-04 -4.099357979999999901e-02
1.573136489999999981e+02 6.861441879999999327e-02 -1.229579229999999907e-03 4.624661320000000159e-02 -6.573301639999999668e-02 -3.895224879999999862e-02 -4.676109099999999769e-02
1.600101490000000126e+02 7.225141170000000390e-02 3.019229049999999810e-03 5.311223579999999750e-02 -3.935706950000000121e-02 -2.615662079999999876e-02 9.563334620000000716e-03
1.627045400000000086e+02 7.172056079999999945e-02 2.817607069999999905e-03 5.190861769999999958e-02 -1.667870139999999991e-03 -1.238225670000000014e-02 1.361837739999999936e-02
1.654062270000000012e+02 6.448467950000000282e-02 -3.667013770000000176e-03 5.358701879999999695e-02 8.224627650000000201e-04 3.466991739999999989e-02 2.375332190000000072e-03
1.681055079999999862e+02 5.693781080000000216e-02 -1.923421970000000055e-03 6.385029170000000587e-02 3.544646849999999894e-03 2.267393209999999867e-02 9.796928559999999384e-03
1.707997269999999901e+02 5.877400540000000256e-02 -4.614419899999999686e-03 5.578022879999999795e-02 5.824660470000000284e-02 -1.264013479999999932e-02 1.711671149999999947e-02
1.735020079999999894e+02 7.024174900000000610e-02 5.106598960000000020e-04 5.993250089999999780e-02 -9.652817940000000749e-03 1.813984479999999899e-02 6.276659310000000380e-02
1.762050079999999923e+02 6.340325800000000400e-02 3.292272000000000167e-03 6.299870100000000417e-02 2.229227559999999789e-03 -1.003694060000000048e-02 1.976286500000000099e-02
1.789054610000000025e+02 6.146969420000000101e-02 6.933949009999999975e-03 6.343711189999999556e-02 -3.230995829999999680e-02 -2.297498829999999881e-02 -1.524897629999999969e-02
1.816146329999999978e+02 5.886338619999999938e-02 1.422638599999999929e-03 6.189661340000000150e-02 -4.446146210000000154e-02 2.584367220000000076e-02 5.150054419999999800e-02
1.843197739999999953e+02 6.242968640000000347e-02 2.877380149999999963e-03 6.521027669999999998e-02 -2.845573129999999853e-02 3.976470780000000010e-02 1.921453669999999975e-02
1.870245859999999993e+02 6.068970499999999657e-02 1.087104170000000036e-02 6.058527720000000255e-02 -4.255560490000000196e-02 7.768974300000000208e-03 4.960162919999999698e-02
1.897255859999999927e+02 6.361881379999999309e-02 -1.456313330000000078e-03 6.163945130000000189e-02 2.206005880000000072e-02 -8.574783590000000346e-04 3.301114009999999918e-03
1.924274609999999939e+02 5.679378739999999676e-02 -2.758729860000000162e-03 6.178944919999999896e-02 4.757738069999999792e-02 -6.263862599999999586e-03 8.773502319999999452e-03
1.951269299999999873e+02 5.975472529999999866e-02 -1.031257789999999973e-02 6.437286829999999682e-02 6.486641710000000394e-02 -2.181041480000000133e-03 1.325474429999999940e-02
1.978357900000000029e+02 5.748174429999999835e-02 -6.723013140000000214e-03 5.577599589999999996e-02 6.542142059999999683e-03 2.169314599999999996e-02 -1.086087030000000044e-02
2.005412110000000041e+02 6.253765810000000425e-02 -1.621184330000000062e-02 5.669696540000000035e-02 1.305500630000000105e-03 -2.022270090000000131e-02 -3.119520519999999936e-02
2.032449609999999893e+02 5.696349500000000288e-02 -9.909678369999999278e-03 5.178201109999999718e-02 -1.538544610000000014e-02 -1.213340679999999963e-02 -2.028558719999999996e-02
2.059381960000000049e+02 6.467149279999999389e-02 -1.343725890000000041e-02 5.751431430000000095e-02 1.178583220000000049e-02 1.563469640000000101e-03 8.762068140000000768e-03
2.086467739999999935e+02 6.471513230000000561e-02 -1.607573470000000018e-02 5.617211290000000135e-02 -2.370097919999999969e-02 -3.051297530000000174e-03 6.055450980000000186e-04
2.113308519999999930e+02 6.933515179999999445e-02 -1.446563910000000022e-02 4.430981070000000049e-02 -4.343605779999999868e-03 -2.843335630000000044e-02 8.502134329999999282e-03
2.140316019999999924e+02 6.497023520000000385e-02 -1.233925699999999931e-02 4.742020570000000240e-02 1.987572259999999952e-02 1.803847000000000089e-02 -5.286626959999999632e-03
2.167283050000000060e+02 6.384120140000000554e-02 -1.428711660000000008e-02 3.903049360000000051e-02 1.873875269999999982e-02 3.277695469999999944e-02 -1.837955009999999931e-02
2.194455550000000130e+02 6.783048549999999566e-02 -1.046059759999999964e-02 3.981263969999999930e-02 -6.837464679999999406e-02 -7.904831339999999693e-03 -3.383814770000000138e-02
2.221592430000000036e+02 7.272327160000000013e-02 -3.987369499999999893e-03 4.829255860000000039e-02 -9.467554979999999454e-02 -3.213672389999999712e-02 -1.973448519999999873e-02
2.248560709999999858e+02 6.832559890000000635e-02 2.620165450000000191e-03 5.038057869999999772e-02 -2.614195450000000170e-02 1.621720480000000031e-04 -1.246540190000000083e-02
2.275447900000000061e+02 6.151038970000000106e-02 5.978743840000000018e-03 5.700233949999999883e-02 3.731659009999999804e-02 4.171025700000000058e-02 1.119547819999999923e-02
2.302488989999999944e+02 6.094194859999999686e-02 5.839987999999999950e-03 5.765411720000000045e-02 1.487963429999999976e-02 1.814428109999999955e-02 1.180038569999999898e-03
2.329503990000000044e+02 5.885203299999999804e-02 7.782581799999999626e-03 6.004887069999999966e-02 -7.035175700000000087e-03 2.188799069999999847e-02 2.230941230000000122e-02
2.356532740000000103e+02 5.746676569999999845e-02 2.148250479999999803e-03 6.627151280000000144e-02 3.052340989999999948e-02 5.011553650000000193e-02 -1.104493309999999943e-02
2.383612430000000018e+02 5.568729070000000281e-02 -3.082119459999999814e-03 6.476577520000000032e-02 9.316484979999999430e-03 -9.955159249999999752e-04 -2.219503819999999947e-02
2.410621020000000101e+02 6.266633759999999664e-02 -3.472097559999999875e-03 7.051088430000000684e-02 -6.471318519999999866e-03 1.817711160000000034e-02 7.510746940000000149e-03
2.437586959999999863e+02 5.686850470000000268e-02 -4.471668279999999572e-03 6.074040709999999760e-02 3.410779180000000216e-02 1.752584139999999874e-02 6.223431000000000102e-02
2.464779770000000099e+02 5.453801120000000002e-02 -5.448300619999999796e-03 5.195395130000000222e-02 -1.880120019999999975e-02 -6.701883349999999961e-03 1.775678530000000116e-02
2.491777109999999880e+02 5.885676179999999730e-02 2.565059839999999855e-03 5.454261299999999674e-02 -4.639134679999999678e-02 -3.500771429999999934e-02 -3.026209670000000115e-03
2.518834300000000042e+02 5.532458829999999800e-02 -5.072096459999999793e-03 5.531367050000000202e-02 -3.505935090000000115e-02 -2.512216949999999949e-02 -1.809221520000000097e-02
2.545823519999999860e+02 5.487611369999999961e-02 -3.932694290000000176e-03 6.315567299999999551e-02 -5.534053679999999947e-02 1.209513909999999914e-02 2.737718930000000023e-02
2.572850859999999784e+02 6.334087200000000639e-02 -7.650012280000000053e-03 5.832223990000000302e-02 1.224686910000000011e-02 -1.300630510000000059e-02 1.172852840000000035e-02
2.599787430000000086e+02 5.849569500000000033e-02 -1.808983209999999930e-03 6.108970379999999895e-02 -4.876477099999999973e-04 7.130066380000000224e-03 1.279185329999999940e-02
2.626893360000000257e+02 5.190997160000000027e-02 -2.183990329999999785e-03 6.458469220000000177e-02 5.975965909999999583e-03 1.559238209999999972e-02 5.254274729999999782e-02
2.653849769999999921e+02 5.570452950000000236e-02 -2.480309449999999923e-03 5.997526329999999795e-02 -1.669762630000000067e-02 4.720785119999999779e-02 2.040842920000000144e-02
2.680752039999999852e+02 6.131556579999999923e-02 -6.681142800000000430e-03 5.943257300000000243e-02 -7.968359289999999220e-03 5.466909320000000287e-04 5.829094650000000294e-02
