# a=0.058922223539165534, b=-154.07751687609542, c=-0.0015347976244333894, xi=5.40561065125125
6.788422060000000036e-01 7.537724290000000216e-02 -6.671732290000000239e-03 4.299716440000000278e-02 9.246413709999999966e-03 -2.903023329999999957e-02 6.493482289999999435e-02
3.378792189999999973e+00 8.172556200000000159e-02 -1.140832410000000054e-02 2.245033340000000127e-02 5.930326920000000314e-03 1.460430080000000089e-03 5.638390320000000178e-02
6.070836250000000156e+00 8.419623219999999852e-02 -1.076671679999999937e-02 9.104297659999999875e-03 4.103584560000000112e-04 8.051439120000000033e-03 6.118275000000000102e-02
8.764353749999999721e+00 8.106640029999999386e-02 -1.896500859999999955e-02 1.286933139999999962e-03 6.811101260000000657e-02 -1.808012809999999873e-02 5.764114470000000073e-02
1.147018249999999995e+01 8.564244420000000080e-02 -2.078762610000000136e-02 -2.342600260000000066e-03 -7.097416980000000042e-03 -2.598650430000000108e-02 4.283456850000000316e-02
1.417029810000000012e+01 8.318797990000000031e-02 -2.858663259999999831e-02 -2.607540330000000101e-02 5.386080929999999961e-02 -4.808130619999999994e-03 1.053646010000000056e-02
1.686411839999999884e+01 7.398807720000000199e-02 -2.068567439999999952e-02 -3.424163999999999680e-02 1.086642810000000049e-02 -6.033109239999999950e-03 2.496649180000000065e-02
1.957905750000000111e+01 7.203463620000000178e-02 -1.754732009999999953e-02 -4.045000139999999772e-02 4.535959500000000255e-02 -8.246291710000000844e-03 -4.525089439999999824e-02
2.227252000000000010e+01 6.835949519999999502e-02 -1.115427750000000037e-02 -3.781967590000000212e-02 -1.830712030000000018e-02 2.514008740000000033e-02 -5.437110480000000023e-03
2.497984810000000166e+01 6.709658579999999706e-02 -1.187122210000000032e-02 -4.184220849999999853e-02 2.068381050000000013e-02 9.079524530000000759e-03 2.463750949999999901e-03
2.768641840000000087e+01 5.856992140000000235e-02 -1.095747430000000057e-02 -4.788414290000000267e-02 -3.657912690000000161e-02 1.514593839999999955e-02 -1.896142140000000101e-02
3.038934190000000157e+01 6.017934350000000293e-02 -2.017117530000000179e-03 -4.543990149999999756e-02 -1.803653529999999991e-02 -9.815064340000000456e-03 8.475761030000000806e-03
3.308912310000000190e+01 7.130048660000000427e-02 -7.032812309999999893e-03 -5.208071940000000288e-02 1.118423080000000014e-03 6.404163150000000311e-03 -2.760039790000000035e-02
3.578367779999999954e+01 6.908899849999999843e-02 -2.458447319999999912e-03 -6.983303520000000431e-02 2.732769950000000017e-02 -1.959755850000000077e-02 -2.808315980000000017e-02
3.848837309999999690e+01 6.329590270000000352e-02 -2.834104259999999879e-03 -6.677778410000000109e-02 3.350157200000000030e-02 -2.816790770000000138e-02 -1.271800489999999964e-02
4.119945750000000118e+01 5.846741619999999695e-02 8.273851459999999932e-04 -6.163819040000000082e-02 -4.179034639999999745e-02 -7.947866800000000231e-02 -4.255786190000000052e-02
4.389355590000000262e+01 5.383575659999999957e-02 -4.848010160000000048e-03 -6.412369689999999900e-02 -3.173309390000000202e-02 -4.119216020000000117e-02 1.804613880000000004e-02
4.659935130000000214e+01 5.853446989999999683e-02 8.178731039999999688e-03 -5.750938530000000021e-02 -4.016158820000000074e-02 -1.712986319999999915e-03 7.132440020000000228e-03
4.928604339999999695e+01 5.413861050000000341e-02 3.150360850000000126e-03 -5.437471080000000345e-02 -1.836957620000000081e-03 -3.652552779999999888e-02 1.788525679999999896e-02
5.199198719999999696e+01 5.608032460000000191e-02 4.041580159999999707e-03 -6.232142479999999707e-02 1.391480470000000004e-02 1.958581239999999946e-02 -5.158757789999999805e-04
5.469105909999999682e+01 5.561687509999999751e-02 3.728740580000000204e-03 -6.298576250000000043e-02 -2.965094470000000093e-02 -1.552378689999999936e-02 -8.930048689999999303e-03
5.739651059999999916e+01 6.001960299999999776e-02 2.762011520000000071e-03 -6.771380779999999766e-02 -1.706224610000000100e-02 -2.349133360000000073e-03 -5.806364730000000002e-02
6.008971840000000242e+01 6.035820809999999786e-02 5.177425010000000216e-03 -6.444748129999999797e-02 -2.273270819999999998e-02 4.842245879999999836e-02 -7.839923899999999557e-02
6.278746840000000162e+01 6.641068569999999949e-02 3.080750499999999892e-03 -5.778486439999999669e-02 -1.233935509999999937e-02 -2.122840979999999957e-03 -5.358757360000000053e-02
6.548152159999999355e+01 6.379589250000000655e-02 8.527323550000000252e-03 -5.428667830000000194e-02 -4.080128610000000045e-02 -1.056393100000000036e-02 -3.075189009999999834e-02
6.818172939999999471e+01 6.505401969999999312e-02 1.517914509999999939e-02 -5.061527789999999832e-02 -2.094246030000000008e-02 -1.117331300000000069e-02 -1.854018370000000068e-02
7.087288250000000289e+01 7.316315860000000004e-02 1.764980619999999972e-02 -4.503496650000000240e-02 -1.009527240000000076e-02 1.728535120000000008e-02 -8.959326700000000768e-03
7.356658410000000003e+01 6.931229849999999415e-02 1.630647689999999844e-02 -4.609942570000000184e-02 1.819542949999999881e-02 1.615895930000000105e-02 -2.163374419999999909e-02
7.625352630000000431e+01 6.715893620000000508e-02 7.638510490000000042e-03 -5.087429589999999807e-02 4.672899240000000232e-02 4.830989799999999695e-02 1.232245470000000072e-02
7.895494189999999435e+01 6.262255279999999480e-02 1.671359320000000148e-02 -5.518931030000000237e-02 1.274536149999999993e-02 -2.446208899999999936e-02 -5.027596849999999701e-03
8.166238719999999773e+01 6.928333509999999584e-02 2.192743869999999942e-02 -5.388035160000000101e-02 -5.506393499999999788e-03 1.862410859999999923e-03 -2.772898630000000114e-02
8.435916840000000150e+01 5.821374230000000288e-02 1.524399060000000000e-02 -6.395739290000000687e-02 1.969556180000000059e-02 -2.730213189999999845e-02 1.995035300000000053e-02
8.707591220000000476e+01 6.139862850000000344e-02 1.155253659999999974e-02 -6.436996700000000016e-02 1.800631230000000055e-02 -9.669308399999999859e-03 -4.558983590000000204e-03
8.976396689999999978e+01 5.400042249999999905e-02 1.206254109999999914e-02 -6.200355800000000028e-02 6.799137199999999437e-02 3.582126840000000173e-02 -1.474871910000000001e-02
9.247350280000000566e+01 5.526243869999999947e-02 7.878422790000000689e-03 -5.678116159999999774e-02 2.246310730000000006e-02 2.250839249999999833e-02 -3.050604050000000136e-02
9.517255120000000090e+01 5.515743359999999984e-02 5.856570690000000023e-03 -6.785838680000000345e-02 2.930677419999999991e-02 -1.036160919999999999e-02 -2.946850109999999898e-02
9.788048870000000079e+01 5.734677309999999806e-02 4.145252959999999945e-03 -7.208838530000000189e-02 3.390394320000000156e-02 -5.156624349999999746e-03 -4.312443550000000236e-02
1.005856390000000005e+02 4.438801619999999809e-02 1.575895509999999944e-02 -7.062013960000000645e-02 2.779441410000000126e-02 -3.470023789999999997e-02 -1.231082439999999986e-02
1.032938889999999930e+02 5.059338570000000007e-02 1.574742540000000079e-02 -6.550794999999999535e-02 1.973845119999999981e-02 -2.152602080000000015e-02 3.828213180000000163e-03
1.060039040000000057e+02 5.153009029999999768e-02 1.094247119999999969e-02 -6.753142920000000660e-02 -1.724360590000000026e-02 -1.126503189999999988e-02 2.455216910000000002e-02
1.087082170000000048e+02 5.732769509999999930e-02 6.886120519999999572e-03 -5.573740110000000025e-02 -2.669302939999999846e-02 4.699458859999999794e-02 2.521144889999999902e-02
1.114002009999999956e+02 5.204960589999999693e-02 1.527290880000000024e-02 -6.219425230000000249e-02 2.680296370000000150e-02 7.200296189999999541e-02 -3.578700239999999672e-02
1.141117480000000057e+02 5.458703799999999745e-02 7.150439019999999674e-03 -6.914692860000000441e-02 2.448283110000000137e-02 1.355835359999999976e-02 -2.543559210000000126e-02
1.168196860000000044e+02 5.636966780000000204e-02 8.230252110000000829e-03 -6.058045310000000072e-02 6.948252159999999955e-02 3.070014849999999976e-02 -2.199491259999999948e-02
1.195212479999999999e+02 6.405427149999999570e-02 2.770265669999999979e-03 -6.165960689999999689e-02 4.613977069999999903e-02 5.100540089999999749e-02 3.255869959999999758e-02
1.222156540000000007e+02 6.312371719999999853e-02 6.381705159999999898e-03 -6.146381079999999747e-02 7.541629549999999405e-02 4.869443680000000094e-03 5.189673110000000283e-02
1.249184039999999953e+02 5.356844160000000243e-02 6.142921449999999908e-03 -6.431378690000000287e-02 6.706144790000000133e-03 9.671723400000000262e-03 -9.921151749999999186e-03
1.276233260000000058e+02 5.074495939999999761e-02 7.924429809999999560e-04 -7.046055930000000300e-02 8.467260589999999268e-03 -3.894476520000000191e-02 -1.170920859999999980e-02
1.303147950000000037e+02 4.078528220000000176e-02 -1.967253070000000124e-03 -7.720586120000000330e-02 -4.597401969999999685e-03 6.420493299999999876e-03 4.308930429999999895e-02
1.330127170000000092e+02 4.841281260000000058e-02 -9.675456000000000681e-03 -5.855479630000000324e-02 2.348809350000000129e-02 3.112383629999999901e-02 3.833759300000000314e-02
1.357061070000000029e+02 4.589033809999999713e-02 3.094997280000000121e-03 -5.365685519999999903e-02 -1.073630390000000073e-02 3.392403509999999955e-02 5.346883539999999768e-02
1.384016389999999888e+02 5.335882749999999730e-02 3.826896760000000203e-03 -5.772205379999999914e-02 -2.607793040000000104e-02 -8.303966930000000052e-03 3.765485589999999910e-02
1.411148110000000031e+02 5.819636040000000093e-02 -5.924502350000000230e-03 -5.696239119999999684e-02 -2.898707489999999970e-02 -5.569097700000000262e-02 -9.738233000000000653e-03
1.437977950000000078e+02 6.042252780000000045e-02 4.688905769999999681e-03 -5.810750759999999682e-02 1.842288690000000104e-02 -5.195198649999999835e-02 -4.098355940000000287e-03
1.465036230000000046e+02 6.993715220000000510e-02 8.356107530000000255e-03 -4.206310700000000236e-02 -5.651910369999999829e-03 6.398222490000000061e-03 -1.270066230000000025e-02
1.491958419999999990e+02 7.568953800000000065e-02 1.405718379999999941e-02 -4.054926030000000070e-02 -2.446178439999999871e-02 1.469482870000000073e-02 -7.929029660000000423e-02
1.518880450000000053e+02 7.964358500000000285e-02 1.818347719999999917e-02 -2.422242080000000172e-02 -2.699508519999999859e-03 -1.435918350000000079e-02 9.328463239999999421e-03
1.545811699999999860e+02 7.656730809999999499e-02 2.082027809999999896e-02 -5.062553729999999703e-03 -1.156979420000000050e-02 7.864005079999999981e-03 -1.102965139999999983e-02
1.572835609999999917e+02 6.379779630000000090e-02 1.716886020000000027e-02 3.232455199999999945e-02 -1.377752139999999931e-02 2.936370259999999954e-02 -1.299467219999999971e-02
1.599735139999999944e+02 6.142400519999999947e-02 1.514133150000000066e-02 4.852160700000000132e-02 -1.805014129999999925e-02 -2.694752530000000049e-02 -7.046373709999999638e-03
1.626833579999999984e+02 6.188831200000000088e-02 5.774096480000000080e-03 5.603853859999999992e-02 -1.781566899999999926e-02 -1.393093100000000056e-02 -3.636010790000000076e-02
1.653888579999999990e+02 5.400064570000000230e-02 7.801651409999999821e-03 7.305352119999999894e-02 3.482285490000000105e-03 -1.333441439999999943e-02 -5.870989239999999977e-03
1.680945609999999988e+02 5.624500689999999831e-02 6.322260030000000433e-03 6.541669999999999430e-02 1.327377669999999996e-02 -1.818903220000000001e-02 -6.285099120000000109e-04
1.708075450000000046e+02 4.759194070000000165e-02 7.961358700000000649e-03 6.403751709999999653e-02 4.037198349999999991e-02 1.144721639999999978e-02 1.747180890000000000e-02
1.734998730000000080e+02 5.044848059999999801e-02 3.214784029999999924e-03 6.461376530000000062e-02 9.274234980000000544e-03 3.088864399999999982e-02 1.141703099999999936e-02
1.762165290000000084e+02 5.549357299999999743e-02 6.739621860000000360e-03 6.915500480000000283e-02 2.164704159999999988e-02 -5.316898560000000301e-02 3.598471210000000337e-02
1.789054509999999993e+02 6.302240330000000168e-02 6.439113029999999661e-03 5.956625489999999717e-02 -1.511098949999999976e-02 2.109017089999999997e-02 3.553416520000000217e-02
1.816064360000000022e+02 5.635796080000000235e-02 4.741634340000000156e-03 5.830607239999999886e-02 7.925187199999999405e-03 2.804117500000000152e-02 3.571129969999999737e-02
1.843036700000000110e+02 5.642927920000000153e-02 1.078619540000000073e-03 6.038364129999999885e-02 3.329780520000000243e-02 5.339717489999999678e-02 2.165761459999999972e-02
1.870135760000000005e+02 4.944747470000000061e-02 -2.702686440000000236e-04 5.871307249999999783e-02 1.656022940000000110e-02 5.875498639999999877e-03 -7.397282810000000049e-03
1.897201389999999890e+02 5.611884760000000055e-02 8.526861269999999951e-03 5.975276659999999990e-02 3.610556510000000052e-02 7.948904119999999213e-03 2.934742339999999935e-02
1.924207949999999983e+02 6.593162830000000307e-02 1.765650770000000078e-03 6.069290769999999974e-02 3.409297450000000197e-04 4.129982840000000210e-02 3.645381999999999789e-02
1.951256539999999973e+02 6.376326320000000325e-02 -3.542744349999999917e-03 5.458555610000000169e-02 2.450859710000000136e-02 -4.592830920000000121e-04 1.624798270000000003e-02
1.978231539999999882e+02 6.675653680000000201e-02 7.129036719999999779e-03 4.571193429999999974e-02 -1.620597309999999942e-03 -2.632356430000000209e-03 -3.549909630000000049e-03
2.005273259999999880e+02 6.646000990000000552e-02 -2.745148360000000069e-03 4.611620210000000331e-02 9.011590400000000015e-03 5.269887549999999893e-02 4.639555389999999724e-02
2.032190139999999872e+02 6.749841789999999619e-02 7.055471039999999631e-03 4.592464610000000086e-02 -1.293323639999999913e-02 2.098966390000000029e-02 1.001493749999999953e-02
2.059331080000000043e+02 6.231841960000000097e-02 1.789062869999999894e-03 4.668665489999999918e-02 1.292181209999999913e-02 -2.355293320000000079e-02 5.093781040000000190e-04
2.086382790000000114e+02 6.375980119999999363e-02 9.165322800000000325e-03 4.613283199999999862e-02 -1.596749360000000034e-02 -1.791055830000000057e-02 7.730810309999999914e-03
2.113376230000000078e+02 6.507043360000000498e-02 4.105224170000000387e-03 5.377311989999999930e-02 -1.221214789999999946e-02 -4.130873630000000268e-02 4.975188090000000340e-02
2.140363890000000140e+02 6.598689470000000667e-02 -4.274159119999999985e-03 5.394552090000000188e-02 -1.883556730000000108e-03 -2.991425010000000120e-02 4.234077910000000333e-02
2.167387640000000033e+02 5.972566950000000180e-02 8.952887289999999360e-03 5.587855729999999937e-02 -8.561097019999999854e-04 -4.325078429999999752e-02 1.143562600000000082e-02
2.194417009999999948e+02 6.549517800000000112e-02 6.402986569999999725e-03 5.798596949999999806e-02 7.979397710000000685e-03 -4.003579770000000038e-02 2.282700480000000171e-02
2.221326540000000023e+02 6.991708720000000543e-02 -3.865849550000000166e-03 5.734071109999999694e-02 -1.129223069999999926e-02 -1.663968399999999834e-02 7.206726699999999909e-03
2.248382640000000094e+02 6.453803599999999308e-02 4.519103350000000345e-03 5.652083740000000273e-02 -1.176244939999999961e-02 2.956587810000000163e-02 3.362491580000000202e-02
2.275259670000000085e+02 6.067064540000000061e-02 1.546316799999999936e-02 5.641029489999999785e-02 -1.245015940000000071e-02 -3.881472489999999997e-02 2.069294769999999867e-02
2.302179360000000088e+02 5.637722919999999666e-02 1.620487379999999838e-02 6.210033849999999772e-02 -1.703407750000000137e-02 -5.316368089999999776e-03 2.924274179999999945e-02
2.329183730000000025e+02 6.661146710000000193e-02 -9.674340079999999486e-04 5.563511349999999966e-02 -2.481877119999999909e-02 -6.565834060000000361e-02 -1.289571630000000031e-02
2.356171699999999873e+02 7.294307429999999370e-02 -6.806508690000000021e-03 6.092793879999999773e-02 -1.808804019999999887e-02 -4.952892820000000251e-02 -2.022825040000000071e-03
2.383134039999999914e+02 7.464353029999999667e-02 -3.298308040000000069e-03 5.131432209999999688e-02 -1.885433029999999954e-02 -7.200065480000000101e-03 9.270828720000000647e-03
2.410144359999999892e+02 7.120536080000000601e-02 -8.273096739999999394e-03 4.496546609999999694e-02 1.314066800000000075e-03 2.538023979999999916e-02 -2.314181790000000016e-02
2.437040450000000078e+02 6.975008550000000307e-02 5.625819609999999950e-03 5.370678470000000287e-02 -2.085793199999999917e-03 -2.178519950000000135e-02 1.778317919999999972e-03
2.464063260000000071e+02 5.310711619999999855e-02 3.547104660000000107e-03 5.585627309999999929e-02 1.163173430000000001e-02 -6.135530110000000361e-04 5.903268469999999567e-03
2.491081389999999942e+02 5.566475230000000191e-02 5.354675570000000037e-03 5.844309100000000257e-02 -8.556751560000000825e-03 -2.882267770000000034e-02 5.956857439999999754e-02
2.517981699999999989e+02 5.352729920000000308e-02 -4.514334600000000043e-04 6.110047849999999947e-02 -1.343874400000000073e-02 -3.409910690000000216e-02 2.952077779999999832e-02
2.545091229999999882e+02 5.441380070000000069e-02 -6.226050179999999615e-03 5.854351929999999926e-02 1.991667050000000064e-02 -4.742383670000000113e-03 7.866348599999999558e-04
2.572155139999999847e+02 6.266465050000000203e-02 -3.729477960000000206e-03 6.464426930000000127e-02 2.566573360000000067e-02 -3.627173510000000073e-02 1.623614339999999989e-02
2.599233110000000124e+02 5.145733699999999883e-02 -3.860374049999999984e-03 5.804438779999999964e-02 9.470723309999999964e-03 1.357938290000000083e-02 -2.972665560000000134e-03
2.626264199999999960e+02 5.545310500000000253e-02 -7.646904060000000135e-03 6.330817639999999913e-02 -2.001201690000000040e-03 3.150412009999999791e-02 2.435822710000000099e-02
2.653300760000000196e+02 6.294662469999999510e-02 -8.279714829999999803e-03 5.277031330000000325e-02 -1.364440350000000086e-03 -5.132508329999999584e-03 4.159920549999999995e-02
2.680229529999999727e+02 6.850974310000000622e-02 -1.621655340000000001e-02 4.717858610000000286e-02 7.680373180000000036e-03 7.517238520000000396e-03 5.848422920000000136e-02
