# a=0.06519893903306369, b=-156.50337272198783, c=0.003090435945493515, xi=10.794515442130873
6.816244509999999934e+01 5.904596220000000312e-02 4.365374279999999739e-03 -5.634015619999999808e-02 3.933323999999999848e-02 7.589727719999999830e-03 4.167966470000000062e-02
7.085965910000000179e+01 5.643795289999999770e-02 2.820480550000000180e-03 -6.633346399999999476e-02 -5.199622200000000166e-03 -1.853633869999999836e-02 7.019769430000000199e-02
7.355840759999999534e+01 5.727387710000000215e-02 7.831266070000000509e-03 -7.207000149999999439e-02 3.985237819999999653e-02 -9.463336049999999944e-03 5.938165780000000116e-02
7.624844040000000689e+01 5.119981889999999924e-02 1.127717180000000017e-03 -7.181096979999999907e-02 3.809497779999999889e-02 -2.305110299999999987e-02 3.592650389999999666e-02
7.896437790000000234e+01 5.314495720000000228e-02 -1.894757450000000105e-03 -7.096213960000000154e-02 -1.523824220000000000e-02 2.115764519999999843e-02 -2.504884320000000039e-02
8.166335759999999766e+01 6.351980610000000638e-02 1.703145670000000072e-04 -6.659242769999999811e-02 9.772683230000000706e-03 -1.433915799999999942e-02 2.698351909999999881e-02
8.436433569999999804e+01 6.641685190000000405e-02 4.296870389999999686e-03 -5.531962590000000235e-02 2.156630630000000090e-02 -4.392642829999999707e-03 3.123237909999999895e-02
8.705746849999999881e+01 6.065758129999999915e-02 4.726538209999999775e-03 -6.050071060000000028e-02 5.083879160000000230e-02 1.193736419999999986e-02 2.663480520000000018e-02
8.976644199999999785e+01 4.930735669999999904e-02 1.561747430000000065e-03 -5.630653189999999808e-02 1.516839040000000048e-02 1.494635310000000080e-03 2.794009469999999851e-05
9.246981700000000615e+01 5.158490460000000194e-02 -4.733931989999999763e-03 -6.529289339999999608e-02 -6.609771950000000069e-03 -1.039112860000000055e-03 -3.250302249999999921e-02
9.517280449999999803e+01 6.014867890000000217e-02 9.596706099999999804e-04 -6.080585890000000243e-02 -1.744288670000000013e-02 -2.211309789999999983e-02 -8.946167180000000677e-03
9.787130759999999441e+01 6.557356799999999875e-02 -4.901315869999999832e-03 -6.201960320000000221e-02 -3.643271320000000119e-02 2.164157690000000165e-03 -5.150766130000000026e-02
1.005684420000000046e+02 5.886311689999999819e-02 -3.234511560000000174e-03 -6.047128660000000017e-02 1.025814390000000069e-02 -5.601883109999999770e-03 -8.014168739999999458e-02
1.032699259999999981e+02 6.592515509999999357e-02 -1.153909529999999975e-02 -5.967297519999999883e-02 3.084042659999999911e-03 -7.653189890000000259e-03 -9.479065039999999553e-02
1.059821450000000027e+02 7.150461260000000319e-02 1.947183880000000070e-03 -6.618198499999999873e-02 7.477997590000000361e-03 -2.467888730000000058e-02 -6.518180349999999623e-02
1.086796920000000028e+02 7.334341299999999619e-02 -2.599106409999999995e-03 -5.618470860000000094e-02 6.746067890000000122e-02 -2.906527799999999995e-02 -2.334570929999999975e-02
1.113848009999999960e+02 5.494950450000000292e-02 1.930300490000000022e-03 -6.067535029999999996e-02 3.434809660000000264e-02 -2.738498840000000087e-02 4.426478420000000240e-03
1.140944259999999986e+02 6.133639590000000003e-02 -8.011818539999999988e-03 -5.898976959999999853e-02 1.550845759999999914e-02 -1.240118639999999994e-02 -2.275648690000000099e-02
1.167872540000000043e+02 5.619172940000000116e-02 -3.377006190000000213e-03 -6.588517650000000336e-02 1.769135260000000154e-02 -4.289871380000000178e-02 -3.388534509999999861e-02
1.194855510000000010e+02 5.980959820000000121e-02 -7.638712649999999764e-03 -6.662502439999999637e-02 1.516547440000000010e-02 -2.261264220000000144e-02 -2.893304240000000097e-02
1.221969420000000071e+02 5.580546659999999909e-02 -9.450115820000000444e-03 -6.434401650000000361e-02 2.237458329999999877e-03 -7.971794140000000237e-03 -3.239565080000000180e-02
1.249012859999999989e+02 5.337792269999999673e-02 -1.026625029999999987e-02 -6.397138889999999523e-02 7.963468390000000632e-03 -3.549043820000000182e-02 -5.234652179999999683e-02
1.276099420000000038e+02 6.453939140000000685e-02 -1.029673299999999932e-03 -6.491240030000000605e-02 3.914126279999999986e-02 -3.163512820000000114e-02 -3.438542120000000202e-02
1.302978640000000041e+02 6.498855739999999381e-02 -6.770063300000000528e-04 -5.452419590000000260e-02 5.808031030000000011e-02 1.128786220000000014e-02 -4.068916019999999772e-02
1.330099730000000022e+02 7.006629039999999475e-02 2.608262709999999845e-03 -6.049034250000000223e-02 7.198329409999999935e-03 2.797849629999999907e-02 4.000106599999999788e-04
1.357009580000000142e+02 6.578401250000000255e-02 1.503501410000000066e-03 -4.959467260000000044e-02 4.020864500000000119e-02 -3.772882159999999875e-04 1.155789950000000055e-03
1.384046449999999879e+02 7.139321060000000663e-02 -1.896646930000000066e-03 -5.179958870000000298e-02 4.792144029999999971e-02 -8.197038979999999794e-03 -2.019181969999999868e-02
1.411020200000000102e+02 7.116366570000000336e-02 1.276626510000000020e-03 -5.270838619999999863e-02 5.788669059999999866e-02 -1.885046149999999865e-02 -1.793349779999999991e-02
1.438011290000000031e+02 6.833010359999999728e-02 6.857076020000000063e-03 -4.752271050000000246e-02 2.362433489999999844e-02 -2.052445119999999831e-02 -6.395279610000000406e-03
1.465020360000000039e+02 7.284101639999999989e-02 5.013132000000000005e-03 -4.008071409999999779e-02 -1.681845079999999895e-02 -1.429619690000000047e-02 -4.365386710000000031e-02
1.492058639999999912e+02 7.091757710000000381e-02 4.866380570000000336e-03 -3.599788909999999953e-02 -1.933868539999999969e-02 3.741139109999999657e-02 -1.029628569999999944e-02
1.518973479999999938e+02 7.435669809999999325e-02 5.796592550000000121e-03 -2.498897029999999977e-02 -7.990400190000000041e-03 3.217663309999999749e-02 2.308109200000000097e-02
1.546021609999999953e+02 7.405294319999999875e-02 3.928224919999999919e-03 -1.513792710000000027e-02 -1.403859950000000030e-02 2.408825690000000047e-02 -2.435454230000000039e-02
1.573095360000000085e+02 7.582917359999999385e-02 -5.193903209999999743e-03 5.146611310000000217e-03 -5.151991869999999855e-03 4.804672539999999686e-02 -3.179333000000000159e-02
1.599965039999999874e+02 7.878901680000000018e-02 -1.606841289999999881e-02 1.941499680000000061e-02 -2.051453129999999958e-02 3.918707300000000282e-02 2.033830890000000099e-02
1.627060510000000022e+02 6.879888469999999312e-02 -1.793271629999999839e-02 4.379244029999999899e-02 -7.632228649999999587e-03 -6.663702890000000427e-03 4.404521649999999788e-02
1.653931609999999921e+02 6.471254419999999952e-02 -9.991951429999999801e-03 5.668812520000000160e-02 -3.613055309999999715e-02 6.797814999999999587e-03 5.117488740000000064e-02
1.681003330000000062e+02 6.777487529999999538e-02 -1.432693950000000008e-02 5.829985299999999870e-02 -3.740700520000000279e-02 8.896310949999999829e-03 3.281548530000000241e-02
1.708043010000000095e+02 6.718324840000000631e-02 -9.469385029999999315e-03 5.636593129999999813e-02 -2.083507559999999911e-02 6.823988670000000201e-02 2.003660679999999875e-02
1.735043640000000096e+02 7.088732359999999622e-02 -5.085852179999999795e-04 6.463231110000000612e-02 -7.811414340000000407e-03 -2.493209450000000160e-02 3.140382270000000031e-02
1.761981920000000059e+02 7.023282810000000542e-02 1.381620100000000104e-04 5.900788929999999793e-02 -2.931787349999999837e-03 1.526775360000000043e-03 2.446556509999999948e-02
1.788927860000000010e+02 6.227121179999999673e-02 -3.637605390000000095e-03 5.544428020000000124e-02 -1.002145290000000001e-02 -4.420808009999999989e-03 2.764129460000000135e-02
1.815952080000000137e+02 5.605059400000000219e-02 -2.810106729999999834e-03 6.708238380000000611e-02 1.950301340000000147e-02 9.518311740000000298e-03 2.838218409999999914e-02
1.842981760000000122e+02 5.638645879999999722e-02 1.259049100000000053e-02 7.172490400000000599e-02 -1.068223579999999940e-03 -3.076626099999999961e-02 4.836571080000000300e-02
1.870097859999999912e+02 5.795563150000000024e-02 3.806955400000000024e-03 7.072066239999999504e-02 -3.328926900000000154e-03 -1.174696239999999982e-02 5.696622409999999720e-02
1.897180360000000121e+02 5.425084430000000346e-02 4.541217910000000003e-03 7.568742320000000634e-02 1.668802869999999952e-02 1.808360770000000048e-02 1.615690239999999916e-02
1.924161290000000122e+02 5.544823520000000117e-02 1.091456870000000016e-02 7.130112560000000099e-02 -2.562825769999999871e-03 -4.450860499999999970e-02 3.016216119999999903e-02
1.951197229999999934e+02 6.253979739999999954e-02 1.010274090000000098e-03 6.518044300000000457e-02 -1.846148499999999970e-02 -2.211365059999999966e-02 2.190734180000000059e-02
1.978222230000000081e+02 6.667186199999999840e-02 1.512088840000000087e-03 6.383401830000000332e-02 -1.218739760000000019e-02 -2.537705889999999909e-02 1.027611470000000006e-02
2.005280980000000000e+02 6.548176390000000346e-02 1.117890420000000086e-02 6.555332549999999536e-02 -2.134391470000000096e-03 -1.989600069999999943e-02 -5.966050760000000258e-02
