# a=0.06089944014275222, b=-134.14630842252632, c=0.005280357490584209, xi=11.50869291696681
6.738872200000000090e-01 6.835314160000000028e-02 -4.991834720000000274e-03 6.346130440000000150e-02 -2.370251760000000041e-02 -5.783667049999999948e-03 5.020213629999999844e-02
3.371172329999999828e+00 6.997362890000000113e-02 -1.298372570000000045e-02 6.390536249999999308e-02 -1.983752719999999983e-02 -5.076018699999999828e-02 6.356755969999999811e-02
6.079785919999999955e+00 8.055359080000000505e-02 -1.356476669999999961e-02 4.167439710000000325e-02 -3.776334440000000264e-02 -2.555253819999999884e-02 2.823300730000000147e-02
8.774713260000000403e+00 8.545852650000000661e-02 -1.515182890000000074e-02 1.827803479999999883e-02 9.375034920000000632e-03 -8.808355619999999608e-03 5.443066039999999717e-02
1.145902049999999939e+01 8.556977490000000630e-02 -9.022027179999999452e-03 1.131350849999999963e-02 4.535835399999999656e-02 7.119980649999999717e-03 5.643189480000000008e-02
1.415762510000000063e+01 8.446166580000000201e-02 -5.000869760000000233e-03 -1.256427090000000052e-02 3.033308590000000082e-02 1.566778419999999977e-02 2.142968589999999854e-02
1.684836419999999890e+01 8.368779060000000602e-02 -6.949605959999999825e-03 -3.127874430000000122e-02 -1.675426370000000081e-02 2.450445249999999922e-02 5.290520420000000001e-02
1.954423290000000080e+01 8.682862970000000680e-02 -1.482510280000000000e-03 -4.071222940000000096e-02 1.728128719999999854e-02 -3.167856259999999756e-04 5.613603069999999716e-03
2.223861420000000066e+01 7.636390799999999424e-02 -1.635119740000000061e-03 -4.074902379999999907e-02 -1.683857320000000171e-02 -9.981687479999999321e-03 5.005585289999999604e-03
2.494165639999999939e+01 6.797262260000000444e-02 1.031252550000000051e-03 -5.178843679999999700e-02 -1.429648919999999997e-02 2.499775579999999938e-03 -1.063095870000000005e-02
2.765997829999999880e+01 5.656698460000000178e-02 -3.957058430000000130e-05 -5.546510360000000278e-02 1.265027470000000022e-02 -1.218741140000000056e-02 -5.247902620000000073e-02
3.036662510000000026e+01 5.785176589999999758e-02 5.066608640000000267e-03 -6.178517950000000231e-02 -5.713557040000000024e-03 -1.306414740000000005e-02 -1.877523349999999855e-02
3.306662200000000240e+01 6.666970329999999390e-02 8.051971539999999358e-03 -6.091764000000000207e-02 3.113642679999999857e-02 -1.711894090000000077e-02 3.429665949999999991e-02
3.577038759999999940e+01 5.760110160000000284e-02 6.391803110000000149e-03 -6.320306119999999361e-02 9.404394289999999657e-03 -1.286009070000000004e-03 5.133261509999999771e-03
3.847398760000000095e+01 5.329180979999999929e-02 5.372096649999999821e-03 -5.808181899999999981e-02 9.207677779999999534e-03 -2.184276320000000035e-02 -5.782595639999999794e-03
4.117046260000000046e+01 4.513174130000000006e-02 1.256574109999999966e-02 -5.977373799999999987e-02 -2.126173489999999902e-02 -7.464264990000000349e-03 4.345338479999999947e-04
4.388135640000000137e+01 3.889206860000000293e-02 2.356933670000000217e-03 -6.796496729999999820e-02 -1.096524179999999911e-03 2.632688810000000101e-02 -1.426286149999999968e-02
4.658831729999999993e+01 3.658314070000000251e-02 2.875561809999999802e-03 -5.858822319999999750e-02 -2.826778679999999988e-02 -1.462335950000000044e-02 -6.657344389999999461e-04
4.928719540000000165e+01 4.563218410000000058e-02 -4.601145350000000397e-03 -5.612608849999999733e-02 4.650259720000000235e-02 5.266035799999999739e-02 -4.736701109999999840e-03
5.199816890000000313e+01 4.729701110000000125e-02 -7.684899519999999901e-03 -5.695604220000000106e-02 -1.473888060000000041e-02 7.325525930000000019e-03 -6.004870670000000271e-02
5.470266110000000026e+01 6.125599649999999979e-02 -3.378626159999999819e-03 -5.892957940000000117e-02 -1.993212369999999845e-02 -8.593063749999999348e-03 -4.623367149999999676e-02
5.740252040000000022e+01 5.520278910000000344e-02 -8.916654229999999501e-03 -6.628741750000000099e-02 -7.331527299999999678e-03 -3.992917379999999690e-03 -6.258799069999999853e-02
6.010644860000000023e+01 5.596958020000000061e-02 -1.054874970000000030e-02 -6.287618050000000347e-02 4.379833319999999752e-02 -7.995146669999999775e-03 -2.734291410000000075e-02
6.281035800000000080e+01 5.758527940000000150e-02 -8.962752770000000438e-03 -4.795281989999999883e-02 6.329731289999999955e-02 1.023389130000000070e-02 -2.127157289999999888e-03
6.551551890000000355e+01 5.508253989999999795e-02 2.652714190000000135e-03 -3.988346059999999665e-02 -1.367187450000000026e-02 -2.565622769999999914e-02 9.760524090000000097e-03
6.822028919999999630e+01 5.958664069999999868e-02 -1.337399229999999915e-03 -3.263208229999999682e-02 -3.289890759999999914e-02 2.939219200000000101e-02 4.424680610000000097e-02
7.092499700000000473e+01 5.997384680000000107e-02 5.627676810000000092e-03 -4.855471620000000044e-02 -2.285935979999999951e-02 -1.520288390000000024e-02 -1.829575279999999873e-02
7.362673759999999845e+01 5.429771399999999693e-02 -2.006038339999999861e-03 -6.176010629999999918e-02 -1.576484870000000038e-02 -6.733584649999999928e-03 -1.235225629999999949e-02
7.632816579999999362e+01 5.680507039999999758e-02 -1.895175760000000027e-03 -5.398188510000000162e-02 3.987764199999999787e-02 -9.738839100000000470e-03 -1.445999069999999963e-02
7.903176729999999850e+01 6.319283579999999956e-02 8.317955280000000756e-03 -5.015545419999999782e-02 4.702483660000000149e-02 -1.844788530000000121e-02 -2.797999519999999976e-02
8.173216109999999901e+01 6.153809130000000016e-02 7.709814389999999906e-03 -4.775952039999999815e-02 4.599722869999999658e-02 8.178504320000000091e-03 1.681787279999999928e-04
8.442979859999999803e+01 6.017307069999999758e-02 1.346534240000000051e-03 -4.997909889999999772e-02 -2.230740410000000076e-02 -1.208905029999999929e-02 -6.553967090000000243e-04
8.712154230000000155e+01 6.830240310000000592e-02 4.486311429999999788e-03 -4.808447400000000205e-02 3.740309990000000029e-02 -7.552718320000000388e-03 2.211443119999999957e-02
8.982510010000000023e+01 7.332613479999999795e-02 4.103718450000000059e-03 -5.677746010000000315e-02 7.525790109999999922e-06 2.347626699999999858e-02 2.572423180000000045e-02
9.251370790000000000e+01 6.645120870000000013e-02 -1.851293200000000017e-03 -5.386933940000000060e-02 2.525687509999999941e-02 9.865221320000000862e-03 3.268535809999999903e-02
9.521189390000000685e+01 5.517574360000000039e-02 -2.191323130000000143e-03 -5.903271880000000166e-02 1.064965420000000065e-02 6.074303950000000188e-03 -1.890373650000000058e-02
9.790768610000000649e+01 5.752779310000000201e-02 4.221813119999999996e-03 -6.815236110000000291e-02 2.626081360000000024e-03 5.409470859999999590e-03 -3.530680139999999717e-02
1.006102130000000017e+02 5.721824729999999692e-02 3.747104529999999850e-03 -6.807675489999999441e-02 3.336769409999999769e-02 -6.202872689999999745e-03 2.519651679999999894e-02
1.033136970000000048e+02 5.817447659999999687e-02 1.070269159999999962e-02 -6.063947430000000277e-02 -3.478742440000000269e-02 1.678790880000000096e-02 3.231760949999999688e-02
1.060158220000000000e+02 5.356569819999999760e-02 5.520436430000000110e-03 -5.478742500000000071e-02 -2.057967839999999906e-04 3.605094049999999894e-03 2.136287549999999966e-02
1.087149310000000071e+02 5.659667420000000226e-02 5.270929009999999679e-03 -6.100782629999999818e-02 1.915748839999999870e-02 1.544751469999999967e-02 -1.580406050000000145e-02
1.114174629999999979e+02 5.806649559999999682e-02 7.691982850000000059e-03 -6.046148579999999911e-02 -3.091893630000000157e-02 3.829598409999999953e-02 -1.859460939999999993e-02
1.141199309999999940e+02 6.443704610000000610e-02 6.236798289999999703e-03 -5.738329849999999899e-02 -6.145293910000000073e-04 2.173454660000000149e-02 -3.492879320000000232e-02
1.168047279999999972e+02 6.600373630000000436e-02 9.405171610000000529e-03 -5.505169690000000227e-02 8.342528470000000820e-03 -2.154035530000000115e-02 -1.095353569999999929e-02
1.195048220000000043e+02 6.227894619999999742e-02 7.659237870000000156e-03 -4.664101650000000016e-02 6.446316320000000655e-02 1.025663819999999941e-02 1.702524570000000029e-02
1.222051809999999961e+02 6.720951449999999772e-02 1.731430490000000072e-02 -3.455152499999999960e-02 -3.438429700000000117e-02 -2.809357499999999910e-02 -1.311299540000000069e-02
1.248948379999999929e+02 6.585212370000000093e-02 3.896902099999999865e-03 -3.373835339999999711e-02 4.695747570000000093e-02 9.480588260000000558e-03 -3.395614369999999660e-02
1.275869000000000000e+02 7.004526640000000026e-02 2.183838380000000120e-04 -2.798736920000000072e-02 2.220978029999999895e-02 -3.796866859999999816e-02 1.388821189999999914e-02
1.302992749999999944e+02 7.184259649999999442e-02 -8.301780059999999684e-03 -1.727471920000000008e-02 1.712309390000000056e-02 2.294938090000000000e-02 -6.413139810000000052e-02
1.330083529999999996e+02 7.142151650000000407e-02 -5.609781589999999693e-03 -3.745161429999999906e-03 -2.741396330000000006e-02 3.862549070000000084e-02 -6.021622869999999905e-02
1.357183689999999956e+02 7.537298119999999435e-02 1.320473670000000101e-03 2.010236569999999945e-02 -4.930133150000000006e-03 3.752118189999999881e-02 -2.609017909999999940e-02
1.384058060000000125e+02 7.427862840000000466e-02 3.570303410000000028e-03 3.485123350000000203e-02 3.326417710000000028e-02 2.274526940000000039e-02 1.142429839999999953e-02
1.411057439999999872e+02 7.389868130000000479e-02 5.163522979999999804e-03 3.447992720000000316e-02 2.882880079999999845e-02 -3.979124579999999967e-02 2.069865840000000012e-02
1.438193530000000067e+02 6.924677560000000454e-02 1.155703809999999998e-02 4.620110000000000189e-02 -2.422864619999999958e-03 -1.539947359999999967e-02 4.864408780000000106e-03
1.465231190000000083e+02 5.638361079999999748e-02 8.954444330000000188e-03 4.412781209999999676e-02 4.728206149999999997e-02 -1.682691340000000077e-02 9.831424959999999699e-04
1.492234630000000095e+02 4.957140439999999787e-02 1.347716390000000021e-02 5.015276960000000089e-02 3.816656489999999818e-02 -1.095323800000000056e-02 -3.436724750000000328e-02
1.519343690000000038e+02 4.418593640000000045e-02 1.352965580000000008e-02 6.554885289999999587e-02 5.387929159999999690e-02 -1.942378960000000140e-02 3.656886949999999664e-02
1.546293220000000019e+02 4.908537210000000345e-02 1.348598449999999921e-02 6.485620999999999747e-02 2.739395949999999871e-02 1.960506680000000113e-02 -3.494373939999999984e-02
1.573342130000000054e+02 5.697339889999999962e-02 6.870892689999999817e-03 6.266704110000000105e-02 8.481905329999999202e-03 -1.429172360000000030e-02 7.123283089999999859e-03
1.600253999999999905e+02 6.686057689999999609e-02 1.303293319999999922e-02 6.885532279999999339e-02 2.703374609999999872e-02 -5.662783460000000296e-02 1.842055500000000165e-02
1.627251660000000015e+02 5.954374159999999833e-02 1.549108060000000016e-02 6.788368840000000293e-02 3.896647090000000119e-02 -2.440565069999999989e-02 2.314193169999999994e-02
1.654329630000000009e+02 4.202540409999999671e-02 1.605158389999999935e-02 6.425486630000000476e-02 1.915132640000000164e-02 -8.964628080000000207e-03 2.276747289999999854e-02
1.681331189999999935e+02 4.762676799999999988e-02 7.676226619999999660e-03 5.936433640000000206e-02 2.224314789999999945e-02 -1.514746760000000060e-02 6.508795790000000692e-02
1.708314310000000091e+02 4.446590610000000082e-02 3.658834740000000210e-03 6.433766550000000195e-02 4.269971550000000414e-03 1.860943870000000139e-02 3.481102839999999921e-02
1.735411029999999926e+02 4.181368750000000190e-02 -1.475138910000000020e-03 5.948890980000000328e-02 -2.115729849999999860e-03 -1.090042779999999926e-02 -2.396755760000000152e-02
1.762320100000000025e+02 4.894556199999999802e-02 6.522513019999999669e-03 5.473053840000000059e-02 -2.258727690000000149e-02 1.460133010000000051e-02 -5.299041279999999743e-02
1.789169630000000097e+02 5.503273079999999873e-02 -4.493339239999999749e-03 5.711974570000000195e-02 -6.866850050000000098e-04 -7.128895270000000332e-03 1.309698809999999998e-02
1.816216190000000097e+02 5.334762340000000214e-02 7.332447240000000092e-04 5.893979710000000344e-02 3.037614120000000154e-02 -2.707578149999999989e-02 -1.884865230000000100e-02
1.843242129999999861e+02 3.630268899999999910e-02 -1.308327980000000067e-04 7.959318989999999983e-02 3.522451270000000190e-02 1.469130069999999982e-02 1.192372300000000022e-03
1.870351970000000108e+02 2.206945680000000146e-02 -8.055508299999999955e-03 8.305487079999999966e-02 2.744781250000000172e-02 3.181105269999999832e-03 -8.234221399999999691e-02
1.897309630000000027e+02 1.564070459999999940e-02 -8.282621239999999468e-03 7.287868490000000421e-02 8.298574050000000202e-03 4.434359250000000086e-02 -2.544592019999999954e-02
1.924378849999999943e+02 2.197004680000000029e-02 -2.953902630000000088e-03 7.980826789999999338e-02 4.779439280000000179e-02 6.225343099999999970e-03 -4.245919120000000296e-02
1.951423220000000072e+02 1.343521030000000005e-02 -6.127326130000000128e-03 8.258550630000000004e-02 4.001576710000000203e-02 3.366665960000000263e-02 -6.724402120000000371e-02
1.978369309999999928e+02 1.955609109999999901e-02 4.457782080000000091e-03 8.201831630000000484e-02 9.191885570000000658e-03 -7.183549319999999599e-03 -3.164302879999999867e-03
2.005539310000000057e+02 3.501962129999999784e-02 -9.638810500000000864e-03 7.711855450000000556e-02 -3.610446959999999861e-03 1.842004560000000055e-02 -2.867131700000000172e-02
2.032595249999999965e+02 4.732195959999999785e-02 -6.438518950000000386e-03 7.770493959999999478e-02 9.154096000000000455e-03 -2.472203939999999961e-02 5.704552429999999730e-02
2.059566030000000012e+02 5.443056899999999809e-02 -7.560978060000000077e-03 6.774377339999999859e-02 -7.929695829999999779e-03 -4.551652459999999678e-02 3.398321509999999851e-02
2.086607280000000060e+02 5.253002550000000076e-02 2.883396439999999852e-03 6.235043740000000001e-02 9.898059889999999764e-03 -2.869031309999999987e-02 7.175968480000000094e-02
2.113561349999999948e+02 5.714220040000000250e-02 -7.380922550000000235e-03 5.993938060000000151e-02 -9.037043760000000245e-03 5.201239650000000214e-02 -2.376076939999999943e-02
2.140552910000000111e+02 5.289331030000000294e-02 -1.310555220000000042e-02 5.825707289999999816e-02 -1.009040159999999992e-02 -1.555870270000000001e-03 2.718283590000000055e-02
2.167518849999999873e+02 5.554625059999999948e-02 -1.052486140000000008e-02 6.490263379999999804e-02 1.544033650000000107e-04 -1.829053439999999905e-02 5.388145540000000011e-02
2.194465409999999963e+02 5.979382419999999809e-02 -8.298380540000000610e-03 6.159665420000000335e-02 2.119400930000000030e-02 -7.604356310000000112e-03 3.521009960000000272e-02
2.221549779999999998e+02 4.863701069999999682e-02 -2.157896730000000152e-02 5.420907750000000108e-02 1.754676120000000020e-02 -2.149950180000000100e-02 2.186122689999999910e-02
2.248530250000000024e+02 5.440572369999999852e-02 -9.462954419999999173e-03 5.212610470000000190e-02 -8.926013130000000351e-03 -1.915191310000000091e-02 2.375429230000000030e-02
2.275618690000000015e+02 5.169123149999999695e-02 -1.527200069999999979e-02 5.361556099999999908e-02 1.713382520000000103e-02 -2.949362200000000059e-02 3.219436210000000027e-03
2.302548850000000016e+02 6.056991679999999822e-02 -1.338853769999999964e-02 6.258497120000000580e-02 1.568871739999999973e-03 -4.363319430000000068e-03 2.578772829999999988e-02
2.329600560000000087e+02 6.122437099999999965e-02 -1.332340790000000053e-02 5.902289060000000254e-02 -2.402156270000000132e-03 -7.314623460000000028e-03 2.636704510000000001e-02
2.356596499999999992e+02 6.013335730000000240e-02 1.295540549999999944e-03 5.521795360000000125e-02 -3.024960410000000245e-04 -4.270734719999999714e-03 3.878754069999999776e-02
2.383583219999999869e+02 6.304454660000000099e-02 1.273761980000000064e-02 5.275484770000000295e-02 -5.438108829999999810e-03 -4.087921429999999585e-03 1.912349030000000047e-02
2.410628059999999948e+02 6.660982190000000469e-02 1.335466719999999982e-02 4.699393200000000215e-02 8.602223620000000112e-03 -4.769036580000000219e-02 -1.385056450000000071e-02
2.437600720000000081e+02 6.312138170000000659e-02 3.512469289999999977e-03 5.292412080000000185e-02 1.345957470000000086e-02 -3.214614179999999988e-02 3.545155140000000316e-02
2.464609629999999925e+02 5.703379659999999879e-02 1.747781930000000088e-03 6.302187039999999907e-02 5.673703450000000363e-03 -1.123720909999999977e-03 -3.358944490000000203e-03
2.491661499999999876e+02 5.353827349999999707e-02 -4.302949790000000019e-04 6.308845370000000508e-02 2.399104820000000013e-02 -9.218973619999999355e-03 -7.391155239999999856e-03
2.518579469999999958e+02 5.607891460000000161e-02 -1.327950199999999902e-03 6.587724379999999880e-02 -5.676643299999999982e-03 1.609645419999999882e-02 2.469461899999999925e-03
2.545535879999999906e+02 6.108774709999999913e-02 -3.188107419999999977e-03 6.564611539999999634e-02 1.427311539999999955e-02 -1.740308479999999949e-02 4.600031939999999799e-03
2.572595559999999750e+02 5.675718810000000142e-02 9.176245479999999358e-03 5.754200339999999969e-02 8.332490099999999289e-03 1.554066789999999920e-02 -6.355275740000000152e-03
2.599545880000000011e+02 5.907644790000000229e-02 1.288322090000000066e-02 6.008852270000000079e-02 -2.504776679999999936e-02 3.471671350000000295e-02 -1.846978089999999975e-02
2.626584940000000188e+02 5.899280330000000044e-02 6.412674410000000248e-03 6.476365319999999315e-02 -3.884114050000000290e-02 -1.006451109999999954e-02 2.002367849999999935e-02
2.653582279999999969e+02 6.681982039999999345e-02 5.763647549999999752e-03 5.717392339999999989e-02 1.860033850000000072e-02 2.427154629999999855e-02 8.558039139999999365e-03
2.680474489999999719e+02 6.947941459999999736e-02 4.824099989999999609e-03 6.354820279999999488e-02 6.626124609999999894e-03 6.013674899999999976e-03 4.273882820000000221e-02
