# a=0.05900519362973297, b=-154.1306038478686, c=-0.0009962061266677196, xi=8.277667121382889
6.983420660000000391e-01 7.516407969999999716e-02 3.822248270000000100e-03 2.983899779999999932e-02 4.235701840000000162e-02 -2.828598389999999879e-02 1.376703139999999916e-02
3.400856590000000068e+00 6.922702960000000350e-02 5.462597740000000104e-03 3.343051090000000169e-04 1.265951600000000087e-02 3.318653719999999779e-02 -1.879816039999999966e-02
6.090423930000000041e+00 7.294854559999999766e-02 7.517471799999999801e-03 -4.684850440000000254e-04 3.530867520000000037e-02 4.004431540000000234e-02 -1.387002480000000017e-02
8.782020969999999593e+00 7.452857039999999378e-02 7.111643739999999603e-03 -8.195514339999999606e-03 -4.052366439999999931e-03 2.862903899999999849e-04 -1.700171940000000034e-02
1.147646390000000061e+01 7.307778430000000380e-02 2.061482140000000206e-03 -2.492720940000000066e-02 -5.144770350000000235e-03 -1.054373980000000016e-02 -2.858643989999999982e-02
1.418252170000000056e+01 6.805312299999999315e-02 4.841711119999999799e-03 -4.324100089999999980e-02 -2.470829349999999897e-02 -2.572574320000000150e-02 -1.209185729999999979e-02
1.688157019999999875e+01 6.658380740000000020e-02 1.788448779999999910e-03 -5.489560899999999799e-02 1.507422739999999921e-02 -6.675097770000000021e-03 1.183313090000000060e-02
1.957112959999999902e+01 5.946728340000000113e-02 3.755152309999999945e-03 -5.779623829999999685e-02 4.130374889999999938e-02 9.325825039999999233e-03 6.553563449999999513e-02
2.227714669999999941e+01 6.011329530000000115e-02 -2.204745850000000215e-03 -6.092202039999999874e-02 5.122531090000000120e-02 4.331258389999999986e-02 3.395300619999999658e-02
2.496714670000000069e+01 5.945702879999999885e-02 8.029124130000000678e-03 -5.619085299999999894e-02 7.024464730000000434e-02 6.039702560000000109e-02 2.783903570000000050e-02
2.766483579999999876e+01 5.998844899999999924e-02 1.402525759999999951e-03 -5.400961940000000017e-02 5.014942669999999936e-02 2.937115319999999974e-02 -1.111925859999999969e-03
3.038215770000000049e+01 6.176382500000000136e-02 1.157708569999999978e-02 -5.993582100000000024e-02 -1.704599710000000157e-02 5.301410169999999644e-04 -9.109853390000000051e-02
3.307241239999999749e+01 6.002587870000000020e-02 1.107206799999999915e-02 -6.416623489999999375e-02 -8.688799619999999779e-03 -8.244007220000000233e-03 -8.611891119999999511e-02
3.576165919999999687e+01 6.130294780000000027e-02 1.480412839999999987e-02 -6.226185229999999654e-02 3.109089140000000084e-02 1.138549910000000035e-03 -5.144228120000000209e-02
3.846037799999999862e+01 5.652256370000000030e-02 9.191515759999999494e-03 -5.529175819999999908e-02 3.528499859999999905e-02 -1.965895679999999854e-02 -5.662235870000000004e-02
4.115795769999999720e+01 6.308581019999999484e-02 4.509934900000000038e-03 -5.302649090000000065e-02 2.024039869999999866e-02 -7.138004629999999961e-03 -3.337972740000000327e-02
4.385632019999999898e+01 6.793172840000000212e-02 7.674555119999999959e-03 -6.101913949999999975e-02 6.443493259999999445e-02 -3.908030779999999843e-02 8.655132680000000162e-03
4.653799049999999937e+01 5.776591200000000259e-02 -3.813643490000000018e-03 -5.295487179999999738e-02 6.780519949999999629e-02 -9.225152909999999318e-03 7.030672649999999968e-02
4.924454360000000008e+01 6.575084220000000645e-02 -5.618074510000000375e-04 -5.509516469999999749e-02 9.126619190000000853e-03 2.732829670000000086e-02 -9.848917900000000308e-03
5.195627019999999874e+01 6.105688039999999928e-02 3.796694220000000185e-03 -6.207104930000000020e-02 -2.230320599999999903e-02 2.176457320000000153e-02 -7.677354240000000551e-02
5.465293110000000354e+01 6.115902100000000091e-02 1.895162279999999897e-03 -6.529502319999999638e-02 -2.232586389999999948e-02 -2.027243690000000032e-03 -8.583657670000000017e-02
5.737060770000000076e+01 5.691673149999999792e-02 5.767719519999999801e-03 -5.841416349999999785e-02 -4.297605790000000314e-02 5.743034929999999913e-03 -9.228816019999999676e-02
6.006915769999999810e+01 5.847984519999999825e-02 1.720842470000000062e-03 -6.588348639999999645e-02 2.215283839999999862e-03 -1.778395119999999843e-02 -2.924288720000000133e-02
6.275997639999999933e+01 5.765843670000000282e-02 3.498670949999999839e-03 -6.274341190000000401e-02 1.117285209999999973e-01 -2.369417760000000137e-02 8.486107810000000778e-03
6.546466080000000431e+01 6.163924059999999899e-02 5.506424519999999871e-03 -5.522121380000000190e-02 8.435783530000000308e-02 -2.833656970000000136e-02 2.013749379999999964e-02
6.818133740000000387e+01 6.219299839999999774e-02 3.802899079999999890e-03 -5.172099010000000274e-02 1.218074360000000016e-02 1.206348739999999961e-03 -2.718967749999999864e-02
7.088588110000000597e+01 6.802193930000000055e-02 -5.887683129999999807e-04 -5.344415760000000015e-02 -1.239653140000000070e-02 1.393816319999999914e-02 -4.233896659999999978e-02
7.357890919999999824e+01 7.568686169999999658e-02 -3.164921400000000147e-04 -5.681649720000000320e-02 -2.213321799999999964e-02 -1.878706369999999862e-02 -1.701776610000000148e-02
7.628952800000000423e+01 7.713812280000000021e-02 -8.123102389999999409e-03 -4.902624359999999820e-02 4.063599319999999793e-02 -1.492558750000000031e-02 -5.308734550000000080e-02
7.897551550000000020e+01 6.876543400000000028e-02 -1.436586940000000000e-02 -5.460381339999999945e-02 4.202726799999999957e-02 2.754755140000000099e-03 1.151690450000000072e-03
8.168441079999999488e+01 5.971655079999999699e-02 -1.440206179999999926e-02 -6.120216269999999986e-02 3.641338709999999979e-02 1.766403830000000050e-02 -7.535015649999999947e-03
8.438497019999999793e+01 6.506542340000000257e-02 -1.130949049999999990e-02 -6.041855890000000229e-02 2.515390359999999936e-02 1.032791079999999945e-02 5.271197850000000542e-04
8.708073740000000384e+01 7.260552889999999371e-02 -5.174655109999999787e-03 -5.929025599999999951e-02 -1.490405199999999923e-02 2.105856169999999888e-02 -4.746105789999999908e-03
8.979763889999999549e+01 6.513765030000000233e-02 -5.454461889999999771e-03 -6.239137849999999708e-02 -4.800685650000000027e-02 2.012477000000000016e-02 -4.645750419999999936e-02
9.249482960000000276e+01 6.444728460000000159e-02 -4.281879110000000148e-03 -5.969657400000000225e-02 -3.230988590000000160e-02 -1.672115550000000117e-02 -4.993613699999999850e-02
9.519959989999999550e+01 6.765502180000000643e-02 -3.668739170000000042e-03 -6.319078109999999582e-02 1.742988189999999937e-02 -1.059713099999999922e-02 -4.132590459999999771e-02
9.788845139999999390e+01 6.803572539999999669e-02 -2.403941659999999899e-04 -6.040257529999999708e-02 2.086013410000000026e-02 2.547366889999999953e-02 -2.433741799999999955e-02
1.005857919999999979e+02 6.886086469999999626e-02 -1.061521269999999954e-03 -6.166850799999999688e-02 -7.935776719999999146e-03 -3.463556510000000144e-03 -4.580320420000000281e-02
1.032900419999999997e+02 6.625399290000000274e-02 2.162388639999999942e-03 -6.135399970000000175e-02 -2.376467599999999847e-02 -4.212160489999999813e-02 -6.071298630000000057e-02
1.059705730000000017e+02 6.302348409999999901e-02 -2.424749490000000125e-03 -5.930751100000000026e-02 -2.731250450000000107e-02 -1.661083680000000062e-02 3.428562970000000043e-03
1.086627299999999963e+02 6.599706180000000644e-02 -1.887156930000000047e-03 -4.698360050000000010e-02 5.841039280000000222e-02 6.847277029999999584e-03 3.488511700000000021e-02
1.113750260000000054e+02 6.626134779999999502e-02 -7.831387369999999806e-03 -5.514951750000000180e-02 -1.493798780000000007e-02 2.653832570000000043e-02 1.424409710000000030e-02
1.140664799999999985e+02 6.259077820000000236e-02 5.166807519999999697e-04 -5.545125769999999926e-02 1.754463350000000019e-02 3.903748469999999970e-02 6.338295089999999854e-02
1.167793389999999931e+02 6.241695290000000285e-02 -6.483314009999999530e-04 -5.473496120000000131e-02 -5.546033630000000297e-02 -4.996022339999999645e-03 -2.427270239999999857e-02
1.194857300000000038e+02 6.320780850000000395e-02 5.159009170000000179e-03 -6.174302990000000296e-02 -4.032018169999999901e-02 -1.152403720000000006e-02 -5.742949199999999865e-02
1.221795419999999979e+02 4.821612010000000254e-02 -6.815153820000000202e-03 -6.334936439999999669e-02 -1.398470129999999922e-02 -1.396739770000000012e-02 8.251731210000000025e-03
1.248788080000000065e+02 3.856996709999999801e-02 -2.460396310000000173e-03 -6.994408639999999400e-02 3.334739810000000165e-02 3.110287289999999916e-03 2.339206590000000169e-02
1.275778389999999973e+02 4.438312900000000033e-02 -1.421876010000000003e-02 -7.718225920000000573e-02 3.538656259999999748e-02 3.588888189999999822e-03 4.772127519999999797e-03
1.302812299999999937e+02 5.545214150000000314e-02 -9.543824589999999608e-03 -7.116193190000000279e-02 2.868438759999999976e-02 2.230275929999999893e-02 1.998308799999999955e-02
1.329844170000000076e+02 5.498691149999999916e-02 -6.454662489999999676e-03 -6.545540210000000414e-02 -5.411284970000000173e-03 -1.402780409999999922e-02 5.842132810000000287e-02
1.356917139999999904e+02 6.194196860000000110e-02 -8.422026040000000699e-03 -6.225918899999999950e-02 4.904591860000000192e-02 -4.962686640000000052e-03 -1.982454980000000061e-02
1.384037449999999865e+02 6.404543440000000365e-02 -6.700213879999999955e-03 -6.104410379999999914e-02 5.499653150000000101e-02 -2.291806659999999843e-02 -4.799334630000000324e-02
1.410985729999999876e+02 5.962732650000000106e-02 -2.605549219999999961e-03 -5.153543380000000229e-02 8.379775200000000313e-02 -3.276665630000000218e-02 -5.138775670000000212e-02
1.438130419999999958e+02 6.903832610000000536e-02 -6.523459290000000257e-03 -5.163235929999999974e-02 2.362161889999999861e-02 -2.219297140000000071e-02 -2.280421319999999946e-02
1.465097759999999880e+02 8.135907489999999465e-02 -2.831177069999999980e-03 -4.602985300000000252e-02 1.175783669999999961e-02 -7.194237039999999868e-03 1.511372679999999948e-02
1.492143389999999954e+02 8.211877139999999853e-02 -1.604439299999999924e-03 -2.735582959999999925e-02 1.134865669999999931e-02 1.407987110000000035e-02 2.957162929999999912e-03
1.519229640000000074e+02 7.618577599999999672e-02 -7.094256069999999893e-03 -1.535561340000000073e-02 -1.263840380000000015e-03 -1.084875989999999936e-02 2.778059150000000092e-03
1.546220260000000053e+02 7.200869220000000182e-02 4.313446569999999751e-03 1.102210740000000031e-03 3.343207900000000343e-02 -4.567120449999999970e-02 3.988046070000000193e-02
1.573242300000000000e+02 6.572103560000000511e-02 5.783782619999999590e-03 1.695781420000000081e-02 -2.338710940000000155e-02 -3.139480169999999803e-03 -2.879083860000000022e-02
1.600330889999999897e+02 6.471795079999999312e-02 2.765767870000000132e-03 3.661903180000000008e-02 3.465787659999999826e-02 -1.082451199999999968e-03 5.645591999999999624e-03
1.627331979999999874e+02 6.538947000000000509e-02 6.567327890000000321e-03 4.477769379999999716e-02 2.287730439999999948e-02 -4.586387930000000029e-02 1.632839700000000144e-02
1.654407449999999926e+02 6.200582970000000083e-02 -7.683744850000000237e-03 5.475481070000000339e-02 6.240172639999999604e-03 -5.206162710000000055e-02 2.175019190000000019e-02
1.681358079999999973e+02 6.384208650000000596e-02 -1.711314669999999946e-03 5.637830590000000169e-02 1.034530659999999941e-04 -1.691403569999999981e-02 1.640616140000000084e-02
1.708311669999999935e+02 6.150800260000000019e-02 -1.209381650000000002e-02 5.655771949999999909e-02 1.105198140000000035e-03 4.893586829999999749e-02 7.220900090000000049e-02
1.735251199999999869e+02 6.163731609999999889e-02 -8.598075469999999151e-03 4.767978650000000151e-02 -7.837683380000000019e-03 7.844076780000000526e-03 4.226747420000000199e-02
1.762185890000000086e+02 6.707632030000000578e-02 -8.085218300000000455e-03 5.109168969999999810e-02 -5.768594230000000100e-03 -4.067892260000000038e-02 2.322549809999999854e-02
1.789163859999999886e+02 6.558195649999999655e-02 -1.374956530000000059e-02 5.237654359999999870e-02 -5.367626950000000015e-03 -7.782087359999999461e-05 -1.388201109999999926e-02
1.816103860000000054e+02 6.095197299999999957e-02 -7.466906889999999630e-03 5.392172969999999704e-02 -3.405955380000000310e-02 -3.868907390000000165e-03 -1.014113030000000047e-02
1.843100110000000029e+02 5.594370309999999874e-02 -1.046529910000000042e-02 6.093666639999999884e-02 -1.466736469999999938e-02 1.448207670000000065e-02 2.807865670000000025e-03
1.870145890000000009e+02 4.970087019999999689e-02 -7.837520219999999718e-03 6.805341600000000546e-02 -1.594465100000000022e-03 5.235773600000000194e-03 -4.384396110000000034e-03
1.897185259999999971e+02 5.238249679999999742e-02 3.849040269999999867e-04 7.190707429999999845e-02 -3.000269930000000040e-03 4.107729329999999790e-02 2.627352070000000053e-02
1.924307139999999947e+02 6.888953750000000043e-02 2.649266260000000209e-03 6.492562949999999833e-02 1.726708240000000144e-02 4.825687449999999795e-02 -1.382269359999999982e-02
1.951321979999999883e+02 7.686993100000000245e-02 6.870237109999999953e-03 7.071464519999999532e-02 5.215558529999999964e-03 -1.623991420000000033e-02 8.418427959999999488e-02
1.978252139999999883e+02 7.576959140000000259e-02 2.628145079999999814e-03 6.029287290000000243e-02 1.456358389999999961e-02 9.959326069999999836e-03 6.793229789999999380e-02
2.005127610000000118e+02 6.480685260000000614e-02 2.554407430000000200e-04 5.093102220000000208e-02 -1.331940250000000076e-02 4.985986059999999997e-02 9.485933059999999972e-02
2.032285730000000115e+02 6.816632409999999476e-02 -4.261183760000000417e-03 4.852919519999999987e-02 -1.712368340000000079e-03 3.031388980000000039e-02 4.356905729999999838e-02
2.059296830000000114e+02 6.928306419999999410e-02 -1.201802299999999921e-02 4.621662940000000053e-02 -6.224347469999999723e-03 -3.478360920000000012e-03 6.189475529999999975e-02
2.086310420000000079e+02 6.764299410000000623e-02 -6.270055440000000049e-03 4.675352509999999850e-02 9.639029219999999468e-03 2.889303729999999869e-03 4.949999680000000124e-02
2.113266830000000027e+02 6.755292290000000643e-02 -2.297813990000000060e-03 4.876735680000000156e-02 -4.758992859999999769e-02 1.671935340000000117e-02 5.186902589999999730e-02
2.140314009999999882e+02 6.185124609999999995e-02 8.932080119999999748e-03 5.479065550000000034e-02 -5.112386039999999854e-02 -2.909347350000000137e-02 2.300041380000000107e-02
2.167167760000000101e+02 6.267791590000000579e-02 2.507433339999999827e-03 5.439495469999999777e-02 -4.376984269999999871e-02 -1.855446040000000019e-02 1.747624030000000106e-02
2.194213550000000055e+02 5.421299019999999830e-02 -3.925809570000000047e-03 6.381478479999999620e-02 -1.958277740000000100e-02 1.112011220000000064e-02 6.571593879999999832e-02
2.221216980000000092e+02 5.375304999999999667e-02 -7.294668140000000120e-03 6.538155789999999801e-02 1.956751249999999845e-02 5.047536899999999910e-03 2.707968690000000025e-02
2.248282609999999977e+02 5.033378100000000105e-02 -8.153855369999999173e-03 6.746002759999999987e-02 2.098851359999999965e-03 3.813126159999999810e-03 5.046654169999999912e-02
2.275399639999999977e+02 5.615844030000000098e-02 -1.187313800000000009e-02 6.148197679999999749e-02 3.160174310000000292e-02 -1.017813660000000016e-02 2.376023739999999843e-02
2.302480889999999931e+02 5.015266220000000330e-02 -3.871839390000000251e-04 6.450949599999999950e-02 2.160219799999999954e-02 4.178179309999999896e-02 3.648309770000000146e-02
2.329520730000000128e+02 5.470050139999999700e-02 -2.668420209999999935e-03 6.793352430000000608e-02 -1.181426460000000074e-02 4.906218270000000173e-03 2.815919069999999955e-02
2.356536199999999894e+02 6.087329009999999790e-02 -6.460678769999999606e-03 6.059545360000000158e-02 2.548544749999999848e-03 -4.143167779999999689e-02 -1.145163600000000028e-03
2.383509329999999977e+02 5.739930000000000032e-02 -2.755139839999999878e-04 6.414875359999999693e-02 1.483081700000000048e-03 9.856472729999999488e-03 2.390947699999999843e-02
2.410440260000000023e+02 5.775710650000000224e-02 -4.651968830000000402e-03 6.854824850000000580e-02 2.269615889999999914e-03 -9.889414859999999183e-04 1.843381009999999973e-02
2.437530260000000055e+02 5.231423319999999738e-02 5.329829050000000137e-03 6.335288629999999421e-02 2.629875040000000108e-03 6.397347480000000093e-03 4.280686899999999739e-02
2.464618700000000047e+02 5.742291819999999908e-02 -5.211653730000000021e-04 5.958921949999999856e-02 1.334614620000000064e-02 3.530580330000000072e-02 -6.512444130000000220e-02
2.491570729999999969e+02 5.230521080000000156e-02 -7.424890069999999682e-03 6.482000810000000668e-02 4.622124360000000320e-03 3.581183269999999724e-02 2.079058220000000110e-02
2.518521829999999966e+02 5.517599749999999720e-02 -4.268366049999999801e-03 6.269684389999999330e-02 8.204635619999999310e-03 5.359677399999999980e-02 -3.293383610000000152e-03
2.545553549999999916e+02 5.654554999999999998e-02 2.017585619999999816e-03 6.329969200000000462e-02 -1.250013969999999933e-02 1.384126869999999926e-02 4.239673260000000055e-02
2.572629009999999994e+02 5.294033420000000129e-02 6.471597400000000076e-03 6.309505960000000302e-02 1.123165670000000026e-02 -1.037343580000000057e-02 2.510014530000000132e-02
2.599495109999999727e+02 5.693621260000000101e-02 8.989281890000000788e-03 6.291246809999999356e-02 -2.190293880000000054e-02 3.135553259999999953e-02 4.146807319999999686e-02
2.626563699999999812e+02 6.203104799999999835e-02 1.202469580000000045e-02 4.833625929999999654e-02 -5.448716240000000058e-03 5.864634569999999970e-03 7.961484430000000112e-02
2.653548230000000103e+02 7.171955920000000484e-02 7.382732379999999706e-03 5.334210129999999994e-02 -1.402799620000000011e-02 3.386680730000000278e-02 8.496619319999999809e-02
2.680586369999999761e+02 7.929972320000000519e-02 9.150172470000000544e-03 4.410132209999999969e-02 6.848575909999999808e-03 -9.073375399999999980e-03 5.912542190000000253e-02
