-1.495632005130481446e+02 8.118928348000001294e-02 -2.083521569999999962e-02 -8.748821828000000536e-03 1.492407173999999934e-02 1.382177995399999897e-03 -1.687460623999999937e-02
-1.468621079288481326e+02 7.548885912000000142e-02 -1.347481652000000196e-02 -2.964794506000000343e-02 -6.315976811999998719e-02 -3.928201818000000289e-03 -2.196134536000000220e-02
-1.441659794288481464e+02 7.403417283999999543e-02 -1.315447565999999791e-02 -4.047553334000000141e-02 -2.820274287999999935e-02 -5.900575632000000861e-03 1.674455409999999617e-02
-1.414700017108481234e+02 6.706763500000000044e-02 -1.327287039999999751e-02 -5.025718580000000657e-02 1.135990299619999951e-03 1.743828323999999791e-02 1.321949176000000205e-02
-1.387813673708481588e+02 6.067891232000000024e-02 -1.204461951999999912e-02 -4.979714125999999685e-02 9.726054814000000687e-03 -5.815420986000000361e-03 4.554952381999999474e-03
-1.360853914308481194e+02 6.605687167999998999e-02 -1.335778505999999852e-02 -5.245838776000000259e-02 -8.223252567999999804e-03 4.119566811999999210e-03 -2.267999437999999868e-02
-1.333837576708481834e+02 5.982329888000000040e-02 -1.497340234000000062e-02 -5.907192637999999357e-02 -5.836773158000000197e-03 -4.487934224000000166e-02 -3.525480421999999808e-02
-1.306915492308481532e+02 6.063272645999999433e-02 -2.532168605999999753e-02 -5.896843607999999876e-02 1.444140446599999870e-02 7.493293430000000713e-03 -4.337356613999999999e-02
-1.279974651708481588e+02 5.650702135999999959e-02 -1.716015249999999770e-02 -6.757469861999999827e-02 1.710248737000000241e-03 -2.159919116000000305e-02 -1.042101783999999920e-01
-1.253055095508481429e+02 5.506599841999999800e-02 -9.387383177999999301e-03 -6.722842763999999083e-02 4.442443832000000231e-02 -5.033012018000000698e-02 -6.070866758000000030e-02
-1.226051089308481608e+02 6.472472806000000023e-02 -2.467041913999999930e-03 -6.581964931999999269e-02 8.094836549999999409e-02 -1.813955830000000061e-02 -2.665762577999999938e-02
-1.199084492508481645e+02 5.802750852000000681e-02 2.940074618000000119e-03 -5.982240116000000357e-02 2.808715052000000309e-02 -6.656279984000000594e-03 -1.813464445999999827e-03
-1.172091311108481477e+02 5.954417805999999425e-02 -3.139851051999999719e-03 -5.738896578000000220e-02 2.542456062000000307e-04 -5.368255859999999761e-03 -2.165684782000000183e-02
-1.144941967308481310e+02 5.958569290000000074e-02 7.478963530000000415e-03 -6.138692971999999692e-02 4.095244841999999552e-02 -3.941669104000000007e-02 -4.677772949999999680e-02
-1.117890407908481336e+02 4.534080446000000181e-02 8.772767822000000076e-03 -5.533700242000000324e-02 -6.177059995999999858e-03 -1.469691572800000106e-03 1.348440933199999969e-02
-1.090798264308481578e+02 4.186990980000000057e-02 1.160000345999999925e-02 -6.304547554000000664e-02 -1.642729105999999814e-02 5.369972991999999272e-03 -4.592942736000000387e-02
-1.063781295508481435e+02 4.328454459999999532e-02 8.902804214000002020e-03 -7.293212232000000073e-02 1.205243868400000286e-02 2.474151111999999680e-02 -3.850247581999999280e-02
-1.036733829908481539e+02 4.997535731999999675e-02 2.757479965999999789e-03 -6.694089156000000707e-02 5.888327044000000315e-02 5.027780621999999866e-02 7.966271437999999580e-03
-1.009626886308481346e+02 4.216855851999999627e-02 2.895932384000000134e-03 -7.561225942000000810e-02 1.013423271600000057e-02 1.030009397999999930e-02 4.503080699999999215e-02
-9.826725237084812647e+01 4.274807721999999977e-02 -3.022603966000000052e-03 -6.977466311999999671e-02 3.179786151999999810e-02 2.482109941999999930e-02 3.407851563999999417e-02
-9.554270391084814662e+01 4.322589584000000040e-02 2.415749372000000270e-03 -6.592215647999999373e-02 2.647633195400000364e-03 -2.546848087999999816e-02 5.460788467999999618e-02
-9.283994207084815287e+01 4.921503757999999562e-02 4.377672082000000527e-03 -5.842267552000000169e-02 2.435982150000000346e-02 -5.555541522000000294e-03 1.821480090000000135e-02
-9.013340579084814408e+01 5.425849154000000896e-02 -9.275780038000000028e-04 -6.213306457999999421e-02 2.704961517999999662e-02 1.381465107999999865e-02 -1.099035775399999880e-02
-8.743159455084816045e+01 5.775243062000000316e-02 5.604560991999999690e-04 -5.361087913999999788e-02 5.599771548000000154e-02 4.375132451999999561e-02 -8.231964546000000715e-02
-8.472801859084813714e+01 6.005351230000000040e-02 1.694237222000000110e-03 -4.529051700000000236e-02 2.888815943999999830e-02 1.571013430000000113e-02 -7.644249558000000555e-02
-8.202434831084813993e+01 6.321624559999999837e-02 -2.061525540000000260e-03 -4.389818997999999500e-02 2.472926120000000158e-02 5.133333871999999631e-02 1.280959201999999977e-02
-7.932371957084815506e+01 5.709029248000000584e-02 7.324713081999998862e-03 -4.349835947999999841e-02 2.461856658000000087e-02 8.058816915999999705e-03 6.793328413999999600e-03
-7.663291051084813432e+01 5.146216271999999592e-02 8.282044473999999531e-03 -5.325340307999999745e-02 -1.903754351999999844e-02 -6.435374076000000346e-03 2.215141822000000343e-02
-7.393400455084814382e+01 5.575906668000000371e-02 1.229945791999999954e-02 -5.945317698000000123e-02 1.339379726000000138e-02 2.749948760000000061e-02 -4.665607824000000611e-03
-7.123149675084815158e+01 5.480765722000000700e-02 1.296429099999999932e-02 -5.869307160000000051e-02 -8.553835045999999900e-03 -1.112068806399999985e-02 -6.265098896000000084e-03
-6.853413237084814114e+01 5.923522148000000265e-02 1.158026937999999915e-02 -5.997118644000000443e-02 -9.060440728000000027e-03 -1.841118946000000131e-02 -4.333317761999999629e-02
-6.582640145084813810e+01 6.163668796000000560e-02 6.095330131999999838e-03 -6.484515432000000079e-02 -2.693871794000000323e-03 -2.816785284000000028e-02 -6.014349560600000880e-03
-6.312760049084814540e+01 5.807540375999999810e-02 1.657957999800000002e-03 -5.742082151999999828e-02 -9.491810011999999783e-03 -3.187326886000000498e-02 2.519337979999999866e-02
-6.042503299084813762e+01 5.922345174000000212e-02 -6.356851798000000449e-03 -5.248634141999999198e-02 6.762183721600001059e-04 -1.165100627399999998e-02 1.160623330899999972e-02
-5.771784735084814599e+01 6.208439082000000164e-02 -5.778422762000000497e-03 -5.649906804000000282e-02 -3.869994161999999738e-02 -1.560710255999999893e-02 -9.613342748000000895e-03
-5.501129893084814881e+01 6.317464908000000601e-02 -8.201063448000001435e-03 -5.553035316000000388e-02 -4.918943251999999960e-02 5.440851461999999909e-03 -5.873282532000000111e-03
-5.230760269084814951e+01 5.931195490000000514e-02 -4.297673372000000366e-03 -5.322172585999999928e-02 -2.868187793999999943e-02 1.241371238000000057e-02 -6.172054488000000561e-02
-4.960777681084813651e+01 5.493654866000000775e-02 -2.848309837600000250e-04 -6.432039788000000480e-02 -4.755578593999999770e-02 -2.989998077999999910e-03 -7.454503947999999158e-02
-4.690672021084814247e+01 5.674374248000000481e-02 3.499447614000000296e-03 -6.025466687999999488e-02 1.821846422000000104e-02 4.383813311999999740e-02 -3.024966499999999850e-02
-4.420317061084814725e+01 4.919831371999999758e-02 4.722767206000000155e-03 -6.902021329999999399e-02 -4.824208794532000057e-03 4.073161250000000011e-02 1.353281778000000116e-02
-4.150513301084814088e+01 2.969117608000000283e-02 1.921862774000000036e-03 -6.547456315999999887e-02 2.774610846000000186e-02 3.401672349999999845e-02 5.108334647999999978e-03
-3.880394521084814130e+01 3.574080527999999590e-02 -2.608824821999999790e-03 -7.010881304000000924e-02 -1.563856518000000112e-02 4.052009247999999869e-02 -3.863803816000000065e-03
-3.610803921084814050e+01 4.320429611999999919e-02 4.156968341999999969e-03 -6.576092386000000067e-02 -8.228376488000000571e-03 3.174397206000000027e-02 -1.430500432000000009e-02
-3.341420181084814089e+01 5.223536767999999858e-02 7.323577473999999359e-03 -5.983037702000000568e-02 -2.676447327999999931e-02 4.334005652000000146e-03 -7.711846176000000663e-03
-3.071823281084814283e+01 4.865896502000000012e-02 5.943369097999999170e-03 -5.839569103999999594e-02 4.205831125999999649e-03 -2.332677949999999861e-02 7.698087103999999743e-03
-2.801917361084814573e+01 4.715897220000000306e-02 3.447237593999999926e-03 -5.726054503999999934e-02 4.004400122000000006e-02 -2.899267910000000170e-02 4.915138237999999715e-02
-2.532037661084814317e+01 5.740186088000000242e-02 3.132087489999999756e-03 -5.538945199999999180e-02 -1.217852170000000012e-02 -2.232813092000000138e-02 -1.699749604000000067e-02
-2.262238301084814651e+01 6.626001864000000130e-02 2.133175243599999776e-04 -5.263571095999999144e-02 -2.816090379999999782e-02 -3.662358121999999966e-02 -2.233939165999999921e-02
-1.991937381084814618e+01 7.045821869999999154e-02 6.736090558000000506e-03 -4.062212818000000142e-02 1.117689545999999909e-02 -3.951444881999999909e-02 -3.990768002000000259e-02
-1.722691761084814033e+01 8.145188180000000056e-02 3.123227732000000232e-03 -2.325658743999999695e-02 -1.853074278000000144e-02 1.108169177999999803e-02 -3.704607095999999655e-02
-1.452622681084814005e+01 8.260667213999998981e-02 3.112028376000000422e-03 -8.420934462000000467e-03 -1.058964123400000026e-02 1.332211342000000007e-02 -1.525126677800000066e-02
-1.181410141084814924e+01 8.876568267999999928e-02 4.183403590000000713e-03 7.780117174000000628e-03 -1.456305538000000031e-02 3.565722815999999677e-03 -1.250418057999999957e-02
-9.117992410848142271e+00 8.241452330000001436e-02 7.148684346000000120e-03 3.420515874000000511e-02 3.127770505999999482e-03 1.650125834000000166e-02 2.720690208000000124e-02
-6.417198610848146245e+00 7.263386118000000891e-02 1.181002041999999926e-02 4.992184583999999953e-02 7.851802128000000963e-03 2.463147678000000146e-02 3.196607709999999686e-02
-3.730701810848148448e+00 7.481354627999999007e-02 8.227917849999998728e-03 5.192842911999999422e-02 1.148355390400000037e-02 -4.501258324000000088e-02 4.299069079999999488e-02
-1.029358010848136384e+00 7.356506063999999900e-02 4.798611799999999775e-03 5.410955428000000650e-02 3.480797944000000449e-02 1.097978076800000015e-02 5.419504697999999454e-02
1.683060789151858305e+00 6.685101014000000008e-02 5.472362631999999789e-03 5.364754649999999708e-02 2.395867754000000419e-02 4.052329159999999708e-02 2.001300121999999987e-02
4.379935589151853215e+00 6.470027289999999431e-02 9.672923099999997804e-03 6.753212258000000634e-02 -1.672902151999999809e-02 1.593822379999999816e-02 4.816493456000000423e-02
7.069429589151854820e+00 6.316097334000000951e-02 6.059783989999999523e-03 6.707757175999999599e-02 4.859880745999999203e-03 -1.616021373999999844e-02 5.693289332000000223e-03
9.772198189151851011e+00 6.311892869999999323e-02 4.736779442000000825e-03 5.130028756000000467e-02 1.321842411999999897e-02 -3.865095717999999982e-03 1.271817061400000058e-03
1.247466678915185412e+01 6.233542135999999706e-02 8.482656681999999754e-03 4.674342297999999757e-02 -1.227444162200000063e-02 -2.220005574000000204e-02 1.962591643999999844e-02
1.517861698915185720e+01 6.478434536000000910e-02 6.817108616000000683e-03 4.843683931999999415e-02 1.292000377999999970e-02 1.580903991999999675e-02 4.936074057999999959e-02
1.788677658915185731e+01 7.061298809999999593e-02 8.879108198000000216e-03 5.047566449999999622e-02 3.632346510799999793e-03 3.378949871999999827e-02 3.960623075999999965e-02
2.057776078915185280e+01 5.239125588000000805e-02 -1.341273643999999735e-04 5.350175297999999746e-02 1.022306549999999967e-02 2.483536315999999855e-02 1.549758028000000100e-02
2.327456378915185198e+01 4.782561343999999770e-02 -1.856887032400000208e-03 5.759719449999999019e-02 4.151048467999999929e-03 1.117228931999999890e-02 1.578483773999999826e-02
2.596889518915185135e+01 4.618075936000000381e-02 -1.019156265199999993e-03 6.771351251999999099e-02 1.189691722599999987e-02 1.295373006000000160e-02 2.547638672000000076e-02
2.867027318915185674e+01 5.153503710000000015e-02 -3.537760661999999560e-03 6.309714922000000947e-02 1.433748114000000032e-02 3.467650243999999271e-02 -4.273959315999999869e-02
3.136536378915186063e+01 6.066268380000000571e-02 1.118630393600000047e-03 6.007002087999999823e-02 1.709941446000000018e-02 2.268316368000000000e-02 -1.212555915999999952e-03
3.406811078915184510e+01 6.393135538000001283e-02 1.376106919999999824e-02 5.522443538000000596e-02 6.250686803999999479e-03 -3.507219173999999440e-02 -2.953158015999999934e-03
3.676077338915185067e+01 6.141234287999999125e-02 1.099915195999999831e-02 5.493671695999999965e-02 1.172403320000000096e-02 -5.099245625999999920e-02 -1.131142406000000024e-02
3.945614498915186630e+01 5.984846755999999324e-02 3.462225875999999734e-03 5.126392148000000898e-02 4.171447832000000147e-03 -2.755504147999999695e-02 -2.628896132000000264e-03
4.215623558915185498e+01 5.748208416000000209e-02 -2.338503026000000352e-03 5.100594030000001056e-02 3.297418441999999672e-02 -4.998265793999999429e-02 -2.077416557999999663e-02
4.484707638915185868e+01 6.286204768000000498e-02 -5.163960591999999794e-03 4.903007093999999649e-02 2.708055585199999581e-03 -3.417596758000000182e-03 6.534520561999999748e-03
4.755104798915185427e+01 5.547576892000000148e-02 -1.058213709999999974e-02 5.262216745999999390e-02 5.250700190000000614e-03 -1.348495868000000077e-02 8.502448047999999065e-03
5.025383238915185302e+01 5.802275091999999773e-02 -1.158235357999999951e-02 5.981513115999999991e-02 1.070795726200000041e-02 -7.597643632000000355e-03 -1.369039119999999887e-02
5.295098858915184792e+01 4.571675526000000545e-02 -1.115236950000000025e-02 6.130925327999999647e-02 -1.321036702000000229e-02 -5.563564909999999669e-02 -2.268237463999999912e-02
5.566871358915185652e+01 4.053088779999999836e-02 -2.228288774000000087e-03 6.981829388000000691e-02 1.350419262799999916e-03 1.739500558200000272e-03 -1.448066162200000243e-02
5.836168878915185587e+01 3.669163009999999725e-02 -3.232208386000000495e-03 6.965399052000001423e-02 1.027794840999999952e-02 -2.061838417999999756e-02 -3.164634777999999343e-02
6.107079818915185854e+01 3.661071991999999969e-02 -9.107625884000001074e-03 7.300125768000000070e-02 -4.179979570000000658e-03 4.694486811999999676e-04 -1.434869860399999933e-02
6.377323878915185418e+01 4.331850584000000032e-02 -6.607579948000000258e-03 7.942709634000000296e-02 8.435039200000001014e-03 -5.958095055999999140e-02 -1.268352297399999960e-03
6.646648578915184657e+01 4.799845315999999584e-02 -1.044552887600000077e-02 6.754431607999999976e-02 -2.348588332000000126e-02 -9.935774143999999072e-03 -2.142393377400000389e-03
6.916298598915186346e+01 5.182676409999999873e-02 -8.754373040000000897e-03 6.991193072000000119e-02 1.490161593999999798e-02 1.414470496019999950e-03 -3.298869815999999622e-02
7.187594518915184949e+01 5.326862543999999478e-02 -9.729127186000000732e-04 7.131892974000000884e-02 -2.957249569999999966e-02 1.316698724000000056e-02 1.680449551999999708e-02
7.457940138915185457e+01 5.809456363999999928e-02 -1.216097013200000089e-03 6.438873808000000754e-02 -1.123786568000000041e-02 -2.504047423999999911e-02 -8.605407589999999191e-03
7.729314198915184875e+01 6.096596848000000735e-02 -6.328814941999999152e-03 6.384044421999998664e-02 -4.898418663999998951e-04 -2.239581323999999957e-02 2.300162641999999730e-02
7.999568258915185481e+01 6.333360486000001732e-02 -9.749558219999999303e-03 6.659566946000000653e-02 -1.351917055999999825e-02 -2.572532409999999520e-02 4.642343365999999916e-02
8.270994198915184370e+01 6.351771419999999169e-02 -5.423252783999999403e-03 7.444245691999999692e-02 -1.643419289999999838e-02 2.383552608000000239e-02 -7.848991237999999523e-03
8.540187018915185035e+01 5.357300444000000217e-02 -1.527658574400000155e-04 6.422214821999999712e-02 -2.946975255999999960e-02 -2.573311274000000121e-02 2.508485100000000176e-02
8.810514818915184776e+01 5.343657095999999884e-02 4.590221162000000452e-03 6.266843227999999155e-02 -1.196036706800000099e-02 -1.726916784000000205e-02 8.660493468000001610e-03
9.079913878915185421e+01 5.791950178000000726e-02 8.526711427999999343e-03 6.794754753999998620e-02 -1.618277471999999759e-02 -1.112484550800000097e-02 5.964548908000000260e-02
9.350212658915185671e+01 6.113184578000000619e-02 1.022663967999999993e-02 6.508131962000000825e-02 -6.181251609999999751e-03 -2.860358142000000298e-02 2.806982385999999899e-02
9.620946698915186346e+01 5.631347020000000703e-02 7.990104229999999558e-03 6.572989296000000814e-02 -9.852001838000000108e-03 3.547115383999999757e-03 5.530005655999999797e-02
9.891203258915183483e+01 5.072911689999999585e-02 -2.134751625999999937e-03 6.658874486000000703e-02 -4.304182748000000280e-02 1.328944533999999907e-04 3.221162509999999507e-02
1.016205733891518577e+02 5.676068016000000022e-02 -1.417667157999999948e-02 6.477995584000000029e-02 1.700753105399999869e-03 -6.384261353999999902e-03 1.136532170000000008e-02
1.043087731891518644e+02 5.677377155999999842e-02 -5.468450009999999660e-03 5.905053095999999307e-02 4.952152892000000889e-02 -1.879447281999999803e-02 -1.963227028000000263e-02
1.070073577891518681e+02 5.830947926000000503e-02 -6.049528012000000149e-03 5.381764719999999891e-02 6.563879089999999535e-03 -3.374778096000000116e-02 -1.933849500000000068e-02
1.097155919891518607e+02 6.301586645999998626e-02 -2.581101693999999971e-03 5.561495058000000269e-02 4.443410642000000105e-02 -1.242798349999999982e-02 -4.286403746000000403e-02
1.124196573891518653e+02 6.832138433999999927e-02 2.317788484000000222e-04 3.999883355999999529e-02 -6.498427105999999773e-03 -1.544155512000000043e-02 -7.220522574000001748e-02
1.151214545891518810e+02 7.689614512000000901e-02 -7.158142718000000751e-03 2.811669340000000350e-02 1.591596621000000017e-02 -2.849420494600000357e-03 -3.747627876000000219e-02
1.178177447891518597e+02 8.698934892000000085e-02 -8.575671661999999945e-03 4.594076164000000101e-03 -6.686268962000000045e-03 2.874216692599999672e-03 -1.991180482000000015e-02
