-1.548898203098916042e+02 6.909108247999999619e-02 1.456960384000000053e-02 -4.655031416000000866e-02 4.903830243999999540e-03 3.307478637999999860e-02 -2.769718045999999823e-02
-1.521908988068915960e+02 6.544449001999999571e-02 1.937603641999999932e-02 -5.097143470000000537e-02 1.575063500000000241e-02 4.950391537999999925e-02 -1.977538723999999748e-02
-1.494851634008916221e+02 5.331910139999999909e-02 1.957806906000000152e-02 -5.830596381999999384e-02 -7.338398551999999846e-03 -1.375055344000000214e-02 5.740224487999999719e-04
-1.467884308388916281e+02 4.940905431999999958e-02 1.305779863999999811e-02 -6.158075285999999732e-02 4.823437871999999849e-03 -1.188225921200000007e-02 -3.481829270000000309e-02
-1.440895576328916263e+02 4.837545726000000434e-02 9.295515914000001406e-03 -6.693994345999999818e-02 2.574478434000000010e-02 -2.722334071999999924e-02 -5.239438059999999842e-02
-1.413891785728916091e+02 5.394584279999999760e-02 4.646718643999999364e-03 -6.186691695999999713e-02 1.975808475999999911e-02 -2.056301563999999790e-02 -3.757515881999999585e-02
-1.387032169928916119e+02 6.079333724000000189e-02 5.830098705999999485e-03 -6.295972549999999390e-02 2.726602121999999878e-02 -1.653555821999999967e-02 -1.245563914999999952e-02
-1.359957476328915789e+02 6.488991943999998513e-02 5.520068306000000015e-03 -6.046590316000000076e-02 3.079259009999999949e-02 -1.843416051999999944e-02 -1.502907185800000066e-02
-1.332910360728916146e+02 5.574852677999999478e-02 9.020435654000000247e-03 -7.097167573999998980e-02 8.211628376000000562e-04 1.728165251999999943e-02 1.834179841999999949e-02
-1.305863645128916062e+02 5.057117549999999573e-02 2.249822081999999952e-03 -6.743788782000000037e-02 3.290788790000000186e-02 -3.446638865999999968e-02 -1.576420983999999735e-04
-1.278808322928916112e+02 5.593984074000000334e-02 -6.235240807999999774e-03 -7.248466035999999446e-02 5.887035670000000456e-03 -3.635147879999999637e-02 -4.933064687999999531e-02
-1.251739369928915977e+02 4.487123085999999983e-02 -6.429104169999999910e-03 -6.704819375999999942e-02 5.245411263999999463e-02 -2.983004790000000003e-02 1.394262437999999917e-02
-1.224728001128916048e+02 4.399353216000000122e-02 -1.110471109999999935e-02 -6.460946147999999112e-02 8.427448608000000230e-02 4.789963677999999753e-02 -1.792045749999999701e-02
-1.197774145128916246e+02 5.684764041999999795e-02 -5.018545628000000217e-03 -6.420594479999999771e-02 4.037971175999999912e-02 1.867090488000000201e-02 -1.701538022000000094e-02
-1.170799216928915882e+02 5.619888640000000185e-02 -6.227028362000000192e-03 -6.784434817999998590e-02 1.845261972000000056e-02 4.356081151999999929e-02 -7.790318235999999993e-03
-1.143816145328916036e+02 5.179548687999999818e-02 -6.542693267999999396e-03 -6.404634359999999971e-02 -1.162925534000000018e-02 6.162033302000000795e-02 -2.248718507999999949e-02
-1.116853723128916016e+02 5.237581568000000687e-02 -5.294543345999999998e-03 -6.348364296000000295e-02 2.747544214000000040e-02 -3.537380091999999671e-02 4.647999715999999448e-02
-1.089792635528915952e+02 5.542180993999999694e-02 -3.808094397999999860e-03 -6.122846348000000882e-02 4.815823242000000226e-02 -9.748736721999998883e-03 3.672867127999999981e-02
-1.062679894728915997e+02 5.674086755999999815e-02 -5.349154476000000762e-03 -6.091571422000000707e-02 8.887097180000000374e-02 -2.444525743999999973e-02 1.044938169999999958e-02
-1.035772648128915989e+02 5.931220170000001124e-02 -5.987445201999999286e-03 -6.222381057999999687e-02 4.600824089999999700e-02 -2.386146188000000043e-02 -2.456633009999999867e-02
-1.008700279128916009e+02 5.204100139999999486e-02 -4.142952622000000101e-04 -5.995514492000000167e-02 3.145114979999999449e-02 4.432995868000000339e-03 -2.618435042000000212e-02
-9.817716605289160725e+01 4.800808818000000533e-02 -1.437811806599999893e-03 -7.296202158000000826e-02 2.995766389999999710e-02 4.141415695999999674e-02 -3.778484829999999295e-02
-9.546418821289161372e+01 4.871961653999999642e-02 -7.947871206000000494e-03 -7.536601733999999386e-02 -9.968757056000002344e-04 -3.680540497999999685e-03 -1.207862196800000079e-02
-9.277229733289159697e+01 4.962775745999999794e-02 -5.414210484000000698e-03 -6.812931308000000352e-02 4.862830793999999707e-03 4.588470373999999768e-02 1.063626979600000057e-02
-9.006900231289162662e+01 4.382317152000000243e-02 -1.137096637999999993e-02 -5.674897218000000271e-02 4.328438848000000505e-02 1.550941546000000025e-02 -1.692405216000000129e-02
-8.736309949289162091e+01 3.740443783999999883e-02 -1.426357984000000204e-02 -5.728272069999999772e-02 -6.495387739999999854e-02 2.267579487999999820e-03 3.871327777999999942e-02
-8.465319667289159611e+01 4.086744863999999811e-02 -2.172163876000000188e-02 -5.759517824000000286e-02 -5.152952807999999774e-02 4.933462666000000378e-03 -4.082710445999999764e-03
-8.194519981289161592e+01 5.746701676000000314e-02 -2.727895627999999892e-02 -5.355832620000000599e-02 -2.825382071999999953e-02 -5.618845393999999382e-02 2.110937544000000138e-02
-7.923702793289160695e+01 6.553654511999999766e-02 -2.065368047999999873e-02 -5.887190892000000730e-02 -7.584743090000000201e-03 -3.308492066000000287e-02 6.525548890000000719e-03
-7.652685169289161138e+01 6.861950358000000472e-02 -1.332379771999999893e-02 -5.330725581999999629e-02 3.074957010000000171e-02 -5.412202351999999099e-03 6.686378375999999131e-03
-7.382752823289160915e+01 6.718413651999999292e-02 -1.656675508000000213e-02 -5.723462012000000293e-02 3.939981649999999415e-04 -1.708926449999999958e-02 -4.021288407999999703e-03
-7.111874575289159850e+01 5.733776034000000188e-02 -1.466155398000000033e-02 -5.709775898000000321e-02 -2.682543307999999890e-02 -2.140463666000000029e-02 3.512984597999999591e-03
-6.841308449289161331e+01 6.654962064000000121e-02 -8.773369565999999953e-03 -5.620785613999999819e-02 -3.850676748000000232e-02 1.169388633800000007e-02 -4.700824887999999896e-02
-6.571600481289161166e+01 6.319868911999999839e-02 -4.521621929999999727e-03 -5.682872188000000213e-02 -6.807964125999999179e-03 -2.299918262000000442e-03 -3.055450806000000255e-02
-6.303420793289160429e+01 5.639087344000000279e-02 -1.020173270800000045e-02 -5.416738248000000505e-02 -3.660326430000000741e-02 4.236741728200000764e-03 -4.575431643999999798e-02
-6.034404635289160979e+01 6.378778003999999169e-02 -8.199725463999999603e-03 -4.927093712000000375e-02 -1.620793547999999779e-02 -1.695838386399999963e-03 -2.687335012000000023e-02
-5.764665513289160970e+01 7.253748458000000565e-02 5.751608903799999969e-04 -4.840432181999999861e-02 -3.066616055999999910e-02 4.870967172000000012e-02 1.427156373200000154e-03
-5.494668525289161209e+01 7.189836719999999348e-02 3.724972737999999875e-04 -5.060484911999999641e-02 -1.298173596000000082e-02 4.584341869999999930e-02 -3.103620773999999846e-02
-5.225127905289161845e+01 6.335277458000000694e-02 -5.300460445999998979e-03 -5.246062519999999951e-02 -8.932522434000000899e-03 7.127427825999999023e-02 -8.358135971999999803e-02
-4.954381965289160661e+01 6.132176903999999457e-02 -1.336686297999999974e-02 -5.959334443999999426e-02 -1.415037791999999850e-02 3.901944412000000334e-02 -2.278358970000000233e-02
-4.685749445289160775e+01 6.065092507999999411e-02 -4.657427163999999786e-03 -4.854693032000000075e-02 6.004529875999999738e-02 1.463352340000000085e-02 5.161115986000000370e-03
-4.415487245289160967e+01 6.681674955999998555e-02 -9.965035819999999017e-03 -5.392268479999999531e-02 3.745384872000000025e-03 -8.884960473999999747e-03 4.757327157999999279e-02
-4.145135385289161434e+01 6.188224159999999863e-02 -6.868362208000000288e-03 -5.430798012000000174e-02 1.957810357999999890e-02 2.624370856000000050e-03 3.567068067999999703e-02
-3.876016325289160847e+01 5.660029099999999008e-02 -8.098726599999998138e-03 -5.133542474000000327e-02 1.705035063999999975e-02 3.852033980000007862e-05 4.691514861200000021e-04
-3.605241005289160938e+01 5.229274852000000140e-02 -7.203601000600000749e-04 -5.236712759999999356e-02 3.421922398000000476e-02 -8.887226789999998818e-04 -2.780652881999999895e-02
-3.335017885289160944e+01 5.886681776000000227e-02 1.952922780000000301e-03 -5.432138166000000101e-02 4.077196545999999672e-02 -2.101633879999999927e-02 -6.094836820000000543e-02
-3.065366925289161060e+01 6.453729449999999479e-02 1.256881805999999872e-03 -5.178779140000000503e-02 5.100293319999999256e-03 -3.877321108000000155e-02 -8.734223663999998374e-03
-2.795720685289161267e+01 6.820548077999999403e-02 -1.786142126000000042e-03 -5.181427372000000503e-02 1.131531386999999958e-02 -9.051176310000000683e-03 2.353350687999999913e-02
-2.525216325289161290e+01 7.247883682000000327e-02 -3.143273450000000184e-03 -4.644539960000000633e-02 2.806936323999999899e-02 1.041193140799999937e-02 -3.551255586000000297e-02
-2.253506645289161270e+01 8.209554354000000997e-02 -1.552172148000000029e-02 -2.762729207999999742e-02 2.938179049999999981e-04 -1.634759651999999949e-03 2.976126268000000089e-02
-1.982888825289161261e+01 7.762742335999998911e-02 -4.785136223999999702e-03 -9.592725781999999340e-03 -2.699980844000000185e-02 -3.382543841999999940e-02 2.526893412000000283e-02
-1.713312865289161024e+01 8.496256095999998870e-02 -1.260576122000000091e-02 3.150698219999999855e-02 -1.197549519400000102e-02 3.842166951999999303e-02 3.099503669999999905e-02
-1.443215065289161281e+01 7.991667205999999912e-02 -1.100897135999999964e-02 3.932278155999999886e-02 -2.476820806000000139e-02 -4.102896773400000266e-03 1.638712042000000160e-02
-1.174215685289161115e+01 7.431223713999998703e-02 -1.101191867999999977e-02 4.455483663999999788e-02 -8.382305413999998830e-03 3.987398602000000181e-02 3.119499658000000376e-03
-9.038372652891604631e+00 7.352079561999999568e-02 -8.099574895999999899e-03 4.864354490000000197e-02 2.030086238000000307e-02 2.530738962000000231e-02 3.619104791999999682e-02
-6.335366252891605932e+00 6.370210058000000397e-02 3.540344149599999879e-04 5.232076048000000590e-02 4.234609801999999687e-03 -1.008016583099999959e-03 3.831288370000000137e-02
-3.642869452891608351e+00 5.849805628000000202e-02 5.026214134000000534e-03 6.340479195999999817e-02 -3.991926812099999902e-03 1.338317977200000064e-03 6.138311657999999393e-02
-9.515162528916107920e-01 5.105925062000001013e-02 1.197900633000000079e-03 7.539364014000000946e-02 8.531880549999999036e-03 -1.396250335999999967e-02 4.508385044000000341e-02
1.753371147108390371e+00 5.310328561999999586e-02 -3.299137623999999405e-03 6.908475538000000138e-02 1.071101653999997905e-04 -7.026474585999998961e-03 3.029059065999999828e-02
4.455308347108399403e+00 5.751580295999999398e-02 -1.271721831999999891e-03 6.064575430000000017e-02 -1.291404206000000034e-02 3.615616786000000471e-02 4.705312988000000252e-02
7.156299147108387437e+00 5.716441508000000976e-02 1.403031173999999852e-03 5.309511730000000818e-02 2.898990222600000225e-03 4.426335304000000165e-02 4.009534062000000114e-03
9.846777547108382933e+00 6.205827734000000234e-02 -6.867772649999999424e-03 5.608902528000000304e-02 -3.035331234000000419e-02 3.563411627999999581e-02 -1.100120648000000104e-02
1.254490554710838524e+01 5.896479947999999638e-02 2.752990400000000001e-03 6.090714532000000153e-02 -2.934941366000000038e-02 3.116224973999999828e-02 -1.375363639999999978e-02
1.523150254710839135e+01 5.610610054000000207e-02 1.723871002799999899e-03 5.578223413999999769e-02 -1.903146609999999822e-02 1.271214556999999967e-02 -3.939066181999999888e-02
1.793098674710838480e+01 5.181134766000000669e-02 -2.707084548000000205e-03 6.786996871999999292e-02 -8.634238482000001352e-03 1.963487884000000134e-04 -2.730974574000000210e-02
2.063693654710839454e+01 3.916229717999999971e-02 -1.050398601599999981e-03 7.244107021999998675e-02 2.169385413999998528e-04 -1.842386769999999896e-02 -3.149878402000000355e-02
2.332898054710838665e+01 4.036820498000000257e-02 -7.613795767999999775e-04 6.746284651999999438e-02 -5.398335629399999766e-03 4.726314630000000641e-03 2.768940719999999842e-02
2.603532734710838525e+01 3.606732291999999868e-02 -5.149486243999999886e-03 7.117684670000000435e-02 1.755260657999999779e-02 2.822678438000000151e-02 1.444054241640000064e-03
2.873848654710839767e+01 2.955926962000000185e-02 -3.494130056000000015e-03 6.555987894000001037e-02 1.573171651999999768e-02 1.606509743600000040e-03 2.019735951999999946e-02
3.143648354710839499e+01 2.668336376000000204e-02 -9.235658839999999134e-03 6.703334493999998922e-02 1.649813334000000201e-02 -8.241745978000000750e-02 -1.712692482000000016e-02
3.413488994710839108e+01 1.531609819999999941e-02 -6.366904889599999621e-04 6.949771379999999943e-02 -4.646380313999999914e-03 6.302038396999999972e-03 -7.110425979999987489e-05
3.683164914710839355e+01 2.230080741999999894e-02 5.835716918000000576e-04 6.873794722000001189e-02 2.620740581999999458e-02 -1.151759938400000009e-02 -4.890817467999999252e-02
3.952196794710839356e+01 2.498919385999999812e-02 7.941523490000001323e-03 7.798841166000000658e-02 2.074050408000000303e-02 2.828821425999999972e-02 2.594726802000000155e-03
4.222108654710838493e+01 4.333024610000000415e-02 -1.680541007999999991e-03 6.742583988000000472e-02 1.557209032000000069e-02 2.735389107999999792e-02 -1.540354445999999808e-02
4.491716814710839145e+01 4.858595878000000756e-02 4.282931188000000354e-03 7.039565048000000214e-02 4.228829425999999780e-02 -4.522274481999999547e-03 3.170760915999999707e-02
4.761616174710839289e+01 4.980621776000000028e-02 6.480258610000000190e-03 6.026539222000000529e-02 7.314050598000000972e-03 -3.214522949999999712e-02 3.205007446799999944e-03
5.032902414710839167e+01 5.792373273999999739e-02 4.330091860000000355e-03 5.585989281999999972e-02 1.908861082000000084e-02 -4.045931028000000068e-02 4.205465114000000657e-03
5.302980214710838425e+01 6.422698347999999946e-02 -5.388128861999999866e-03 4.658266651999999619e-02 3.004206381999999925e-02 -6.395572905999999391e-02 -3.829582204000000351e-02
5.573407114710838783e+01 6.283220834000000088e-02 -2.576387950000000402e-03 5.741986051999999757e-02 -5.027810385999999937e-03 2.463459223999999934e-02 1.230221647600000107e-02
5.843943674710838820e+01 6.076928063999999935e-02 1.075250168000000013e-02 6.416405542000000461e-02 2.172042004000000054e-02 -9.137241112000000359e-03 -2.507222088000000265e-02
6.114163974710838545e+01 5.967008069999999581e-02 7.589848320000000190e-03 6.659777811999999242e-02 -9.794584052000000068e-03 -2.932928916000000427e-02 3.100010026000000335e-02
6.384365554710839064e+01 5.354287287999999478e-02 4.896922563999999214e-03 6.957207915999999437e-02 2.068014848000000044e-02 5.290605660000000272e-03 3.122021036000000027e-02
6.654792414710838955e+01 6.436814972000000357e-02 -3.890930784000000246e-03 6.827674174000000762e-02 -9.133134060000000845e-03 -8.819951363999999766e-03 1.867727652000000099e-02
6.925661194710839652e+01 6.145125762000001185e-02 -2.201582149599999973e-04 5.585294419999999732e-02 1.040512304000000034e-02 -8.295710015999999479e-03 2.415150758000000203e-02
7.195757414710837452e+01 6.364220301999999607e-02 -4.627423343999999793e-03 5.841825499999999532e-02 4.850680771999999960e-03 1.147227947000000088e-02 3.620198738000000166e-02
7.465461174710839032e+01 6.428158286000000554e-02 -4.817006872000000398e-03 5.382856011999999357e-02 2.335753747999999921e-02 -1.113339473399999925e-02 2.711863415999999759e-03
7.735777434710837497e+01 5.642928517999998977e-02 -7.931314647999999218e-03 6.721629592000000208e-02 1.539207624000000010e-02 -1.250886002000000177e-02 7.666289874000001454e-03
8.005102134710838868e+01 5.857434016000000188e-02 3.665900187999999831e-03 6.093768322000000376e-02 1.369820470600000006e-02 7.585300064000000293e-03 2.690682622000000260e-02
8.276117734710838647e+01 5.897301682000000156e-02 3.905930289999999441e-03 5.356950798000000014e-02 -3.625954936000000406e-03 -1.038085765800000025e-02 3.255366374000000229e-02
8.546282434710838061e+01 6.147248419999999658e-02 1.401636395799999921e-03 5.806152464000000762e-02 1.840599382000000089e-02 -2.787087173200000073e-03 -2.465379481800000251e-03
8.816133354710839853e+01 6.086325289999999777e-02 2.582489679999999763e-03 6.165537004000000432e-02 -3.125695091999999842e-02 2.492501261999999912e-02 1.661058115999999862e-02
9.085425534710839202e+01 6.564528706000000158e-02 -3.027276991999999691e-03 5.181628753999999171e-02 -1.469263936800000239e-02 -2.031234739999999636e-02 5.622384218000000405e-02
9.355533034710838081e+01 7.299298651999999721e-02 3.712434494399999697e-04 4.872953180000000328e-02 -2.534988708000000118e-02 -1.095292504000000035e-02 1.243934713999999934e-02
9.626660874710839266e+01 6.693287602000000391e-02 1.438510049999999849e-03 4.561935006000000098e-02 -2.897867049799997719e-04 -7.150055749999999211e-02 -9.487185127999999898e-03
9.897276174710839314e+01 7.594514484000000620e-02 7.367231678000000020e-03 3.868014534000000643e-02 -6.813390535999999664e-02 -1.151665269999999942e-02 4.202647082000000173e-02
1.016812523471083836e+02 7.961103068000000005e-02 5.431413858000000427e-03 2.485739871999999989e-02 -5.554413633999999433e-02 -2.410667140000000153e-02 -3.085639888000000358e-02
1.043838491471084069e+02 8.627393166000001112e-02 1.106325137999999986e-02 7.608036322000000327e-04 -6.431293797999999839e-02 6.189969477200000462e-04 -4.235179984000000258e-02
1.070783709471083966e+02 8.063837488000000220e-02 4.229574877999999795e-03 -1.490306595999999970e-02 -4.720363091999999622e-02 1.151389556000000092e-02 -4.762304522000000706e-02
1.097661867471083923e+02 8.015026441999999196e-02 3.351271213999999863e-03 -2.837585192000000034e-02 -1.235373279999999949e-02 2.135524624000000385e-02 -2.921057326000000079e-02
1.124575191471083855e+02 7.856715761999999437e-02 7.622955823999999145e-03 -4.306693667999999392e-02 2.382756725999999811e-02 3.398966873999999944e-02 1.848719176000000047e-02
