-1.535550911056556629e+02 6.955961459999999985e-02 -3.075209676000000350e-02 -3.577824618000000068e-02 -9.141447897999999475e-03 2.310325431999999540e-02 -1.307306915600000077e-02
-1.508536462304556665e+02 5.924293156000000338e-02 -2.662881769999999454e-02 -5.230463507999999484e-02 -2.448075464000000392e-03 1.273571628199999736e-02 -2.545090214000000212e-02
-1.481527333864556510e+02 6.035001361999999675e-02 -1.838354244000000096e-02 -5.956441644000000368e-02 3.398857179999999895e-02 4.248219075999999650e-02 1.099805409999999976e-02
-1.454515253564556474e+02 5.950714409999999926e-02 -1.735624999999999668e-02 -6.201131180000000326e-02 2.487402639999999887e-02 -9.050205140000008245e-05 -2.863765138000000030e-02
-1.427459886924556827e+02 5.928565543999999438e-02 -1.750499992000000005e-02 -6.054119813999999516e-02 4.746946900000000025e-02 7.374320066000000567e-04 -8.426943188999998918e-03
-1.400553821324556623e+02 5.299738549999999382e-02 -6.010911443999999819e-03 -5.297114301999999997e-02 -3.469751253000000375e-03 2.321011422000000129e-02 -1.801766426000000337e-02
-1.373516677524556542e+02 5.906691036000000228e-02 -7.888218697999998738e-03 -4.238509462000000089e-02 4.213000606000000259e-02 3.988640037999999916e-02 2.873542399999999900e-02
-1.346530946124556749e+02 6.092769740000000128e-02 2.166699114000000207e-03 -4.063426260000000539e-02 3.735827851999999616e-02 5.860088892000000355e-02 -7.294830345999999896e-03
-1.319543117924556554e+02 6.466223561999999425e-02 8.392685610000000587e-03 -4.755029308000000704e-02 1.561032068000000120e-02 8.801787718000000926e-02 -8.635394584000002233e-03
-1.292578255924556458e+02 6.249370918000000247e-02 1.329002189999999896e-02 -5.593338695999999777e-02 5.004147765999999997e-02 3.988462935999999293e-02 -2.384278705999999873e-02
-1.265443271324556491e+02 5.815449760000000051e-02 7.590132779999999788e-03 -5.879503758000000080e-02 6.567040077999999892e-02 -1.983923141999999890e-02 1.377415415999999962e-02
-1.238449636924556643e+02 6.155547785999999910e-02 1.383056268000000012e-02 -6.490710837999999483e-02 3.404691102000000080e-02 3.373138257999999667e-02 7.117331232000000119e-03
-1.211379633724556726e+02 5.888187329999999831e-02 9.346179498000000210e-03 -6.151174948000000253e-02 -2.160824975999999648e-02 -1.934587930000000039e-02 -2.668927811999999983e-02
-1.184416830924556479e+02 6.185578655999999370e-02 1.039257684199999809e-02 -6.248221939999999697e-02 5.291914401999999601e-02 1.192034787999999949e-02 9.080817007999999677e-03
-1.157388880924556531e+02 6.188891241999999737e-02 2.627150137999999854e-03 -5.679153327999999362e-02 5.757741526000000054e-02 9.827101027999999433e-03 3.807931684000000205e-02
-1.130357836924556523e+02 5.980873101999999164e-02 5.136606707999999064e-03 -5.275461499999999082e-02 7.474067001999999682e-02 -4.562483650000000168e-02 6.342673210000000783e-02
-1.103375396324556448e+02 6.182929099999999456e-02 8.162242305999999753e-03 -5.695413989999999899e-02 6.039114789999999733e-02 4.339513518000000236e-03 6.732780937999999216e-02
-1.076449583924556634e+02 6.175826291999999412e-02 1.332512254000000132e-02 -5.185560586000000083e-02 6.394466566000001073e-02 -9.129440427999999325e-04 2.264130912000000134e-02
-1.049355208724556690e+02 6.764734965999999461e-02 1.081091989999999857e-02 -5.761513326000000657e-02 5.194969350000000485e-02 1.576418102000000029e-02 7.386748869999999398e-03
-1.022340158724556574e+02 6.310433478000000707e-02 1.353962571999999843e-02 -5.350516953999999437e-02 5.003497423999999499e-02 -2.533105817999999759e-02 -1.222543977600000151e-02
-9.953582181245566574e+01 6.806833298000000698e-02 1.597557807999999691e-02 -5.179657189999999772e-02 2.707222536000000040e-02 -4.655568559999999356e-02 -3.030189794800000093e-03
-9.683693151245566355e+01 7.545882217999999586e-02 1.787258323999999995e-02 -4.190861342000000433e-02 8.170412224000001000e-03 -4.142575033999999767e-02 -2.163372967999999813e-02
-9.414494995245566145e+01 7.363598872000000350e-02 7.147286652000000087e-03 -4.707581475999999404e-02 -2.129848393999999798e-02 1.547595769999999746e-02 -1.740771175400000065e-02
-9.143891433245565281e+01 6.615457839999999701e-02 1.135515586000000049e-02 -5.452719786000000124e-02 1.020636446399999890e-02 -3.823938909999999997e-02 -2.871841482000000306e-02
-8.874357839245564605e+01 5.786104729999998891e-02 3.618545414000000435e-03 -4.995523837999999578e-02 2.472117904400000007e-03 2.125976771999999945e-02 -2.516477978000000032e-02
-8.604886463245566119e+01 5.780417323999999940e-02 1.211735939999999956e-02 -5.598551642000000605e-02 7.017361112000001025e-03 2.492433858000000016e-02 -2.667862237999999928e-02
-8.335019495245566645e+01 5.742820590000000808e-02 1.318295113999999948e-02 -6.205606292000000190e-02 7.020663816000000113e-03 -3.224378761999999871e-02 -1.647008401999999760e-02
-8.065761463245567597e+01 5.332859111999999069e-02 1.069480824000000087e-02 -6.771790792000000059e-02 -1.442763626000000132e-02 -6.961363689999999771e-03 9.240539288000001322e-03
-7.795387371245566044e+01 4.207558772000000169e-02 1.336073414000000029e-02 -6.394655257999999620e-02 -4.155782300000000068e-02 -1.202568966000000256e-03 4.982539266000000043e-03
-7.525207211245566441e+01 4.440795120000000373e-02 1.035959879199999968e-02 -5.715842765999999686e-02 -1.046333311600000128e-02 2.497573955999999804e-02 1.467687306000000150e-02
-7.255483555245567118e+01 4.703777955999999955e-02 8.624700666000000709e-03 -6.197679217999999685e-02 -1.252339772000000094e-02 2.641737844000000002e-02 -3.880625242000000641e-02
-6.986034149245566027e+01 5.637738141999999730e-02 -9.777207720000002597e-05 -5.698537858000000261e-02 6.996395425999999036e-03 3.705794101999999868e-02 1.594793014000000023e-02
-6.716023837245566597e+01 5.264329264000000563e-02 1.113960392000000119e-02 -6.110395320000000519e-02 2.951210530000000082e-02 2.763235034000000034e-02 2.988382738000000018e-03
-6.446603341245565844e+01 6.124350767999999640e-02 1.349329599999999837e-02 -5.757539459999999609e-02 1.307929697799999937e-02 -5.093433069999999535e-02 5.348375606000000879e-03
-6.175236777245565634e+01 6.123364431999998858e-02 7.786199564000000073e-03 -6.015075076000000326e-02 2.334368594000000435e-02 -7.438476439999999745e-02 5.072294071999999820e-02
-5.903994401245567047e+01 6.192364743999999310e-02 5.561693264000000178e-03 -5.523730555999999126e-02 -1.805146591999999897e-02 -7.836759943999998396e-03 -1.342443705999999889e-02
-5.634235931245566320e+01 4.930251761999999982e-02 8.297076603999999772e-03 -6.354641629999999153e-02 -2.708271888000000210e-02 -2.872218707999999940e-02 -2.217989272000000373e-02
-5.362528153245566642e+01 4.494444058000000158e-02 3.958154600000000391e-03 -6.599692580000000863e-02 -3.231512572000000416e-02 -4.064362855999999885e-02 -5.319856790000000724e-02
-5.093045053245565867e+01 3.955416873999999944e-02 -6.004092009999999896e-03 -7.695723227999999583e-02 3.342705740000000147e-02 -3.646444102000000187e-02 -8.212730299999999872e-02
-4.822249093245566343e+01 4.031955442000000056e-02 -6.981739755999999408e-03 -7.478636560000000155e-02 -4.734569730000000309e-02 -1.015525523999999923e-02 -2.815591699999999472e-03
-4.550766913245566059e+01 4.188314188000000216e-02 -6.559663581999999708e-03 -5.761395251999999745e-02 4.040686866000000460e-02 1.099590695600000112e-02 -2.168740185999999681e-02
-4.281210973245566009e+01 5.060597438000000864e-02 -4.678608919999999692e-03 -6.561729454000000961e-02 -4.142750025999999974e-02 2.703456376000000147e-02 -2.055451180000000128e-02
-4.010160953245566162e+01 6.086315820000000321e-02 1.327037959999999945e-03 -6.979881629999999670e-02 3.701500667999999689e-02 3.432743689999999555e-04 -1.328655631400000106e-02
-3.741578153245566085e+01 6.170096593999999796e-02 -2.024279468000000221e-03 -7.840865720000000927e-02 5.287944600000001050e-02 -1.514003949999999897e-02 -6.195370940000000104e-02
-3.471488173245565889e+01 6.442826277999999518e-02 6.485737531999999708e-03 -6.671642468000001103e-02 8.253350973999999673e-02 2.375401149999999909e-03 -5.449934173999999854e-02
-3.201201913245566288e+01 5.988238548000000133e-02 1.007553251999999955e-02 -6.002956442000000059e-02 4.822133798000000082e-02 5.428944608000000477e-02 -2.283358098000000044e-02
-2.930659713245566422e+01 6.535612524000000700e-02 7.352755405999999994e-03 -5.232306107999999678e-02 2.183557900000000079e-02 4.596750848000000222e-02 1.766845262000000388e-02
-2.660666593245566247e+01 7.033842758000000139e-02 6.366197033999999519e-03 -4.055914011999999652e-02 -1.307449139999999899e-02 -2.268305672000000064e-02 8.179848090000000488e-03
-2.390440653245566338e+01 6.802628252000000875e-02 5.386112991999999697e-03 -3.636251855999999422e-02 9.688696294000001541e-03 -1.808948108000000112e-03 -3.056036331999999883e-02
-2.120789093245566193e+01 7.292967890000000286e-02 4.510530646000000463e-03 -1.688657974000000103e-02 3.977174952000000520e-03 -1.330533712799999990e-02 -1.544484734000000151e-02
-1.851255333245565993e+01 7.308592397999999490e-02 2.721575718000000116e-03 1.947944226000000029e-03 3.666918054000000565e-02 -2.919580960200000418e-03 -1.214345216999999921e-02
-1.582013773245566313e+01 7.330693135999999388e-02 4.231170883999999313e-03 1.187625074000000017e-02 1.576732484599999845e-03 -5.481548254000000175e-02 7.397408474000000123e-03
-1.312133793245566338e+01 6.581348534000000527e-02 -6.307272884000000423e-04 3.655008438000000026e-02 1.832898590000000064e-02 1.185694697999999971e-02 5.120007763999999406e-02
-1.042950033245566033e+01 5.804150464000000509e-02 -4.849545918000000913e-03 4.397854095999999269e-02 -5.698543906000001075e-04 -2.776707089999999861e-03 4.224662002000000027e-02
-7.742290932455665242e+00 5.697869858000000065e-02 -8.799821814000000422e-03 5.415921546000000003e-02 -6.891357318000000329e-03 1.603574899999999845e-02 5.991118074000000016e-02
-5.049475132455659931e+00 5.751951779999999598e-02 -8.239785257999999307e-03 5.904529079999999708e-02 -6.059151186000000591e-03 1.840906500000000223e-02 3.586496088000000297e-03
-2.344065932455663415e+00 6.396134180000000169e-02 -2.950644050000000330e-03 7.578893849999998600e-02 -2.390693767999999692e-02 2.063967927999999993e-02 7.966853161999999655e-02
3.704122675443329848e-01 7.066530845999999255e-02 3.869768680000000745e-03 6.288488863999999734e-02 -1.641668484199999747e-03 -3.763236797999999945e-03 6.127696901999999529e-02
3.075993467544338777e+00 6.511693708000000635e-02 5.898998260000000611e-03 5.815028452000000486e-02 -3.797370685999999209e-04 2.354177174000000178e-02 4.305336682000000109e-02
5.775321667544335291e+00 6.481803780000000570e-02 8.617421323999998814e-03 6.166730720000000027e-02 2.710096784000000023e-02 -2.296422424000000434e-02 2.247253616000000065e-02
8.465171667544336032e+00 6.747994454000000308e-02 -4.449812095800000024e-04 5.277035995999999896e-02 1.373676216200000067e-03 -4.967940753999999792e-02 1.849838382000000211e-02
1.117204986754433627e+01 6.265498125999999224e-02 5.147585250000000397e-03 5.244859531999999935e-02 -1.105481800600000009e-02 -2.417463296000000456e-02 1.328702838000000086e-03
1.387342146754433614e+01 6.453505966000000482e-02 -1.028243351199999937e-03 5.823104980000000375e-02 -4.418424578000000949e-03 2.346421853999999807e-02 1.051072156860000150e-03
1.656310606754433223e+01 6.459004933999999698e-02 -1.674875186000000056e-03 6.252031216000000780e-02 -8.345241624000000746e-03 -1.054542600199999836e-03 5.314427094000000185e-02
1.926096246754433849e+01 5.627757616000000906e-02 2.066855906000000104e-03 6.593537300000000545e-02 -1.308811757200000186e-03 -4.264258061999999516e-02 -3.899528019999999682e-03
2.196314966754434295e+01 5.040685846000000220e-02 6.958490941999999173e-03 5.977439678000000256e-02 -1.409277978000000008e-02 -7.958295821999999964e-03 1.736327225999999974e-02
2.467539326754434370e+01 5.648757202000000838e-02 1.155899356399999953e-03 5.761239824000000814e-02 -1.581436647800000140e-03 -1.483522573999999927e-02 -3.136852759999999435e-02
2.737198106754433979e+01 5.966994155999999494e-02 5.674793504000000613e-03 5.951257832000000914e-02 1.144105851999999927e-03 -1.457248795999999992e-02 4.881269377999999937e-02
3.008445286754433567e+01 7.301009035999998786e-02 2.898236087999999430e-03 4.990800769999999970e-02 1.537554219999999992e-02 -1.791399158000000005e-02 1.525258072000000055e-02
3.278192766754433762e+01 7.529410143999999694e-02 8.474203591999998966e-03 4.721234627999999767e-02 -2.530765234000000377e-02 1.884617915999999699e-02 6.415008508000000220e-02
3.547489666754432847e+01 8.170423799999999848e-02 -1.187723708199999850e-03 4.497562654000000076e-02 1.334047606000000018e-02 1.282849460000000039e-02 8.518599280000000362e-04
3.818200886754434009e+01 7.221735648000000840e-02 1.572584682000000011e-03 4.797492634000000145e-02 1.125966072000000092e-03 4.321036928000000776e-02 -1.317971872000000058e-02
4.088569646754433506e+01 6.813473218000000442e-02 6.229660299999999380e-03 4.929328317999999431e-02 2.987844690000000109e-02 5.347106660000000566e-02 6.802174015999999310e-03
4.360261526754432992e+01 8.080608504000000303e-02 -3.671240118000000056e-03 5.166688556000000043e-02 3.086415861999999843e-02 4.950342316000000409e-02 5.361722622000000306e-03
4.630494946754433983e+01 6.692745081999999790e-02 -1.499077324600000009e-03 5.422850376000000472e-02 8.950355426000001016e-03 1.245162010000000138e-02 5.094779682000000198e-02
4.900130306754432752e+01 6.601137259999999285e-02 7.955544572000001341e-03 5.071998777999999625e-02 1.721322843999999880e-02 2.030765944000000392e-02 3.963359148000000082e-02
5.169776226754434134e+01 6.036751863999999246e-02 5.755577935999999298e-03 5.652216657999999810e-02 -1.677262812000000075e-02 9.767793527999999934e-03 5.763327831999999484e-02
5.440446206754434399e+01 6.670484988000000004e-02 -5.852742375999998685e-03 5.535064617999999742e-02 -2.374392360000000118e-02 4.082251184000000588e-02 3.447807622000000072e-02
5.709279966754434099e+01 6.379911748000000049e-02 -7.041302352000000479e-03 6.145546316000000120e-02 9.023910620000000563e-03 2.797317474000000220e-02 3.941366300000000156e-02
5.980248106754434190e+01 5.497539365999999650e-02 4.437109792000000150e-03 6.271951455999999481e-02 -1.703377296639999733e-03 4.689032094000000067e-02 4.959750820000000116e-02
6.250884026754433620e+01 4.825237075999999625e-02 5.992144756000000044e-03 6.002382116000000434e-02 -4.513838608800000915e-03 3.457862448000000033e-02 5.146870141999999870e-02
6.520337166754434577e+01 4.919851564000000260e-02 -7.508061691999999739e-03 6.361569732000001143e-02 -1.133574295799999986e-03 2.447248813999999828e-02 7.300588509999998699e-02
6.790794066754433800e+01 4.792227168000000315e-02 2.634650283999999832e-03 5.270348734000000063e-02 3.980944077999999837e-03 2.040584459999999528e-06 1.338954502000000088e-02
7.060585286754435685e+01 6.252064098000000014e-02 -6.253873864000000955e-03 5.234081689999999648e-02 -2.301988622000000068e-02 2.406741629999999826e-02 3.335703237999999848e-02
7.330706526754434549e+01 6.872521233999999424e-02 2.476596405999999858e-03 4.724692005999999583e-02 -7.625530385999999480e-03 3.603163337999999716e-02 1.870247576000000312e-03
7.600942486754433958e+01 6.756155387999999984e-02 -2.607606096000000210e-03 5.351920967999999890e-02 8.174613814000000278e-04 3.602814099999999964e-02 -1.816929332000000175e-02
7.870500266754433483e+01 5.875070488000000424e-02 6.079025271999998967e-03 5.908919759999999716e-02 5.167103493999999041e-04 3.550052273999999841e-02 5.114672302000000323e-03
8.139990306754432936e+01 5.264588902000000292e-02 3.516345613999999863e-03 6.805006968000000545e-02 4.252098065999999899e-03 7.040339388400001022e-03 4.229949885999999964e-02
8.408898406754433097e+01 4.931605079999999697e-02 -8.360213366600000593e-04 6.971452502000000107e-02 1.490863879399999909e-03 2.483314706000000135e-02 4.150398408000000733e-02
8.678414666754433426e+01 5.511235928000000200e-02 -1.320085118199999840e-03 7.488393252000000166e-02 5.108303334000000202e-03 -3.002064617999999734e-03 6.588395721999999732e-02
8.947959046754434098e+01 6.353298756000000380e-02 -5.534786316000000345e-03 6.003885197999999507e-02 6.636946482000000147e-03 -1.924901922000000001e-02 1.326395680000000063e-02
9.217974346754434123e+01 6.550684287999999911e-02 2.456294710000000124e-03 6.101201086000000023e-02 -2.796899528000000232e-02 2.356894982000000069e-02 9.926973266000001499e-04
9.487459366754433177e+01 6.580477615999999474e-02 -7.352795802000000776e-03 4.577813176000000012e-02 1.556380658000000063e-02 -1.298656657999999742e-02 -3.986584657999999587e-02
9.757963426754433556e+01 7.108125038000000229e-02 -1.102153455999999900e-02 3.172773334000000139e-02 3.878956509999999724e-04 1.442282193600000206e-02 -2.372640158000000055e-02
1.002816778675443459e+02 7.725949608000000357e-02 -1.676006122000000056e-02 2.240422541999999642e-02 1.176036800999999930e-02 5.216066705999999886e-03 -1.801113292000000241e-02
1.029848434675443514e+02 7.795847739999998971e-02 -2.036193514000000232e-02 8.927746714000000042e-03 -1.471831931400000015e-02 2.214870682000000170e-03 -5.387241106000000002e-02
1.056803716675443354e+02 7.994600508000000716e-02 -1.437605638000000186e-02 -1.189152595999999965e-02 -2.551727930000000089e-02 2.733132236399999932e-03 -6.441036833999999600e-02
1.083832498675443219e+02 7.164148178000000200e-02 -1.633361679999999899e-02 -1.663612038000000098e-02 -4.480299131999999906e-02 4.050623106199999907e-03 -6.031367439999999608e-02
1.110869934675443318e+02 6.826356388000000275e-02 -2.113130931999999962e-02 -1.636630672000000120e-02 -2.388856950000000159e-02 -9.662540305999998622e-03 -1.986892214000000184e-02
1.137966504675443531e+02 7.587362488000000404e-02 -2.073036187999999919e-02 -2.280291665999999856e-02 1.345843702399999921e-03 5.864524577999999724e-03 -2.529561607999999961e-02
