-1.530817772366166878e+02 7.273065875999999708e-02 2.293225412000000278e-04 -4.768638160000000098e-02 -1.333321829999999965e-02 -2.057964665999999915e-02 -2.107994675999999915e-02
-1.503983159850166942e+02 6.409722123999998800e-02 1.510630543999999997e-03 -4.891104078000000493e-02 9.329841558000000548e-03 -5.386495694000000001e-02 -5.844160169999999821e-02
-1.477086701130166944e+02 5.861206420000000111e-02 -3.432269416000000017e-03 -6.333267750000000362e-02 -2.450318745999999995e-03 8.975687598000001502e-03 -2.616339295999999676e-02
-1.450198156130167035e+02 5.574880956000000110e-02 4.432905512000000561e-03 -6.408911036000000672e-02 1.944182667999999961e-02 1.769547262199999997e-03 5.147288862000000409e-02
-1.423217353290166898e+02 5.410070932000000943e-02 6.861230851999999478e-03 -6.615315534000001940e-02 -7.460529856000000515e-03 1.245297425999999930e-02 3.216090308000000425e-02
-1.396209059690167180e+02 6.211227900000000635e-02 2.775517203999999967e-03 -6.449715772000000347e-02 5.645281418000000322e-03 2.383436485999999854e-02 2.567335586000000364e-02
-1.369255568890167183e+02 4.754448858000000222e-02 3.329284266000000301e-03 -6.584252113999999878e-02 2.184055878000000159e-02 5.812290188000000107e-02 4.833378099999999927e-02
-1.342240397290167095e+02 5.304836607999999926e-02 2.311231402000000091e-04 -5.949315544000000067e-02 6.586634283999999798e-03 4.401330407999999583e-02 -1.366198311199999862e-02
-1.315216121890167074e+02 6.231112015999999698e-02 -6.550024002000000636e-03 -5.988568298000000040e-02 -2.776917531999999883e-02 4.084385506000000332e-02 -4.676523123999999643e-02
-1.288171787690167207e+02 5.865720912000001175e-02 -4.080999218000000081e-03 -6.361845573999999615e-02 2.894802584000000234e-02 6.767920655999999646e-02 -2.817642425999999922e-02
-1.261180072090166959e+02 4.722399136000000192e-02 -1.108802143600000041e-03 -7.173317109999999275e-02 1.135554056199999939e-02 1.412284429999999778e-02 8.912011963999998815e-03
-1.234089140690166886e+02 4.943884225999999743e-02 -1.176785122400000145e-03 -6.974342730000002155e-02 -3.258605097999999617e-02 5.248291821999999385e-02 2.617065014000000134e-02
-1.207045119090167162e+02 5.634068279999999984e-02 6.772508619999996920e-06 -7.750644083999999601e-02 -2.830105274199999806e-03 -2.954284804000000333e-02 -2.585420851999999797e-02
-1.180088359490166994e+02 4.318532885999999682e-02 -6.657766460000000622e-03 -7.067287885999999630e-02 1.680610040000000277e-02 1.257626750400000007e-02 3.437756575999999925e-02
-1.153010331490166891e+02 3.751706626000000239e-02 -2.610997469999999741e-03 -6.519962647999999472e-02 1.687468960340000141e-03 -4.635877554000000789e-02 1.100627302600000034e-03
-1.125942346890167016e+02 4.493166328000000598e-02 5.787172227999999889e-04 -6.507930121999999651e-02 5.991695384000000207e-03 -8.671619900000000769e-02 -2.501772680000000082e-02
-1.098970428090166962e+02 5.077997341999999914e-02 2.312570534000000236e-05 -7.125341866000001190e-02 1.081598385999999953e-02 -1.123960442800000029e-02 -1.592203367999999591e-02
-1.071969878290167060e+02 5.498315790000000286e-02 1.058691563199999934e-03 -6.092447572000000283e-02 -6.381364243999999505e-03 -2.408859144000000119e-02 -2.176400323999999956e-02
-1.044930997090166755e+02 5.696507899999999486e-02 8.662308491999999843e-04 -6.146366413999999889e-02 -7.686624849999998399e-02 2.353403954000000270e-02 -3.584598749999999556e-02
-1.017905237890167029e+02 5.269782964000000597e-02 1.549488133999999805e-03 -6.748160960000000597e-02 -3.434987059999999870e-02 1.896134777999999854e-02 1.826568347999999939e-02
-9.910175000901669762e+01 5.196099165999999714e-02 -1.623049937999999828e-03 -7.060089035999998763e-02 -6.212852591999999631e-04 -2.479643802200000129e-03 -2.282622536599999887e-03
-9.638185064901669818e+01 5.244536825999999985e-02 -6.186307656000001112e-03 -6.062657065999998984e-02 -1.133286158199999991e-02 -2.653656067999999799e-02 5.459117542000001396e-04
-9.367909470901670943e+01 5.129774433999999272e-02 -3.247582741999999797e-03 -6.046560704000000092e-02 3.131417872000000213e-02 -3.410265120000000039e-02 2.133464434000000021e-02
-9.098296908901670577e+01 5.338598202000000015e-02 -2.734439391999999268e-03 -6.731607601999999024e-02 1.076748367999999859e-02 -3.828858736000000096e-02 -3.691637758000000658e-02
-8.826895000901670585e+01 5.276744390000000923e-02 -6.801308022000000612e-03 -6.391805413999999963e-02 1.376140998000000004e-02 -4.141883726000000765e-02 1.532057006000000013e-02
-8.555134282901670417e+01 5.883276388000000662e-02 -1.625261696000000061e-02 -6.688806717999999651e-02 5.880958599999999009e-02 6.617134339999999719e-03 1.103910661800000048e-03
-8.285408532901669787e+01 5.666033966000000310e-02 -1.189004310000000078e-02 -5.793772913999999108e-02 5.704220976000000387e-02 2.707505991999999834e-02 1.906773044000000319e-02
-8.015309594901670209e+01 5.036716557999999788e-02 -1.397595322000000015e-02 -6.348889935999998957e-02 4.734719742000000064e-02 4.562660991999999832e-02 -2.668217566000000152e-02
-7.744512468901669422e+01 5.162452439999999643e-02 -1.518371492000000246e-02 -6.008973005999999895e-02 2.083950493999999626e-02 7.521146830000000061e-02 -1.253818570000000097e-02
-7.475023064901670011e+01 5.051368640000000049e-02 -1.299298342000000141e-02 -5.914919174000000945e-02 -6.771653348000001085e-03 4.021921716000000091e-02 -1.817548696000000031e-03
-7.203891250901669707e+01 5.867147980000000235e-02 -6.772536364000001155e-03 -5.690921429999999670e-02 -1.119746076799999976e-02 5.672455562000000562e-02 5.667053520000000545e-03
-6.935499158901670569e+01 6.892823247999999015e-02 9.304210276000000456e-04 -5.171457478000000135e-02 5.165692642000000584e-02 1.228201773400000064e-02 2.116406480000000126e-04
-6.665722438901670444e+01 6.619725175999999212e-02 -3.160949615999999844e-03 -5.057134228000000065e-02 7.606252078000000361e-02 4.295123841999999754e-03 5.314188006000000047e-02
-6.395740002901669641e+01 6.425161498000001026e-02 -6.050680011999999205e-03 -4.269157490000000110e-02 1.933361639999999979e-02 -3.387212956000000552e-02 1.425356646000000040e-02
-6.124979314901669625e+01 7.330995392000000388e-02 -8.155172349999999931e-03 -4.424167847999999764e-02 9.924720051999999515e-03 -3.477736490000000319e-02 4.268840877999999922e-02
-5.854925254901670684e+01 6.922456239999999483e-02 -9.910797794000000133e-03 -4.896482245999998761e-02 1.949929197999999975e-02 -9.716232286000001670e-04 -1.004011300600000066e-02
-5.584805346901669054e+01 5.541833071999999888e-02 -1.622101383999999952e-02 -5.378807927999999794e-02 5.126512819999999582e-02 -5.204025519999999627e-02 -6.401843690000000656e-03
-5.314843758901670157e+01 5.628908521999999998e-02 -1.146363503999999964e-02 -5.905814494000000137e-02 -2.610579931319999877e-03 -5.227305728000000012e-02 4.591706643999999421e-02
-5.045910638901669643e+01 5.911935302000000114e-02 -5.661763731999999889e-03 -6.191758983999999522e-02 5.065334538000000608e-02 -6.017227111999999545e-02 2.987014584000000084e-02
-4.777183438901669632e+01 5.521950724000000005e-02 -8.636545320000000919e-04 -6.328584143999999023e-02 -1.040005929200000026e-02 -6.464558970000000571e-02 2.671182677999999616e-02
-4.507185018901670759e+01 5.110478048000000051e-02 -3.284030697999999662e-03 -7.002622070000000254e-02 -4.429070519999999886e-03 7.867101791999998178e-03 -7.735513730000000143e-02
-4.237189078901669603e+01 4.484842938000000584e-02 -1.713910317999999726e-03 -7.472957587999999596e-02 1.023263292799999821e-02 1.492340070000000227e-02 -3.993281829999999893e-02
-3.966946858901670225e+01 4.902795746000000038e-02 -4.016601795999999924e-04 -6.588975894000001499e-02 3.818540648000000315e-02 3.633364690000000230e-02 -3.985460591999999413e-02
-3.697803738901670556e+01 5.903870087999999600e-02 1.809138056000000275e-03 -7.071920358000001461e-02 2.379345708000000018e-02 1.159797791999999869e-02 -5.203218975999999996e-02
-3.427921238901669909e+01 6.841637202000000473e-02 -1.943699980000000108e-03 -6.833497003999999819e-02 -8.251632886000000860e-03 -2.507438911999999506e-02 1.089289857999999923e-02
-3.157595318901670112e+01 5.999912182000000094e-02 -3.547789816000000186e-03 -5.642128983999999958e-02 3.760265192000000062e-02 2.103169393999999859e-02 -4.038267229999999847e-03
-2.886517198901669801e+01 5.488249222000000233e-02 -2.557735615999999924e-03 -5.586117908000000354e-02 -4.860909718000000490e-02 4.399394082599999804e-03 3.157180432000000064e-02
-2.614066878901670066e+01 6.103218290000000934e-02 -1.876937025999999859e-03 -4.035831137999999763e-02 -4.110377305999999772e-03 -9.175787357999998922e-03 1.262843871999999937e-02
-2.345012178901670197e+01 6.415515848000000187e-02 -7.251066209999999616e-03 -2.870118276000000607e-02 -8.002947957999998613e-03 8.350405320000000436e-03 -2.844465165999999698e-02
-2.075355298901670409e+01 6.864440569999999409e-02 5.537981877999999074e-03 -7.967937198000001400e-03 -1.023540955399999952e-02 7.552919973999999530e-03 1.793848603999999985e-02
-1.805237178901669992e+01 7.002544980000000030e-02 -1.427838463199999908e-03 1.409758485999999811e-02 -1.789783955999999995e-02 4.272389954000000573e-02 -6.054105866000000086e-02
-1.535329978901669357e+01 6.518967488000000643e-02 7.858748337999999552e-04 2.311243662000000282e-02 -2.425852233999999802e-02 -1.422755630399999936e-02 1.517674335999999978e-02
-1.265177818901669227e+01 6.133723162000000173e-02 -1.979769198000000223e-03 3.792352006000000025e-02 -2.722245070000000027e-03 -8.401698490000001490e-03 -6.135357883999999207e-04
-9.947193789016699483e+00 6.023536646000000883e-02 1.322637048000000013e-03 5.331952553999998873e-02 -1.055727413999999961e-02 -3.739223658000000172e-02 4.325318400000000008e-02
-7.250203389016701472e+00 5.691155375999999710e-02 3.959532196000000066e-03 5.623422714000000239e-02 6.803298218000001021e-03 -9.413121725999999689e-03 3.853106505999999952e-03
-4.560365789016702642e+00 6.223929129999999921e-02 6.275738096999999502e-04 4.976176255999999881e-02 1.258379688999999857e-03 7.166598065999998587e-03 -5.034516015999999927e-02
-1.848368589016700980e+00 6.457186959999999809e-02 -1.987462518199999899e-04 5.555882193999998886e-02 -1.725694243999999905e-02 1.123208453999999940e-02 -7.511861712000000510e-03
8.482782109833010287e-01 6.913676632000000100e-02 5.845417829999999607e-04 5.290319571999999720e-02 1.373828805479999872e-03 -2.125084984000000232e-02 8.865093172000002020e-03
3.533662410983299473e+00 6.026052660000000977e-02 2.386921124000000120e-03 6.368473394000000176e-02 2.869141119599999575e-03 1.146261652399999977e-02 2.339405620000000255e-02
6.234484410983299085e+00 4.427014311999999396e-02 -3.754447795999999588e-04 6.432018205999998073e-02 -1.787554786000000034e-02 -4.440998655999998934e-02 9.260842472000001616e-03
8.930490610983303768e+00 5.201610394000000248e-02 -3.638772462000000076e-03 6.423850248000000096e-02 1.493496471999999908e-02 -3.578062744000000406e-02 9.073606593999999914e-03
1.164630301098330278e+01 5.779959051999999931e-02 7.549098964000000231e-03 6.080172362000000469e-02 3.977352032000000710e-03 -4.191635757999999379e-02 4.636017756000000711e-02
1.434908441098330023e+01 6.560397907999999945e-02 3.443354444000000427e-03 5.970090101999999538e-02 -7.976201964000000089e-03 2.039293073999999886e-02 8.208131694000000977e-02
1.704302821098329446e+01 6.022897296000000178e-02 8.815921854000000057e-03 6.011981881999999000e-02 6.774569133999999715e-03 -2.267744042000000015e-02 6.401520959999999760e-02
1.974586881098330338e+01 5.589677569999999818e-02 1.362910769999999862e-02 6.228659255999999950e-02 -4.981136452000000520e-03 -2.896987694000000002e-02 5.304429736000000617e-02
2.244020321098329873e+01 5.038765994000000970e-02 1.442843473999999918e-03 6.568380568000001252e-02 1.017549000800000054e-02 -7.209073068000000466e-03 4.805661764000000030e-02
2.512704361098329997e+01 3.311299601999999342e-02 -8.749218894000000343e-03 7.295257850000000377e-02 4.052137980000000347e-03 -1.372001205999999994e-02 -1.560148762000000168e-02
2.782813121098329745e+01 3.522866657999999818e-02 -1.217237346000000012e-02 7.356653941999999335e-02 -3.106003176000000227e-02 -1.889124324000000105e-02 -5.539890898000001188e-03
3.052059701098330180e+01 4.107688187999999907e-02 -7.118890106000000557e-03 7.716229065999999359e-02 -4.948338558800000238e-03 2.837306561999999865e-02 1.105803802999999995e-02
3.320424981098329908e+01 4.794486575999999667e-02 -2.150601944000000380e-03 7.641313017999999679e-02 -7.121325623999999639e-03 7.169410942000001286e-02 1.306571973200000049e-03
3.591399381098329258e+01 3.856503359999999964e-02 -5.644357905999999869e-03 7.690660958000000713e-02 1.128317405800000062e-02 3.471215540000000682e-02 1.596100251999999983e-02
3.861088141098330340e+01 3.669056973999999804e-02 7.207508639999999451e-04 6.988256437999999793e-02 2.248406339999999611e-03 6.831107224000000297e-03 1.194065722799999771e-02
4.131051561098329472e+01 4.099805167999999445e-02 -7.139177424000000063e-03 6.338096128000000884e-02 2.426125635999999697e-02 -3.931657177999998976e-02 4.901314335999999890e-03
4.402304981098329506e+01 4.158884368000000109e-02 3.632630425999999572e-03 6.390521674000000651e-02 4.173105415999999943e-03 2.221634759999999847e-02 -2.298462080000000102e-02
4.672287801098329396e+01 4.454685346000000074e-02 -7.040880914000000046e-03 6.669691056000000284e-02 -1.132761570999999898e-02 3.228798977999999733e-03 2.883731760000000227e-02
4.942595621098330128e+01 4.908254297999999766e-02 -2.850020283999999716e-03 5.822783444000000086e-02 1.056924884600000079e-02 5.700926044000000081e-02 -2.975887070000000217e-02
5.212159381098329902e+01 3.922449511999999416e-02 -3.408908093999999615e-03 5.523995698000000454e-02 -1.859560014000000150e-02 2.956843859999999657e-02 -5.578130936000000317e-03
5.481804061098330294e+01 4.538744846000000027e-02 5.069321215999999901e-03 6.384386613999999682e-02 -1.788410212000000193e-02 5.732818321999999522e-02 -1.710306419999999689e-02
5.752257201098329631e+01 5.143615146000000277e-02 4.627396173999999938e-03 5.831816025999999459e-02 4.042987644000000410e-04 -2.428083928000000086e-02 4.125276078000000846e-02
6.023067521098330701e+01 5.390747833999999516e-02 -8.915104676000000852e-03 5.502333063999999968e-02 -9.019890931999998904e-03 2.967645824000000269e-03 5.366784200000000032e-02
6.293097481098330093e+01 5.760732634000000074e-02 -5.509480197999999836e-03 5.526019959999999009e-02 1.695111906000000210e-02 1.182561289999999911e-02 2.794210884000000034e-02
6.562803141098329718e+01 5.659431108000000099e-02 -4.319778251999999673e-03 5.499540700000001003e-02 -6.302052976000000264e-03 2.309296825999999567e-02 2.268838277999999861e-02
6.834084061098329244e+01 5.684669436000000520e-02 1.607987413999999822e-03 5.957330307999999380e-02 -4.604726115999999494e-03 2.225418214000000200e-02 4.138169175999999866e-02
7.103558441098329013e+01 5.201423186000000282e-02 -1.962824733600000032e-04 5.813882395999999536e-02 -2.085789966000000176e-02 5.276958854000000226e-02 4.244629318000000401e-02
7.373819361098328784e+01 5.323030719999999327e-02 5.121493761999999957e-03 6.003059104000000451e-02 -1.907824906000000001e-02 3.849515372999999345e-03 3.485809867999999784e-02
7.644047821098330076e+01 5.085937774000000300e-02 5.307935015999999673e-03 6.195958708000000315e-02 -1.430826820000000166e-02 -6.342227181999999033e-03 3.478645630000000433e-02
7.914303721098329447e+01 5.274862198000000030e-02 5.137560984000000622e-03 5.145465676000000876e-02 -2.057808879999999813e-02 2.562784342000000090e-02 1.446296717999999946e-02
8.185563781098331049e+01 5.062023824000000394e-02 -8.395327847999999385e-03 5.580956660000000596e-02 -2.166148986000000082e-02 1.000981571399999978e-02 -1.043264697000000074e-02
8.455283121098329957e+01 4.729280311999999736e-02 -7.928117531999999759e-03 6.164361565999999792e-02 3.484336804000000461e-03 1.174295375999999912e-02 2.142996897999999845e-02
8.725294361098330853e+01 5.638794505999999984e-02 -1.826194036000000024e-03 6.649599850000000034e-02 8.706089291999999022e-03 3.197556822000000021e-02 5.093251320000000831e-02
8.994713741098330217e+01 6.365206107999998864e-02 4.491917774000000162e-03 5.640886666000000105e-02 -8.292548180000001296e-03 8.881459588000000654e-03 -1.525832964000000194e-02
9.265987521098330149e+01 6.162467219999999413e-02 1.042634798000000029e-02 5.762622475999999716e-02 -5.544226856800000061e-03 1.639848099999999947e-02 -1.373969473999999899e-02
9.535866861098330105e+01 6.567849087999999558e-02 1.144078461999999997e-02 6.043418457999999438e-02 -1.507481904000000129e-02 -1.203273638199999981e-02 1.587486001999999924e-02
9.805456561098328905e+01 7.436664818000000843e-02 4.395731223999999916e-03 5.521970219999999818e-02 -3.777014197999999795e-02 6.088039431999999612e-02 -7.619895869999999787e-03
1.007587718109833048e+02 8.645738841999998925e-02 2.909390255600000061e-05 4.225951009999999453e-02 2.697853328000000134e-02 3.963010418000000035e-02 1.993765331999999835e-02
1.034562750109832905e+02 7.875234788000000374e-02 7.291786627999998979e-03 3.182885013999999652e-02 4.651639364000000054e-02 2.760994569999999926e-02 3.657836550000000131e-02
1.061669030109833045e+02 8.974375589999999958e-02 -1.670941063999999750e-03 2.329072178000000243e-02 8.722687729999999140e-02 -2.453870350000000172e-02 8.749415334000000544e-02
1.088860720109832982e+02 8.471383860000000765e-02 6.419342736000000285e-03 -5.191847942000000007e-03 3.808800654000000369e-02 1.552446886000000137e-02 7.247385741999999575e-02
1.115796218109832978e+02 7.746109208000000190e-02 3.866231627999999580e-03 -2.111278586000000027e-02 1.845035601999999580e-02 -1.423382984000000004e-02 -1.342154847999999824e-02
1.142800710109833062e+02 7.209444064000000707e-02 1.065104325999999876e-03 -3.621196567999999949e-02 -8.588548450000000473e-03 -5.619873071999999768e-03 -3.937153588000000259e-02
