-1.415434480702703297e+02 6.880034792000000454e-02 2.099375649999999684e-03 4.048737219999999637e-02 -5.786524553999999876e-03 -1.604419923999999761e-02 2.562621568000000155e-02
-1.388544680268703360e+02 6.387075623999999285e-02 -5.651428328000000431e-03 3.947382543999999882e-02 5.360580952000000565e-02 7.231614589999999518e-04 -2.400147077999999906e-02
-1.361639841788703507e+02 6.739081334000000811e-02 -5.083708228000000107e-03 3.225254802000000753e-02 1.293659610400000118e-02 4.062248113999999966e-02 4.516865688000000489e-02
-1.334410160868703201e+02 6.896979247999998619e-02 -1.405675539999999904e-02 1.830568555999999986e-02 4.247152632000000122e-02 5.464240633999999097e-02 1.379497162000000235e-02
-1.307496788408703310e+02 7.194296421999998858e-02 -1.608975469999999672e-02 -6.163264170000000083e-03 5.327032246799999482e-03 2.018048162000000284e-02 1.873010296000000158e-02
-1.280396041408703240e+02 6.677398797999999080e-02 -1.240694206000000042e-02 -3.260426889999999689e-02 -2.556640710600000498e-03 -3.997277950000000142e-03 -1.243938058399999928e-02
-1.253343772608703404e+02 6.720466499999999677e-02 -4.870731593999999900e-03 -4.573153215999999771e-02 3.029570112000000079e-02 -1.709895104000000096e-02 -2.204096083999999844e-02
-1.226181085208703223e+02 5.635908320000000693e-02 -8.309177335999999581e-03 -5.438261230000000085e-02 1.155875515200000155e-02 -7.242007708000000599e-03 -4.309171165999999692e-02
-1.199256416808703278e+02 4.716308569999999589e-02 3.989118899999999704e-04 -6.389129527999999614e-02 -2.347614702000000268e-03 1.230661764399999802e-02 -4.552499162000000349e-02
-1.172253178808703495e+02 4.608934841999999532e-02 9.209358864000000838e-03 -7.591704690000000699e-02 -9.509075932000000259e-03 2.001486069999999784e-02 -2.967252041999999743e-02
-1.145221950808703184e+02 5.168602592000000329e-02 -1.343879674000000044e-04 -7.298222370000000125e-02 -2.928462868000000080e-02 4.737041580000000279e-02 -4.106583385999999780e-02
-1.118209866408703448e+02 5.792285556000000002e-02 7.701080289999999613e-03 -7.072078826000000040e-02 -3.234481765999999703e-02 8.352454282000000563e-02 -4.821459016000000097e-02
-1.091145722608703181e+02 5.961194460000000112e-02 6.139435105999999955e-03 -6.334455099999999894e-02 -6.609156250000000447e-03 5.049644558000001074e-03 -2.341577536000000181e-02
-1.064188982008703306e+02 6.378407739999999992e-02 4.526295439999999601e-03 -6.556226363999999307e-02 -2.753261080000000277e-02 2.012534646000000219e-02 -6.417515869999999845e-02
-1.037223069808703428e+02 6.162349207999999467e-02 4.754318266000000454e-04 -7.496241194000001495e-02 1.276716322399999931e-03 7.299179382000001159e-02 -5.743753212000000247e-02
-1.010209132008703392e+02 6.233370970000000344e-02 1.474033729999999929e-03 -6.665351025999999290e-02 -7.318657458000000018e-03 4.431406998000000062e-03 -6.128145860000000500e-02
-9.832435852087033368e+01 6.356752256000000600e-02 1.438392008599999978e-03 -5.919615681999999823e-02 -4.121674226000000829e-02 9.723867940000000334e-03 -5.639691255999999819e-02
-9.562690042087032793e+01 6.509782210000000791e-02 -6.742420383999999170e-03 -6.829574048000000563e-02 -1.959154054000000061e-02 4.632417798000001041e-04 -2.818225642000000281e-02
-9.292908196087033446e+01 6.078669639999999263e-02 -6.318543778000000610e-03 -6.354311624000000269e-02 -4.028439336000000370e-03 -1.488074927999999929e-02 -5.215737301999999465e-02
-9.022340258087032794e+01 5.053948323999999520e-02 -3.594062910000000131e-03 -6.088950483999999719e-02 -3.554123676000000426e-02 -2.831567009999999551e-02 -5.148258554000000042e-02
-8.752172884087033822e+01 5.640097469999999502e-02 -7.009168273999999421e-03 -6.764258750000000375e-02 -2.586017548000000416e-02 -8.364505673999999419e-03 -9.891937371999999506e-02
-8.483008726087032869e+01 6.498555738000000304e-02 -4.224751365999999952e-03 -6.398247228000000786e-02 -3.433930782000000487e-02 -1.479986761800000140e-02 -6.054889930000000031e-02
-8.212478570087033347e+01 6.660169127999999994e-02 -4.076856202000000290e-03 -6.864442356000000078e-02 -9.512314541999999581e-03 -2.410426094000000033e-02 -6.836817748000000028e-02
-7.943979916087032223e+01 6.319916854000000306e-02 -3.453079956000000041e-03 -6.565923475999999037e-02 1.299296138000000100e-02 1.846188829199998070e-04 -2.726512176000000023e-02
-7.673428540087033412e+01 6.226568727999999553e-02 2.731560045999999447e-03 -6.023680482000000336e-02 6.453941048000002558e-04 -3.824494375999999696e-02 -1.051588720000000005e-01
-7.404071008087034045e+01 6.701667951999999706e-02 6.257738207999999705e-03 -6.062768500000000060e-02 4.618577478999999833e-03 -2.183901205800000116e-03 -1.448300905999999957e-02
-7.133602132087034420e+01 6.013879624000000035e-02 -2.230608180000000391e-03 -6.151164082000000477e-02 9.709009090000001591e-03 -1.782064947999999899e-02 -6.863912301999999799e-02
-6.863919164087033664e+01 6.708736243999999238e-02 -3.545454663999999916e-03 -6.025256495999999767e-02 5.003505641999998624e-04 -2.771162605999999418e-02 -9.350948386000000612e-03
-6.593836196087033841e+01 6.236787902000000272e-02 -7.573472802000000628e-03 -5.429995871999999946e-02 -4.739342389999999863e-03 -3.030842331999999972e-02 -2.040043568000000224e-02
-6.323443008087033235e+01 6.642028254000001408e-02 -1.064951057999999860e-02 -5.142245628000000762e-02 1.099695105599999764e-02 -1.508477618000000041e-02 -1.042586294199999986e-02
-6.054773162087033000e+01 6.536385010000000939e-02 4.755504633999999985e-04 -5.890969424000001148e-02 -8.057590204000000811e-03 8.847720617999998288e-03 -3.150689035999999776e-02
-5.783281010087032570e+01 6.039323599999999598e-02 6.833863891999999822e-03 -5.588588946000000446e-02 1.188350438399999806e-02 3.378251058000000112e-02 -2.084306929999999933e-02
-5.513446510087032948e+01 6.412308861999999055e-02 3.344381430000000020e-03 -6.997834443999999265e-02 -3.214172839000000066e-03 2.691053440000000171e-02 -7.609845072000000210e-02
-5.242357164087032828e+01 6.421130506000000127e-02 8.706572758000000536e-03 -6.642432900000000418e-02 -1.277582777200000040e-02 2.761703932000000167e-02 -4.156931743999999623e-02
-4.972342226087033623e+01 5.840308899999999831e-02 6.376891324000000423e-03 -6.434890922000000013e-02 7.675681258000000007e-03 -4.194438060800000437e-03 -5.902354936000000357e-02
-4.702127008087033033e+01 5.658807809999999439e-02 -7.097604366600000769e-05 -6.081718819999999692e-02 5.937544757999999902e-03 1.292879797200000014e-02 -7.075580072000001164e-02
-4.431846260087032618e+01 6.474716106000000249e-02 2.820008746000000313e-04 -6.370198414000000087e-02 -5.743595685999999638e-03 -1.819418315999999855e-02 -5.256218844000000445e-02
-4.161483576087032787e+01 6.299303482000000176e-02 -5.102951328000000959e-03 -6.262086285999998725e-02 -3.521545027999999945e-03 2.040924341999999711e-02 -2.458792006000000072e-02
-3.891925176087033122e+01 6.411661718000000176e-02 -5.829641703999998911e-03 -5.206477101999999746e-02 7.469158421999999228e-03 -1.262710827999999862e-02 -3.936911031999999755e-02
-3.623321096087033055e+01 6.815768401999999782e-02 -1.051559335200000006e-03 -4.690995309999999863e-02 4.275238473000000927e-03 -2.085652072000000051e-02 -5.180376959999999364e-02
-3.353068296087032962e+01 6.623770578000000298e-02 3.582384560000000020e-03 -4.931963798000000426e-02 3.028454501999999597e-03 -9.398331359999999648e-03 -9.985219743999999842e-02
-3.083318916087033656e+01 6.858409599999999717e-02 5.414284496000000731e-03 -5.410819226000000703e-02 1.488299137800000145e-03 1.166555912199999934e-02 -4.923863766000000086e-02
-2.812862976087033218e+01 6.759474919999999831e-02 5.689765571999999723e-03 -5.600979430000000564e-02 1.595142179999999715e-02 3.294215833999999954e-02 -1.881740148000000251e-02
-2.542207356087032721e+01 6.842682221999998871e-02 7.188040322000000155e-03 -5.877040181999999835e-02 1.276694664000000215e-02 3.599536659999999283e-04 -2.220687145999999945e-02
-2.272658916087032921e+01 6.481648982000000336e-02 2.712590830000000119e-03 -5.490001894000000326e-02 1.144668796800000013e-02 1.411347299999999791e-02 -6.993808947999999477e-03
-2.001989236087032964e+01 7.480027238000000467e-02 4.711130197999999214e-03 -4.586126691999999755e-02 9.280820300000000925e-03 -3.666886971999999689e-02 -9.524818655999998246e-03
-1.732668616087033087e+01 6.517060389999998482e-02 5.666154909999999035e-04 -5.409776704000000130e-02 2.370833730000000000e-02 -1.165449321600000145e-03 -3.029574247999999859e-02
-1.462998276087033034e+01 6.242361485999999710e-02 7.539696310000000741e-03 -5.422454086000000339e-02 -2.551050153999999751e-02 -2.033051706000000083e-02 -6.591114605999999661e-03
-1.192461096087033035e+01 7.032323671999998749e-02 8.086161544000000992e-03 -4.228022594000000606e-02 5.650409212000000354e-03 -2.104130362000000004e-02 -4.468937314000000216e-02
-9.228314160870331406e+00 7.473057134000000989e-02 9.909947167999999876e-03 -2.191708960000000178e-02 1.087118555999999972e-02 3.802226166000000074e-02 4.512491889999999811e-02
-6.525482560870335291e+00 8.165035999999999128e-02 2.834246072000000047e-03 -7.311118099999999731e-03 2.561233493999999760e-03 4.386652949999999412e-02 1.739623938000000106e-02
-3.827976760870336559e+00 7.745791731999998597e-02 4.682164279999999693e-03 1.423655365999999811e-02 1.891031790000000101e-02 5.570788822000000313e-03 1.497318525999999893e-02
-1.122886160870331107e+00 7.464952631999999255e-02 -1.242289640999999977e-03 2.701176210000000300e-02 -3.483732834000000111e-02 -3.219682320000000209e-03 7.406521337999999628e-03
1.582313839129659616e+00 6.357593753999998820e-02 -6.477803687999999713e-03 4.206162108000000011e-02 -3.381812186000000137e-02 2.266151419999999986e-02 4.089649268000000032e-02
4.288395239129670244e+00 6.349607865999999656e-02 -8.928975369999998107e-03 5.017114531999999905e-02 -2.532608864000000098e-02 7.179347461999999007e-03 1.324538734000000120e-02
6.979229439129670531e+00 6.808831201999999971e-02 -1.839893691999999834e-03 5.964185290000000028e-02 -6.244818861999999748e-02 -2.539859902000000252e-02 4.118559469999999445e-02
9.674029639129667402e+00 5.599904646000000014e-02 1.276380556000000083e-03 6.401360588000000462e-02 -4.836360092000000638e-02 3.283156344000000282e-02 3.431810232000000183e-02
1.236799843912967312e+01 5.550942090000000884e-02 1.527628327599999921e-03 6.810641611999999900e-02 -1.805089363999999932e-02 2.302643218000000047e-03 7.884163721999999652e-02
1.506108903912967278e+01 5.634438917999999574e-02 3.377175899999999929e-03 6.762451535999999819e-02 -2.123687193999999889e-02 2.600862373999999685e-02 4.035538392000000141e-02
1.774774503912967205e+01 5.221899157999999874e-02 -2.861955856000000277e-03 6.289340222000000535e-02 -3.436967727999999667e-02 -4.994855910000000135e-03 3.723160800000000631e-02
2.045593583912965840e+01 5.329314814000000317e-02 -9.261604946000000444e-04 5.373869096000000178e-02 -2.238189062000000532e-04 -1.801936915999999972e-02 3.427359275999999899e-02
2.315031683912967608e+01 4.860652952000000387e-02 3.448317550000000627e-03 5.915602392000000181e-02 -2.888255622000000279e-03 2.930544199999999752e-02 -2.527915746799999815e-03
2.585588263912966767e+01 4.374423258000000037e-02 4.198050178000000202e-03 6.309721945999999249e-02 -4.515413054000000023e-03 -2.310601370000000057e-02 8.971817598000000199e-03
2.855726063912966950e+01 4.948960170000000353e-02 5.221959200000000044e-03 6.703309204000000576e-02 -2.538810463999999906e-02 -3.137271062000000083e-02 2.768936162000000187e-02
3.126354203912967478e+01 5.497310263999999336e-02 1.080157702000000136e-02 5.906750372000000443e-02 -5.336091059999999858e-02 -3.063518272799999921e-03 4.108308586000000012e-02
3.396902623912967556e+01 6.121445547999999903e-02 7.901205419999999743e-03 5.943260931999999608e-02 -3.595590248000000294e-02 -4.984258547999999983e-02 2.801041035999999804e-02
3.667650763912966738e+01 5.614273309999999462e-02 1.085238858000000042e-02 6.059832509999999589e-02 -6.814880074000000121e-02 -1.981806053999999803e-02 -1.797852261999999951e-02
3.937553903912966291e+01 5.566701389999999250e-02 4.505681459999999992e-03 6.793955195999999697e-02 -7.648964734000000820e-02 -1.773917285999999927e-02 -1.865019057999999993e-02
4.208253583912967599e+01 4.898651197999999429e-02 9.634005107999998874e-03 6.862220045999999074e-02 -6.685454836000000178e-02 1.571654127999999942e-02 2.578871328000000365e-02
4.478238283912966722e+01 5.198480126000000479e-02 8.034724035999998154e-03 6.879755052000000037e-02 -1.483623633999999955e-02 1.256751211999999895e-02 4.788562123999999184e-03
4.747681083912966926e+01 4.481008539999999790e-02 6.783686912000000402e-03 6.605771468000000424e-02 3.194828484000000052e-02 4.450188840000000173e-02 1.059952366400000040e-02
5.018115803912967010e+01 4.493191059999999959e-02 4.654128472000000280e-03 5.379388065999999441e-02 -5.141192375999999523e-04 -6.879088723999999926e-03 2.095395497999999815e-02
5.287226083912967312e+01 5.256453724000000050e-02 1.190568378000000059e-02 5.489221596000000425e-02 -1.801796757999999873e-02 3.624144155400000310e-03 1.410696868199999869e-03
5.557931383912966794e+01 5.935727656000000518e-02 -2.444370664199999976e-04 4.919522432000000139e-02 -2.289851982000000105e-02 -4.830737530000000363e-02 -4.001062832000000513e-02
5.828893903912967289e+01 6.591629926000000528e-02 -2.390050778000000369e-04 4.634300226000000189e-02 -6.658790938000000437e-02 1.792973360000000432e-02 -3.405321660000000528e-02
6.099325763912965925e+01 6.118900175999999330e-02 -3.804033152200000283e-04 5.979558816000000304e-02 -3.713377828000000158e-02 2.931120523999999894e-02 -5.393229470000000976e-03
6.370190483912968205e+01 5.831080101999999016e-02 -5.851378619999999219e-03 6.968506992000000899e-02 -8.816693572000000589e-02 4.164207800000000598e-02 4.220362029999999952e-03
6.639574843912967594e+01 5.853584907999999365e-02 -5.985877134000000023e-03 6.145071618000001040e-02 -1.211576998599999885e-02 9.648349210000000536e-03 5.503669461999999291e-02
6.911415163912968751e+01 6.700673268000000016e-02 -9.887881496000000894e-03 5.641453885999999501e-02 -1.057009761999999978e-02 2.291358127999999772e-02 6.344040498000000361e-02
7.181001383912966674e+01 5.707698131999999758e-02 -5.049206456000000440e-03 5.820753652000000555e-02 8.517882921999999843e-03 -3.498252372000000554e-02 6.365037734000000835e-02
7.450132023912966872e+01 5.299890684000000546e-02 -2.536888534000000198e-03 5.704513782000000116e-02 -1.510555406000000170e-02 1.995044913999999975e-02 4.548250120000000424e-02
7.720708263912965208e+01 5.261126496000000097e-02 -4.468698194000000207e-03 4.950740486000000662e-02 2.149773526000000462e-02 1.879744851999999924e-02 6.132385109400000089e-03
7.990853263912967464e+01 4.273464574000000044e-02 -3.266593674000000704e-03 5.894061547999999984e-02 -1.520462874000000006e-02 1.742012852000000139e-02 5.414655707000000200e-03
8.260665763912967918e+01 4.659639462000000204e-02 -7.092566720000000394e-03 6.541590467999999770e-02 -4.982015861999999906e-02 2.763409279999999926e-02 2.009461511999999922e-02
8.530897303912968255e+01 5.137955613999999060e-02 -8.401434411999999380e-03 7.000432733999999158e-02 3.406060414000000591e-02 2.412592197999999938e-02 5.198172744000000012e-02
8.800700763912966806e+01 5.992802805999999233e-02 -8.964134700000001010e-03 5.887691187999999354e-02 2.657445997999999948e-02 -8.865849861999999457e-03 8.217990024000000615e-02
9.068950743912964185e+01 6.343681106000001457e-02 1.221059300800000176e-03 6.552492625999999099e-02 2.971883058000000105e-02 -2.270157851999999796e-02 3.059530821999999900e-02
9.338101083912968647e+01 5.935250489999999157e-02 -4.083048590000000824e-03 6.452972846000000484e-02 2.562486178000000087e-02 -1.966878474000000043e-02 2.588548233999999823e-02
9.608923263912967627e+01 5.738072445999999743e-02 -3.778103770000000063e-03 6.228197306000000932e-02 -1.000500018399999927e-02 -1.233687199199999876e-02 8.087163719999977414e-05
9.877532003912968150e+01 5.730698926000001026e-02 -8.459064371999999027e-03 6.258369333999999617e-02 -5.076184479999999027e-03 3.449392776000000105e-02 -3.821326955399999888e-03
1.014773544391296696e+02 5.642611237999999030e-02 -9.239547277999998753e-03 5.952048780000000067e-02 3.586597508000000101e-02 -2.032432401999999944e-02 1.758051021999999797e-02
1.041759636391296624e+02 6.020114586000000628e-02 -5.098277019999999937e-03 5.450998860000000334e-02 2.885871850000000169e-02 -1.176961121599999840e-03 2.807593391999999716e-02
1.068762016391296612e+02 6.772235680000000813e-02 -2.643108002500000231e-04 5.740726931999999560e-02 2.343883362000000192e-02 3.849880555999999482e-02 5.547289762000000291e-02
1.095800358391296641e+02 7.619376338000000137e-02 -6.122420208000001337e-05 5.435336172000000687e-02 -2.504202803999999727e-02 -1.040004974000000026e-02 1.533366279999999991e-02
1.122880262391296640e+02 7.607538224000000293e-02 -4.335091731999999795e-03 4.906652082000000081e-02 -3.814461277999999650e-02 -1.425653524800000148e-02 -3.386112762000000054e-02
1.149986452391296581e+02 6.603949091999999910e-02 -5.240899862000000277e-03 4.517019878000000377e-02 -2.204425251999999821e-02 -1.555168889999999915e-02 8.576493484000000805e-03
1.177095734391296702e+02 6.778686248000000136e-02 -9.423663753999999681e-04 5.320184564000000199e-02 -1.525715205999999755e-02 1.206486380000000060e-02 2.241581956000000125e-02
1.204028638391296653e+02 6.590086041999999866e-02 -9.331907618000000529e-03 5.389167292000000137e-02 -1.774416402000000142e-02 4.868222442000000316e-02 7.550854133999999537e-03
1.231048356391296750e+02 6.460170408000001641e-02 -7.997797913999998148e-03 5.007316280000000119e-02 9.450641537999999661e-03 3.381426733999999545e-02 7.686964393999999416e-03
1.257989880391296538e+02 7.115431662000000490e-02 -8.758425949999999044e-03 4.068877829999999890e-02 1.407921351999999980e-02 9.334443404000001415e-03 -5.625462387600000183e-03
