-1.534412788848574110e+02 7.244510646000000553e-02 2.884464199999999846e-03 -4.756857084000000457e-02 6.823037717999998544e-03 -1.396917678199999539e-03 1.371558919999999945e-02
-1.507424470120573972e+02 6.296724589999999622e-02 4.892641143999999949e-03 -4.996627845999999928e-02 1.811937733999999939e-02 2.166902890000000151e-02 -1.042585772619999962e-02
-1.480522134800573895e+02 5.784281950000001032e-02 3.317489999999987782e-05 -5.529025936000000335e-02 -1.721506716599999903e-02 2.701316626000000581e-02 -1.140454710199999971e-02
-1.453543126100574341e+02 6.344804748000000549e-02 -1.092459637999999844e-02 -5.306617771999999622e-02 -3.885421358000000318e-03 3.589365703999999879e-02 -3.544104186000000128e-02
-1.426550293520573973e+02 6.269743937999999739e-02 -1.058948935999999910e-02 -5.252102737999999466e-02 1.664061583200000111e-02 2.369974512000000075e-02 -5.720346746000000426e-02
-1.399711659320574313e+02 5.996859556000000424e-02 -1.214240824000000114e-02 -5.631893606000000496e-02 7.985288212799998217e-03 4.483626455999999150e-02 -2.210856154000000184e-02
-1.372744205920574245e+02 6.024126702000000277e-02 -9.801085303999999832e-03 -6.485048835999999983e-02 -1.885571634400000016e-02 5.244039883999999756e-03 -1.828321218599999673e-02
-1.345794162520573991e+02 6.619992032000000803e-02 -9.588113387999998988e-03 -6.074170400000000747e-02 6.301071158000000338e-03 -7.934738171999999520e-03 -7.661916014000000330e-02
-1.318743440520574097e+02 6.240968569999999493e-02 -9.571566344000000462e-03 -5.787319774000000694e-02 -3.430175994000000082e-03 -7.823072041999999671e-02 -4.958520387999999779e-02
-1.291777927920574029e+02 6.400233137999999933e-02 -1.162049873000000136e-02 -6.131094957999999595e-02 2.111989931800000234e-02 -1.586301792000000335e-02 -5.452620562000000393e-02
-1.264912803120574125e+02 6.056965833999999882e-02 -4.988525030000000478e-03 -6.104948497999999890e-02 2.364227602000000625e-03 2.003645822000000264e-03 -1.334748283999999917e-02
-1.237936415720574104e+02 5.298439543999999835e-02 -4.889970881999999505e-03 -6.328344224000000129e-02 1.562943848000000052e-02 1.225862173999999957e-02 -4.512827926000000101e-02
-1.210987743520574043e+02 4.904517447999999502e-02 -3.349162713999999895e-03 -6.276236030000000021e-02 -5.050453600000000091e-03 5.291766252000000559e-03 -6.288867017999999476e-02
-1.184054621520574102e+02 5.601251604000000162e-02 1.208696770399999860e-03 -5.886506764000000447e-02 1.747403521199999976e-02 3.693776774000000207e-02 -1.091882047999999904e-02
-1.156963062120574079e+02 6.700249358000000266e-02 1.679331579999999904e-03 -6.158255280000000248e-02 5.621753060000000794e-03 -9.302892747999998851e-03 -8.352602400000000774e-03
-1.129911902920573965e+02 6.864985055999998920e-02 -1.298124315799999921e-04 -6.045897520000000774e-02 1.755769636000000314e-02 1.234412714800000102e-02 -3.238692491999999729e-02
-1.102842953120574094e+02 6.966180143999999019e-02 -1.280979365999999529e-04 -6.040078961999999219e-02 -3.321570607999999730e-02 -4.974148387000000039e-03 -4.246190805599999590e-02
-1.075850380920574025e+02 6.087366107999999526e-02 2.477807512200000135e-03 -5.651589501999999821e-02 -1.394177862000000115e-02 -3.808676999999999896e-02 -5.106867825999999999e-02
-1.048690034320573830e+02 5.362931883999999538e-02 -4.443034489000000434e-03 -6.515655341999999906e-02 -1.559246788599999954e-02 -7.235836737999999267e-04 -5.065291939999999604e-02
-1.021779674920574053e+02 4.902052594000000374e-02 2.588285231999999571e-03 -6.889734514000001031e-02 -7.939301240000000079e-03 -2.511758825999999695e-02 -4.228696239999999579e-02
-9.948672905205739880e+01 5.454762657999999431e-02 6.042752586000000453e-03 -6.580985376000000886e-02 -1.483574531200000136e-02 -4.748264321999999885e-03 -3.180851035399999416e-02
-9.679448811205740810e+01 6.149555414000000553e-02 1.379011340000000155e-02 -6.906519975999998728e-02 1.006297428000000119e-02 2.899955704000000203e-02 -2.202385243999999825e-02
-9.407862497205738350e+01 5.536337828000000016e-02 1.492437400000000067e-02 -6.928188096000001406e-02 -2.093759960000000225e-02 -5.889189690799999637e-04 -4.005915024799999724e-02
-9.137995219205740227e+01 5.506721902000000224e-02 1.403656833999999964e-02 -6.972976272000000475e-02 -6.553525177999999438e-03 4.019919988000000138e-02 -5.715028035999999284e-02
-8.867330343205739496e+01 5.077896006000000295e-02 1.106694807999999974e-02 -7.482445504000000136e-02 -2.680461097999999737e-02 6.061535738000001445e-04 -7.708277686000000739e-02
-8.597637279205738992e+01 6.143101621999998846e-02 1.332989589999999946e-02 -6.122866072000000826e-02 6.972892215799999030e-03 -2.264706776000000032e-02 -8.436459186000000443e-03
-8.327475903205740337e+01 6.399677439999999773e-02 9.064003386000000356e-03 -6.479350174000000906e-02 2.653824510000000331e-02 2.013622053999999939e-02 -7.418550028000001073e-02
-8.058370185205740199e+01 6.248786863999999941e-02 8.864966436000000158e-03 -5.691238654000000535e-02 1.484686740600000068e-02 3.199054030000000100e-03 -2.586819046000000261e-02
-7.787077405205739922e+01 6.353448864000001139e-02 1.025345983600000135e-02 -6.712582124000000816e-02 4.937176475999999550e-03 -2.614487557999999739e-02 -7.656047747999999986e-02
-7.516670779205739450e+01 6.494969444000001091e-02 4.196338862000000003e-03 -6.410483720000000052e-02 -3.241680762000000247e-03 -2.727743832000000326e-02 -5.819584237999999438e-02
-7.246661623205740455e+01 6.327973012000001618e-02 1.358750633999999957e-02 -6.862507802000000767e-02 2.824860260000000046e-03 -1.225847133440000070e-02 -3.581825104000000565e-02
-6.976805497205739925e+01 5.825662981999999573e-02 1.113854367999999803e-02 -7.164643397999999330e-02 5.284086928000001834e-03 1.587715585999999873e-02 -3.079575731199999875e-02
-6.707669623205740095e+01 5.671780049999999157e-02 1.664675725999999883e-02 -6.731577427999999030e-02 1.212345701199999889e-02 4.190342222000000005e-02 -5.874419302000000176e-03
-6.437704437205739794e+01 5.808320013999999226e-02 2.370808895999999746e-03 -7.296701399999999671e-02 1.974005927999999792e-03 -1.348706619999999988e-02 5.726533319800000514e-03
-6.167600279205739611e+01 5.663131270000000550e-02 -2.657472369999999522e-03 -6.436260312000000039e-02 2.117494929999999900e-02 -1.386348538000000200e-02 -2.095044814000000116e-02
-5.896279749205740472e+01 5.008942805999999637e-02 7.829102920000000770e-04 -6.084169336000000428e-02 2.737686051999999731e-02 -3.746502482000000495e-02 -2.495522126000000035e-02
-5.626917967205740467e+01 5.788454461999999884e-02 -2.440341814000000168e-03 -5.754035242000000994e-02 2.110595732000000030e-02 4.565137017999999769e-02 -2.404456680000000013e-02
-5.357229883205739895e+01 6.447114909999999977e-02 1.011921936020000051e-03 -6.167236116000000823e-02 2.086647457999999886e-02 4.585638552000000090e-02 -6.606529780000000573e-02
-5.087664543205740131e+01 7.387154386000001349e-02 6.043831284000000109e-03 -5.645684758000000386e-02 2.077381677999999912e-02 -7.274633083999999632e-03 -3.556601478000000205e-02
-4.817591743205740329e+01 6.933103636000000070e-02 -5.544916938000000149e-03 -5.990135277999999314e-02 1.653568155999999775e-02 4.529537247999999849e-02 -3.988225559999999947e-02
-4.547949243205739833e+01 5.933298386000000063e-02 -3.198739316000000395e-03 -5.771641387999999762e-02 7.401496537999999181e-03 2.778322274000000203e-02 -2.249055654000000140e-02
-4.277293023205741207e+01 5.431189330000000398e-02 -3.252085535999999638e-03 -6.141363882000000496e-02 2.594897793999999952e-02 -2.263470348000000062e-02 -3.838427173999999636e-02
-4.007821123205739866e+01 5.462713775999999966e-02 -2.901311990000000115e-03 -5.911271410000000504e-02 4.050009795999999496e-02 -5.714662256000000579e-02 -2.632586469000000422e-03
-3.736927983205740844e+01 5.980826094000000342e-02 -4.551908416000000415e-03 -6.079576183999999689e-02 2.014704898000000202e-02 4.715736600000000091e-03 -5.586178440000000647e-03
-3.467134583205740483e+01 4.862431445999999824e-02 -9.098052338000001821e-03 -5.597389160000000585e-02 1.313063129399999994e-02 1.251792246000000067e-02 8.851312436000000061e-03
-3.197350803205740277e+01 5.303437972000000361e-02 -9.752778033999999138e-03 -6.257275166000000888e-02 2.273237843999999924e-02 1.822340299999999913e-02 -3.194865659999999996e-02
-2.926677063205739771e+01 6.393972515999998829e-02 -2.160463488000000272e-03 -5.627606355999999893e-02 1.185257192580000014e-02 6.449247889999999445e-04 -4.287376913999999678e-02
-2.657015783205740789e+01 6.293748809999999416e-02 -1.530189833199999995e-02 -5.086115751999999851e-02 4.181922978000000152e-02 -3.244112534000000159e-02 7.413962320000000092e-03
-2.387018943205740129e+01 7.110788040000001753e-02 -1.829403786000000087e-02 -3.595690589999999548e-02 6.260020188399999241e-02 -1.964912305999999900e-02 3.089678088000000211e-02
-2.116411443205740284e+01 6.407671276000000138e-02 -2.246994848000000156e-02 -1.810880798000000236e-02 -5.098323029999999104e-03 -4.903068042000000015e-02 7.632181141999999641e-02
-1.846497683205740259e+01 6.671296948000000893e-02 -2.216822186000000014e-02 1.037148641599999928e-02 2.382532312199999933e-02 -6.907609641999999661e-02 3.497271908000000595e-02
-1.575516463205740436e+01 7.159106980000000398e-02 -1.602960135999999952e-02 2.820734588000000168e-02 -2.984528126000000198e-02 -2.177513153999999923e-02 1.564985344000000000e-02
-1.304925803205740031e+01 6.881179144000000580e-02 -1.305020956000000135e-02 3.509991728000000366e-02 -6.922787354000000011e-03 -1.582684917999999802e-02 3.590904600000000002e-02
-1.033021443205740297e+01 6.894082361999999409e-02 -3.506026441999999296e-03 3.887371475999999715e-02 1.432029841999999872e-02 3.146036683999999667e-02 5.742543143999999378e-02
-7.635277032057399715e+00 7.337050187999999418e-02 4.207011093999999708e-03 4.656194460000000201e-02 6.954600768599999852e-04 1.198656634600000007e-02 1.767370972000000331e-02
-4.926589432057403073e+00 6.385022838000001255e-02 3.175867887999999457e-04 5.048902186000000375e-02 2.244305423657999999e-03 -3.337850004000000176e-02 3.820157189999999481e-03
-2.230961232057404597e+00 5.998305410000000226e-02 3.723268731999999741e-03 5.634738099999999500e-02 -3.693656924400000319e-02 -1.105243792399999894e-03 5.452939881999999475e-03
4.639887679425953593e-01 6.076554102000000096e-02 7.156936164000001106e-03 6.519502992000000829e-02 -5.722798799999999353e-02 -8.644111209999999490e-03 1.050652951200000025e-02
3.158897967942595919e+00 6.314785617999998935e-02 7.797791227999999186e-03 5.901234187999999936e-02 -5.943386281600000765e-02 1.260129381000000062e-02 1.678762015999999812e-03
5.857510767942597063e+00 6.767157758000000300e-02 2.210802071799999966e-03 6.085896870000000181e-02 5.937085619200000233e-03 -4.567634059599999519e-03 2.126836948400000205e-02
8.547235567942601975e+00 6.342566497999999053e-02 8.560069270000001534e-03 6.115839986000000394e-02 2.452135090999999628e-02 -8.132400672000000483e-03 4.966771981999999752e-02
1.125376716794260190e+01 6.865909931999999993e-02 7.465817248000000336e-03 5.638331018000000000e-02 -1.869800674600000101e-02 -5.954422028000000769e-03 8.224673823599999017e-03
1.396337936794259882e+01 6.593612613999999539e-02 1.454457344340000019e-03 6.147179818000000212e-02 -4.012283516800000532e-02 -1.759575105999999778e-02 2.794158415999999784e-02
1.666760136794259139e+01 6.746827828000000193e-02 -1.572452805799999867e-03 6.552161513999998910e-02 -9.136705955999999129e-02 -1.047896616000000038e-02 6.528017977999998889e-02
1.937744496794260129e+01 6.429311929999999287e-02 -6.016904263199999991e-03 5.943546294000000285e-02 -4.026713803999999730e-02 8.520823110000000367e-02 6.618505047999999336e-02
2.207763256794259377e+01 6.220849845999999739e-02 -2.271032621800000463e-03 6.214761004000000227e-02 -5.267840530000000854e-02 2.859912606000000052e-02 2.439573352000000070e-02
2.477623876794259417e+01 5.547022157999999953e-02 2.400071180000000297e-03 7.460780772000000227e-02 -4.196325718000000482e-02 1.587847059999999977e-02 4.255684486800000513e-03
2.746123276794259738e+01 5.110590562000000281e-02 -5.366675866000000447e-03 7.886377336000001403e-02 -7.957946845999999685e-02 5.493988361999999764e-02 2.157534534000000309e-02
3.016437616794259569e+01 4.582994767999999663e-02 -9.150099249999999948e-03 6.900405633999999455e-02 -6.282873316600000313e-02 2.673515003999999903e-02 1.251648727000000128e-02
3.287003256794260153e+01 4.443775701999999606e-02 -6.406369930000000920e-03 6.420622896000000024e-02 -3.543127106799999482e-02 -3.818310783200000620e-03 2.050418933999999943e-02
3.555936376794259957e+01 3.962967986000000276e-02 3.163915262000000037e-03 6.634407997999999806e-02 -2.042785230000000035e-02 2.934176863999999815e-02 3.076810570000000286e-02
3.825213876794259704e+01 4.505697935999999904e-02 7.283611298000000275e-03 6.639120453999999838e-02 9.013945509999999467e-03 3.076162798000000101e-02 3.121179740000000133e-02
4.094664216794259204e+01 5.650617286000000211e-02 7.299183925999999656e-03 6.612462350000000710e-02 -6.407810659999998992e-03 -6.452080660000010168e-05 3.124060269999999820e-02
4.364832936794260121e+01 5.951994992000000234e-02 6.096714062000000225e-03 6.815026913999999714e-02 6.160131633119999249e-03 3.275656337999999917e-02 4.173142516000000191e-02
4.634097296794259080e+01 6.165106616000000372e-02 9.335702438000000394e-03 5.772678058000000473e-02 -1.578789382599999833e-02 3.049234609999999790e-03 6.293819227999999932e-02
4.904456396794260087e+01 6.327556318000000790e-02 6.229405226000001190e-03 6.174499136000000110e-02 5.703174779999993721e-04 1.747811405199999751e-02 5.083911428000000010e-02
5.174503256794260153e+01 6.975457007999999459e-02 5.122645170000000511e-03 5.297520009999999446e-02 -3.043363639999999842e-02 -6.897139851999999245e-03 5.462188930000000386e-02
5.445446976794259797e+01 5.900730882000000677e-02 1.161478604000000005e-02 5.626313199999999348e-02 -2.885759057999999835e-02 -5.146173687999999746e-02 3.680604378000000565e-02
5.716316996794260064e+01 6.353795518000000808e-02 7.763501154000001028e-03 5.584947088000000864e-02 -3.589197457999999952e-02 5.050497408000000250e-03 5.139527743999999787e-02
5.988109196794259503e+01 6.363225368000000048e-02 5.061862892000000211e-03 5.991839499999999930e-02 -1.044389585400000084e-02 2.431088523999999987e-02 2.905818407999999353e-02
6.258862296794259095e+01 6.193222713999999712e-02 1.095505923399999956e-02 5.890133148000000624e-02 -5.850023214000000214e-03 -4.066017503999999616e-03 3.503017247999999639e-02
6.528799496794259483e+01 6.722468379999999022e-02 8.151515641999999839e-03 5.246846885999999210e-02 -3.969343079400000640e-02 2.898830531999999766e-02 -5.891760099999999827e-03
6.799321096794260200e+01 6.413967553999999627e-02 6.764221099999999549e-03 5.981628443999999906e-02 2.026849074799999886e-02 5.432678566000000153e-03 -1.358526754000000114e-02
7.069353876794259861e+01 5.734104728000000151e-02 2.905735302000000096e-03 5.337824679999999405e-02 -3.630737724400000255e-02 -1.680860105599999831e-03 -2.304845298000000181e-02
7.339562916794260161e+01 5.914321483999999962e-02 -9.285006690000000007e-04 6.163267260000000747e-02 2.553469600399999734e-02 5.937858385999999827e-04 2.278759168000000362e-02
7.609313556794259625e+01 6.440419608000000351e-02 -2.982519580000000492e-04 5.425238396000000435e-02 -2.325266716599999964e-02 1.639612454400000280e-02 1.828295519800000185e-02
7.879090436794260199e+01 5.996818548000000526e-02 7.425740859999985406e-05 5.551435015999998945e-02 1.522605103999999810e-03 4.707440083999999553e-02 -4.878688543999999509e-03
8.148498856794257961e+01 5.952238220000000135e-02 -4.821807491999998904e-03 5.667280762000000138e-02 -4.104087922000000666e-02 2.408273868000000012e-02 5.042677136000000074e-03
8.418997616794258931e+01 6.383137133999999824e-02 -8.081714274000000031e-03 5.948611728000000737e-02 -6.647521052000000819e-02 1.809578535999999821e-02 4.153732606000000438e-02
8.688393876794259540e+01 7.138861684000000207e-02 -9.220607731999999265e-03 6.260608180000000467e-02 -6.065601160400000552e-02 1.684274563199999585e-03 3.788511905999999985e-02
8.958954836794262633e+01 7.190108914000001294e-02 -1.481643604000000038e-02 5.916453675999999717e-02 -1.538972532799999862e-02 -3.738242294000000687e-02 2.598139919999999797e-02
9.229201376794259204e+01 7.170154397999999041e-02 -1.816371630000000043e-02 6.067274858000000493e-02 7.914130563999999604e-03 -1.013139742399999862e-02 2.616688429999999843e-02
9.499418236794259940e+01 6.283967047999999833e-02 -1.016152134000000012e-02 4.603857281999999829e-02 5.249971840000000958e-03 2.850034456000000160e-02 -2.153805935599999860e-02
9.770274176794258381e+01 7.206093723999999756e-02 -1.159982550399999909e-02 4.172935977999999574e-02 -1.458426623999999928e-02 6.187024040400000355e-03 -7.381873714799999306e-03
1.003995697679426087e+02 7.525779614000001339e-02 -7.893361387999999965e-03 2.763892472000000280e-02 -1.291392458859999840e-03 5.184367294600000266e-03 -3.636983423400000272e-03
1.031004919679426166e+02 7.541078670000000983e-02 -6.685448474000000793e-03 3.422463130000000069e-03 -1.239532216000000138e-02 -2.393009416000000528e-02 -1.670049245599999899e-02
1.058035543679426098e+02 7.421552942000000930e-02 -8.918536979999999031e-03 -2.026201487999999828e-03 -4.266401280000000143e-03 -1.582620484000000008e-02 -1.383400424400000120e-02
1.085040199679425967e+02 7.250419920000000795e-02 -5.937411996000000435e-03 -2.013937484000000167e-02 -1.106570925600000067e-02 -9.995734917999999410e-04 -6.511360727999999931e-02
1.111915543679425866e+02 7.824740908000001050e-02 -5.501052391999999500e-03 -2.615234427999999986e-02 -2.765204761999999830e-02 4.886670450000000013e-03 -4.119936739999999903e-03
1.138920547679425965e+02 7.438390340000000656e-02 -1.946703525399999914e-03 -4.128957621999999883e-02 1.100800581000000236e-02 2.765880680000000133e-02 -6.104443339999999704e-03
