-1.364987387457106820e+02 5.797636360000000405e-02 9.110806328000001231e-03 6.014881542000000136e-02 4.769088012000000272e-03 -2.141920501600000099e-03 -3.694409510000000452e-02
-1.338016176155106791e+02 7.336211183999999386e-02 4.578115118000000185e-03 5.726437527999998778e-02 2.769708675999999967e-02 -2.171443879999999937e-02 5.858088580000000295e-02
-1.311070073015106914e+02 7.339607760000001202e-02 1.172761015999999878e-02 4.594991278000000456e-02 2.051691307999999742e-02 -1.279746932000000101e-02 4.945588060000000175e-02
-1.284019738315107020e+02 7.364165242000000888e-02 1.404194053999999713e-02 3.434640490000000213e-02 4.863370145999999956e-03 -4.381244667999999870e-02 3.155488161799999310e-03
-1.257038393655106745e+02 7.481772127999999911e-02 1.721902701999999952e-02 3.947961619999999783e-02 -5.080267399999999559e-03 -4.959623910000000510e-03 1.182202993599999839e-03
-1.230074659255107008e+02 7.488177052000000167e-02 1.844022463999999903e-02 2.703654600000000158e-02 -3.038274980000000083e-03 3.240407225999999974e-02 -3.170505467999999716e-02
-1.203085753255107022e+02 7.623862534000000468e-02 1.050587823999999879e-02 1.167236072000000027e-02 2.561136217599999966e-03 -2.201375923999999637e-02 4.495051737999999908e-02
-1.176232659255106654e+02 7.630183662000000755e-02 8.115144211999998636e-03 3.176721158000000208e-03 -3.332907767800000198e-03 -1.717200388000000161e-02 -1.398043559599999929e-04
-1.149186487455106800e+02 7.600864577999999483e-02 3.345591330000000172e-03 -1.395085950000000095e-02 -2.026547084000000082e-02 -5.157909721999999302e-03 -4.721010180000000112e-02
-1.122146612455107118e+02 7.002383673999999780e-02 1.318882554000000082e-02 -3.162576277999999685e-02 -2.321197670000000029e-03 1.038802509400000088e-02 -3.507030036000000073e-02
-1.095176581255106782e+02 6.388640969999999364e-02 1.319260652000000048e-02 -5.331217207999999763e-02 -2.103998859999999665e-02 -2.461864320000000175e-02 -2.250580312000000083e-02
-1.068220556055106982e+02 6.162743103999999972e-02 3.353087200000000323e-03 -6.304754208000000471e-02 -1.523876398000000021e-02 -3.727340327999999897e-02 -4.226578360000000922e-02
-1.041164974855106777e+02 5.488428677999999949e-02 2.098789006000000186e-03 -6.157780687999999530e-02 -8.535694690000001500e-03 -7.442440313999999779e-02 -7.266777632000000382e-03
-1.014218209255106729e+02 6.276203579999999060e-02 2.458725620000000271e-03 -5.403319110000000258e-02 -1.321605397999999973e-02 -6.095763659999999667e-02 -1.853043806000000127e-02
-9.871478374551068669e+01 6.255514712000000144e-02 -7.640227038000000151e-03 -6.402177570000000539e-02 2.052093287200000386e-03 -1.124212572000000097e-02 -2.874391723999999981e-02
-9.601423810551068527e+01 6.439188789999998608e-02 -1.632849700000000084e-02 -5.766323253999999787e-02 3.917733124799999828e-03 -4.148906835999999904e-02 2.959522424000000235e-02
-9.331906186551069027e+01 5.622016254000000712e-02 -1.085331533999999917e-02 -5.976937316000000694e-02 -1.981828909999999722e-02 -4.948009686000000469e-03 4.351165616000000208e-02
-9.062075780551069215e+01 5.591280898000000610e-02 -4.502011896000000096e-03 -5.423636973999999833e-02 -4.786871304000000354e-04 -3.796535365399999942e-03 1.230214709999999899e-02
-8.790724404551069426e+01 6.374027524000000500e-02 -1.116747273199999915e-03 -5.429292804000000056e-02 -2.567561261999999969e-02 1.454464534000000052e-02 -2.714204311999999716e-02
-8.520851094551069593e+01 6.830349028000000378e-02 -8.060032328000000384e-03 -6.045786067999999597e-02 -8.951469967999999694e-03 -1.975232317999999626e-02 -3.434838847999999861e-02
-8.250529404551068069e+01 6.360399127999999402e-02 1.837828614000000266e-03 -6.435832301999999672e-02 1.368836320199999859e-02 2.195651311999999994e-02 -5.426328745999999675e-02
-7.980680530551069296e+01 6.233426518000000083e-02 2.589402728000000323e-03 -5.828265150000000450e-02 9.782044603999999477e-03 2.887664767999999910e-02 -1.945960289999999759e-02
-7.711162500551067467e+01 5.585130112000000896e-02 1.078122806000000010e-02 -7.067032108000000090e-02 -1.167311952000000055e-02 9.000110679999999419e-03 -9.415669831999999486e-04
-7.441492312551069688e+01 4.735120502000000203e-02 1.398674570000000075e-02 -5.416027741999999978e-02 -3.616872833999999759e-02 4.604221254000000207e-02 1.593785748000000127e-02
-7.171530406551067927e+01 4.188625669999999912e-02 1.227208987999999987e-02 -5.903784431999999777e-02 -2.691169780000000206e-02 3.072427825800000400e-03 -1.497614844000000334e-02
-6.902000124551068438e+01 5.000610560000000315e-02 1.106553249999999919e-02 -5.868556240000000201e-02 -5.477252250000000031e-03 4.696087686000000039e-02 -1.600520750600000278e-02
-6.631886154551068557e+01 5.720019844000000242e-02 9.247031711999999931e-03 -6.281213804000000678e-02 -2.292587977999999832e-02 1.678550089999999995e-02 -5.283729217999999506e-02
-6.361949468551068776e+01 6.641552376000001146e-02 2.453236020000000052e-03 -6.515226670000000275e-02 -2.663596095400000245e-03 1.618928607999999686e-02 -1.159968219800000186e-02
-6.092379308551069528e+01 6.129393735999999482e-02 8.115112949999999086e-04 -6.141287189999999896e-02 -1.679670507999999826e-02 -3.527500462000000142e-02 -3.990147528000000110e-02
-5.823054280551068729e+01 6.141925884000000446e-02 -3.218140164000000188e-03 -5.222012261999999655e-02 2.344186465999999885e-02 -2.749125625999999586e-02 1.616935905999999923e-02
-5.553652874551067953e+01 5.527319837999999930e-02 -7.258190600000000506e-03 -6.386418596000001391e-02 6.878475527999999839e-03 1.879545624000000109e-02 -6.076577997999998981e-02
-5.283263872551068374e+01 5.478562320000000124e-02 1.264375241999999991e-03 -6.113840287999999790e-02 -5.278541236000000234e-03 1.811853798000000182e-02 -3.108976802000000192e-02
-5.012820778551068912e+01 5.606719991999999791e-02 3.394028747999999936e-03 -7.700863114000000564e-02 -3.020449235799999889e-03 1.905700758000000022e-02 -1.010526919599999962e-01
-4.742040592551069267e+01 5.827182645999999522e-02 -1.778302611999999991e-03 -8.309313020000000383e-02 -2.332397993999999961e-02 -4.264487363999999378e-03 -3.265483484000000075e-02
-4.471810904551068688e+01 5.068127373999999769e-02 1.685277354000000102e-03 -7.587701900000000388e-02 -2.592525681999999915e-02 -4.285714059999999603e-02 -2.700435621999999758e-02
-4.202170872551069181e+01 3.704701947999999856e-02 5.879702795999999961e-03 -7.440839541999999529e-02 -1.281585853999999899e-02 -7.529814965999999388e-02 -8.574842140000000362e-03
-3.932836280551068597e+01 3.355543455999999980e-02 -6.551440064000000132e-03 -7.348877945999998662e-02 1.757997539999999609e-02 1.938307764000000294e-02 -7.063901738000000208e-02
-3.662741032551068798e+01 4.512850302000000202e-02 -1.083839049000000091e-03 -7.670151565999999699e-02 -7.356027737999999878e-03 1.438736586000000095e-02 -3.533565419999999679e-02
-3.392021052551068294e+01 4.468460030000000194e-02 -6.148678068000000031e-03 -7.315022529999999634e-02 7.519917057999999863e-03 2.924754587999999628e-02 -3.986418940000000660e-02
-3.121287912551068899e+01 4.678017986000000683e-02 -3.438374755999999699e-03 -7.364372379999999108e-02 2.649503142399999879e-03 4.224269945999999804e-02 -1.714995240799999706e-03
-2.851432292551067960e+01 5.316741754000000458e-02 -3.186519974000000081e-03 -6.849060522000001427e-02 5.480354381999999122e-03 8.748548957999998862e-03 -4.295960289599999940e-03
-2.581570392551068238e+01 5.069335133999999105e-02 2.233260347400000301e-04 -7.163112654000000634e-02 3.591213426000000597e-02 2.178667937999999998e-02 -8.965508336000000897e-03
-2.309997572551068146e+01 6.170550016000000276e-02 2.073275178200000905e-05 -6.618935806000000865e-02 -2.930909427999999622e-02 2.136744382599999742e-03 2.237288451999999705e-02
-2.039148532551068627e+01 6.689158038000000972e-02 6.459562032000000162e-03 -5.930939204000000575e-02 4.172147278000000155e-04 -8.697665476000000090e-03 -1.066110547999999866e-02
-1.768724472551068772e+01 7.077698259999999630e-02 4.535290251999999842e-03 -4.862687694000000088e-02 2.081554469000000077e-03 1.356320463799999890e-02 -1.942251164000000085e-02
-1.497467272551068618e+01 6.959074900000000730e-02 1.687192070000000056e-03 -4.622391003999999637e-02 -4.471581785999999975e-03 -1.122685557999999854e-02 -1.686988214000000041e-02
-1.227588832551068698e+01 6.972267470000000078e-02 -1.022020574800000178e-02 -4.268927946000000695e-02 -5.534756021999998499e-05 -2.482831098000000056e-02 -5.508584647999999889e-02
-9.575219525510684448e+00 8.039308561999999880e-02 -8.420700399999999849e-03 -3.513764243999999842e-02 -1.866350635999999841e-02 -1.716402732000000056e-02 -9.159330158000000485e-03
-6.894519725510685149e+00 8.324872755999998541e-02 -1.450284776000000143e-02 -2.836753405999999783e-02 -1.092043026399999901e-02 1.844007312000000079e-02 -4.263770942000000286e-02
-4.203213125510683490e+00 7.996563768000000683e-02 -8.987079448000000192e-03 -1.800489917999999884e-02 3.895562277999999740e-03 2.286442293999999681e-02 -5.923018598000000592e-03
-1.505754125510685437e+00 7.472160174000000432e-02 -1.309964293999999960e-02 -3.777526387999999985e-03 -6.470145444600000975e-03 -3.200208602000000156e-03 -3.191911191999999980e-02
1.191936674489312509e+00 6.473942048000000393e-02 -2.296342550000000232e-02 1.272720834000000065e-02 6.209937932000000622e-04 -4.113140797999999959e-02 -1.895987749999999972e-02
3.900046074489318837e+00 6.343146564000000376e-02 -1.890707369999999887e-02 3.068448403999999782e-02 -1.162468623200000120e-02 -1.356216787000000257e-03 -2.385632169999999590e-04
6.596602074489316792e+00 6.639654234000000321e-02 -1.686860373999999815e-02 4.793091330000000261e-02 -4.561441357999999890e-02 1.807788994000000121e-02 2.039238334000000388e-02
9.292839874489311924e+00 6.465707519999999708e-02 -1.292586352000000063e-02 5.526379488000000839e-02 -4.493394050000000528e-02 -2.377547949999999841e-02 2.646845381999999788e-02
1.198947727448932099e+01 6.733811013999999040e-02 -1.588639164000000062e-02 5.734670315999999823e-02 9.295083281999998864e-03 5.801957259999999776e-03 3.170176814000000461e-03
1.467831767448931224e+01 6.103655813999999541e-02 -9.545842956000000212e-03 6.342976665999999764e-02 2.180119197999999883e-02 3.030711381999999857e-02 4.536003353999999710e-02
1.738005847448931007e+01 5.851789768000000003e-02 -1.061685998000000061e-02 5.818759128000000613e-02 -3.067437079999999969e-02 -2.049856777999999741e-02 7.521226045999999596e-03
2.008139927448930706e+01 6.823333814000000219e-02 -3.409288910000000169e-03 5.391943064000000174e-02 -1.956796384000000083e-02 -5.632516584000000007e-03 2.344601828000000138e-02
2.278683347448931684e+01 6.319198503999999550e-02 -2.253876743999999772e-03 6.569934052000001024e-02 -2.219933133999999961e-02 -2.899964755999999769e-02 3.194098967999999678e-02
2.549303347448931234e+01 7.342476769999999042e-02 4.946863359999999557e-03 5.600504175999999890e-02 -1.209153146000000074e-02 1.927841274000000049e-02 6.930416566000000000e-02
2.819719287448931055e+01 6.926310241999998618e-02 3.384191623999999827e-05 5.445073837999999528e-02 2.300585835999999912e-02 2.998859829999999532e-02 2.889788810000000138e-02
3.090398967448932055e+01 7.296628846000000057e-02 2.299174958000000258e-03 5.121973393999999791e-02 -1.953968400000000161e-02 7.391172196000000624e-03 -4.043568294000000202e-02
3.361216127448930990e+01 6.691406290000000145e-02 2.190063789999999785e-03 6.552258085999999870e-02 -9.147182428000000254e-03 2.768437317999999925e-02 -6.802704179999998976e-03
3.631750827448932029e+01 6.617773487999999149e-02 2.877909591999999912e-03 6.908992303999998696e-02 2.435176941999999886e-02 -2.377158699999999680e-02 4.060202851999999973e-02
3.901419587448931736e+01 6.522116019999998904e-02 -5.962357976599999814e-04 5.772207644000000581e-02 2.803367421999999887e-02 2.369676092000000053e-02 7.240770262000000013e-02
4.171732087448931736e+01 5.959306329999999180e-02 4.102042812000000413e-03 5.855279932000000132e-02 -2.097570197999999719e-02 -5.410973321999999926e-03 -1.327097290599999965e-03
4.443070507448931750e+01 6.054986438000000554e-02 -1.968498732000000060e-03 6.537636935999999177e-02 -4.225647563999999912e-02 9.535831458000000593e-03 -5.479612753999999614e-02
4.714168027448931753e+01 5.661582319999999141e-02 -6.345031316000000580e-03 6.341895991999998983e-02 -4.018613470000000076e-02 -9.349610848000001334e-03 -1.603781577999999902e-02
4.983740207448930448e+01 5.212272754000000369e-02 2.153681862800000020e-03 6.884406439999998795e-02 -3.605985199999999641e-02 -7.145337896000000192e-04 1.563122469999999806e-02
5.253397407448930778e+01 5.193268895999999385e-02 -1.449490814999999889e-03 7.141487470000000559e-02 -2.922544833999999800e-02 1.193760261999999954e-02 4.961104602000000058e-02
5.523839587448931354e+01 5.537190284000000073e-02 -3.684258134000000049e-03 6.496131982000000193e-02 -1.713888801999999961e-02 -1.794753195999999884e-02 8.083118852000000312e-03
5.794043987448931432e+01 7.170638900000000926e-02 5.378851251679998705e-04 6.880440447999999765e-02 -4.685354524000000243e-02 -4.264360941999999731e-03 2.101693050000000285e-02
6.064560847448931469e+01 7.361977632000001048e-02 -5.052838524000000109e-03 6.709574712000000718e-02 3.295230572000000524e-02 -4.155258859999999554e-02 1.141449884800000043e-02
6.333410207448930862e+01 6.920707344000001648e-02 -2.419372579800000041e-04 5.703373590000000715e-02 -1.131720294000000161e-02 -6.517166034000000316e-03 -2.169443351999999700e-02
6.603414267448931696e+01 6.217660879999999807e-02 7.523594137999998783e-04 6.215381429999999874e-02 1.320255970199999893e-02 -1.135649227000000080e-02 -2.265213623999999884e-02
6.873551467448930907e+01 5.901351112000000759e-02 9.534378958000000112e-03 5.921552813999999415e-02 -2.387293130000000055e-02 -3.813075754000001079e-04 -3.974674331999999283e-02
7.144570527448931330e+01 5.922607568000000378e-02 7.111177067999999504e-03 6.287327447999999097e-02 5.817463907999999989e-02 3.241294723999999742e-03 -2.699662392000000063e-02
7.414284567448930829e+01 5.811634268000000214e-02 9.071537208000000213e-03 5.505011617999999718e-02 -9.838775034000001724e-03 -1.059157773800000098e-02 -1.194615262599999991e-02
7.685273027448931771e+01 6.540064030000000694e-02 5.046299001999999742e-03 5.772879935999999240e-02 1.262030589999999994e-02 -8.301454035999999981e-02 -2.184195503599999696e-03
7.955573947448931449e+01 6.546564747999999989e-02 7.712352397999999720e-03 4.798949796000000212e-02 -4.160379956399999635e-03 -3.320420872000000301e-02 -9.963825923600001105e-03
8.224389907448930614e+01 7.073915375999999255e-02 6.534905845999999796e-05 4.653093494000000441e-02 -1.664049270000000219e-02 -5.910504771999999102e-02 -8.088246557000000267e-03
8.494327087448930058e+01 7.194803268000000973e-02 -7.367895990000000554e-03 5.233199339999999866e-02 -5.762350381999999799e-02 -2.211190860000000064e-02 3.333686040200000648e-03
8.764428027448931857e+01 7.037457131999999560e-02 -7.466952500000000395e-03 5.794847139999999980e-02 -2.813430056000000221e-02 3.053785642400000215e-03 6.239535852000000112e-03
9.035302747448930916e+01 7.030268572000000771e-02 -1.394750788600000128e-03 6.039157174000000378e-02 4.139498049999999763e-02 -9.915787543999998385e-03 6.014872056000000050e-02
9.303987087448930993e+01 7.114068315999999559e-02 -2.955423538000000010e-03 5.940936804000000043e-02 7.337548096000000297e-02 -2.429987422000000341e-02 3.798897119999999905e-02
9.575008047448932302e+01 6.421800265999999535e-02 -1.604650419999999840e-03 5.226850268000000910e-02 1.017889840599999901e-01 1.459514227999999733e-02 3.906142624000000230e-02
9.844937407448932731e+01 5.312474802000000107e-02 -3.799969697999999643e-03 4.772658595999999809e-02 3.953977605999999673e-02 -2.234247569999999947e-02 4.378495557999999288e-02
1.011484490744893208e+02 5.325823085999999845e-02 -6.228272776000000344e-03 5.459117373999999856e-02 9.396041457999999846e-03 2.603476714000000497e-02 1.152977022999999990e-02
1.038473522744893245e+02 5.777773338000000841e-02 -6.622962585999999860e-03 6.234561360000000219e-02 -1.287907817999999968e-02 -1.894141294000000267e-02 2.943288049999999781e-02
1.065404428744893011e+02 5.462439399999999973e-02 -1.453823318999999947e-03 6.774253092000000198e-02 3.250843414000000042e-02 1.087693117400000131e-02 7.048644974000001229e-02
1.092287238744893330e+02 5.902450877999999845e-02 5.082967647999999880e-03 6.398057178000000900e-02 -7.323586391999999286e-03 3.702027907999999590e-02 9.708237068000000192e-02
1.119351208744893000e+02 6.510732628000000244e-02 8.450240186000001347e-03 6.420967937999999542e-02 4.894992771999999437e-02 -2.149999100200000301e-03 7.029297106000001460e-02
1.146386584744893042e+02 6.960411633999999403e-02 8.811624707999999445e-03 5.736990898000000894e-02 -3.960255710000000484e-02 1.423632482000000178e-02 1.741975949999999967e-02
1.173469334744893331e+02 6.627306458000001288e-02 1.074903026000000039e-02 6.504206863999999200e-02 -2.959291414000000259e-02 6.894372914000000858e-03 -3.654688388000000565e-02
1.200501552744893132e+02 5.550797568000000182e-02 4.116484686000000844e-03 7.217601168000001288e-02 -4.328369548000000205e-02 -1.766013236000000056e-02 -4.530782122000000245e-02
1.227472490744893321e+02 5.797419614000000332e-02 -1.839571872000000225e-04 7.277522651999999981e-02 4.012147676000000357e-02 -2.732495945999999926e-02 -2.143685842000000313e-02
1.254594428744893122e+02 6.132178464000000856e-02 7.248702279999999845e-03 7.349380866000000678e-02 1.293246437999999963e-02 1.594902192000000052e-02 2.100013067999999955e-02
1.281631396744892868e+02 5.562105598000000040e-02 2.186266075999999774e-03 6.728989684000000193e-02 6.008272567999999730e-03 2.413357707999999949e-02 2.158845671999999952e-02
1.308625288744892998e+02 5.216729300000000347e-02 1.491996590000000235e-03 7.198718226000000442e-02 2.471176525999999735e-02 4.331192258000000905e-03 1.958913606000000154e-02
