-1.453449834578038065e+02 7.274945160000000077e-02 1.350107983999999928e-02 3.423001917999999449e-02 3.722435313999999940e-02 -4.594299682000000133e-04 2.376723517999999868e-02
-1.426412545572037800e+02 7.862443566000000550e-02 1.588681909999999781e-02 1.146614739999999959e-02 8.469285877999999101e-03 -1.675486948000000018e-02 6.990270143999999242e-03
-1.399245688032037833e+02 8.563414064000000880e-02 6.775173849999998991e-03 -1.523741578000000277e-02 2.183286809999999793e-03 -5.980671203999999956e-03 -3.922215165999999587e-02
-1.372251128372037954e+02 8.087115789999999027e-02 5.904467566000000389e-03 -3.691391298000000487e-02 1.537271179999999925e-02 1.491925326000000107e-02 3.204041285200000255e-03
-1.345150931252038049e+02 6.711287775999999483e-02 3.857696201999999928e-03 -5.148309909999999878e-02 2.958699907999999892e-02 6.653582151999999292e-03 -5.057544203999999460e-02
-1.318048197252037994e+02 6.208707127999999603e-02 6.285054358000000292e-03 -5.922357092000000295e-02 2.134634501999999739e-02 3.809026507999999783e-02 -1.533102853999999959e-02
-1.291097612652038151e+02 6.715424987999998874e-02 7.418003649999999408e-03 -5.796362788000000016e-02 3.315644839999999649e-02 4.917953976000000171e-02 1.176106194000000119e-02
-1.264260575052037865e+02 7.563056099999999893e-02 1.276941522000000009e-02 -5.642133595999999918e-02 8.031683738000000919e-03 4.118262479999999781e-02 -1.598897770000000038e-02
-1.237218250052037973e+02 6.934815551999999605e-02 8.663590190000000635e-03 -5.879320712000000310e-02 8.745045891999999807e-03 2.675699564000000308e-02 -4.655300040000000250e-02
-1.210282897252037912e+02 7.303053272000001317e-02 1.159651623999999846e-02 -6.237469605999999833e-02 2.433098791999999816e-02 1.756469230000000034e-02 -6.400042392000000746e-02
-1.183313168852037904e+02 6.129935436000000237e-02 5.831033585999999616e-03 -5.690951796000000978e-02 2.307286889999999799e-02 -1.940798876000000145e-02 -1.633871049999999908e-02
-1.156281647052037869e+02 5.936923417999999397e-02 9.601533562000000993e-03 -6.095311399999999574e-02 2.036596732000000090e-02 -1.558497294000000220e-02 -5.000640784000000283e-02
-1.129202800052037929e+02 5.685558463999999812e-02 1.153718884000000042e-02 -7.115737953999999588e-02 2.651145465999999937e-02 2.233818514000000116e-02 -1.059457432800000112e-02
-1.102182375252037616e+02 6.201510540000000626e-02 1.626658691999999934e-02 -7.471447127999999993e-02 3.296630266000000198e-02 -4.055472426560000065e-03 -6.107748193999999742e-02
-1.075165769052037774e+02 6.728762600000000316e-02 2.129739898000000166e-03 -6.689098613999999721e-02 1.123684984000000026e-02 1.751399806000000087e-02 -4.158811106000000202e-02
-1.047990094052037904e+02 6.639159070000000273e-02 7.285856403999998662e-03 -5.833592870000000458e-02 5.689959058000000625e-02 -5.729522593999999275e-02 -4.169125656000000069e-02
-1.020987459452037882e+02 7.035998239999999293e-02 3.429057539999999689e-03 -5.581241052000000119e-02 2.415667920000000302e-02 -3.005337702000000430e-02 -2.295137698000000032e-02
-9.939618128520378093e+01 6.948512170000001320e-02 4.660536541999999414e-03 -5.476976320000000176e-02 2.954303990000000171e-02 -2.058023147999999899e-02 -5.566861677999999924e-02
-9.669763030520378777e+01 6.113706142000000648e-02 -2.716814538000000140e-03 -5.390213454000000043e-02 2.960407667200000079e-03 -1.819152580000000033e-02 -4.544687610000000544e-02
-9.398850284520378295e+01 6.405323603999998894e-02 3.656196569999999903e-03 -5.432233799999999085e-02 2.436339858000000080e-02 -3.623246598000000318e-03 -1.227513733800000145e-02
-9.129894500520377676e+01 5.818637507999999819e-02 6.373948756000000389e-03 -7.107603267999999808e-02 -1.126320951999999938e-02 -4.791203588000000207e-02 -1.012913004399999817e-01
-8.858619378520378973e+01 7.089703199999999872e-02 2.266801705999999927e-03 -7.155079853999998796e-02 2.232624292000000028e-03 9.801127815999999965e-03 -5.120012712000000799e-02
-8.589941532520379042e+01 6.583940588000000704e-02 1.715050559999999795e-03 -6.892850068000000441e-02 1.276506862800000017e-02 -1.357262182199999931e-02 -4.123694011999999576e-02
-8.319371064520379377e+01 6.499949034000000736e-02 1.278816866000000120e-03 -6.377300410000000253e-02 1.634889621999999904e-02 2.044878766000000209e-02 2.982521984000000102e-03
-8.050431344520379184e+01 6.246248723999999614e-02 7.352343869999999892e-03 -6.468444168000000993e-02 2.614627036000000126e-02 -1.636838105999999845e-03 -1.458185534799999981e-02
-7.781332968520378301e+01 6.266705499999999929e-02 -2.278642194000000384e-05 -5.954449535999999099e-02 -1.568543889599999935e-02 3.090004807200000345e-03 -4.842104998999999764e-03
-7.511698970520379248e+01 6.472670919999999606e-02 -1.776359945999999830e-03 -5.221136177999999989e-02 7.293730591200000852e-04 -1.327641919799999902e-03 -5.562427209999999678e-02
-7.241696002520379238e+01 6.393643790000000382e-02 -3.058709190000000275e-03 -5.673278012000000647e-02 -1.403578861639999962e-03 1.708344562000000191e-02 -1.140383322999999859e-02
-6.970977128520378585e+01 6.476101473999999747e-02 6.612538371999999651e-03 -5.988293718000000515e-02 -1.545912074799999855e-02 -3.416649844000000519e-02 -4.065230118000000281e-02
-6.701858440520378224e+01 7.066089193999999796e-02 6.400086757999999716e-03 -6.564693900000000137e-02 3.358063311999999467e-02 -3.763519690000000171e-03 -3.078167107999999971e-02
-6.431768252520377871e+01 6.560568663999999384e-02 1.791717545999999949e-03 -5.997607393999999925e-02 1.235061427999999996e-02 1.533633856000000094e-02 -5.297152123999999962e-02
-6.162172626520380447e+01 7.307313582000000973e-02 -1.168954675200000121e-03 -7.162024770000000040e-02 8.123575539340000679e-03 -2.105202435999999760e-02 -2.812393240000000266e-02
-5.891497438520379148e+01 7.005035144000000547e-02 4.009817420000000646e-03 -6.839739091999999521e-02 1.118974828600000082e-02 2.227578948000000225e-02 -4.633573726000000254e-02
-5.621584566520378701e+01 6.142562076000000065e-02 -9.442247834000000103e-03 -6.609428611999998426e-02 -7.363079267999998734e-03 1.049024742399999946e-03 -8.045196705999999032e-02
-5.349945220520378086e+01 5.458655012000000056e-02 -1.508577959600000034e-03 -7.315900984000001106e-02 -3.527110290000000543e-03 -3.326698881599999928e-03 -7.775576666000000303e-02
-5.080596470520378460e+01 5.211777215999999907e-02 6.055615111999999856e-03 -6.904325155999999075e-02 2.816493750000000421e-02 3.385544451999999982e-02 -5.872417895999999804e-02
-4.810137314520379448e+01 5.602153984000000225e-02 2.500877573999999749e-03 -7.019648356000000866e-02 -5.294900701999999751e-03 1.441896004000000134e-02 -3.747255396000000183e-02
-4.540351498520379181e+01 5.964220584000000380e-02 3.380452343999999863e-03 -7.083271527999998596e-02 1.746930046200000043e-03 -1.508511814000000097e-02 -8.967617113999999667e-02
-4.270014298520378304e+01 6.664039382000000455e-02 4.933210025999999401e-03 -6.657471143999998953e-02 -1.113926560199999995e-03 3.006144184200000395e-03 -3.470480203999999624e-02
-4.000305258520378970e+01 5.966986448000000109e-02 5.941149082000000275e-03 -6.479916002000001007e-02 -3.620610723999999944e-03 -3.305785984000000205e-02 -7.755201538000000561e-02
-3.729862738520379395e+01 6.417820177999998543e-02 1.446338110000000045e-02 -6.066760958000000370e-02 -1.743890412000000112e-02 -3.689490803999999347e-02 -9.791631834000000256e-02
-3.459093058520378605e+01 7.736243634000000702e-02 -1.091181515599999857e-03 -5.545386493999999999e-02 1.562121374799999886e-02 -4.643202974000000538e-02 -5.862523897999999400e-02
-3.189112138520379247e+01 6.672710665999999347e-02 -3.485125058000000144e-03 -5.934553373999999770e-02 1.367380473999999999e-02 -2.890509013999999904e-02 -4.896332302000000469e-02
-2.919357118520379046e+01 5.864463641999999310e-02 -1.183132848000000015e-02 -5.285251535999999778e-02 1.145790498200000007e-02 1.212803405999999737e-02 -3.729088356000000160e-02
-2.649341498520378835e+01 6.829589072000000205e-02 -9.154218448000000369e-03 -5.163372680000000159e-02 -2.281411105399999608e-03 1.039492044000000018e-02 1.890680215999999969e-02
-2.379471798520378911e+01 6.862139873999999196e-02 -6.089782398000000325e-03 -3.641646818000000146e-02 7.234588579999999547e-03 3.547976332000000316e-02 -1.693653816000000034e-02
-2.109250258520378907e+01 7.504753052000000257e-02 -1.046499754199999889e-02 -3.463435247999999828e-02 1.430368295999999949e-02 2.487028922000000114e-02 -3.196501686000000064e-02
-1.838627758520378919e+01 6.635941667999999127e-02 -1.191583769999999924e-02 -3.816470864000000296e-02 2.199090582000000002e-02 -9.645131205999999541e-03 -1.602917136000000034e-02
-1.569400858520378428e+01 7.167565455999999613e-02 -1.558004238000000076e-02 -3.046904993999999950e-02 1.522075564999999815e-03 3.924873403999999677e-02 -1.766958317999999667e-02
-1.299641498520379024e+01 6.965407910000000202e-02 -1.496907717999999832e-02 -1.440194341999999871e-02 -2.471331335999999920e-02 3.040166030000000102e-02 7.302067454000001415e-03
-1.029399318520378870e+01 7.457196573999999578e-02 -1.135498505999999949e-02 -1.453128533999999963e-03 -1.912875175999999983e-02 6.737885962000001241e-03 4.545390366000000119e-03
-7.597761785203783980e+00 6.916558407999999492e-02 2.398472240000000359e-03 1.880988218000000101e-02 -5.271938886000000768e-02 6.779922620000000850e-03 -2.638541051999999595e-02
-4.906324385203793881e+00 6.988535771999999924e-02 2.674888114000000244e-03 2.868211977999999759e-02 -1.238051203999999961e-01 -5.653266770400000411e-03 -4.887729369999999768e-02
-2.203483985203791740e+00 7.556802966000000787e-02 -3.491490676000000206e-03 3.977860190000000185e-02 -4.732067744000000020e-02 -2.550923585999999993e-02 -1.680673448000000181e-02
4.833348147962112651e-01 7.905622796000000285e-02 -5.675674077999999165e-03 4.733270297999999515e-02 -4.948858949999999923e-02 -3.419116541999998871e-02 -5.085458527999999617e-02
3.194516214796209397e+00 6.888265421999999194e-02 4.504218465600000549e-04 5.839428090000000487e-02 -1.730764516000000280e-02 -6.023929045999999732e-02 -5.701714808000000329e-02
5.900416014796212139e+00 6.389734176000000376e-02 -3.641091414000000026e-03 5.573284201999999243e-02 -5.796930093999998895e-02 2.715248735999999802e-02 1.634078598000000132e-02
8.595947614796211056e+00 5.476486816000000063e-02 -2.563855303999999953e-03 6.263943337999999805e-02 -4.000854487999999654e-02 5.694194028000000574e-02 1.897556570000000220e-02
1.128640081479621315e+01 6.017103394000000716e-02 -5.668111727999999676e-04 6.034421053999999840e-02 -8.820185453999998537e-02 -1.662015051999999812e-02 -6.061272373999999734e-03
1.398676621479621041e+01 5.831035508000000089e-02 -1.486763814000000104e-03 6.083461258000000260e-02 -5.553741660000000024e-02 6.132110587999999030e-02 6.270265336000000085e-03
1.667529441479621255e+01 6.077085591999999842e-02 4.468790747999999875e-03 6.204443389999999420e-02 4.565661227999999461e-02 1.279410758000000016e-02 -3.841953975999999604e-02
1.937611621479621249e+01 6.343800312000000274e-02 -3.645465850000000150e-03 5.903812275999999887e-02 1.175969740000000095e-03 -4.405401187999999878e-03 -1.317528954000000106e-02
2.208174761479621040e+01 5.835378892000000345e-02 -3.718082275999999489e-03 5.825026309999999791e-02 3.139063389999999926e-02 -4.398176746000000137e-02 8.520522477999999816e-03
2.477508481479621238e+01 6.514288595999999376e-02 4.693482141999999122e-03 5.274166327999999654e-02 -6.925606662000001468e-02 2.526806742000000001e-03 -1.291530676000000009e-02
2.746826921479620864e+01 7.294005950000001515e-02 2.071098327999999940e-03 6.804374198000000262e-02 -8.246875701999998795e-03 3.716175241999999934e-02 3.200650948000000637e-04
3.017621001479620801e+01 6.666295933999999423e-02 -2.488304866000000219e-03 7.127884302000001004e-02 -2.255270172000000198e-02 -1.604998430000000031e-02 -2.668978739599999535e-03
3.286667561479620758e+01 6.312097131999999666e-02 8.971758284000000416e-03 6.630013017999999980e-02 -8.992701477999999471e-03 -2.141516432000000261e-02 1.933587692000000163e-02
3.556713181479620545e+01 5.883163266000000086e-02 2.110678639999999666e-04 6.498246677999999776e-02 -2.981009071999999802e-02 -2.880303625999999784e-02 4.101425993999999881e-02
3.826574741479621622e+01 5.371356148000000497e-02 1.254873437999999867e-03 7.057146127999999741e-02 -1.367687222000000223e-02 2.080865465999999844e-02 3.807476519999999920e-02
4.096623801479621818e+01 5.347179238000000778e-02 -3.697416258000000514e-03 5.849064353999999799e-02 -4.024206909999999970e-02 -6.926178378000000073e-03 -1.141433560000000048e-02
4.367092881479621269e+01 5.537842282000000893e-02 -9.600743241920001734e-04 6.403477019999999353e-02 -3.213149506000000100e-02 2.217553797999999993e-02 -2.109254360000000286e-02
4.635898521479620626e+01 5.539329280000000744e-02 -1.388352456000000216e-04 7.362837671999999944e-02 -1.999922725999999859e-02 1.785589487999999971e-03 -1.279451190600000045e-02
4.905945381479621403e+01 5.655570167999999370e-02 -2.738545063999999526e-03 7.128153150000000882e-02 -4.408434041999999276e-02 3.934326592000000206e-02 -1.564672818586000007e-03
5.176525381479621046e+01 5.231927337999999622e-02 -5.268978857999999724e-03 7.142788669999999840e-02 -1.173955358200000007e-02 4.260368622000000605e-02 1.547351257999999771e-02
5.445931621479621754e+01 6.000175535999999893e-02 -1.785921307999999846e-02 6.587479803999998773e-02 -2.324676090599999258e-04 5.040275866000000493e-02 2.137855427999999641e-02
5.716712241479621071e+01 6.643405426000000003e-02 -1.293541955999999958e-02 6.557171013999998910e-02 -4.572074917999999905e-02 2.758121793999999613e-02 3.885693771999999824e-02
5.986990981479620899e+01 6.025149400000000266e-02 -1.958631369999999997e-02 6.683609265999998494e-02 -4.005839433999999755e-02 1.993819892000000052e-02 1.066256550399999857e-02
6.257508801479620786e+01 6.253016068000000205e-02 -5.360139229999999824e-03 6.641326830000000847e-02 -6.095341301999999961e-02 5.520605114000000022e-03 2.332993711999999803e-02
6.526441921479620589e+01 6.168975878000000634e-02 -3.255201656000000082e-03 6.754174377999999646e-02 -5.435148965999999499e-02 1.343407875999999904e-02 6.727049890000000310e-02
6.797047861479620678e+01 6.565800058000000050e-02 7.001911109999999980e-03 6.656890847999999417e-02 -7.635385741999999032e-02 4.045249300800000253e-03 5.216898919999999468e-02
7.067837221479621235e+01 7.119187091999999717e-02 4.038045586000000783e-03 5.933947497999999404e-02 -4.543641346000000525e-02 3.296902574000000301e-03 -1.203429274399999901e-02
7.337959421479619948e+01 6.622189199999999054e-02 6.061853704000000516e-03 5.751022020000000345e-02 -1.569973102000000315e-02 -1.471055581200000038e-02 -4.812038224000000225e-02
7.608140661479619382e+01 7.651473248000000005e-02 4.515693274000000083e-03 4.863333332000000647e-02 -1.002983234000000001e-01 -6.526248257999999955e-03 -5.445628174000000099e-02
7.878897861479620701e+01 7.714015909999999421e-02 6.422972022000000229e-04 6.043584359999999711e-02 -4.778324865999999255e-02 -2.419900467999999694e-02 -7.098727549999998832e-02
8.148011941479622067e+01 6.970863966000000189e-02 -6.963437705999999186e-03 6.610354140000000711e-02 -8.185785541999998638e-02 3.569919130000000218e-02 -2.128284880000000032e-02
8.417664741479620716e+01 6.024041681999999648e-02 -6.346001782000000764e-03 6.824714264000000807e-02 -2.496180618000000406e-02 1.755731911600001227e-04 -2.920714070000000190e-02
8.687361001479619915e+01 5.994609858000000957e-02 -1.293097009999999956e-02 6.830658954000000394e-02 1.922987609999999778e-02 7.005817645999999274e-03 -5.998760184000000162e-02
8.957480041479621491e+01 6.287175811999999586e-02 -1.330954832199999962e-03 6.714428960000000390e-02 -2.335995789999999878e-02 9.790086967999999529e-03 -4.445887440000000079e-02
9.226475381479620808e+01 6.962458182000000328e-02 -1.080369548000000013e-02 6.573606926000000183e-02 -3.846622198000000659e-02 1.612787955400000073e-03 -2.005938605999999999e-02
9.497050041479621996e+01 7.557684113999998954e-02 -7.783835910000000066e-03 5.742102637999999676e-02 -3.519143113999999989e-02 2.961971489999999999e-02 3.514213019999999632e-02
9.766243821479619669e+01 6.389077878000000432e-02 -1.282097006000000074e-02 6.040844539999999652e-02 -1.355973571999999870e-02 2.578331147999999781e-02 5.894653513999999900e-02
1.003743944147962139e+02 6.509824867999999820e-02 -8.215365440000000491e-03 6.041343550000000118e-02 -4.222272304000000004e-02 3.080179912000000075e-02 7.279096224000000670e-02
1.030731162147962152e+02 6.436643352000000207e-02 -1.443217712000000041e-02 7.171854453999999823e-02 -4.071117863999999809e-02 3.003529573400000232e-03 6.829967237999999552e-02
1.057669038147962084e+02 6.172662335999999639e-02 -1.151682497999999971e-02 6.528385123999999595e-02 9.706621944000000043e-03 -1.688678490000000004e-02 3.351321378000000212e-02
1.084615912147962007e+02 6.563062199999999957e-02 -2.620108565999999806e-03 7.399597366000000565e-02 -1.611025099999999904e-02 -2.962364558000000342e-02 8.158891046000001090e-02
1.111679472147961860e+02 6.090589734000000088e-02 7.387975537999999336e-03 6.437629747999999708e-02 3.029135880000000114e-02 1.225906797999999978e-02 8.312085058000000248e-02
1.138753350147962209e+02 6.778877112000000760e-02 8.684388446000000303e-03 6.878384054000000192e-02 8.215196393999998556e-03 2.265522117999999724e-02 8.032796072000000787e-02
1.165758320147961911e+02 5.940390295999999765e-02 1.316713318000000202e-02 6.517268406000001346e-02 8.630674430000000522e-03 4.734367970000000203e-03 6.911304147999999814e-02
1.192756538147962146e+02 6.005843274000000065e-02 1.103428951999999887e-02 6.019752127999999924e-02 3.284262991999999798e-02 2.132511924000000253e-02 5.941906286000000342e-02
1.219686192147962203e+02 6.700286866000000618e-02 1.058133394000000151e-02 5.279284255999999731e-02 3.882976734000000152e-02 -4.003005777999999945e-03 7.965735170000000365e-02
