-1.312352740405014231e+02 6.401161714000000447e-02 -5.001329066000000274e-03 5.053744477999999596e-02 -3.625498409999999838e-02 1.366023120000000105e-02 1.394203634000000004e-02
-1.285407403931014301e+02 7.371557847999998803e-02 -2.463292520000000155e-04 4.952726928000000112e-02 -8.712054531999999935e-03 2.290227909999999895e-02 3.154200275999999997e-02
-1.258386933291014174e+02 7.796563594000001374e-02 -3.558590164599999576e-04 2.786671308000000097e-02 -4.092514101999999987e-02 3.483570059999999829e-02 4.565569363999999464e-02
-1.231513676431014375e+02 7.417399104000001187e-02 3.721718275999999492e-03 2.245954396000000158e-02 -3.444525936000000094e-02 1.807186657400000011e-03 5.743808405999999145e-02
-1.204552901711014385e+02 7.715602826000000913e-02 4.528806007999999772e-03 -4.628876838000000639e-03 -3.536946209999999868e-02 3.215974929999999843e-02 8.128021770000000423e-03
-1.177629510911014279e+02 7.738383769999998552e-02 -3.085131952000000170e-03 -2.277617877999999624e-02 -2.077144793999999989e-02 -3.651405892000000181e-02 -3.668077624000000425e-02
-1.150514392311014262e+02 7.790119444000000171e-02 -7.674685906000000384e-03 -3.601091399999999804e-02 -3.190673283999999332e-02 -3.565402947999999489e-02 -1.614736233380000083e-03
-1.123519611111014456e+02 6.772107802000000565e-02 -9.842705219999999325e-03 -5.412762742000000460e-02 -7.658827494000000624e-02 -2.217946988000000022e-02 -3.220813000000000148e-02
-1.096610704911014125e+02 5.617726664000000092e-02 -2.805730897999999651e-03 -5.946533159999999041e-02 -2.131538615999999803e-02 -4.614979437999999767e-02 -3.410934883999999778e-02
-1.069593923711014156e+02 4.736246415999999237e-02 -6.520417135999999163e-03 -6.415003462000000434e-02 -1.076119233999999966e-02 -2.358125101999999917e-02 6.062574197999999470e-03
-1.042616986311014244e+02 5.534196791999999865e-02 -1.894667896000000159e-03 -7.391568666000000731e-02 1.319911142600000212e-02 8.990889546000000593e-03 8.865957306000000343e-03
-1.015700526711014362e+02 6.527472370000000912e-02 -2.417629039999999972e-03 -7.114848759999999050e-02 -1.783809693999999918e-02 3.116959501999999604e-02 -1.080133693800000051e-02
-9.886841613110144067e+01 6.235085292000001195e-02 4.995188010000000192e-03 -6.556786457999999596e-02 3.232494038000000014e-02 3.816146995999999958e-02 -1.240766768199999840e-03
-9.616250673110144476e+01 5.155046053999999545e-02 8.659913054000000637e-03 -5.669943373999999231e-02 1.541821902000000202e-02 2.885714022000000073e-02 -8.386958013799998817e-04
-9.345563673110143554e+01 4.235242570000000845e-02 8.334266952000001297e-03 -5.992767927999999994e-02 4.186417341999999764e-02 3.465240375999999872e-02 -2.131772273999999953e-02
-9.074189423110144048e+01 5.247269857999999759e-02 1.071738412000000119e-02 -5.909512518000000630e-02 2.068005625999999944e-02 1.956788075999999973e-02 -2.805222499999999661e-02
-8.802637235110142910e+01 5.716905237999999473e-02 1.286725252000000055e-02 -6.494145004000000110e-02 4.942533627999999568e-02 -2.284821898000000129e-02 -7.360787770000000105e-03
-8.531358143110142578e+01 4.422648478000000549e-02 6.172860641999999669e-03 -6.525292377999999949e-02 -2.529514960000000048e-02 -3.224141570000000484e-02 7.878039510000000439e-03
-8.261952673110143053e+01 3.553676883999999647e-02 2.483583214000000157e-03 -7.520556098000000245e-02 1.332589695999999990e-02 -1.588097449999999883e-02 -4.142753550000000118e-02
-7.990609113110141948e+01 3.726748667999999626e-02 -2.839635812000000301e-03 -7.605278570000000016e-02 -2.987337914200000489e-03 1.009211342600000068e-02 -7.843603478000000032e-03
-7.720944517110143579e+01 2.707852919999999969e-02 -4.262250377999999770e-03 -7.853059397999999358e-02 5.345001938000000508e-02 -1.427376294000000032e-02 3.129946037999998859e-04
-7.449866859110143480e+01 3.189601077999999756e-02 -1.404845270000000187e-02 -7.413959839999999246e-02 -4.797264731999999546e-03 -3.020445512000000110e-02 2.676028639999999958e-02
-7.180224735110142831e+01 4.161781062000000087e-02 -9.821927243999998419e-03 -6.526585851999999743e-02 6.446496926000000460e-02 -4.514426220000000017e-02 3.556206373999999497e-03
-6.909545205110143229e+01 4.512248593999999835e-02 -1.513081722000000039e-02 -5.187242573999999162e-02 2.783547037999999779e-02 3.902139284000000381e-03 2.110392040000000011e-02
-6.638955111110142582e+01 5.736267450000000212e-02 -7.632990691999999924e-03 -5.552034746000000798e-02 2.822808293999999954e-02 1.754107474000000250e-02 -2.371112255999999890e-02
-6.367719081110142554e+01 5.907964912000000096e-02 -1.118787372000000155e-02 -5.420342442000000011e-02 1.959092793999999554e-02 3.042810437999999770e-02 -4.256908436000000212e-02
-6.098553643110142275e+01 6.857314808000000705e-02 -7.659314668000000333e-03 -4.862964630000000260e-02 -8.729950401999999471e-03 4.825970858400000126e-03 -3.088396108000000112e-02
-5.828552517110142617e+01 6.927972645999999624e-02 -6.549577964000000488e-03 -4.832513677999999979e-02 -3.219730774000000018e-02 3.319142726000000321e-02 2.847594820000000013e-02
-5.558571361110143982e+01 6.842559462000000203e-02 5.650483838000000536e-03 -4.995615316000000250e-02 -6.527990427999999165e-03 -7.220768378000000029e-03 3.449164685999999563e-02
-5.288223797110142499e+01 6.307653181999998970e-02 1.705036048200000249e-03 -5.400873868000000133e-02 -3.051458970000000062e-02 -4.154264013399999386e-03 1.383437593999999916e-02
-5.017335361110143310e+01 5.961254369999999941e-02 2.902194935999999597e-03 -5.226309256000000181e-02 2.227344590000000096e-02 4.081436932000000184e-02 -1.442374628000000006e-02
-4.747087081110142748e+01 5.619360229999999928e-02 7.212874158000000431e-03 -5.912157996000000360e-02 2.674237173000000058e-03 3.785992296000000035e-02 -2.225039259600000187e-03
-4.477851113110142478e+01 7.003820800000000457e-02 7.435911653999999031e-03 -4.805560542000000129e-02 -1.872714069999999870e-02 3.501460997999999991e-02 -1.044371325600000101e-02
-4.208292175110143774e+01 7.219450161999999005e-02 5.250034641999999814e-03 -4.277982360000000261e-02 1.035305555400000202e-02 -2.575468079999999535e-02 -4.732164459999999538e-03
-3.938356707110142452e+01 6.550510620000001005e-02 8.530118036000001319e-03 -4.292502756000000225e-02 -7.479664595999998937e-03 -3.423666835999999991e-02 -2.834231709999999668e-02
-3.669102987110143488e+01 6.955921712000000257e-02 6.073727816000000328e-03 -4.905638218000000356e-02 -5.353449530000000192e-03 -1.425531685199999885e-02 -3.566833126000000520e-02
-3.399649237110143218e+01 6.964311653999999407e-02 1.160471822000000083e-02 -5.023476965999999766e-02 4.581060103999999578e-02 -2.796202855999999765e-02 -2.820854729999999755e-02
-3.129122495110143021e+01 7.595911632000000580e-02 9.802738635999999270e-03 -4.937853109999999768e-02 9.223034026000000163e-02 -1.865916815999999964e-02 -5.854738147999999148e-04
-2.860154415110142878e+01 6.293141661999999970e-02 1.173732578599999703e-04 -4.841295252000000354e-02 2.312626033999999955e-02 3.903288148000000259e-03 -1.173988085999999945e-02
-2.590750655110143086e+01 5.539266211999999134e-02 7.140163070000000089e-04 -5.572482063999999180e-02 8.322407356000000728e-03 -1.776796325999999843e-02 -3.806575744000000039e-02
-2.321072195110142999e+01 4.766944501999999945e-02 4.084614682000000177e-03 -5.428978326000000187e-02 3.870220738000000604e-02 -2.429800324000000109e-02 -4.922492690000000726e-02
-2.050273135110143130e+01 4.975208723999999944e-02 6.496311196000000357e-03 -5.597543673999999525e-02 3.688427804000000282e-02 -4.007099083400000525e-03 -2.925592129999999777e-02
-1.780298755110143105e+01 4.498152360000000349e-02 7.221149569999999948e-03 -6.657787246000000658e-02 1.635767773999999980e-02 1.416726914039999601e-03 2.044656631999999807e-02
-1.510345315110143005e+01 4.089414209999999578e-02 2.081915717999999887e-03 -6.784490583999999713e-02 -1.610433019999999923e-02 -2.587915085199999927e-03 2.117215101999999835e-02
-1.240556575110142923e+01 4.716529790000000000e-02 5.784598408000000275e-03 -6.446594616000000944e-02 6.722850955999999482e-03 1.074939912000000101e-02 2.012309075999999669e-02
-9.693975151101426491e+00 5.469493915999999734e-02 1.457434783400000109e-03 -6.339881149999999910e-02 3.005943111999999709e-02 -1.549064551400000048e-03 4.184055800799999988e-03
-6.989662751101431759e+00 6.214625031999999882e-02 -9.197894725999999996e-04 -4.824846470000000720e-02 3.021657839999999928e-02 3.200683963999999271e-02 1.064410046200000085e-02
-4.288422151101428881e+00 6.517648130000000539e-02 2.200131267999999932e-03 -3.953845261999999749e-02 -2.233187059999999780e-02 -3.755120896000000569e-02 1.886860584000000021e-02
-1.587696951101423837e+00 7.279651966000000307e-02 1.088076020000000067e-02 -2.677391109999999880e-02 1.165881233999999968e-02 7.795182905999999308e-03 4.307095122000000054e-02
1.119637448898566756e+00 7.069046013999999434e-02 1.032072741200000011e-02 -4.841856815999999626e-03 -1.981949892000000116e-02 -3.068774905999999830e-02 1.615432278000000083e-02
3.815749848898570828e+00 6.764178579999999275e-02 1.169256848000000196e-02 1.298116474000000041e-02 -5.099979773999999653e-03 -4.173375315999999779e-02 -8.170728650000000370e-03
6.513302848898570474e+00 6.180133533999999929e-02 1.412587023999999948e-02 3.301296028000000327e-02 -5.846701501999999884e-02 -2.921736315999999903e-02 -3.837006681999999974e-02
9.209721648898568702e+00 5.243016668000000102e-02 7.073584752000000413e-03 4.681809372000000219e-02 -9.069743865999999044e-02 -4.949685176000000186e-02 -1.616869408000000050e-02
1.191336224889856865e+01 5.027200335999999770e-02 7.047864573999999480e-03 5.336480334000000270e-02 -1.627377285999999715e-02 3.122527742000000273e-02 3.293305083999999855e-02
1.460910604889857112e+01 5.961862552000000287e-02 8.484292933999999786e-03 6.273242178000000557e-02 -6.410076527999999940e-02 1.990116369999999843e-02 6.496831491999999209e-02
1.730370924889856354e+01 5.753464844000000245e-02 9.007093592000000107e-03 6.230786435999999956e-02 -4.066028013999999774e-02 2.386131883999999953e-02 8.659251198000000871e-02
2.000418404889857271e+01 6.454899372000000302e-02 4.392230865999999581e-03 5.093510869999999524e-02 -1.775488596000000113e-02 1.331865579200000073e-02 -9.130353180000000055e-04
2.270976544889856541e+01 6.922421806000000899e-02 2.994918102000000085e-03 5.001049929999999005e-02 -6.346263868000000426e-03 3.437635700000000322e-03 3.642581322000000565e-02
2.541111244889857090e+01 6.278531637999999748e-02 1.197104665999999991e-02 5.407974942000000340e-02 2.063894900000000018e-02 4.551887940000000701e-03 2.198013361999999818e-02
2.811184364889857790e+01 4.018659995999999957e-02 1.070283349999999988e-02 6.076644711999999726e-02 5.461680636000000935e-03 1.604928213999999922e-02 4.564759326000000089e-02
3.081662164889856470e+01 3.954740956000000335e-02 1.548856176000000182e-02 6.044328292000000769e-02 8.349869977999999776e-03 5.761352606000000147e-03 2.942064206799999745e-03
3.352516544889857641e+01 4.044278030000000163e-02 2.334916968000000283e-03 6.306205233999999382e-02 -4.824619191999999709e-03 6.471620170000000165e-03 -3.997511852000000532e-03
3.620807164889856722e+01 4.076769916000000382e-02 5.663768260000000276e-03 7.074800123999999690e-02 1.177797451200000064e-03 2.546339297999999918e-02 -2.145524021999999781e-02
3.890616564889857187e+01 4.369895040000000563e-02 1.479552229999999899e-02 7.700300561999999516e-02 7.221423956000000768e-03 6.702721584000000121e-02 1.632592849999999970e-02
4.161258724889857064e+01 4.241469756000000590e-02 1.335281030000000022e-02 7.789133889999999560e-02 1.831582064000000093e-02 2.175053246200000200e-03 3.761452805999999927e-02
4.432749684889856212e+01 4.444502608000000521e-02 9.472638230000000187e-03 7.935648757999999581e-02 1.332915158000000030e-02 -7.380746065999999397e-03 5.791971892000000871e-02
4.701734364889857432e+01 4.453668657999999836e-02 1.390047433999999985e-02 6.605951593999999372e-02 -3.915642998200000516e-03 -2.735311779999999998e-02 -7.392816509999999668e-03
4.972035604889856586e+01 3.611968100000000070e-02 4.753649543999999977e-03 7.250064010000001335e-02 -1.785700268000000104e-02 8.269114537999999737e-03 3.955589376000000212e-02
5.242250624889857136e+01 4.165584120000000168e-02 -1.839766386000000033e-03 6.927041666000000042e-02 1.600073525000000191e-02 -9.499650805999999489e-03 3.293458716000000064e-02
5.512156224889857015e+01 4.960398392000000406e-02 -3.496293849999999783e-03 6.249445608000000346e-02 2.667479415999999583e-03 -4.549724406000000415e-02 6.857130102000000282e-02
5.783398104889856484e+01 3.542631423999999946e-02 -5.812402837999999620e-03 6.277967528000001629e-02 -1.889635071999999985e-02 -3.089905811999999960e-02 4.370639800000000047e-02
6.053229984889857462e+01 1.990136489999999939e-02 -1.164959850000000033e-02 7.187062872000000990e-02 2.425737676599999844e-03 -4.746131554000000002e-02 -4.155941102000000609e-02
6.324950264889857010e+01 4.545412247999999419e-03 -1.434519409999999995e-02 6.977717367999999865e-02 -2.485572370000000211e-02 2.129200279999999765e-02 3.021110431999999776e-02
6.595196864889858546e+01 1.240009345999999908e-02 -1.382851459999999942e-02 6.696497117999999915e-02 -1.796975933999999872e-02 2.850672846000000364e-03 -1.406410230000000074e-02
6.865180944889857528e+01 1.806334747999999851e-02 -1.218810771999999897e-02 6.793632400000000626e-02 -1.077647141199999936e-02 1.958815918000000184e-02 2.535299244000000646e-02
7.134440624889857929e+01 3.255911663999999650e-02 -5.641677780000000676e-03 7.618125071999999609e-02 -3.841977422000000114e-02 -3.181472629999999857e-02 -4.663901575999999938e-02
7.404969964889856726e+01 3.715927723999999654e-02 -5.090531213999999714e-03 6.118721296000000087e-02 -8.959088064000000212e-03 -9.304252403999999088e-03 -1.638328064000000098e-02
7.674626844889857580e+01 4.592546631999999684e-02 -1.563946945999999949e-02 4.867686098000000017e-02 -9.795704046000001247e-03 -3.907093588200000363e-03 -3.154383555999999700e-02
7.945079984889856917e+01 4.749036688000000256e-02 -2.316617402000000284e-02 4.445194568000000040e-02 -9.745436847999998028e-03 2.777177766000000353e-02 -7.797751156000000579e-03
8.215035304889856604e+01 6.091493522000000077e-02 -2.392480572000000097e-02 4.735951068000000125e-02 -2.037509086000000025e-02 -7.890344128000001747e-03 -1.052441516600000071e-02
8.485299024889857833e+01 5.656456097999999766e-02 -2.627456694000000065e-02 4.092495957999999628e-02 -1.625999550799999945e-03 4.276134060000000292e-02 -3.316873737999999350e-02
8.757776244889858219e+01 4.631534818000000719e-02 -2.376761867999999805e-02 4.745284847999999694e-02 -1.681525605000000131e-02 -2.021983827999999581e-02 -2.158035433999999989e-02
9.027130304889858792e+01 4.623375516000000074e-02 -1.857766325999999843e-02 6.101687460000000673e-02 -2.451397210980000088e-03 -1.210399944199999980e-02 -6.894039374000000830e-02
9.297077164889856249e+01 5.142030779999999524e-02 -1.385158147999999978e-02 6.576158572000000146e-02 -1.637898787200000109e-02 -1.746950255999999910e-02 2.138690234200000487e-03
9.565852164889858500e+01 4.706073247999999903e-02 -5.952185771999999979e-03 6.846605541999999101e-02 -4.310622570000000389e-03 2.263894978000000058e-02 2.210471133999999949e-02
9.834989984889857340e+01 4.320462731999999417e-02 2.188546020000000335e-03 6.231073178000000323e-02 -1.699439825999999806e-02 1.857000210000000345e-02 2.432007895999999808e-02
1.010480968488985667e+02 4.970062632000000341e-02 1.360271472000000072e-02 6.981875394000000568e-02 -5.623211783999999824e-03 1.450865518600000237e-02 3.637695900000000038e-02
1.037478092488985766e+02 5.103645947999999738e-02 9.613590331999998656e-03 7.066249968000000437e-02 1.530684145999999801e-02 -2.424159482000000192e-03 3.064679038000000036e-02
1.064467652488985578e+02 4.886011959999999460e-02 2.500121648000000127e-03 6.777850539999999424e-02 3.277665461999999807e-02 2.117279674000000292e-02 7.990879317999999287e-02
1.091423498488985899e+02 5.010163923999999547e-02 -9.685363807999999158e-03 7.144039975999999514e-02 2.855235398000000036e-02 -1.303653372199999917e-02 7.479420766000000054e-03
1.118417496488985705e+02 4.917190274000000222e-02 -1.747201937999999857e-02 7.427970527999998296e-02 2.436957738000000012e-02 2.422424624000000040e-02 3.018475339999999660e-02
1.145445030488985623e+02 5.246423002000000224e-02 -2.682884041999999795e-03 6.390699498000000645e-02 2.366091823999999857e-02 1.792701327999999747e-02 4.975194634000000560e-03
1.172581590488985910e+02 6.278823924000001555e-02 -1.583407856400000178e-03 5.975834235999999411e-02 1.718100444000000143e-02 5.783391690000000418e-03 8.336092895999999697e-02
1.199614184488985700e+02 6.982992536000000305e-02 1.645690498000000179e-03 5.100240930000000950e-02 3.674615065999999736e-02 1.427508862000000101e-02 3.529125119999999838e-02
1.226648716488985826e+02 6.332719447999998752e-02 2.056714967999999887e-03 4.868150547999999800e-02 6.525917715999999744e-03 -4.444445845999999214e-03 7.731990558000000069e-02
1.253707154488985935e+02 6.409502660000000740e-02 2.889505719999999837e-03 5.425468179999999585e-02 1.333258072000000072e-02 -3.843352381999999567e-02 2.426100796000000073e-02
1.280743872488985744e+02 6.027041853999999532e-02 5.130570109999999656e-03 5.781030654000000185e-02 -1.476833301200000149e-02 -4.360149230000000264e-02 2.877589213999999854e-02
1.307773310488985885e+02 5.886261174000000096e-02 -8.709902301999999930e-03 6.084840341999999541e-02 -5.701155930000000038e-03 -2.510099274000000130e-02 2.171998076000000027e-02
1.334713310488985769e+02 6.319504688000000814e-02 -1.104533189400000014e-03 4.655221753999999601e-02 1.365843249400000049e-02 2.070273629999999990e-02 -2.645166251999999524e-02
1.361691738488985663e+02 6.124549874000000116e-02 -4.175082595999999452e-03 4.385898301999999888e-02 -1.464693648000000084e-02 -1.418435164000000047e-02 2.623528051000000201e-03
