-1.462066018474022826e+02 6.376896630000000732e-02 -9.242295957999999839e-03 4.678264798000000141e-02 -3.102354528600000019e-03 5.429645658000000277e-03 1.454440339999999929e-02
-1.435008482954022782e+02 7.196150131999998201e-02 -1.316597855999999955e-02 4.363841993999999225e-02 2.315117601999999719e-02 -2.174799975599999921e-03 1.052745689999999958e-03
-1.407959148254022921e+02 7.606296587999999970e-02 -1.161868199999999997e-02 2.001641582000000114e-02 -5.608214267999999184e-03 -1.737033364000000260e-02 -1.219293999000000198e-02
-1.380965451054022708e+02 8.600434541999998905e-02 -5.067405337999999169e-03 2.597794779999999977e-03 -1.043898530999999921e-02 -1.781043261999999683e-02 -3.857092184000000118e-02
-1.354015002494022895e+02 7.335863019999999679e-02 -6.232497988000000426e-03 -1.779558250000000050e-02 -1.120308044400000064e-02 5.236029240000000459e-03 -2.949614884000000339e-02
-1.326907705694022752e+02 6.668945119999999949e-02 -2.939536191999999638e-03 -3.550330465999999852e-02 6.462007298000000191e-03 -1.651797555999999847e-02 -5.152364778000000090e-02
-1.299951143094022541e+02 6.589013309999999790e-02 -1.451705842000000114e-02 -4.406590759999999551e-02 7.198637286000000510e-03 1.077387171999999969e-02 -2.051518058000000033e-02
-1.272880561894022975e+02 5.281534345999999713e-02 -1.535189737999999825e-02 -5.497307561999999898e-02 -8.851203016000000132e-03 3.951107835999999839e-03 -6.062471571999999975e-02
-1.245865971294022927e+02 5.379927662000000277e-02 -8.249714394000001033e-03 -6.154763763999999970e-02 -9.505597537999999763e-03 3.164890455999999543e-03 -4.027529126000000542e-02
-1.218907496494022809e+02 4.639858674000000432e-02 -1.951124373999999981e-02 -6.365043540000001054e-02 3.070617609999999956e-02 -9.160473013999999217e-04 -3.797339838000000217e-02
-1.191950965294022780e+02 4.146579373999999957e-02 -1.645787108000000207e-02 -6.246822031999998970e-02 -9.545420943999998603e-03 -1.550315948000000055e-02 1.565904028000000142e-02
-1.165029036694022864e+02 5.060003272000000024e-02 -7.977549937999999299e-03 -6.446264168000000183e-02 1.443007135999999947e-02 -1.649332784000000218e-02 -4.151176018000000273e-02
-1.138055174494023021e+02 5.468247024000000289e-02 -1.138204196000000036e-02 -7.047368256000000053e-02 1.092337154999999983e-02 6.387938085999999779e-03 6.918531211999998836e-04
-1.111003287094022909e+02 5.083193929999999666e-02 -1.814657456000000032e-03 -6.798120028000000092e-02 1.973806737199999654e-03 -1.037902829799999989e-02 1.133917584000000180e-02
-1.083997333894022859e+02 4.405478961999999971e-02 -3.921336746000000581e-03 -6.112537331999999546e-02 -2.701767465999999757e-02 -2.717398013999999806e-02 -1.794279123999999864e-02
-1.056930352494022856e+02 4.701904046000000142e-02 -1.452955707400000254e-03 -6.420801389999999942e-02 5.988974832000000352e-03 -2.504728563999999991e-02 -3.881646174000000227e-02
-1.029978587094022942e+02 5.691835958000000112e-02 -6.489873474000000877e-03 -6.709501653999999649e-02 -8.511936273999999233e-03 -5.797238713999999446e-03 -9.746712710000000890e-03
-1.002993355694022881e+02 5.945802188000000321e-02 -2.343264474000000125e-03 -6.044480542000000428e-02 2.470551681999999874e-02 -1.372638982000000049e-02 1.727401262999999840e-02
-9.759763400940229872e+01 5.253871736000000070e-02 -1.133666658000000160e-02 -6.579510212000000413e-02 3.216514131999999304e-02 4.593492047999999522e-02 -2.070599747999999837e-02
-9.488345652940228092e+01 5.312566461999999878e-02 -3.913103283999999973e-03 -6.708297520000000569e-02 3.009140458000000157e-02 1.102123853999999875e-02 -1.820596723999999902e-02
-9.219388620940229373e+01 5.138979159999999824e-02 -9.135844122000000983e-03 -6.125745423999999495e-02 1.192453366000000015e-02 -1.265610852600000062e-03 -7.363736530000000551e-03
-8.949111868940228476e+01 6.058093230000000107e-02 -6.119524704000000107e-03 -6.094204820000000133e-02 1.995192977999999881e-02 9.308062806000000008e-03 -1.738971258000000103e-02
-8.679012276940227366e+01 6.033402578000000155e-02 -8.208940333999999173e-03 -5.502620119999999948e-02 -4.780652430000000702e-03 3.571573496000000209e-02 1.145408444399999975e-02
-8.408402744940228501e+01 6.198132320000000750e-02 -1.539388421999999873e-03 -4.831695356000000052e-02 -5.014507936800000065e-03 2.457702552000000026e-02 -9.905999114000000813e-03
-8.137784590940228213e+01 7.352699549999999751e-02 2.701177358199999853e-04 -4.188659224000000625e-02 3.874413719999999887e-03 -1.000123164800000020e-02 -2.494335064000000046e-02
-7.867018680940228137e+01 7.958914058000000902e-02 2.804593398000000334e-03 -4.872149237999999494e-02 -2.276684221999999980e-02 2.166228846000000166e-02 5.990819473999999499e-03
-7.597015556940229430e+01 6.923020084000000574e-02 9.204735263999999997e-05 -5.928730204000000337e-02 2.192535812599999672e-03 -2.355279011200000182e-03 -2.112597291999999960e-02
-7.326319712940228612e+01 6.131622101999999186e-02 1.110211049999999984e-02 -6.842771736000000105e-02 -6.598469566000001243e-03 -1.901690638000000030e-02 -3.623985017600000157e-03
-7.056105306940227706e+01 5.566664115999999524e-02 1.075453553999999867e-02 -6.346168934000000206e-02 -3.215248009999999851e-02 -3.261439600000000383e-02 6.309340713399999752e-03
-6.786003058940228527e+01 5.646782161999999022e-02 -2.341430941999999953e-03 -6.294394565999998636e-02 -1.234327084800000002e-02 -2.965218070000000261e-02 -7.187999730400000285e-04
-6.515884618940228279e+01 5.454161174000000945e-02 -8.265428804000000268e-03 -5.209008960000000021e-02 -7.758881194000000550e-03 -1.402520379799999939e-02 -1.238173511999999740e-02
-6.246621714940228287e+01 6.162712247999999754e-02 -1.150326240000000035e-02 -6.666254324000001064e-02 -1.280885357999999793e-02 -3.224151404000000221e-02 -8.125801037999999185e-03
-5.977322180940227270e+01 4.937189043999999638e-02 1.898891520000000081e-03 -6.057001954000000576e-02 -2.608237512000000091e-02 -5.658018546000000148e-02 -1.872598527999999943e-02
-5.707813120940228657e+01 4.492135031999999750e-02 2.413889675999999693e-03 -6.795986337999999904e-02 -2.595128877999999806e-02 -6.051208126000000298e-02 -6.036644570000000709e-02
-5.437693902940228696e+01 5.763224714000000221e-02 -9.245016389999999307e-04 -6.221548695999999656e-02 -2.217728768000000114e-02 -3.520068146000000092e-02 -2.996993644000000082e-02
-5.167953776940228039e+01 4.916846035999999920e-02 -1.984649735999999883e-03 -6.524213105999999984e-02 -1.023424279399999873e-02 -2.621731876000000377e-02 -2.755716105999999471e-02
-4.897586214940228189e+01 4.792563187999999974e-02 4.856674055999999837e-03 -6.789714469999999502e-02 -8.032177220000001009e-04 4.141998702000000004e-02 6.630309361999999016e-04
-4.628055512940228766e+01 4.617554344000000116e-02 2.438407745999999696e-03 -6.873168539999999216e-02 -2.402749668000000310e-02 3.982535469999999795e-04 -3.019979589999999964e-02
-4.358042372940228404e+01 5.862766724000000040e-02 5.102390164000000262e-03 -6.618200677999999670e-02 -1.727884126000000034e-02 2.769341786000000319e-02 3.969755406000000271e-04
-4.087893312940228441e+01 5.870093529999999976e-02 -3.427103086799999942e-04 -5.889763992000000142e-02 1.147132887200000024e-03 4.804378755999999528e-02 -7.589010832000001039e-02
-3.816883632940228921e+01 6.848058250000001179e-02 8.526392484000000493e-03 -5.227571413999999861e-02 3.389055140399999978e-03 3.202752943999999380e-02 -6.702001403999999218e-02
-3.547436432940228457e+01 6.809097375999999258e-02 1.040964001199999947e-02 -4.375222420000000195e-02 -1.573080109999999698e-03 2.062849521999999755e-02 -1.980686293999999598e-02
-3.276287692940228879e+01 6.753855323999999327e-02 1.384406701999999975e-02 -4.335791636000000532e-02 -3.100640505999999880e-02 2.153879250000000078e-02 -2.516965914000000165e-02
-3.005458912940228444e+01 6.839477052000000890e-02 1.055795323999999744e-02 -4.475875446000000119e-02 -1.001982063999999964e-02 1.495023981999999904e-02 -3.421263048000000584e-02
-2.735917372940228987e+01 7.474980434000000340e-02 1.317383307999999906e-02 -4.375819108000000152e-02 -2.139377703999999908e-02 1.305317961799999996e-02 -2.122617507999999958e-02
-2.466329572940228587e+01 7.392677828000000784e-02 7.079178234000000139e-03 -4.480378974000000236e-02 -1.633414609999999864e-02 -7.429196058000001393e-03 -1.005823682599999921e-02
-2.195964572940228976e+01 7.354856880000000541e-02 7.111112941999999867e-03 -4.256060986000000101e-02 -9.514132112000001085e-03 -2.692971472000000449e-02 -3.048757812000000428e-02
-1.925192092940228861e+01 7.793865012000000814e-02 6.656247355999999997e-03 -3.944018690000000021e-02 -2.143143746000000099e-02 1.157726669999999992e-02 -5.015989224000000184e-03
-1.655974852940228814e+01 7.284392533999999031e-02 -7.938205357999999698e-03 -2.703145166000000058e-02 -1.346393502400000143e-02 8.589504261999999363e-03 -1.985945768000000125e-02
-1.385317052940228599e+01 7.189014656000000669e-02 3.630349825999999898e-03 -1.819337514000000239e-02 -1.439892494040000007e-03 -1.716109231999999804e-02 -5.283034642000000725e-02
-1.115014872940228585e+01 7.397166507999999863e-02 1.398270999800000237e-03 -2.064337784000000193e-03 -1.480786039800000009e-02 1.973991786000000095e-02 -3.222496226000000352e-02
-8.457192529402288272e+00 7.163862585999999921e-02 1.164481846599999936e-03 1.854513110000000076e-02 -1.474452231999999995e-02 2.158945329599999859e-03 2.170254100000000227e-02
-5.751273729402282875e+00 6.959346596000000329e-02 1.300963020000000039e-02 2.749074570000000287e-02 -1.209024839799999890e-02 -1.984694302000000049e-02 -7.061803935999999907e-03
-3.047495729402288411e+00 6.162513420000000075e-02 7.011206417999999926e-03 3.741161792000000097e-02 -1.732423124000000147e-02 3.504479272000000228e-03 3.130727472000000011e-02
-3.549705294022885704e-01 6.046836266000001070e-02 1.740438086000000231e-02 5.321098401999999755e-02 -1.732738577999999932e-02 -2.733033123999999842e-02 -1.283277411200000120e-02
2.342148270597715687e+00 5.664670932000000214e-02 1.032593128199999974e-02 5.321601917999999737e-02 -2.247756451999999988e-02 1.689714301999999807e-02 -2.836719639999999917e-02
5.041482670597718929e+00 5.473617847999999453e-02 1.551812924000000107e-02 5.831906300000000432e-02 1.146007155999999912e-03 -3.095844352000000008e-02 -4.317763324000000076e-03
7.737335470597708209e+00 5.475532737999999622e-02 6.020767734000000322e-03 5.097937408000000753e-02 1.908458296000000234e-02 6.722208147999999758e-03 4.979182678200000899e-03
1.044304507059771403e+01 5.731203943999999689e-02 -1.950120303999998281e-05 5.573298411999999535e-02 -9.183069926000000938e-03 2.666873126000000177e-02 -1.613601743200000120e-03
1.314156067059771615e+01 6.247961911999999618e-02 3.373985494199999852e-04 5.188137156000000028e-02 -9.782627252000001064e-03 -6.097328841999999187e-03 -2.401462130000000042e-02
1.584109207059771585e+01 5.318511984000000303e-02 7.273709947999999412e-03 5.894345882000000258e-02 -3.619230881999999788e-02 5.734638752000000006e-02 2.779109771400001261e-04
1.854143867059771722e+01 5.363065922000000152e-02 1.395789849999999957e-02 5.668297561999999928e-02 -3.531726970000000076e-02 2.276391071999999891e-02 -8.755161636000000080e-03
2.124322307059771830e+01 6.148650395999999407e-02 1.007166083199999979e-02 6.765204358000001528e-02 -4.572082993999999900e-02 5.976778048000000107e-03 -1.585138583999999920e-02
2.395378567059771768e+01 6.219947777999999816e-02 6.235686298000001244e-03 6.670796792000001363e-02 -4.647665548000000368e-02 4.469582496000000515e-02 -2.265797252000000331e-02
2.664418587059771681e+01 5.621665730000000721e-02 1.224311969999999873e-03 6.702281031999998695e-02 -3.262062925999999891e-02 -7.966299447199998857e-03 8.198990316000000222e-03
2.934996687059771858e+01 4.815751315999999838e-02 1.908059319199999909e-04 6.542432248000000505e-02 -2.292286512000000012e-02 2.795619123999999386e-02 2.793080131599999863e-03
3.203901687059771319e+01 3.905505478000000086e-02 1.170443635600000300e-04 6.298654075999998714e-02 3.330094914000000100e-02 1.884469034000000112e-02 -4.414622156000000408e-02
3.474949807059770990e+01 4.409086420000000311e-02 -9.766894199999997714e-05 6.777322782000000378e-02 -4.972536232000000084e-02 -2.565450334000000249e-02 -5.099768567999999475e-02
3.743671387059771405e+01 5.446892305999999351e-02 -2.943355671200000023e-04 7.306151841999999896e-02 -4.700219905999999254e-02 -8.693574063999998797e-03 -3.386712005999999858e-02
4.013350447059772108e+01 3.994129640000000647e-02 -3.930654016000000375e-03 7.530410674000000137e-02 -7.484429787999999362e-03 3.871637070000000236e-02 -1.116146021599999892e-02
4.283216387059771790e+01 3.480381190000000208e-02 5.424491507999999523e-04 6.855379168000000356e-02 7.253384435999998998e-03 1.635391787199999905e-02 -1.848565326000000189e-02
4.553447927059771416e+01 3.991226720000000394e-02 -3.420706388000000105e-03 6.281479449999999298e-02 1.917513950000000050e-02 -3.721427819999999220e-02 4.096145780000000347e-02
4.824774207059771669e+01 4.591393947999999892e-02 -1.726266484000000840e-04 6.006569123999999649e-02 1.253044721999999923e-02 -3.323499612000000575e-02 1.941787706000000155e-02
5.094032627059770846e+01 5.674855042000000183e-02 6.424614418000000431e-03 6.655380220000001179e-02 2.383634907999999941e-02 -4.733669304599999765e-04 -1.627947378000000125e-02
5.364955467059771621e+01 4.343772334000000485e-02 -5.629948016999999352e-04 6.871879680000000934e-02 7.378500330000001273e-02 1.179928485200000023e-02 4.340960150400000224e-03
5.634698887059771266e+01 4.702773191999999602e-02 -8.279210894000001153e-04 6.208250633999999601e-02 1.404349001999999867e-02 -4.766622816000000082e-03 4.903134703999998886e-03
5.905015727059772246e+01 5.351175124000000227e-02 -4.970603254000000373e-03 5.794514701999999712e-02 6.503698959999999751e-02 -6.291436813999999600e-02 3.729521236000001017e-02
6.175354207059771028e+01 5.908571258000000492e-02 2.824262179999999841e-03 6.068492008000000298e-02 1.878029676000000231e-02 -4.419092033999999329e-03 2.164014264000000201e-02
6.444686987059772321e+01 5.605839068000000036e-02 -5.042481617999999832e-03 5.897295989999999655e-02 1.242493562599999990e-02 9.159618031999999452e-03 5.404039688000000091e-03
6.714820447059771880e+01 5.700347402000000008e-02 3.672998265999999172e-03 5.711607736000000324e-02 -3.928369855999999660e-02 2.203574414000000065e-02 -3.602901927999996876e-04
6.985333247059770656e+01 5.458612790000000325e-02 2.085788486000000105e-03 5.537831790000000837e-02 -8.824565347999999620e-04 1.062496782200000010e-02 1.401084518600000106e-02
7.255375747059771641e+01 5.199248582000000340e-02 4.334382125999999835e-03 5.817466681999999834e-02 2.304307152000000317e-02 1.019981584599999802e-03 -1.133710375999999985e-02
7.526405427059771114e+01 4.323701866000000116e-02 1.540897820000000033e-03 6.052166043999999967e-02 6.126377625999999965e-02 -3.250564407999999988e-02 8.432036011999998609e-03
7.796049807059770842e+01 5.335971936000000193e-02 -7.929400556000000891e-03 5.580715456000000241e-02 -2.253938753999999711e-02 8.645668064000000411e-04 1.148142913799999817e-02
8.065581067059773090e+01 5.737591368000000136e-02 -7.588758140000000443e-03 5.773890616000000586e-02 -1.471814565600000103e-02 -1.665495200000000064e-02 5.547280973999999497e-03
8.335800127059772535e+01 6.179918356000000529e-02 -4.614237216000000204e-03 6.172346017999998796e-02 -3.614784535999999993e-02 2.977963177999999947e-02 -1.591139638000000148e-02
8.604969507059772127e+01 5.910585851999999862e-02 6.043173032000000514e-03 5.526431290000000107e-02 5.795847513999999485e-03 -1.515236998000000015e-02 1.831033745999999934e-02
8.875731687059771957e+01 6.200655159999999416e-02 6.806426012000003052e-06 5.320294017999999125e-02 -1.863169958000000098e-02 2.345825174000000166e-02 4.203349942000000200e-02
9.144899187059770895e+01 5.407505513999999458e-02 -9.598700349999999409e-03 4.919158719999999763e-02 1.956204617999999715e-02 -3.342063811800000204e-03 3.424408258000000149e-02
9.416013527059770638e+01 5.366902063999999528e-02 -1.357728152000000146e-02 5.467402804000000283e-02 7.654018678199999912e-03 3.219212886000000218e-02 5.527042037999999741e-02
9.686154187059773335e+01 6.010468087999999709e-02 -5.645183605999999979e-03 5.742557029999999230e-02 7.635293603999999783e-03 4.187181847999999970e-03 1.061630298000000062e-02
9.957583867059771876e+01 4.868641274000000407e-02 -4.637916309999999369e-03 6.103808403999999577e-02 1.901508428000000042e-02 -3.139432795999999581e-03 -8.748049069999999650e-03
1.022856856705977293e+02 5.329815025999999623e-02 -7.238078319999998941e-03 6.382119170000000175e-02 2.795469239999999814e-02 -3.755903646000000040e-02 -5.651665055999999937e-03
1.049715950705977150e+02 5.336433019999999722e-02 -4.895437800000000152e-03 6.321495794000001056e-02 9.548991006000000573e-03 4.276564599200000441e-03 1.035147227400000022e-02
1.076767262705977117e+02 5.574751573999999626e-02 -1.149110913799999923e-03 6.150446486000001045e-02 1.920816388000000027e-02 -2.616524232000000394e-02 -3.957924233999999750e-03
1.103683106705977082e+02 5.221717124000000571e-02 -3.421539825199999721e-04 5.878535806000000086e-02 3.152207210000000648e-02 -2.414907234000000097e-02 9.296788881999999352e-03
1.130788764705977201e+02 5.494183083999999717e-02 -8.155266056000001068e-03 5.928451009999999993e-02 1.354840125399999970e-02 -3.090677450000000118e-02 3.682946267999999412e-02
1.157778044705977152e+02 6.725875287999999452e-02 5.926836024000000334e-03 5.544618392000000284e-02 9.775333508000000338e-03 -1.345491497999999966e-02 5.413323256000000111e-02
1.184919046705977053e+02 6.336281122000000932e-02 1.366487771999999948e-03 5.511841067999999344e-02 4.145927740600000369e-03 -8.046097720000000911e-03 2.372366265999999863e-02
1.211925284705977219e+02 6.213631107999999237e-02 -3.309010784000000153e-03 5.503423276000000280e-02 1.075311019600000070e-02 3.081923244000000020e-02 2.215537876000000031e-02
