-1.535081417316222314e+02 7.562063210000000146e-02 -2.938372677999999752e-02 -4.515766759999999963e-02 4.268443394000000224e-02 -3.371953636000000337e-02 4.384602823999999774e-03
-1.508029649336222064e+02 5.931568434000000778e-02 -2.543448743999999692e-02 -5.077729721999999640e-02 4.551121309999999615e-02 1.065677323799999951e-02 1.294077787999999875e-02
-1.481049603396222096e+02 5.567091366000000846e-02 -2.566907455999999782e-02 -6.137711608000000207e-02 1.115966161799999967e-02 3.880113003999999949e-02 1.498613103999999960e-02
-1.454009325256222382e+02 6.263251175999999532e-02 -1.783619451999999758e-02 -6.983308155999999600e-02 -2.380827685999999804e-02 -4.423978748000000072e-02 -4.141005271999999987e-02
-1.427011613576222260e+02 6.276412808000000898e-02 -1.423886415999999974e-02 -6.360942223999999090e-02 6.699888639999999895e-02 -4.960640746000000156e-03 -4.818715661999999761e-02
-1.399978741176222172e+02 5.326636614000000020e-02 -1.055066907799999919e-02 -4.910157499999999453e-02 6.666740729999999504e-02 -1.288955381599999825e-02 7.433176951999999338e-03
-1.372980038376222467e+02 5.697923291999999751e-02 -3.604892250000000468e-03 -4.695504928000000106e-02 3.319390154000000093e-02 2.776883291999999656e-02 9.748818937999999962e-03
-1.346109725976222364e+02 6.254586868000000521e-02 6.194972717999999712e-03 -4.546220008000000090e-02 3.814772941999999833e-02 4.112983750000000216e-02 -2.966251744000000107e-03
-1.319071988576222338e+02 6.672648405999999366e-02 9.530358608000000231e-03 -3.926613089999999445e-02 2.445493420000000376e-02 5.834407381999999476e-02 -8.803266760000002947e-04
-1.292074135176222285e+02 6.233351593999999357e-02 1.391630533999999898e-02 -5.022013170000000359e-02 -1.184988079400000130e-02 3.299852234000000273e-02 -1.373113788599999996e-03
-1.264948975976222272e+02 6.075880336000000215e-02 9.292906691999999053e-03 -6.092209703999999781e-02 7.168397203200000192e-03 1.941047301999999919e-02 3.417730893999999797e-02
-1.237909610176222230e+02 5.718703236000000079e-02 1.009365451399999933e-02 -6.573632256000000451e-02 3.414815625999999271e-02 -1.284174405999999845e-02 -1.376229075999999864e-02
-1.211005522776222278e+02 6.073703962000000234e-02 8.693265081999999172e-03 -5.846104910000000932e-02 2.860422630000000049e-02 7.288975399999999541e-04 2.498786948000000091e-02
-1.183945553976222271e+02 7.052971765999999088e-02 1.038158552000000012e-02 -6.116783094000000087e-02 1.163120552000000002e-02 -1.847951571999999903e-02 -2.136779979999999662e-02
-1.156998632176222088e+02 6.029278077999999930e-02 3.934280091999999701e-03 -5.438519179999999620e-02 4.760663484000000195e-02 -3.230462354000000064e-02 -1.800428637999999804e-02
-1.129906085376222364e+02 5.804198743999999799e-02 1.378934783999999879e-02 -5.720180053999999320e-02 1.938322233999999894e-02 1.274753614799999969e-02 -4.228823176000000295e-02
-1.102782750976222417e+02 6.420846354000001033e-02 8.149675345999999806e-03 -5.253110535999999664e-02 2.239263032000000236e-02 8.124685966000000023e-03 5.172462660000000031e-03
-1.075929591376222305e+02 6.773362877999999920e-02 9.428558356000000390e-03 -6.200782449999999585e-02 5.654391587999999663e-02 -5.607544548000000309e-03 2.188262858000000061e-02
-1.048873782176222420e+02 5.968314292000000826e-02 7.078188508000000587e-03 -6.051403260000000339e-02 6.651531469999999446e-02 2.835984300000000263e-02 1.412135810000000012e-02
-1.021903238176222430e+02 6.647349389999999969e-02 9.511127223999998534e-03 -5.738120958000000188e-02 7.934275254000000555e-02 -1.578029617999999676e-02 -2.145354647999999850e-02
-9.948827635762224020e+01 6.078375824000000621e-02 1.112482818000000082e-02 -4.745408490000000562e-02 4.278703738000000367e-02 1.632338036000000048e-02 -2.324846659999999995e-02
-9.679147819762222582e+01 6.883852109999999414e-02 1.560032129999999739e-02 -4.434456382000000196e-02 3.338387928000000060e-02 -2.103119958200000330e-03 -6.570429602000001090e-02
-9.408252509762222360e+01 6.577570155999998280e-02 8.568187979999999232e-03 -4.675169645999999873e-02 2.007481017999999950e-02 -1.136157422000000014e-02 -5.359916155999999710e-02
-9.138849821762224224e+01 6.194797406000000090e-02 4.098772897999999540e-03 -4.921277215999999427e-02 -2.236593966000000044e-02 -2.939428967999999781e-02 -3.006964516000000184e-02
-8.868856479762223444e+01 5.703626123999999686e-02 3.252374922000000369e-03 -5.401069459999999905e-02 -3.530209314000000431e-02 -1.086860735999999918e-02 -4.450177282000000040e-02
-8.600018291762222589e+01 6.404503489999999188e-02 9.295886608000000773e-03 -5.535418958000000444e-02 -5.647028944000000161e-02 -1.528004947999999849e-02 -2.116657272000000561e-02
-8.330481759762223248e+01 5.989224180000000258e-02 5.999347111999999912e-03 -6.470287167999999589e-02 -3.354422021999999698e-02 -2.520724236000000326e-02 -1.580882800000000046e-02
-8.061402821762222004e+01 5.088393643999999938e-02 1.105439701999999871e-02 -6.572195547999999665e-02 2.477846036000000418e-02 1.104432304200000069e-02 -4.203931277900000048e-03
-7.790844977762222356e+01 4.193759256000000046e-02 1.686479166000000307e-02 -6.427483359999999757e-02 2.934914236000000370e-02 6.009863201999999897e-03 -3.485296873999999684e-03
-7.520524759762221834e+01 4.669035595999999899e-02 8.300568304000001743e-03 -5.984334395999999640e-02 2.126959859999999827e-02 1.277978297600000125e-02 -7.844268681999999604e-03
-7.250307383762223878e+01 5.000630603999998980e-02 7.647603067999999941e-03 -5.128505366000000315e-02 6.405576909999999465e-03 2.830337383999999984e-02 -2.588519691999999900e-02
-6.980545789762223308e+01 5.152986612000000355e-02 -3.016875522000000108e-03 -5.733287914000000096e-02 -3.669212586000000081e-02 2.974879918000000040e-02 -4.639442669999998756e-03
-6.711218447762223605e+01 4.920272282000000275e-02 9.206442454000001233e-03 -6.055753829999999116e-02 -1.746694686799999882e-02 -5.821143128000000333e-03 -1.635785042000000022e-02
-6.441473511762222870e+01 6.088087673999999921e-02 7.762019258000000914e-03 -6.182746825999999724e-02 -3.073088909999999695e-03 -2.916281642000000465e-02 3.819232590000000427e-02
-6.171002383762222365e+01 6.765426154000001024e-02 9.009888897999999632e-03 -5.661511925999999917e-02 2.055053064000000179e-02 -4.989244909999999977e-02 4.292667341999999164e-02
-5.900040601762223247e+01 6.018659746000000477e-02 -1.682109813999999775e-03 -5.536740214000000077e-02 -3.098043755999999992e-03 -1.296276328000000103e-02 8.202267481999999874e-03
-5.628358883762223286e+01 5.531157304000000607e-02 7.550075995999999331e-03 -6.289086871999999273e-02 -6.291089893999998739e-02 -1.122676105999999806e-02 -1.492268521999999889e-02
-5.358645623762223664e+01 3.961434773999999992e-02 2.655993445999999675e-03 -6.789132284000000406e-02 3.610671616000000334e-02 -4.460711668000000296e-02 -2.253917911999999898e-02
-5.087285323762223754e+01 3.654743228000000010e-02 -5.866829758000000061e-03 -7.813171731999998815e-02 3.202751376000000094e-02 -4.333313840000000555e-02 -3.377557741999999419e-02
-4.816612203762223032e+01 4.258175792000000459e-02 -8.816894048000000275e-03 -7.199829627999999870e-02 -2.168913911999997834e-04 -4.639959474000000111e-02 -1.188732956000000153e-02
-4.546389063762222804e+01 4.934834136000000593e-02 -8.859977169999999971e-03 -6.007305274000000056e-02 -1.396967680000000059e-02 -2.257033745999999924e-02 4.527774863999999184e-03
-4.275656263762223119e+01 5.165910597999999465e-02 -1.705751383999999909e-03 -6.773066694000000332e-02 -3.722142357999999596e-02 8.625835586000000360e-03 -1.768268188000000213e-02
-4.006647183762223818e+01 6.122475664000000262e-02 -1.394825778599999939e-03 -6.897091236000001124e-02 1.669347015800000042e-03 2.291285204000000422e-02 4.366636583999999183e-02
-3.736084103762222952e+01 6.098898509999998996e-02 2.282717160000000307e-03 -7.359466393999999911e-02 4.352857022000000686e-02 -6.557924859999999731e-03 -1.985593869999999900e-02
-3.468134103762223219e+01 6.751031590000000637e-02 8.546798412000001371e-03 -6.154078483999999433e-02 5.926420836000000081e-02 -1.335340398000000109e-02 -3.852577926000000375e-02
-3.197738443762223071e+01 6.849274681999999170e-02 9.959239174000000111e-03 -5.496438693999999847e-02 3.164565601999999589e-02 3.748592128199999905e-03 2.354337849999999822e-03
-2.927583783762223035e+01 6.142246032000000383e-02 6.272691924000000155e-03 -5.233780910000000730e-02 5.713158190000000580e-02 3.875928419999999375e-02 -4.378655738000000047e-03
-2.656535003762222757e+01 7.103336103999999263e-02 5.930744166000000150e-03 -3.988337142000000085e-02 -1.664368441999999892e-02 -2.143400174200000077e-03 1.300386861000000019e-02
-2.386177823762222872e+01 6.706392809999998927e-02 4.925893472000000481e-03 -3.258504909999999921e-02 2.393255021999999774e-02 2.430377841999999816e-02 -4.828847280000000443e-03
-2.117056583762223454e+01 7.207365740000000465e-02 -2.205886201999999845e-03 -1.606678705999999707e-02 -3.854293289999999176e-05 3.633280349999999659e-02 -2.315656405999999903e-02
-1.847128443762223782e+01 8.152016178000001667e-02 -2.732869648000000196e-03 1.473354563999999985e-03 1.624169519999999964e-02 2.665077051999999863e-02 2.146452184000000214e-03
-1.577174383762222831e+01 7.399476352000000645e-02 -5.391285891999999906e-03 1.327201314000000035e-02 7.531725325999999096e-03 -4.119264780000000264e-02 4.574939200000000157e-03
-1.307759063762223306e+01 7.785369548000001250e-02 -2.385033691999999782e-03 3.879983633999999765e-02 1.285243659999999941e-02 -2.554501381999999682e-02 6.518084941999999216e-02
-1.038890023762223258e+01 7.241015963999999916e-02 -7.638830413999998445e-03 3.778058013999999881e-02 -8.128565199999999991e-03 -5.976066246000000248e-03 6.618430758000000240e-03
-7.700393837622232063e+00 5.525379494000000336e-02 -9.055223233999999330e-03 5.267062503999999507e-02 8.539954419999992350e-05 4.371028589999999964e-02 5.458931966000000330e-02
-5.005256237622228710e+00 5.793614484000000203e-02 -8.728637210000000923e-03 5.246583604000000511e-02 -1.407329799999999971e-03 1.137838149999999791e-02 4.191310762000000079e-02
-2.297728437622231557e+00 6.665259069999998620e-02 -6.033297447999999910e-04 6.193389895999999728e-02 -9.831859564000001300e-03 1.892995467999999959e-02 7.324150663999999533e-02
4.073781623777676941e-01 7.393422298000000559e-02 -6.442356250000000513e-03 5.965241068000000368e-02 1.270564236000000166e-02 7.323882560000000022e-04 3.802764824000000321e-02
3.117962362377767249e+00 6.970150685999999818e-02 -1.369971403800000157e-03 5.931277682000000301e-02 -1.108549278000000096e-02 3.880690316000000480e-03 3.942873768000000612e-02
5.816171762377774890e+00 5.853675931999999943e-02 6.811778175999999400e-03 6.037747291999999433e-02 8.295465171999999443e-03 -2.899100612000000271e-02 5.233597478000000247e-02
8.517415562377772531e+00 7.028464755999999647e-02 4.856331873999999299e-03 5.959788363999999478e-02 -2.776252695999999881e-02 -4.248147057999999976e-02 1.901529210000000095e-02
1.121607456237777001e+01 7.249097399999999969e-02 1.283486073200000013e-03 5.350404951999999936e-02 -2.261208215999999799e-02 -1.873774069999999820e-02 1.321295824200000024e-02
1.391460616237777081e+01 6.492936852000001646e-02 -3.279165363999999964e-03 5.877109830000000479e-02 3.577863998000000486e-03 -6.873529112000000170e-03 3.384918884000000239e-02
1.660049356237776053e+01 5.967743563999999834e-02 7.007982670000000198e-03 6.158671710000000049e-02 -2.867731523000000178e-03 -2.120233537999999945e-02 4.365506082000000093e-02
1.929514996237777069e+01 5.200400227999999597e-02 -1.350433280000000024e-03 6.100212324000000436e-02 1.268901057599999826e-02 -4.141085433999999732e-02 -3.340989315399999350e-04
2.200533736237776949e+01 4.597887043999999979e-02 3.096324311999999745e-03 6.111636705999999586e-02 4.188014682000000197e-03 1.169018172000000147e-02 5.809996685999999771e-02
2.470884056237776960e+01 5.094284468000000177e-02 7.040815980000001036e-03 6.171622655999999679e-02 1.596696880399999961e-03 -3.376237146000000272e-02 8.856007441999999910e-03
2.741112196237776999e+01 6.207851737999999647e-02 -2.192589310000000059e-03 5.922629449999999851e-02 -9.351312575999999946e-03 -9.742349391999999275e-03 7.049766941999999204e-02
3.010681536237776612e+01 6.610182427999999888e-02 7.528700555999999662e-03 5.870271155999999546e-02 -2.705307080800000157e-04 -4.006594270000000263e-02 4.053639671999999944e-02
3.281504076237776246e+01 7.140720438000000558e-02 3.184407302000000304e-03 5.103502401999999993e-02 -1.038875489999999992e-02 -8.663365522000001512e-03 7.806125901999999561e-02
3.550726556237777487e+01 7.336307831999998308e-02 -2.483170139999999696e-03 4.219951610000000075e-02 -1.637940959399999952e-02 1.763246232000000371e-02 2.508184881999999533e-02
3.822494696237777134e+01 6.811069395999999609e-02 2.857857650000000110e-03 4.879145919999999803e-02 -1.459463899999999779e-02 6.094408050000000611e-03 3.022074988000000156e-02
4.092328756237776588e+01 7.197186444000000516e-02 7.372329476000000215e-03 4.659666167999999831e-02 -2.417383169999999873e-02 2.319731088000000219e-02 8.791834705999999888e-03
4.363458736237777202e+01 7.524479642000000967e-02 3.233705963999999964e-03 5.102799259999999532e-02 -7.411209454000000987e-03 8.240597136000000003e-03 5.110448670000000693e-02
4.633516216237777030e+01 6.953982240000000647e-02 -2.169981320000000102e-03 5.818704754000000173e-02 -2.345714685999999993e-02 -1.829711740000000003e-02 1.751378749999999915e-02
4.903485296237776936e+01 6.464087000000000305e-02 -1.842469944999999918e-03 5.794626266000000442e-02 -1.137460912399999857e-02 1.780216805999999818e-02 5.263189408000000513e-02
5.173914036237776770e+01 6.578952875999999339e-02 4.014118344000000040e-03 5.865467209999999237e-02 -3.118191179999999993e-02 5.924701108000000535e-03 5.065078905999999964e-02
5.443644036237776618e+01 6.724823453999999312e-02 -6.698963171999999799e-03 5.498089764000000518e-02 -2.209085769400000263e-03 8.355083089999999768e-02 4.807383544000000397e-02
5.713465616237776601e+01 6.448528719999999104e-02 -9.084477924000000301e-03 6.458904753999999970e-02 -9.631859372000001543e-03 3.735735207999999613e-02 5.939259263999999844e-02
5.983585616237776605e+01 5.596728709999999885e-02 -3.676915993999999716e-03 6.666230855999999427e-02 -8.486208223999999398e-03 1.485581001999999873e-02 5.048882033999999713e-02
6.253093756237776546e+01 5.059235196000000379e-02 6.328968157999999289e-03 6.324708756000001209e-02 -2.017222274000000232e-02 4.490516627999999177e-03 -3.726936638000000190e-03
6.524213416237776642e+01 4.482382774000000236e-02 3.416207497999999843e-03 6.003924536000000700e-02 -1.330706811999999781e-02 -7.010531310000000897e-03 2.285406636000000130e-02
6.793980596237777547e+01 4.793299345999999655e-02 3.523399906000000692e-03 5.823288783999999024e-02 -1.645489131999999799e-02 1.151145063799999908e-03 -2.414498211400000101e-03
7.063665616237776135e+01 5.798248663999999719e-02 -1.532109530800000122e-03 5.622036181999999493e-02 -8.309617132000001252e-03 -1.797325886000000154e-03 1.532357187999999759e-02
7.334129976237777271e+01 6.541586534000000397e-02 -2.970937454000000238e-03 5.290201753999999174e-02 8.957930783999999702e-03 -1.107980132799999892e-02 -1.778084488000000046e-02
7.604050616237778115e+01 7.604674159999999516e-02 -5.270611587999999084e-03 5.316735504000000972e-02 -1.826740408000000065e-02 2.327796772000000070e-02 4.473376028600000234e-03
7.873798136237776646e+01 6.436206833999999488e-02 4.870999599999999326e-03 6.714749043999999889e-02 2.099832754000000024e-02 2.309325762000000171e-02 1.962605869999999725e-02
8.144246536237776013e+01 5.460087985999999283e-02 4.646757280000000240e-03 7.035871886000000242e-02 -6.182936392000000156e-03 -1.918299786000000201e-02 4.385923081999999751e-02
8.413811256237775638e+01 5.368842449999999822e-02 6.633803280000000364e-03 7.042207479999999797e-02 2.931902314000000079e-02 -1.226977850000000002e-02 1.482410428000000002e-02
8.682523116237777572e+01 5.600121397999999889e-02 -4.009982559999999974e-03 7.014050192000001460e-02 3.175007380000000046e-02 -1.890942189999999731e-02 4.497888358000000364e-02
8.951915616237776874e+01 6.800657018000000331e-02 -3.999141651999999457e-03 6.236949766000000894e-02 -2.446749892000000398e-02 2.224343486000000120e-02 1.951558357999999896e-02
9.221007796237776688e+01 6.921635785999999402e-02 2.389267963999999658e-04 5.216632854000000791e-02 2.821948264000000497e-02 -1.120832701600000050e-02 4.863028226000000453e-02
9.490690296237775669e+01 6.379470676000000007e-02 -7.491517240000000397e-03 4.466033527999999780e-02 6.921698786000000936e-02 4.390249088000000230e-03 3.874811948400000601e-03
9.761198116237777356e+01 7.203163908000000115e-02 -6.293433302000000715e-03 3.343364635999999945e-02 2.333718675999999978e-02 9.095400226000001712e-03 2.347582924000000265e-02
1.003057749623777681e+02 7.530983248000000518e-02 -1.667097070000000264e-02 2.411878801999999683e-02 5.551056514000000247e-02 2.003204494000000030e-02 -1.549756008000000018e-02
1.030199935623777918e+02 7.890319597999999324e-02 -1.055011050200000203e-02 7.734369595999999840e-03 1.870117839999999726e-02 2.018340539999999989e-02 -5.106874340000000512e-02
1.057181811623777747e+02 7.666139187999999882e-02 -1.575657729999999784e-02 -9.439662163999999051e-03 8.412434845999999106e-03 2.055152092000000000e-02 -8.418024578000000979e-02
1.084195687623777786e+02 7.054617288000000763e-02 -1.295508658000000049e-02 -1.864973699999999956e-02 -9.307519162000000429e-03 -4.007408910000000331e-04 -5.433341710000000324e-02
1.111119873623777465e+02 7.096973170000001052e-02 -1.891693284000000100e-02 -2.351523189999999916e-02 -1.974758968000000017e-02 -3.063178343999999748e-02 -2.810349674000000089e-02
1.138139833623777548e+02 7.552455197999999315e-02 -2.267394745999999975e-02 -3.379733087999999691e-02 -1.989099432000000084e-02 -2.097940117999999923e-02 -4.313581074000000237e-02
