-1.391678850234674201e+02 7.164934959999999520e-02 -1.632559031999999966e-02 5.283203659999999996e-02 -2.814476999999999604e-02 -1.794262490000000237e-02 8.161344031999999415e-02
-1.364679548608674224e+02 8.059234987999999711e-02 -1.781446876000000040e-02 4.196156001999999663e-02 -3.189210404000000082e-02 -7.379964378000000366e-03 7.665072775999999533e-02
-1.337644980468674305e+02 8.373723312000000418e-02 -1.775104388000000102e-02 3.539455839999999798e-02 -4.372426501999999993e-02 -3.891372885199999299e-02 6.334688668000000578e-02
-1.310844801388674057e+02 8.390109945999998931e-02 -1.759060359999999740e-02 1.909082284000000046e-02 -4.032485049999999516e-02 -6.059406565999999467e-02 1.657594167399999846e-02
-1.283749198428674276e+02 8.313220022000000764e-02 -1.321809602000000028e-02 -5.762137479999999458e-03 -2.334135712000000307e-02 -3.802387053999998871e-03 -4.167849834779999846e-02
-1.256834851428674256e+02 7.783052176000000710e-02 -1.503118244000000228e-02 -2.376523209999999858e-02 2.870179210000000161e-02 4.338537942000000522e-03 -2.244156247999999979e-02
-1.229767136028674201e+02 7.076893767999999085e-02 -1.153822319999999943e-02 -4.156792361999999547e-02 2.367435253999999878e-02 6.635067885999999630e-03 1.640187701599999867e-02
-1.202762876628674178e+02 6.355030314000000013e-02 -1.218807199999999945e-02 -5.342018454000000555e-02 -1.678546752000000322e-02 2.549336307399999862e-02 3.386976802000000314e-02
-1.175644170228674312e+02 6.216129967999999006e-02 -1.785584611999999766e-02 -5.422419200000000439e-02 -3.974137762000000407e-02 2.187260840000000012e-02 3.923703777999999753e-02
-1.148546373628674218e+02 5.206542688000000141e-02 -1.509073044000000009e-02 -5.748832629999998944e-02 2.318493286000000014e-02 -1.009910404000000095e-02 1.102854395360000107e-02
-1.121596886028674334e+02 4.531655865999999894e-02 -1.134161808000000091e-02 -6.224116469999999707e-02 6.490599344000000381e-02 -4.298402787999999752e-02 8.361811266000000048e-03
-1.094670386028674329e+02 4.192196396000000269e-02 -1.283939029999999967e-02 -7.234945913999998868e-02 5.290250836000000290e-02 -4.400892736000000527e-02 7.292928060000002316e-04
-1.067618280028674178e+02 4.090792525999999846e-02 -8.519408049999999816e-03 -7.948637601999999913e-02 2.978474794000000175e-02 -2.680577079999999987e-02 -2.925092096800000104e-03
-1.040622129828674076e+02 4.244121280000000274e-02 -8.598663798000000594e-03 -7.756077688000000137e-02 4.492667399999999978e-02 -1.721040811999999948e-02 1.087823055600000040e-02
-1.013632342228674190e+02 5.462284386000000602e-02 -4.536716234000000465e-03 -6.487451048000000831e-02 6.532525425999999302e-02 -5.182035200000000008e-02 1.842066721200000257e-02
-9.866603110286742151e+01 5.758464463999999478e-02 -1.171042610199999993e-02 -6.424163108000000011e-02 1.813480977599999863e-02 -2.003301163200000082e-02 -7.779606980000000963e-03
-9.597256704286743911e+01 5.746858229999999429e-02 -8.959318210000000865e-03 -6.277275533999999990e-02 5.203527422800000718e-02 6.603047999999972495e-05 3.097270942000000197e-03
-9.326395360286741720e+01 5.785585944000000425e-02 -8.071513509999999475e-03 -6.094671873999999573e-02 7.733080773999997937e-02 5.365877146000000084e-03 1.580009913199999921e-02
-9.056470800286741962e+01 6.350639728000000150e-02 -5.298043371999999925e-03 -6.180741325999999924e-02 2.911023788000000057e-02 -2.456328917999999958e-02 -4.965473511999999451e-03
-8.786992328286741838e+01 6.671903923999999986e-02 -4.469760165999999910e-03 -6.433504851999999330e-02 4.786615966399999922e-02 -7.046786814000000412e-03 -1.259689377999999825e-02
-8.516841924286742938e+01 5.762122092000000750e-02 4.283394282000000004e-03 -6.210125468000000926e-02 4.228147313999999768e-02 2.424216532600000085e-02 -3.186110556400000102e-03
-8.247325078286742439e+01 4.901776378000000101e-02 5.469120628000000151e-03 -6.455472275999998844e-02 6.771123017999999827e-02 3.207225134000000338e-02 -9.018255282000002104e-04
-7.976990984286742048e+01 4.930014054000000229e-02 1.257366466599999996e-02 -6.941264045999999410e-02 3.938277503999999818e-02 2.716724621999999645e-02 2.400780688800000298e-02
-7.706536018286740841e+01 5.571052463999999482e-02 9.080535851999999020e-03 -6.343428665999999161e-02 6.524459611999999797e-02 -5.000593300000008134e-04 2.184414236000000245e-02
-7.436715548286741750e+01 5.995357773999999973e-02 3.862283436000000202e-03 -7.021249257999999382e-02 1.436484013200000145e-02 3.407869849399999818e-02 1.266594217600000051e-02
-7.166306142286741476e+01 6.461794183999999830e-02 2.971915973999999898e-03 -6.385322969999999987e-02 4.367672505460000465e-02 5.799375150000000111e-03 -1.321186615999999855e-02
-6.896623484286740791e+01 5.769895628000000498e-02 -5.304207539999989459e-05 -5.676588747999999907e-02 4.541306981999999708e-03 -1.992818701999999817e-02 -1.470877059999999882e-02
-6.626485768286742939e+01 5.208094608000000264e-02 -7.581412891999999301e-04 -5.625153898000000152e-02 5.547621335500000500e-02 1.805412140000000124e-02 -1.559445399400000154e-02
-6.356573704286741844e+01 4.493762082000000296e-02 -1.189392103200000248e-03 -5.765065392000000288e-02 1.933236194000000074e-02 2.057067010000000057e-02 -3.062399984599999993e-03
-6.086504890286742153e+01 4.297349297999999984e-02 -4.148092103600000032e-03 -6.218179522000000237e-02 5.108011959599999263e-03 -7.524617620000001797e-03 -1.048588465599999998e-02
-5.815765986286741906e+01 4.672027373999999844e-02 -5.711490334000000890e-03 -6.704501592000000620e-02 -5.955611021999999456e-03 -9.695026723999999527e-03 -3.185131898000000128e-02
-5.545184426286741797e+01 5.485122985999999617e-02 -4.029378509999999823e-03 -6.317622747999999955e-02 1.252336767920000059e-02 -3.536646585800000582e-03 -2.540438851999999789e-02
-5.274476890286742048e+01 5.414379502000001010e-02 2.818184771999999571e-03 -6.233461941999999395e-02 -1.515715266000000096e-02 -1.154520018600000038e-02 2.645448563399999294e-03
-5.005368234286741824e+01 5.376154794000000126e-02 1.109299801000000057e-03 -6.673336103999999436e-02 4.012278180000000000e-02 -3.782117918000000439e-02 1.313163310000000153e-02
-4.734647172286742034e+01 5.794092473999999660e-02 -9.605121411999999973e-04 -6.637025509999999739e-02 3.440138335999999575e-02 -3.430013954199999382e-03 2.065345760000000114e-02
-4.465884828286741737e+01 6.328961531999999224e-02 -1.472032748200000074e-03 -6.841265016000000476e-02 4.231125423999999857e-02 -1.211674085999999914e-02 2.397927891999999603e-02
-4.196009704286742448e+01 5.942466375999999606e-02 -4.309924415400000555e-03 -6.456167745999999430e-02 3.904466399999999976e-02 -8.816605013999999005e-03 1.468676699999999988e-02
-3.926605384286741440e+01 6.174098970000000547e-02 1.181903416000000063e-03 -6.967514575999998738e-02 -7.092175559999998671e-03 -1.521409948000000158e-02 -1.431573857999999741e-02
-3.656722284286741598e+01 6.450186713999998822e-02 4.301125979999999814e-03 -6.810722509999998786e-02 -5.715417592900000343e-03 5.525546620000000228e-03 -2.832590235999999859e-02
-3.386272584286741960e+01 6.348698043999999319e-02 2.853945959999999726e-03 -6.653246415999999885e-02 -1.623255189600000120e-02 -3.174280349999999279e-03 -1.349642792799999810e-02
-3.116867244286742178e+01 6.701020491999999662e-02 3.964981266000000039e-03 -6.281029373999999499e-02 1.256898307999999506e-02 -4.045430051999999825e-03 -1.928013564000000124e-02
-2.847353804286741408e+01 6.770156435999999389e-02 2.311271993999999656e-03 -5.308211766000000414e-02 5.905905988000000051e-02 -2.218702930199999840e-02 -2.890342161999999784e-02
-2.578744464286742044e+01 6.380701553999999776e-02 8.662519324000000909e-03 -4.175759327999999104e-02 4.156501640000000164e-02 -1.972428170000000217e-02 -3.011175338000000173e-02
-2.309186644286742052e+01 6.723597647999998705e-02 1.019608187400000004e-02 -3.551918196000000000e-02 2.521256128000000027e-02 1.199057997999999903e-02 -2.771762326000000096e-02
-2.037936644286741839e+01 7.085212405999999352e-02 1.219341643799999944e-02 -4.080871674000000060e-02 -9.258809280000000405e-03 -1.801336539999999833e-02 -3.614132221999999395e-02
-1.767670404286742070e+01 6.979212189999998983e-02 1.001857228999999960e-02 -4.380362672000000235e-02 -2.250150754000000003e-02 2.963820633999999458e-03 -1.045847423760000103e-02
-1.497061624286741832e+01 7.247163055999999992e-02 1.095144724999999944e-02 -4.000299346000000394e-02 -1.807490694000000314e-02 7.077690065999999933e-03 -2.727483087999999986e-02
-1.227366644286741959e+01 7.618491013999999228e-02 4.470132465999999798e-03 -3.934283176000000215e-02 -8.741906026000001223e-04 9.645160213999999857e-03 -2.327937929999999989e-02
-9.572350642867416326e+00 7.325819104000000359e-02 3.255297145999999620e-04 -3.089653900000000064e-02 3.495564601599999988e-02 1.059029043199999961e-03 -1.317219040000000042e-02
-6.860316242867417813e+00 6.898103846000000483e-02 -2.542421920199999970e-03 -1.988867723999999601e-02 -4.561510100000001726e-03 -2.604551385800000368e-02 -3.798645135999999950e-02
-4.165703842867424456e+00 6.777949308000000284e-02 -7.331035090000000143e-03 1.177021182000000023e-03 7.735470579999998916e-03 -3.929045033999999798e-02 -8.081973614459999483e-03
-1.453447842867422013e+00 6.926095091999999454e-02 -1.189424884799999971e-02 2.248772179600000073e-02 -7.733348485999999578e-02 -7.810219529000001111e-03 -1.253259236199999981e-02
1.245158557132583610e+00 7.728822336000000515e-02 -1.167950096000000028e-02 4.290403801999999323e-02 -3.199847039999999948e-02 1.224777219199999975e-02 1.099261230000000197e-03
3.946052357132578070e+00 7.527288438000000192e-02 -1.285931836000000009e-02 5.195577608000000180e-02 2.919852331999999665e-03 4.968712200000002799e-05 2.868544215399999528e-02
6.642161557132584271e+00 7.570603833999998977e-02 -5.239930278000000038e-03 5.371174532000000390e-02 -7.270400883999998849e-03 -2.871205150000000206e-02 5.261913304000000180e-02
9.335639757132582872e+00 7.396585803999999875e-02 -3.054122058000000028e-03 5.424529714000000252e-02 2.924894918000000166e-03 -1.393058090800000128e-02 3.975774757999998854e-02
1.202171795713258007e+01 6.878352313999999690e-02 -1.226695632799999942e-02 5.469299950000000576e-02 -1.074805274000000064e-03 -8.424730277999999822e-03 5.323250974799999258e-03
1.472888655713257933e+01 6.930489700000000419e-02 -1.349444392000000159e-02 5.031129591999999873e-02 8.571712663000000815e-03 -3.145130980000000742e-03 -7.809611881999999235e-03
1.741983015713257643e+01 6.324884057999999309e-02 -1.201947087999999907e-02 5.840000152000000139e-02 1.212576448000000050e-02 -1.514420928000000111e-02 -2.027031437999999783e-02
2.012163695713258704e+01 6.252626110000000792e-02 -3.820859374000000475e-03 6.279178471999999345e-02 4.050574276599999690e-02 2.687841005999999644e-02 8.196518699999998797e-03
2.281997115713258495e+01 6.002756480000000228e-02 4.812226594000000406e-03 6.597960903999999793e-02 -8.924820100000001311e-03 1.500063322799999842e-02 3.093245545999999749e-02
2.551992435713258445e+01 5.306904655999999942e-02 7.559855794000000170e-03 6.974760793999999764e-02 1.792224136000000051e-02 -1.610527159200000197e-02 -4.426332280000000669e-04
2.821721175713257779e+01 5.532160047999999664e-02 8.027849018000000891e-03 6.790281919999999194e-02 3.300569718000000326e-03 4.789998329999999721e-02 3.091679729000000251e-02
3.092245855713257541e+01 5.680866576000000168e-02 6.828728370000000311e-03 6.705853421999999342e-02 4.811255161999998878e-03 3.179352966000000003e-02 2.818309855999999794e-02
3.362598055713257850e+01 5.062300220000000295e-02 7.932250451999999993e-03 7.413653348000000254e-02 1.062865559320000028e-02 -2.912908483999999444e-03 1.337133994799999913e-02
3.632711775713258362e+01 4.445963426000000551e-02 8.303860967999999315e-03 7.834400580000000502e-02 1.694179095599999962e-02 1.763862492400000009e-02 4.204074442000001188e-02
3.901698355713258337e+01 4.554013483999998918e-02 2.999583302000000205e-03 7.361821664000001153e-02 8.924683774000000472e-03 -1.027463600000000019e-02 5.156888441999999545e-02
4.171978655713257922e+01 5.265522272000000559e-02 1.902343589999999944e-03 6.803722551999999424e-02 -9.206788697799998811e-03 1.201542583999999983e-02 6.262025435999998835e-02
4.441869315713258004e+01 5.960613216000000547e-02 5.569912500000000384e-04 6.943253897999999980e-02 -3.184196921000000038e-03 -2.071382175999999728e-02 3.089524180000000064e-02
4.711904295713257795e+01 5.793144244000000137e-02 -2.589671385999999962e-04 6.649653971999999746e-02 -6.086052289999999707e-04 1.163494385999999832e-02 5.107530096000000019e-02
4.981341475713257694e+01 5.948966815999999491e-02 7.706534635800001316e-03 6.643317444000000627e-02 -1.118059849199999839e-03 -1.238135595999999804e-02 3.379686117999999850e-02
5.251435255713257533e+01 6.612645563999999809e-02 1.667678212799999712e-02 6.575235139999999201e-02 -3.759626219999999408e-03 -3.869303481999999961e-02 1.548987347999999931e-02
5.522360875713258110e+01 6.570249712000000852e-02 8.570349107999999244e-03 6.305219605999999588e-02 -5.371594480000000185e-03 -4.133990020000000154e-02 3.075702332000000011e-02
5.792251795713258389e+01 6.326927606000000426e-02 1.421587308400000006e-02 6.119625126000000082e-02 1.204344539600000000e-02 -8.705052913799998793e-03 4.053489737999999704e-02
6.061669295713259231e+01 6.168900730000000110e-02 1.285532743999999970e-02 6.674657471999999314e-02 5.212014560000002373e-04 -2.609533472999999576e-02 7.015650998000000360e-02
6.331718675713258193e+01 6.044913589999999226e-02 9.520266746000000807e-03 7.263588330000000926e-02 1.451409332200000180e-02 -3.870943457999999424e-03 4.724702987999999937e-02
6.601236475713258756e+01 6.217230129999999633e-02 3.398444570000000355e-03 6.062193247999999451e-02 8.298777444000000197e-03 -2.412577145999999714e-02 3.445937100000000253e-02
6.872430255713258873e+01 6.612585665999999585e-02 8.162344506000000777e-03 6.107724046000000129e-02 -1.038973714400000204e-03 -2.350800932000000204e-02 3.728913561999999682e-02
7.142729615713258795e+01 5.913177541999999759e-02 5.707415969999999998e-03 5.972944033999999514e-02 6.960609248000000290e-03 -2.317870653999999989e-02 -2.002428441999999989e-02
7.412685255713257959e+01 5.861922508000000365e-02 4.879345168000000406e-03 5.696494878000000345e-02 4.225249394000000526e-03 6.058626160000001211e-03 -1.535408492400000026e-02
7.683035555713259157e+01 5.986167636000000458e-02 -3.460044034000000525e-03 5.136968680000000148e-02 1.023368400999999893e-02 3.410199199999998159e-04 -5.263792330000000019e-02
7.953257115713259395e+01 5.593272780000000527e-02 -5.801847137999999182e-03 5.805662143999999747e-02 3.975841506000000504e-03 -8.084215401999999759e-03 2.602194300000000484e-03
8.224658355713259539e+01 4.918725785999999989e-02 -7.083009272000000134e-03 6.550382431999998700e-02 -1.227868473399999945e-02 -2.749951744000000281e-02 1.925457802000000301e-02
8.494619615713256167e+01 4.393963149999999956e-02 -1.304224965999999965e-02 6.223034498000000470e-02 -2.084166232800000341e-03 -1.802032274000000059e-02 1.001249737999999933e-03
8.763362395713258479e+01 4.356610636000000231e-02 -9.823095457999999475e-03 6.411808727999999957e-02 4.379608271999999893e-03 -6.123744666000000350e-03 -3.024112441400000212e-02
9.034774595713257384e+01 4.453870971999999984e-02 -6.764303790000000469e-03 7.571628059999999105e-02 -8.771960897999999101e-04 7.609441855399999739e-03 -1.257755877000000036e-02
9.305114915713258483e+01 4.416420878000000549e-02 -1.265578830600000079e-02 7.024393226000000268e-02 -1.851555913000000123e-02 1.934194390199999933e-02 1.522046345600000170e-02
9.574911175713258160e+01 4.721972044000000146e-02 -1.078833380399999917e-02 6.440077894000000025e-02 -9.331702968000000348e-03 2.061483680000000124e-02 2.703312961399999791e-03
9.844203355713257508e+01 5.554561880000000867e-02 -4.871206282000000061e-03 6.342406318000000376e-02 -1.968371403800000044e-02 1.403270383399999807e-02 2.731086027999999818e-02
1.011468209571325758e+02 5.811936350000000001e-02 -6.489837227999998692e-04 6.773184022000000581e-02 -1.417734162000000055e-02 -2.765456407999999922e-02 5.584827443999999808e-02
1.038385523571325848e+02 5.844550114000000157e-02 6.064374077600000190e-03 6.542906832000000561e-02 -4.979664103999999550e-03 9.987011180000001515e-03 -7.655102960000001802e-03
1.065352963571325802e+02 5.841238345999999471e-02 1.472750465160000029e-03 6.767235664000000039e-02 -7.421855094000000264e-03 8.766717360000000556e-03 1.284717836000000279e-02
1.092343617571325893e+02 6.092279521999999226e-02 -1.791380189199999712e-04 6.515493421999998813e-02 6.274074010000000971e-03 2.398344823000000351e-03 -1.513654161999999914e-02
1.119292521571325807e+02 6.274188506000000221e-02 -5.749736988200000211e-03 5.594645823999999656e-02 4.870896671999999476e-03 2.482483084599999834e-02 1.447677158000000228e-02
1.146217273571325705e+02 6.938568145999998715e-02 -2.470022249999999971e-03 5.217417683999999584e-02 1.889786302199999903e-03 -8.173603560000001003e-03 6.770250474000000240e-02
1.173272087571325812e+02 7.302142967999999956e-02 -1.613042089999999719e-03 5.173124952000000137e-02 3.974434487799998958e-03 -2.347453447999999637e-02 5.062021054000000186e-02
1.200159677571325858e+02 7.374510303999999572e-02 -1.967835920000000037e-03 5.431828845999999572e-02 8.080370184799998134e-02 -2.850025220000000289e-02 4.379039489999999452e-02
1.227235677571325851e+02 7.159409699999999543e-02 -1.304200545999999921e-03 5.463126445999999525e-02 4.461289318000000170e-02 -3.942053797999999637e-02 6.756437433999999687e-03
1.254137239571325608e+02 6.027960987999999437e-02 -1.745209159999999964e-03 5.544854266000000254e-02 3.711138524000000272e-02 -3.022591792000000124e-02 2.220078362300000052e-02
1.281336101571325798e+02 6.923296833999999234e-02 -8.923361737999999099e-03 5.455789574000000780e-02 -1.004022398000000045e-02 -2.123393582000000085e-02 2.996224311999999904e-02
