-1.452754621045883425e+02 6.159507602307691398e-02 -7.209554408846153943e-03 5.555802434230769360e-02 2.763774559999999936e-02 1.789756228461538562e-02 1.426404708461538433e-02
-1.425793215696268419e+02 6.694601425000000494e-02 -5.170260706153847509e-03 5.562587355000001010e-02 4.421656228992308126e-03 1.307669389538461575e-02 1.277648630000000063e-02
-1.398728650150114561e+02 6.181819196153845453e-02 -4.642131569230769153e-03 6.330930024230768671e-02 1.693901940999999883e-02 -7.285469041153846102e-03 2.426898330769230658e-02
-1.371754294250114299e+02 6.409934139230769046e-02 -4.310344958076922292e-03 5.704267099999999618e-02 6.599173896846152743e-03 6.790362978461538662e-03 3.361868553076922950e-02
-1.344728799792422080e+02 7.162667538461538197e-02 -1.983579759692307831e-03 4.940429560769231399e-02 8.374490446153844830e-03 1.313533845076923258e-02 4.217661471153846819e-02
-1.317693711446268026e+02 7.913189039230769661e-02 -5.253406486923076907e-03 4.748463401538461498e-02 -2.605110456023076396e-03 -1.020812589807693852e-03 4.900645661153846949e-02
-1.290642541946268125e+02 7.615171860769232026e-02 -1.314609474230769154e-02 3.535170110384616010e-02 1.461338986701922991e-02 1.711548875838461714e-02 5.865854176538461140e-02
-1.263646896484729751e+02 8.002886328076921907e-02 -1.290848338076923049e-02 1.708216784230769808e-02 -2.312104221807692248e-02 1.264297636426922784e-02 3.114530136538461863e-02
-1.236552797984729608e+02 8.114479432692307814e-02 -1.579874482307692604e-02 -4.474315553076924946e-03 -3.038811304615383901e-02 -7.914732292192307520e-03 3.206796596538462329e-02
-1.209629571984729921e+02 7.213842507307691165e-02 -1.789955638846153774e-02 -1.755249341538461794e-02 -4.275624760000000524e-02 -1.480025773730767871e-03 2.419947348307692134e-02
-1.182536310061652927e+02 7.933876185000000858e-02 -2.039110298461538698e-02 -2.355967551923077510e-02 -3.048943575384615440e-02 2.401990238846154720e-04 -2.786815283461537441e-03
-1.155566412100114206e+02 8.136016463461538673e-02 -1.057133295769230492e-02 -3.256003363461539013e-02 -2.455826624500000166e-02 3.236326651538461163e-02 -1.251570970449999987e-02
-1.128660467446268143e+02 7.151210280384615037e-02 -1.076385294423077080e-02 -4.963525199615383132e-02 -3.665869653846154375e-02 3.558314087423077726e-02 -5.325412266538460948e-02
-1.101797903753960668e+02 6.280267048461539436e-02 -5.528491933461539797e-03 -6.327781511538460579e-02 -1.009682091038461779e-02 -6.714826729999999813e-03 -1.034567893230769059e-01
-1.074805806446268264e+02 6.263498169615386302e-02 -6.704740201538462833e-03 -6.180774202692308067e-02 1.143565048353846307e-02 -2.092042189807692687e-02 -1.209821700384615221e-02
-1.047872544446268250e+02 5.843095527692306751e-02 -1.716584188384614931e-03 -6.133360370000002365e-02 -1.080435117846153918e-02 1.652122414423077071e-02 -2.045952074615384544e-02
-1.020933993869345215e+02 5.325172688076922067e-02 1.272723002307691968e-02 -5.499639419230770154e-02 -1.380122762538460663e-03 -2.366676276365383899e-02 -2.276263584615384819e-02
-9.939472252154988041e+01 5.526013679615385255e-02 8.584957342692307522e-03 -6.134333883076922844e-02 -1.918254959615384517e-02 -6.898813579692308212e-03 -9.163276826923078336e-03
-9.670062084078065823e+01 5.846634171538461072e-02 5.445813889615384699e-03 -5.215529758846153274e-02 -4.309915149538462442e-03 -8.459059240692309509e-03 -2.908029357692308234e-02
-9.400663953308836085e+01 5.746164083846154458e-02 -2.017136531438461482e-03 -5.724705960769232299e-02 -1.276667401499999820e-02 -2.691568114346153812e-02 -4.326825419461537842e-03
-9.130111873308834447e+01 5.142485514615384445e-02 -3.378774345188461769e-03 -6.540009925000001001e-02 -1.851294049153845997e-03 -1.505484322334615585e-02 -2.376861089861538601e-02
-8.860808064462682410e+01 5.354347448076923754e-02 -2.041919459230769410e-03 -6.289967127307692640e-02 -6.522251194961537976e-03 -1.497291365307691852e-03 9.429610496153846902e-03
-8.590644644847296263e+01 5.445317342307693514e-02 -7.838978159999997544e-03 -6.357606061153846244e-02 2.169474214615385154e-03 2.761440739615385852e-03 -1.779029119615385332e-02
-8.320753310231910405e+01 5.716980098846153463e-02 -3.946944163644615844e-04 -6.687595387692307769e-02 5.273155693551537238e-03 4.196516969615383952e-02 -1.994663060769230611e-02
-8.050266339462680776e+01 6.502052263846153091e-02 2.905706379553846773e-03 -6.022888711153847469e-02 -1.552143397153845500e-02 -1.596662608318461657e-02 -2.168887941923076934e-02
-7.779909132924218795e+01 5.834861525000001325e-02 4.541507472807694437e-04 -6.566425836153846896e-02 -1.257401325573076836e-02 -2.193845385846153462e-02 -6.287381610457692949e-03
-7.509147991385758303e+01 5.737269458846154524e-02 -6.828829514230768880e-03 -6.507220570000002424e-02 -3.636240194153845563e-03 -4.445158019999999321e-02 -3.633088107307692188e-02
-7.237796140231913000e+01 6.610819383461537246e-02 -1.384966260076923514e-02 -6.591894057692307407e-02 -9.258164388846154211e-03 -3.239625310000000119e-02 -4.276644160384615589e-02
-6.967701255231914104e+01 6.736524726153847453e-02 -1.790796352692307358e-02 -6.473146835000000154e-02 8.777009641307691526e-03 -2.767051109769230396e-02 -7.806132994230768896e-02
-6.698048310616528056e+01 6.763057444230770321e-02 -1.069988628884615406e-02 -6.237827890769230554e-02 1.575495072192307361e-02 -1.230789221449999846e-02 -4.626313584999999784e-02
-6.427950359847298500e+01 6.489157670384615439e-02 -1.484346286653846249e-02 -6.484389085769229344e-02 5.527653652692306879e-03 -1.515715049999999745e-02 -3.100874929615383968e-02
-6.158400497539606278e+01 4.415352145769229492e-02 -5.947430727692308398e-03 -5.802279534230769115e-02 6.099765876500001099e-03 -2.719549723846154121e-02 -8.502297550499691645e-03
-5.887928533308836876e+01 4.476966766538462844e-02 -3.317969088999999250e-03 -6.408632809230768723e-02 1.386472568192307145e-02 -3.025487644615384303e-02 -1.093114858788461416e-02
-5.618250954078065718e+01 4.859296604615384596e-02 -2.014790627307692147e-03 -6.836934786538460818e-02 1.250247756384615175e-02 -7.267440857307691862e-03 -4.238069881923077487e-02
-5.347661766001143491e+01 6.558103853076922840e-02 -1.984385185080769255e-03 -6.624117367692307357e-02 1.334351517038461638e-02 3.472043766180769615e-03 -3.469894152692306472e-02
-5.077795486385760171e+01 6.209868984615384696e-02 -5.560360392307691843e-03 -6.145630163076921948e-02 9.027260187407692288e-03 -2.017025505384615128e-02 -9.322155035384611932e-02
-4.807334247539605343e+01 6.646049643461539314e-02 -1.112048003230769197e-03 -5.272518198846154469e-02 8.812080992261536738e-03 1.507843667849999986e-02 -4.321980252307692366e-02
-4.537144578308835463e+01 6.568556881538462067e-02 1.178925227903846124e-03 -5.202113573846155192e-02 -6.844251988999999065e-03 -8.765477355769230733e-03 -5.132321938076922496e-02
-4.266518305231912933e+01 6.618331413846152700e-02 -6.413314263461538864e-03 -4.275906164615383975e-02 -3.037744732076918717e-04 -2.624818306115384026e-02 -4.161902154230768397e-02
-3.996866986001143118e+01 5.637662269999998976e-02 -3.894895411538461076e-03 -5.301809730384614283e-02 -6.353399171538461412e-03 1.350441396245384736e-02 -5.556830192307693483e-02
-3.726825282154989338e+01 5.775087009230768509e-02 -5.991028443076922179e-03 -5.350514619615383966e-02 -9.492326715153844713e-03 1.226710904238461318e-02 -1.800099786115384260e-03
-3.457225212924220870e+01 6.389726559615382939e-02 -6.960701758076884434e-05 -5.936209941153846453e-02 5.237077346153831648e-04 2.336633346153846671e-02 -3.132927140115384507e-02
-3.187004082154989604e+01 6.471101186538462391e-02 1.134041371538461671e-02 -6.141963259615385723e-02 -5.760306252192305861e-03 4.484324291538461377e-02 -9.940851751269231835e-04
-2.917500520616528092e+01 6.667307682692306947e-02 1.404182471153846493e-02 -5.901646506538461151e-02 3.557913446576923232e-03 1.728954065242307644e-02 -1.995653305442307741e-03
-2.646884770616528115e+01 7.064101502307693070e-02 1.767070112307692412e-02 -5.120435640384617126e-02 1.825255993500000257e-02 5.159809531150001162e-03 -1.751692941307692389e-02
-2.377208451385759247e+01 6.816058133846153444e-02 6.491632885384616101e-03 -5.172653426923078113e-02 3.068102827692307383e-02 -1.851650332961538373e-02 -5.315823735769230340e-02
-2.108064701385758966e+01 7.139924617692308684e-02 1.277273071115384885e-02 -4.851315983846153645e-02 1.684880553461538116e-02 -1.300673360346154064e-02 -2.444416569961538506e-03
-1.838324012924220696e+01 6.971906300384614341e-02 6.321026165384614412e-03 -3.483939671923076686e-02 4.283059731038461188e-03 1.658480015653845951e-02 -3.956659961538461917e-02
-1.568092697539604963e+01 7.825926757692305835e-02 7.182322506153845064e-03 -1.802406698846154356e-02 1.897409014615383739e-04 1.066157559757692150e-02 -3.071255539038462035e-03
-1.297918974462682051e+01 7.484294095384613765e-02 8.149767838076922566e-03 -1.103300938576923067e-02 7.982886540384615329e-03 -1.341074079692307700e-02 -2.040175246480770144e-02
-1.027454909078066336e+01 7.565335068076922687e-02 9.601243991153845386e-03 5.942735694230770298e-03 -3.063392422692307396e-02 -1.818925180769230543e-02 2.904806077653846255e-02
-7.569317090780669943e+00 7.632361188076922098e-02 9.316225871153844401e-03 1.947669791923076904e-02 -1.743002133269231160e-02 -8.366799644615384446e-02 -3.928898870769230271e-03
-4.877429475396050762e+00 7.224628930384616177e-02 4.268306660176923034e-03 3.320241423076922965e-02 -2.342985611923074126e-04 -4.679287163461538779e-02 2.113518242038461489e-02
-2.179858052319128880e+00 6.806277268461537189e-02 -2.274865950846153596e-03 4.298950932307694234e-02 -4.757509771538461635e-03 5.662528560384615453e-03 -8.702009603076921868e-03
5.231342553731792577e-01 6.849604697692307509e-02 -6.189964423730768411e-03 4.843984652692308324e-02 2.277728951500000449e-03 -1.208749442115384688e-02 -2.658317780480769568e-02
3.224527255373179635e+00 5.752736056153847505e-02 -7.757673611153846800e-03 5.294205220384615163e-02 1.673320517576923003e-02 -2.144926402461538872e-02 -5.353335127076922634e-03
5.922569832296255221e+00 5.150141711153847363e-02 -1.149205900384615321e-02 4.998583342307692801e-02 9.582899674576920990e-03 2.234994269669230652e-03 1.286772392780769110e-02
8.622545255373179174e+00 6.528758063076921248e-02 -1.038402120538461232e-02 5.273047323076923004e-02 2.324122218230769039e-03 3.436780712307692387e-02 1.649867850615384379e-02
1.132893890921933533e+01 5.828270557307692334e-02 -7.588012467692305772e-03 5.751720634230768348e-02 -3.261579533076923443e-02 1.725712616538461683e-02 4.442235252307690646e-02
1.402402060152703100e+01 5.908551951153846737e-02 -3.587670841342307723e-03 6.037906582692306734e-02 -9.262421999692309685e-03 -4.060168925000000317e-02 3.571826694730768220e-02
1.673122137075779392e+01 6.110075658846155638e-02 -3.228559810384616386e-03 5.657355563076922611e-02 -5.514010682692306597e-02 -7.590970256730771894e-03 1.270423954861538141e-02
1.943148344768087199e+01 6.201209435384615054e-02 1.250997458923076844e-03 5.644480657307692634e-02 -1.219193884500000165e-02 -2.642404960753846205e-02 -4.993010847176923214e-03
2.213310187075779112e+01 5.726632677692306689e-02 4.363136872526923206e-03 5.807066228461538887e-02 -2.199666946500000025e-02 -1.850314548076922101e-04 -1.856933467346153638e-02
2.482674956306548353e+01 5.803985721923077962e-02 5.168912486923076845e-03 6.207215230384617588e-02 -4.564343754230769379e-02 2.554601366923077779e-02 -2.155897845000000201e-02
2.752816790921934498e+01 5.795346173076923457e-02 1.583758449230769335e-03 6.795571094999999784e-02 -4.869116764615386006e-02 -6.417057654576923363e-03 2.778315007153845870e-02
3.022526044768087061e+01 5.753201055384615792e-02 -2.950468197692308848e-04 6.582494687307692549e-02 -4.091356086153846022e-02 -2.686696649692307468e-03 7.091159528846154025e-02
3.293279944768087830e+01 5.427939694999999592e-02 -2.811204857307692592e-03 6.686229401153845342e-02 -3.865621853076923325e-02 2.796043875961538513e-02 3.580806330769230328e-02
3.564375675537317534e+01 4.600008763846154258e-02 -2.256806840307692442e-03 7.100749851923075784e-02 -5.545988673076924363e-02 1.086641828384615587e-02 2.610825921538461464e-02
3.834367929383471818e+01 4.149170947307692647e-02 -5.285573809153844629e-03 7.732592330769232081e-02 -1.191589509692307734e-03 3.824780155807692289e-02 1.647743879161538832e-02
4.104094017845010001e+01 4.099294572692308708e-02 -4.047672341153846047e-03 7.310277464999999364e-02 -2.770778820384615579e-02 4.376691822203846935e-03 9.473502087115386050e-03
4.374563540921933225e+01 3.809527841923076447e-02 2.272326659773075985e-04 6.828683778846153518e-02 -9.408615206730768302e-03 -2.822035451769230527e-02 3.994916758076923202e-02
4.645056998614241195e+01 3.479235719230769353e-02 4.936093675384613591e-03 7.427026919230771129e-02 -2.608986064615384862e-02 -2.046349169192307471e-02 1.091196132307692239e-02
4.915331029383472838e+01 3.018228296153846468e-02 1.223866071461538396e-03 7.240202911153845178e-02 5.894299742307693157e-03 -3.454197338373077991e-02 2.902806013461538270e-02
5.185878571691163330e+01 3.575919122692308716e-02 2.151239232307691849e-03 6.603663895769230907e-02 5.046413586153846408e-03 9.148638485384618518e-04 4.940340047692307751e-02
5.456313721691165597e+01 3.326348776923077760e-02 -1.787692149846154162e-03 6.764736954615385711e-02 5.356572633076923245e-02 -2.724478255861538783e-03 3.703471844999999679e-02
5.726820571691162343e+01 3.892707983846154657e-02 3.119733899230768808e-03 5.885531183076923162e-02 1.601519217963076960e-02 1.752048120565384559e-02 2.312410345576923140e-02
5.997444606306548565e+01 5.685134871923076816e-02 4.057316838657691951e-03 6.553828663846153479e-02 -2.957311340203845965e-02 1.197081316692307981e-02 9.359283985000001194e-03
6.267825740921934141e+01 5.524509623461539010e-02 6.844308515769230612e-03 5.735801834615384537e-02 5.375442557307692423e-03 2.378906344740616338e-03 -2.881716847307692203e-02
6.538342494768086510e+01 5.840131987692306903e-02 2.520664931153846454e-03 4.769155916538461715e-02 -3.838328863576923045e-02 -2.880486404230769501e-02 -3.374888391153845618e-02
6.808638783229625346e+01 5.299103620384615354e-02 5.338121431923075789e-03 4.286546283846153632e-02 -1.209911638500001932e-03 -5.151830908846154189e-02 -4.124780628846153735e-02
7.079322852460394699e+01 5.807851703461538312e-02 2.040227243076922665e-03 4.875602133461538062e-02 1.880728369346153575e-02 9.393538165465382603e-03 -1.861471961769230882e-02
7.348825687075780877e+01 5.554763980769231169e-02 2.668712126576923589e-03 5.822284794615384396e-02 2.789494636230769112e-02 1.971858529115385131e-02 2.593576303076923495e-02
7.618969487075779057e+01 6.733175013461539793e-02 7.719424259615385517e-03 5.208903480000001002e-02 9.299378522923075138e-03 2.003311180499999997e-02 8.194202955769228774e-03
7.889162937075778359e+01 7.035019697692307394e-02 8.517789963846153500e-03 4.925180829999999121e-02 -6.365914954769230985e-03 1.311864393157692425e-02 8.013131451153844911e-03
8.158270560152702444e+01 6.176468933846154113e-02 8.434955283076920468e-03 5.524849446538461495e-02 1.153257668884615297e-02 -1.554395992807692042e-02 -6.911571968846153512e-03
8.427503083229626668e+01 6.415919473846154464e-02 -1.412185167692307569e-03 5.075243110000000196e-02 -2.185616346923076672e-02 -2.233725686522307352e-02 -3.429866257307692679e-02
8.697543533229628565e+01 6.196779911153845605e-02 5.462669440076924413e-04 5.270122542692309148e-02 -6.301154961846152855e-03 -8.576573888269231269e-03 -5.110215348846154637e-02
8.966878617845009103e+01 5.758842847307691498e-02 -5.011885474423076990e-03 5.673472301153846542e-02 -2.149170413461538170e-02 5.018398092692306911e-02 -4.690158498461537845e-02
9.237225375537317973e+01 5.745997569615386019e-02 1.896482323307692366e-03 6.511710285384617047e-02 1.628331044996153901e-02 4.064602349615383664e-02 1.111279947776922829e-02
9.506450748614240354e+01 6.050987474615385220e-02 3.639999644488461396e-03 5.946192176923074946e-02 -1.582371620692308092e-02 1.148045623237692325e-02 -3.304491124076922460e-03
9.776970875537315919e+01 6.438894538076922469e-02 7.299645255769231754e-03 5.175926082307692050e-02 -5.572527329730767726e-03 -3.132994530000000194e-02 9.492981550269232252e-03
1.004738391399885700e+02 6.384573063461539133e-02 3.552550909999998771e-03 4.991618000384615700e-02 2.362918030384617441e-03 -1.026672094953845829e-02 2.026859127576922937e-02
1.031668517938347236e+02 6.319543616538461639e-02 1.860676531461538533e-03 5.486128237307692779e-02 -1.886168690726923100e-02 -9.489938268653845543e-03 3.455282355653846709e-03
1.058726060246039538e+02 6.281810265384614456e-02 5.691992414615385312e-03 6.053258518076923278e-02 -2.992139794538462363e-03 2.241371489615384682e-02 1.093132073834615463e-02
1.085745663322962571e+02 5.987810550384613933e-02 8.589611320000002659e-03 5.968944908076923017e-02 2.368302393846153514e-02 1.072731114923077163e-02 2.150957460307692179e-02
1.112727032553731732e+02 6.230126795384616223e-02 4.238913676153845990e-03 5.796287198461539530e-02 1.278972405576923356e-02 7.689469644776924552e-03 2.891301872307693033e-02
1.139757255246039875e+02 5.842989728846152697e-02 -4.145922565769229878e-03 5.411902020769229771e-02 1.402764575846153668e-02 1.009342864723076702e-02 5.131174253076922764e-02
1.166725825246039392e+02 5.703316578846154283e-02 2.760400419999994729e-04 5.662170768076923988e-02 2.113999215769230694e-02 6.712420310692305842e-04 5.922328745769230018e-02
1.193766510246039445e+02 5.938030591153845711e-02 -3.620312729230769182e-03 5.885352315000000334e-02 1.686861571434615341e-03 -2.224556875769230502e-02 3.292799945769230713e-02
1.220757008707577995e+02 5.285727829615384510e-02 -2.168012794230768803e-03 5.608640349615384019e-02 3.701642151692307366e-03 -9.843553716153842070e-04 3.483052977307691395e-02
