-1.453006195163311816e+02 7.349410056000001135e-02 1.736770936000000057e-02 2.667551993999999621e-02 -9.095876644000000164e-03 -1.871373282000000221e-02 4.031836168000000470e-02
-1.426066852749311806e+02 8.224624795999999072e-02 1.356068828000000018e-02 7.288363566000000300e-03 -1.723347207999999936e-02 -3.083187986000000130e-02 5.845636057999999829e-02
-1.398943119569311762e+02 7.804856958000000455e-02 1.215885392000000051e-02 -2.419187712000000004e-02 -1.895363963999999787e-03 -3.235040630000000222e-02 -7.614682252000000082e-03
-1.371965969609311742e+02 7.001379917999998870e-02 1.210554154000000049e-02 -3.579812881999999696e-02 -4.301226071999999373e-02 -2.367348438000000527e-02 -5.615215545999999863e-02
-1.345005562109311654e+02 6.843506470000000619e-02 1.242978416000000211e-02 -6.147891509999999643e-02 -1.066707354999999954e-02 6.598683562000000509e-03 -7.098679137999999722e-02
-1.318015715109311827e+02 6.632527593999999749e-02 4.401130567999999958e-03 -6.904127664000000997e-02 -1.559622429599999936e-02 3.215921383999999911e-02 -5.402256530000000556e-02
-1.291010552909311571e+02 6.437491265999999157e-02 6.811528442000000690e-03 -6.785570985999998805e-02 -2.870049145999999801e-02 -2.117622154000000159e-02 -1.067056838600000113e-01
-1.263944058909311678e+02 6.228092335999999701e-02 -2.519200638000000138e-03 -5.807039325999999863e-02 2.710205830799999795e-03 1.077947927600000043e-02 -8.048279233999999782e-02
-1.236994383709311762e+02 6.818319897999999823e-02 4.451179503999999924e-04 -5.666658196000000369e-02 4.007516692000000214e-02 -3.586812652000000157e-02 -5.600104496000000293e-02
-1.210116318109311635e+02 5.612919864000000258e-02 2.516676579999999660e-03 -6.059990231999999588e-02 1.477255627999999807e-02 3.236463399999999629e-02 -1.096949649999999846e-02
-1.183160918509311585e+02 6.363215444000000498e-02 1.703586699999999968e-02 -6.165555418000000232e-02 1.863924239999999459e-04 2.706235931999999636e-02 -2.807236776000000128e-02
-1.156189615309311591e+02 5.529129588000000067e-02 8.727137052000000922e-03 -6.265835252000000188e-02 -1.059102080799999984e-02 1.725557607999999785e-02 -7.266264981999999255e-03
-1.129112965309311676e+02 5.385509980000000724e-02 9.573885627999999953e-03 -6.731136781999999541e-02 3.108763631999999361e-02 1.935091893799999836e-03 -6.331879310000000649e-02
-1.102003196509311636e+02 5.995163096000000191e-02 9.047087353999999984e-03 -6.860713263999999867e-02 -4.921931517999999714e-03 3.104645971999999560e-02 -8.993812663999999416e-03
-1.074850130709311742e+02 6.007895107999999817e-02 1.158961942000000071e-02 -6.219664409999999671e-02 -9.830307784000000271e-03 -8.207664243999998957e-03 -3.855511745999999629e-02
-1.047841499709311677e+02 6.030717072000000428e-02 6.418018847999999808e-04 -6.888426041999999583e-02 -4.898315472000000156e-03 -4.525915462000000555e-02 -5.414655471999999664e-02
-1.020742299709311851e+02 6.509801626000000230e-02 5.974664965999999745e-05 -5.848443482000000720e-02 -3.449286612000000002e-02 -6.282668012000000579e-02 -1.623519422000000226e-02
-9.937492775093116393e+01 6.740237973999999022e-02 9.709711086000000842e-05 -5.465140061999999854e-02 -2.200983942000000332e-02 -3.094641149999999979e-02 -2.974960142000000404e-02
-9.666867651093116365e+01 7.731372579999999661e-02 8.020730075999999917e-03 -4.842728022000000049e-02 -1.932182565999999990e-02 -1.161272379199999871e-02 -8.478318908000000154e-02
-9.397007403093117262e+01 7.827559332000000314e-02 4.242790290000000332e-03 -5.372746929999999699e-02 -6.202188789999999417e-03 1.830045045999999925e-02 -6.719263883999999909e-02
-9.127281185093117699e+01 7.527632153999999631e-02 1.348459764000000186e-02 -5.383015900000000242e-02 2.802979050660000214e-03 2.843237464000000075e-02 -1.111416160000000125e-01
-8.857425121093116616e+01 6.724883647999999048e-02 1.477787335999999896e-02 -5.812021005999999657e-02 9.150920826000000924e-03 2.064654035999999998e-02 -8.640206803999998797e-02
-8.587397527093116878e+01 6.954696138000000805e-02 9.030857503999999494e-03 -6.006501496000000995e-02 1.264209237399999998e-02 2.822156907999999811e-02 -7.195122765999999170e-02
-8.317401121093118377e+01 6.445721849999999642e-02 -3.123537820000000208e-03 -5.843246207999999026e-02 -2.421782612799999908e-03 3.698864253999999824e-02 -3.888442438000000445e-02
-8.047575467093118107e+01 6.053267941999999902e-02 -1.706908018000000181e-03 -6.245790708000000663e-02 1.696086829999999754e-02 2.873876787999999835e-02 -6.321907783999999864e-02
-7.777189059093117862e+01 6.277271171999999899e-02 1.156035788000000022e-02 -6.537399684000000377e-02 -8.062155799999896915e-06 1.063902624800000009e-02 -7.174316568000001226e-02
-7.507301307093118226e+01 5.542928906000001155e-02 1.360372189999999905e-02 -7.002207879999999829e-02 2.113248552000000086e-02 -1.833779610000000476e-02 -1.448136268000000185e-02
-7.238548307093117273e+01 6.556329245999999167e-02 1.578809826000000111e-02 -6.645075476000000814e-02 1.434516516000000109e-02 1.290540119999999957e-02 7.782304706000000086e-03
-6.968619651093118250e+01 7.049981780000000309e-02 9.548959475999999058e-03 -5.789476417999998847e-02 2.001081031999999912e-02 -3.380716231399999612e-03 -7.771495332000000200e-03
-6.699212371093116758e+01 7.449083058000000035e-02 1.125199643999999846e-02 -5.174320584000000750e-02 6.039643606000000102e-03 -6.411151357999999786e-03 -6.923042780000000784e-02
-6.429315371093116482e+01 7.467845176000001417e-02 9.721482378000001132e-03 -5.194403420000000271e-02 -1.369210426000000078e-03 2.083225804000000264e-02 -6.900239970000000833e-02
-6.158714495093116881e+01 7.248707154000000319e-02 6.081278102000000317e-03 -5.151278999999999580e-02 9.943329678000000643e-03 -4.826157452000000292e-02 -4.931173755999999908e-02
-5.888781745093117337e+01 7.288364888000001263e-02 -5.875561951999999297e-03 -5.467151002000000121e-02 -1.254840105999999698e-02 -4.172622438000000294e-02 -6.210473828000000369e-03
-5.618027995093118676e+01 7.990603240000000718e-02 1.717194990600000044e-03 -5.992175087999999927e-02 4.218852577999998707e-04 4.078537608000001066e-04 1.185289055999999910e-02
-5.348095527093116885e+01 7.035368208000000734e-02 8.699348350000000313e-03 -6.386526890000000789e-02 1.505198869999999946e-02 -7.267172621999999811e-03 -3.427338527999999884e-02
-5.077699841093117072e+01 6.029209691999999621e-02 1.127407699999999867e-02 -8.162498896000000559e-02 -8.814513281999999256e-03 -2.236985187999999958e-02 -4.055592420000000281e-02
-4.809091871093117732e+01 4.834972769999999753e-02 1.149812570000000034e-02 -7.217387038000000477e-02 2.335815395999999919e-02 2.467077019779999932e-03 -2.631661685999999584e-02
-4.538721723093117077e+01 5.496320167999999701e-02 8.546669785999999255e-03 -7.287777158000000033e-02 6.234376995999999296e-03 -4.136700024000000003e-02 -4.732188733999999342e-02
-4.268692063093116928e+01 6.028687758000000896e-02 9.936881305999999484e-03 -7.386103932000000205e-02 -8.626416992000000838e-03 -1.605394909999999925e-02 -2.535230858880000403e-03
-3.998585803093117619e+01 6.663366701999999531e-02 1.334631576000000139e-02 -6.307524814000001201e-02 8.494748175999999179e-03 -1.001503621999999885e-02 -1.612290451999999832e-02
-3.727787383093117057e+01 6.580533137999999838e-02 5.361166474000000383e-03 -6.135638499999999940e-02 1.616978834000000129e-02 -1.423067415199999984e-02 -5.721462606000000950e-02
-3.457442363093116455e+01 5.051674292000000316e-02 -2.873059871999999841e-03 -6.423448849999999211e-02 -5.019603760600000603e-03 -3.093989291999999988e-02 -2.480380424000000125e-02
-3.188352703093116958e+01 5.705204643999998992e-02 -5.760933726000000768e-03 -6.019216219999999617e-02 -5.612830607999999381e-03 -4.658396979999999965e-02 -3.000985398000000082e-02
-2.918045183093116890e+01 6.994138646000000459e-02 -5.867149589999999700e-03 -5.867561209999999638e-02 -5.581617552000000052e-03 6.021998171999999941e-03 -5.341574856000001065e-02
-2.647110503093117728e+01 7.398027526000000575e-02 -1.319655076000000003e-02 -5.284044971999999479e-02 2.935470927000000119e-03 -2.572675596000000356e-02 -5.013419785999999323e-02
-2.377232063093116921e+01 7.613013815999999934e-02 -1.126158090000000181e-02 -4.545455389999999984e-02 1.962101935599999767e-03 1.115344928799999989e-02 4.638367800000000284e-03
-2.106470503093117230e+01 6.762622160000000826e-02 -1.448290850599999696e-04 -3.994764863999999971e-02 1.569317446000000060e-02 2.345972840000000101e-02 1.137821089799999873e-02
-1.836904243093117017e+01 7.526368451999999876e-02 -3.387601133999999965e-03 -3.631397910000000451e-02 9.134543021999999221e-03 1.034536040600000104e-03 -3.929397708000000045e-03
-1.566778303093117941e+01 7.626628566000000220e-02 -1.372299035999999771e-02 -2.852097063999999710e-02 -4.423826694000000323e-03 1.057432845400000168e-02 -4.429576489999999950e-02
-1.296421423093117298e+01 8.523301212000000682e-02 -1.608473951999999513e-02 -1.587203861999999729e-02 -6.981254552000000502e-03 2.847120580000000317e-02 3.272225805999999515e-02
-1.026926123093116949e+01 7.153202415999999897e-02 1.869808734599999955e-04 5.582580142000000481e-03 -2.430111841999999661e-02 8.681767217999999953e-03 1.145696965999999997e-02
-7.567286030931171581e+00 7.248813592000000194e-02 2.174602073800000217e-04 2.073062063999999566e-02 7.739675964000000685e-02 -1.848799016000000212e-02 5.274154669999999573e-02
-4.873339430931167726e+00 7.336553501999999727e-02 2.151496276000000336e-03 1.999399351999999949e-02 -7.448579762000001603e-03 -4.297674809999999651e-02 -5.560454500999999564e-03
-2.180233030931168603e+00 7.366990936000000767e-02 4.376182965999999772e-03 4.742656341999999803e-02 1.767441932000000243e-02 -1.776657141999999842e-02 -4.489161379999999368e-02
5.224703690688329294e-01 6.459281093999999501e-02 2.091512274000000005e-03 5.367522230000000560e-02 -6.102277540000000666e-02 -1.101475194399999941e-02 -2.072897742000000265e-03
3.209563769068830563e+00 6.372720026000000537e-02 -7.922067192000000618e-03 5.717736931999999050e-02 6.051573153999999580e-03 4.402766312000000459e-02 1.632830742000000029e-02
5.912867169068823259e+00 6.485704168000000491e-02 -4.629416429999999930e-03 5.482070704000000655e-02 -3.706074134000000072e-03 -1.243454004800000068e-02 4.057575694000000593e-02
8.612213969068829300e+00 6.452560676000000661e-02 3.877686106000000099e-04 4.720256652000000275e-02 -5.318555026000000574e-02 1.876480804000000072e-02 4.459596938000000288e-02
1.131707636906883785e+01 7.203968054000001175e-02 2.204139586000000185e-03 5.136129294000000428e-02 -4.573030118000000199e-02 2.001180015999999909e-02 3.190792994000000299e-02
1.402160116906883403e+01 6.538185118000000573e-02 4.072340310000000310e-03 5.887042737999999970e-02 -4.557899299999999820e-02 1.877467170000000213e-02 3.819821593999999515e-02
1.671415456906883179e+01 6.264396910000000207e-02 -1.832123769999999914e-03 6.406877160000000460e-02 -8.927307548000000537e-02 3.553635559999999971e-02 2.361667037999999955e-02
1.941956996906882438e+01 5.762467829999999569e-02 6.798892957800000292e-04 5.439056579999999863e-02 -5.871376338000000583e-02 4.239680406000000124e-02 3.756441287999999490e-02
2.210802616906882534e+01 6.996501253999999614e-02 8.121466277999998817e-03 5.403144628000000615e-02 -2.296344059999999923e-02 -3.965343599999998712e-05 6.611828983999999687e-03
2.480070456906883081e+01 7.129244885999999615e-02 6.627290718000000041e-04 5.619300831999999440e-02 -3.388862421999999652e-02 -8.411279611999999961e-03 1.954250608000000083e-02
2.751054196906882865e+01 6.691949540000000085e-02 5.109230736000000724e-03 5.799965270000000117e-02 -8.564646461999999433e-03 -3.864670924000000035e-02 1.826063118000000127e-03
3.019872936906882543e+01 6.959336398000000312e-02 2.924958761999999629e-03 5.473214038000000226e-02 5.591441399999999215e-03 -2.958438341999999888e-02 3.936718911999999987e-02
3.290841996906882372e+01 6.516011206000001110e-02 8.754785427999998895e-04 6.795833508000000134e-02 2.518228688000000506e-02 1.113401867000000066e-02 1.778222812000000014e-02
3.560675116906882920e+01 6.487430594000000161e-02 2.559456176000000048e-03 6.949794062000000383e-02 -5.408327867999999927e-02 -8.034802686000000471e-03 -1.234614679999999909e-02
3.831000136906883569e+01 7.048717952000001230e-02 -2.413057469999999993e-03 5.944824633999999663e-02 -5.838770159999999432e-02 -1.743119932000000011e-02 -2.525230658000000156e-02
4.099458876906882665e+01 7.038407576000001165e-02 1.868951129999999686e-03 6.325615578000001737e-02 -6.337141304000000475e-02 -2.118484626000000093e-02 -8.496165056000001478e-03
4.369582936906881798e+01 6.662761695999999678e-02 5.776652636000000236e-03 7.058335287999999152e-02 -4.586491034000000216e-02 -1.312527070000000032e-02 2.907112037999999912e-02
4.640578576906882802e+01 6.463555887999999916e-02 -9.763760007999999768e-03 7.686918317999999473e-02 -3.177784305999999809e-02 -1.855132040000000149e-02 3.801977173999999959e-02
4.911324196906882378e+01 6.279727441999999327e-02 -7.046237194000000426e-03 7.090591306000000593e-02 7.554300453999998957e-03 -3.767902217999999186e-04 2.789626444000000219e-02
5.181130136906883621e+01 7.060765962000001283e-02 -8.150297949999999597e-03 6.764769703999999606e-02 -1.201601954000000062e-02 3.520304894000000212e-02 2.973224039999999846e-02
5.451140136906882105e+01 6.922479594000000014e-02 -1.199051439800000261e-04 6.826637769999999161e-02 -1.356978700799999979e-02 1.387007284000000076e-02 4.526921323999999469e-02
5.720730756906882419e+01 6.793999584000000314e-02 -4.562593226000000168e-03 6.644527254000000271e-02 -2.970402105999999515e-02 -1.778109131999999759e-02 1.881993054000000165e-02
5.989613556906883929e+01 6.664393939999999072e-02 -2.395920799199999750e-03 6.092434731999999548e-02 -4.397648736000000363e-02 4.019277468599999868e-03 1.906730195999999794e-02
6.260044496906882472e+01 6.275482266000001474e-02 -4.946465413999999797e-03 7.255007273999999895e-02 -6.325685441999999437e-02 -7.435102513999999538e-03 1.354521375199999999e-03
6.529851076906882668e+01 6.385949675999999520e-02 2.325196590000000105e-03 6.542321539999999824e-02 -4.865869687999999776e-02 -3.735802512000000603e-02 -8.218458720000000259e-03
6.800617936906883187e+01 7.146594617999998955e-02 2.342399714999999854e-04 6.156037720000000213e-02 6.473261554399999985e-04 -3.039573608000000274e-02 2.792267755999999768e-02
7.070745416906882497e+01 6.496051618000001082e-02 7.200173140000000124e-03 5.652619770000000265e-02 2.555701569999999957e-03 -1.248481717999999976e-02 2.317391187999999838e-02
7.341367296906882700e+01 7.043591507999999446e-02 -5.280488881999999794e-03 5.930569412000000901e-02 -1.266856031599999932e-02 -7.950481302000000222e-03 7.592216906000000265e-02
7.611759496906881850e+01 6.346104133999999619e-02 -4.726332221999999736e-03 6.167243153999999589e-02 -5.772991221999999867e-02 2.166026328000000140e-02 4.277606600000000148e-02
7.880623876906884107e+01 5.987638207999999157e-02 -4.282224208000000309e-03 6.197638507999999463e-02 -4.490630003999999953e-02 3.219016466000000631e-02 7.349409545999999183e-02
8.151943856906882502e+01 6.464401000000000175e-02 -3.037432227999999589e-03 5.503993092000000059e-02 -4.144975990000000082e-02 8.155411977999999992e-03 3.884407909999999797e-02
8.421349176906883827e+01 6.231491085999999596e-02 -6.969919863999999785e-03 6.623562877999999987e-02 1.727828152000000089e-02 4.351227310000000542e-02 6.444227051999999734e-02
8.691658856906882136e+01 5.880431851999999571e-02 -3.826430786000000785e-03 6.002022665999999507e-02 -5.238465376000001061e-02 3.250809374000000057e-02 4.659854169999999574e-02
8.960820116906883470e+01 5.824704102000000105e-02 -9.189809679999999190e-03 6.173816492000000489e-02 -1.601236066000000235e-02 -2.191809594000000000e-02 5.701799032999999885e-03
9.231131996906883330e+01 6.190409213999999855e-02 -6.798720409999998646e-03 6.296013879999998175e-02 -6.903534210000000781e-02 3.391735910000000243e-02 5.902240961999999196e-03
9.500204496906883378e+01 6.235112626000000047e-02 -9.570458453999999490e-03 6.170278069999999421e-02 -3.843406291999999780e-02 1.029945147999999921e-02 2.260936297999999872e-02
9.771692616906882733e+01 6.587873046000000676e-02 -1.028333717000000022e-02 5.994305401999999727e-02 -5.312060673999999955e-02 1.033594369199999875e-03 1.766235051999999906e-03
1.004115013690688158e+02 5.735155990000000148e-02 -1.371154504000000017e-02 6.708213796000001006e-02 -6.836514112000000032e-02 -7.916305732000000761e-03 1.126920496400000103e-02
1.031103075690688229e+02 5.086967904000000429e-02 -3.116745002000000184e-03 7.556513596000000166e-02 -1.733303321999999855e-02 -2.620547891999999712e-02 5.542658448399999209e-03
1.058128981690688306e+02 5.295151612000000008e-02 -5.081473269600000073e-04 7.192354012000000407e-02 -4.869992223800000304e-03 -2.108422911999999899e-02 3.606292648000000017e-02
1.085119889690688240e+02 5.102307407999999433e-02 5.950204530000000654e-04 7.195027445999999105e-02 2.856274702000000110e-02 -1.500147462000000001e-02 4.178805572000000162e-02
1.112216107690688176e+02 5.355359144000000626e-02 1.061773042000000236e-02 7.896372349999999929e-02 7.859781309999995871e-04 -3.188314166000000283e-02 4.025990522000000293e-02
1.139143417690688267e+02 5.793141544000000170e-02 1.301573720000000212e-02 6.537290049999999741e-02 -3.030066789399999159e-05 -7.502302210000000651e-03 3.825634615999999599e-02
1.166153359690688376e+02 5.742199439999999544e-02 1.776916165999999769e-02 5.075279959999999535e-02 -1.564553431999999786e-02 -2.375798518000000331e-02 1.733472370000000221e-02
1.193202921690688356e+02 5.457295584000000643e-02 2.471381462000000334e-02 4.213601848000000233e-02 2.238018909999999612e-02 -3.706024517999999962e-02 -3.035235470000000046e-02
1.220215299690688369e+02 6.547214345999999296e-02 1.709525511999999969e-02 4.231083409999999295e-02 -3.957848062000000541e-03 1.520074209999999759e-02 2.801081973999999808e-02
