-1.536312909856467286e+02 6.338226001999999748e-02 8.842667293999999928e-03 -4.358364759999999727e-02 -4.069832290000000019e-02 1.759231864000000006e-02 -2.934016179999999682e-02
-1.509230659284467606e+02 7.453919544000001118e-02 -7.876920327999998781e-05 -5.383989024000000040e-02 1.517268863399999935e-03 -3.503844780000000408e-02 -6.690049076000000039e-02
-1.482323537424467190e+02 7.043796387999999575e-02 1.692436178000000010e-03 -5.063283746000000335e-02 -7.543981310000000447e-03 1.641639764000000059e-03 -3.748519352000000138e-02
-1.455394747444467498e+02 6.723820957999999959e-02 1.436263817999999273e-05 -5.379883521999999363e-02 -4.638268438000000063e-03 -7.074407908400000625e-03 6.553021050000000904e-04
-1.428367154564467114e+02 5.542895075999999810e-02 4.708601684000000495e-03 -5.392375959999999580e-02 -4.669581779999999391e-03 6.640863144000000440e-02 2.152690973999999910e-02
-1.401415195364467365e+02 5.798679681999999863e-02 -1.207012885999999858e-03 -4.637641396000000138e-02 1.848658263999999884e-02 4.111625172000000356e-02 6.336982296000000237e-02
-1.374364895364467429e+02 5.881298966000000211e-02 3.661524239999999677e-03 -6.032405226000000370e-02 1.957680154000000089e-02 2.004960494000000010e-02 5.300467236000000470e-02
-1.347328595564467264e+02 5.643988453999999877e-02 -8.853058178000001045e-04 -5.946474983999999742e-02 -9.613602355999999183e-03 8.693725613999999519e-03 -1.115015596600000061e-02
-1.320315386164467384e+02 5.208216150000000155e-02 3.255660382000000273e-03 -6.336647972000000739e-02 -5.755257247999999437e-02 3.828066126000000124e-02 -1.035568960599999970e-02
-1.293341123764467397e+02 5.667376774000000561e-02 -1.703423604000000105e-03 -6.747355037999999694e-02 -4.123531796000000360e-02 2.322367943999999879e-02 -3.270226730000000415e-02
-1.266429707964467326e+02 5.507097168000000403e-02 -3.882145636000000101e-03 -6.515610460000000048e-02 -7.722710159999999829e-04 1.214028267999999952e-02 -1.793177757999999430e-04
-1.239424536164467270e+02 5.741651792000000004e-02 -3.237070205999999922e-03 -5.527162396000000200e-02 8.468105611999999366e-03 3.131288716000000388e-02 7.256011525999998477e-03
-1.212445676764467350e+02 5.689798444000000732e-02 -8.155699122000001442e-04 -5.693493087999999813e-02 1.433822365999999973e-02 -2.686373948000000261e-02 -3.795552289999999489e-03
-1.185474739364467212e+02 6.309334440000000099e-02 -2.032302471999999894e-04 -5.893092476000000302e-02 2.810921300000000095e-02 -1.971269507999999851e-02 1.804793912000000194e-02
-1.158391326764467237e+02 6.690688341999999345e-02 1.934856887999999910e-03 -5.052992582000000177e-02 9.156473301999999703e-03 -1.847855609999999801e-02 4.963062002000000195e-02
-1.131257995364467490e+02 6.089357332000000511e-02 3.823340436000000151e-03 -5.407071889999999492e-02 1.604723106000000010e-02 -1.629145468000000110e-02 6.685920234000000510e-03
-1.104181998764467636e+02 6.211132738000000458e-02 3.680837473999999578e-03 -5.694348057999999713e-02 1.252958696199999930e-02 -8.651660004000000237e-03 4.548481983999999589e-03
-1.077348286364467356e+02 5.117409250000000409e-02 -4.855159519999999390e-04 -6.087266547999999750e-02 -1.332370540000000006e-02 -2.218080672000000142e-02 9.031062158000001394e-03
-1.050377176564467447e+02 5.462808549999999957e-02 7.419434274000000565e-03 -5.841379857999999536e-02 -4.310046549999999727e-02 -2.933596889999999860e-02 -9.374464020000000675e-03
-1.023421179964467171e+02 5.642917734000000435e-02 1.731335418000000143e-03 -6.476028944000000731e-02 -4.609005042000000746e-02 -3.948393406000000327e-02 -5.049453916000000648e-04
-9.964946609644673003e+01 5.998870086000000074e-02 2.251201179999999698e-03 -7.217259905999999503e-02 -7.145277357000000100e-03 2.428325954000000106e-02 3.550810238000000341e-02
-9.694287297644675050e+01 5.145834443999999092e-02 2.188017335999999959e-03 -8.099327216000000440e-02 2.392343274000000367e-02 -4.868465469999999629e-03 2.196339509999999801e-02
-9.423672829644672788e+01 5.949106382000000220e-02 2.466786766000000301e-03 -7.210591439999999852e-02 7.621347611999999827e-02 -1.629985983999999999e-02 2.894066940000000060e-02
-9.154289111644673937e+01 5.702968154000000872e-02 8.273116049999999430e-03 -6.813262122000000864e-02 7.643512251999999563e-02 -3.721191520000000086e-02 3.248473380000000549e-02
-8.884654891644672148e+01 5.293732594000000180e-02 4.357900645999999642e-03 -6.093856241999999479e-02 4.304174757999999767e-02 1.531745714000000078e-02 3.467915838000000528e-02
-8.613763049644673231e+01 4.978004519999999766e-02 9.704951373999999228e-03 -6.200825704000000049e-02 1.583963245999999922e-02 4.828817282000000613e-03 1.923226391999999924e-02
-8.344571861644672595e+01 5.583723710000000617e-02 3.633187500000000132e-03 -5.871337945999999253e-02 5.283690036000000811e-02 2.046367741999999962e-02 -2.936009627999999760e-02
-8.075166363644673595e+01 5.731068648000000459e-02 3.935562328000000512e-03 -5.993469447999999478e-02 6.987210530000000086e-02 1.882646296000000177e-02 -2.197261724000000235e-02
-7.805030079644673435e+01 6.216482326000000169e-02 4.170040465999999731e-03 -6.115540950000000059e-02 5.805396791999999084e-02 -1.416877521999999889e-02 3.820034133999999915e-02
-7.535362079644673372e+01 5.443476017999999972e-02 -5.252213090000000008e-03 -6.335631033999999939e-02 6.819003033999999908e-02 1.905111302000000225e-03 2.554575958000000063e-02
-7.264705829644672974e+01 5.512125823999999147e-02 -2.448528431999999738e-03 -5.944449570000000238e-02 1.235843198200000173e-02 1.403652824599999939e-02 -5.510632507999999735e-02
-6.995101299644673531e+01 5.847585771999998933e-02 -4.314989303999999630e-03 -6.440571539999999373e-02 -2.418984621999999834e-02 -9.580738653999998355e-03 -3.059166460000000212e-02
-6.724744423644673930e+01 5.470711780000000329e-02 -9.930305428000000406e-03 -7.095724638000000528e-02 1.233999832000000005e-02 -5.493114198000000406e-03 -1.710478340000000028e-02
-6.455236737644673894e+01 4.694691875999999764e-02 -1.019711273000000092e-02 -6.845525228000000351e-02 4.347010203999999989e-02 1.485422726000000006e-02 -4.911395774599999851e-04
-6.184016987644672270e+01 4.181926040000000233e-02 -4.757350169999999788e-03 -6.885658365999999808e-02 7.374877041999999827e-02 4.001872071199999957e-03 3.527000920999999543e-03
-5.914940673644673552e+01 5.077858713999999773e-02 1.715613033999999811e-03 -6.024309112000000160e-02 2.332628485999999751e-02 -4.919841241999999004e-02 -4.010352637999999720e-02
-5.644682643644673448e+01 5.697668700000000502e-02 -2.302505029999999710e-03 -5.841994924000000478e-02 4.169554844000000066e-02 -6.074756041999999912e-02 -4.175599986000000374e-02
-5.373979399644673549e+01 6.116152692000000057e-02 1.525463503999999844e-03 -5.838164181999999647e-02 1.384475016999999787e-02 -1.684095015999999972e-02 -2.500178887999999697e-02
-5.103538439644673019e+01 5.808250323999999271e-02 3.927027634000000537e-03 -5.497945279999999491e-02 5.694252471999999843e-02 2.871796914000000062e-02 1.046192195999999866e-02
-4.833851899644673722e+01 7.059762970000001137e-02 9.487568963999999661e-03 -5.017980894000000081e-02 2.805350477999999856e-02 -8.866422538000000991e-03 4.002250758000000172e-03
-4.563531879644673950e+01 6.971725745999998725e-02 4.734111518000000580e-03 -4.867884953999999931e-02 8.081770078000000829e-03 -1.561815979199999982e-03 -7.741904780000000152e-02
-4.293243759644673219e+01 7.538244385999999519e-02 6.080037346000000294e-03 -5.586374489999999804e-02 -4.275941897999999824e-02 -2.516708463999999673e-02 -7.250143464000000093e-02
-4.021655639644673386e+01 7.462733772000000598e-02 4.687322137999999291e-03 -4.966955875999999603e-02 -1.880503994000000054e-02 4.216911749999999875e-03 -4.240301555999999999e-02
-3.751271279644673484e+01 6.841436467999999216e-02 5.429255215999999155e-03 -6.142588343999999534e-02 -1.962330699999999956e-02 3.200786333999999702e-03 -1.672262353999999854e-02
-3.481376579644673797e+01 6.628611990000000953e-02 2.860505589999999976e-03 -6.716087224000000244e-02 -8.134028451999999673e-03 3.690859729999999839e-02 2.815700674000000056e-02
-3.211890619644672995e+01 6.703623377999999577e-02 2.607995744000000168e-03 -6.666789283999999260e-02 2.738560484000000100e-02 1.994555054000000244e-02 3.411001213999999976e-02
-2.941649999644673841e+01 6.827020491999999385e-02 1.172806963999999987e-02 -5.556548933999999607e-02 1.359142694600000076e-02 3.772371719799999610e-03 -1.359769582000000011e-02
-2.670935339644673689e+01 7.646964568000000351e-02 6.669518509999999845e-03 -4.819001459999999737e-02 -4.756341100000000335e-03 -3.964764193999999881e-02 -5.892265456000000956e-02
-2.400626579644672987e+01 7.110529449999999918e-02 6.261934597999998728e-03 -3.088555135999999576e-02 -1.872607472000000287e-02 -8.282312150000000275e-03 -2.685746532000000270e-02
-2.131115979644673786e+01 7.555981586000000416e-02 4.386020644000000919e-03 -6.764127271999998900e-03 -3.661119972000000111e-02 -6.887290156000000149e-03 -3.166548599999999963e-02
-1.861049719644673672e+01 7.630943281999999495e-02 1.227067335999999960e-02 8.938344432000000853e-03 -9.647712905999999977e-03 -3.373139912000000518e-02 -5.286155491999999789e-02
-1.590902499644673718e+01 6.619070054000000813e-02 1.476722790000000243e-02 2.542823713999999707e-02 -3.474041188000000224e-02 -3.349279160000000373e-03 -6.532967545999999320e-04
-1.320833439644673035e+01 6.847921799999999448e-02 1.463213138000000156e-02 2.466006043999999925e-02 2.098811929580000608e-04 9.453434812000000367e-03 -2.904722185999999984e-02
-1.051137839644673022e+01 6.681201880000001148e-02 2.161003001999999701e-02 4.213071168000000200e-02 -3.243376141999999851e-02 -2.121765052399999987e-03 7.919989658000001209e-02
-7.816418996446737211e+00 6.749883783999999221e-02 2.370322203999999933e-02 4.874452888000000567e-02 -1.808941270000000157e-02 -1.446757893999999975e-02 -2.095141692000000028e-02
-5.116131196446735530e+00 6.454826737999999620e-02 1.969791203999999782e-02 5.337321269999999174e-02 -1.958643483999999990e-02 -2.732996848000000117e-02 -2.404819701199999854e-03
-2.418059596446732851e+00 5.719816902000000175e-02 1.051510054400000074e-02 6.491912510000000247e-02 -1.318858711999999983e-03 1.832142900000000019e-03 -7.666964344000000431e-03
2.676058035532662416e-01 5.085361932000000140e-02 1.344242888000000101e-02 7.226619757999999671e-02 3.878287271199999751e-03 -5.970715897999999411e-02 2.095789967999999934e-02
2.967415603553263281e+00 5.991536383999999937e-02 1.219219772000000070e-02 7.007212604000000178e-02 1.901875986000000143e-02 3.165132432000000023e-02 1.434393177999999935e-02
5.668265603553265919e+00 5.343452171999999584e-02 -1.501315133999999926e-03 6.975632964000000324e-02 4.915310526000000318e-02 3.040203148000000105e-02 1.043893049999999965e-03
8.357225003553258702e+00 4.747330807999999847e-02 -1.442674402000000038e-03 6.476018446000000872e-02 1.076184765399999972e-02 -1.224374167999999971e-02 6.512212038000000924e-02
1.107287500355326948e+01 5.103418788000000511e-02 4.156378760000000068e-03 6.297803271999999342e-02 1.109214972200000052e-02 -2.046958044000000282e-02 3.208138978000000391e-02
1.377544960355326609e+01 5.937781763999999685e-02 -7.104863113999997809e-05 6.231769054000000502e-02 2.092688824000000017e-02 -2.011148704000000065e-02 4.107160323999999724e-02
1.647259040355326576e+01 6.743388976000000423e-02 1.405831392399999828e-03 5.484738153999999671e-02 -1.336905154000000116e-02 9.839019799999999469e-03 2.128505783999999970e-02
1.917810600355326045e+01 6.434537073999999079e-02 6.412434257999999679e-03 5.814686824000000337e-02 -1.379938650999999825e-03 -7.538646361999999830e-03 2.132210107999999923e-02
2.189252800355326301e+01 6.839268627999998962e-02 2.584458754000000004e-03 5.938178730000000238e-02 -1.402831515999999890e-02 1.073579760599999936e-03 -1.106531082400000025e-02
2.460555600355327144e+01 6.241139335999999760e-02 3.202775350000000489e-03 6.635976736000000209e-02 1.241087179999999721e-02 -6.379001571999999912e-03 2.666578433999999831e-02
2.730382800355326367e+01 5.931779260000000914e-02 3.515219913999999800e-03 6.101574831999999338e-02 1.192957518199999969e-02 7.272369798000000163e-03 -1.467695261999999931e-02
3.002287480355326466e+01 5.706588446000000758e-02 -3.035220152000000300e-04 7.209699772000000006e-02 1.781592113999999963e-02 4.087822838400000103e-03 -6.034979711999999968e-03
3.271726840355326260e+01 6.083800781999999796e-02 -1.605553397999999726e-03 7.341411793999999547e-02 3.018328827999999797e-02 4.440598174000000287e-02 -1.552490793999999896e-02
3.541350920355326082e+01 5.977422002000000456e-02 3.491510072000000332e-03 7.624300464000000055e-02 3.999473543999999478e-03 2.649164224000000178e-02 -7.040055194000000016e-03
3.812146560355326841e+01 6.123709207999999959e-02 -1.562445028000000085e-03 8.018716443999999999e-02 -1.480635818000000138e-02 4.650599347999999356e-02 3.835324403999999798e-02
4.080838700355327120e+01 5.266109272000000369e-02 2.349053672000000169e-03 7.519792606000000323e-02 7.578683372600000454e-03 1.614279565999999708e-02 2.936964356000000206e-02
4.350957800355326555e+01 5.072368525999999822e-02 8.647673710000001318e-03 6.949269053999999890e-02 1.211568334599999984e-02 1.880808524000000120e-02 4.036018957999999712e-02
4.620273100355326079e+01 4.731461428000000025e-02 1.230205864000000031e-02 6.099472437999999691e-02 1.716364090000000245e-02 2.243380151999999766e-02 1.895325850000000034e-02
4.891254980355326154e+01 5.717837080000000294e-02 8.686728610000001363e-03 5.844059768000000460e-02 2.774055716000000185e-02 2.048944654000000101e-02 3.037310791999999621e-02
5.161756240355325787e+01 5.468599011999999288e-02 -1.866197346000000130e-03 5.652490152000000379e-02 -3.566648018600000834e-03 5.756274037999999441e-03 4.899211533999999271e-03
5.432252160355326254e+01 5.878771284000000596e-02 1.139358618799999777e-03 4.606444569999999794e-02 6.679785990000000964e-03 -1.344181229999999970e-02 1.195467684200000186e-02
5.701055620355326425e+01 7.115697933999999558e-02 7.663373398600000245e-04 4.203862175999999867e-02 6.981181516799999862e-03 -4.737267950000000061e-02 2.400880022000000114e-02
5.971323740355326493e+01 7.509867841999999516e-02 7.253373425999999624e-03 4.692423230000000028e-02 -5.208384988000000319e-03 4.765638887999999740e-02 2.638931672000000006e-02
6.239701540355326870e+01 6.344737121999999285e-02 4.561595851999999951e-03 5.311916133999999845e-02 -1.213733421999999874e-02 2.122277802000000282e-02 2.920636422000000287e-02
6.510068720355326377e+01 5.592345161999999481e-02 1.183571359999999878e-02 6.029220103999999303e-02 2.928240321799999981e-04 5.096060733999999842e-02 -3.715217181999999965e-04
6.780279340355326667e+01 5.868386488000000567e-02 1.467112962000000076e-03 6.444474442000000525e-02 5.333938515999999980e-04 2.535260989999999978e-02 8.385722953999999452e-02
7.049849380355325934e+01 6.785814308000000239e-02 6.185787517999999548e-03 6.083035504000000593e-02 1.243337499600000173e-02 5.225248554000000434e-02 3.868252539999999379e-02
7.320292160355324995e+01 5.809586748000000744e-02 3.590611409999999726e-03 6.001148532000000202e-02 1.147884842799999985e-03 5.490364293999999874e-03 6.366258057999998887e-02
7.588935300355328195e+01 6.019177596000000602e-02 2.052473047999999779e-03 5.856264354000000061e-02 -1.626447401999999917e-02 1.729242916000000088e-02 7.610553793999999539e-02
7.858666220355326004e+01 5.600715816000000069e-02 -1.420654954799999950e-04 5.568137453999999487e-02 1.087703788799999904e-02 4.002285928000000326e-02 6.947265028000000620e-02
8.129463720355326473e+01 6.237033901999999852e-02 -9.212971185999998744e-03 5.587612669999999365e-02 1.992158466599999907e-03 2.863645474000000093e-02 2.155500458000000202e-03
8.400134060355325971e+01 6.501935952000000019e-02 -9.178232640000000622e-03 5.064667082000000320e-02 -2.881512247200000189e-03 2.433630994000000186e-02 3.729831763599999930e-03
8.669746560355326892e+01 7.296668712000001222e-02 -1.158628486000000055e-02 5.443426557999999499e-02 -1.409944957600000118e-02 8.890160582000001394e-03 4.063387586000000162e-02
8.939612160355326864e+01 6.974766888000000220e-02 -1.167728175999999986e-02 4.614484792000000252e-02 -1.368889264000000029e-02 2.173286974000000066e-02 -1.583849759999999759e-02
9.211172180355326589e+01 6.962728286000000044e-02 -1.152536759999999924e-02 4.973403101999999965e-02 -4.388731863999999205e-02 1.759232092000000136e-02 -3.659349170000000123e-02
9.480282480355329255e+01 6.793886704000000332e-02 -9.256090018000000599e-03 5.137231931999999140e-02 -1.684063692000000237e-02 -2.453249081200000077e-03 -3.325879894000000059e-02
9.751511540355326702e+01 6.867260971999998576e-02 -6.894091922000000414e-03 4.972059044000000372e-02 1.221365868600000036e-02 1.245085072000000001e-02 -1.076398557999999964e-02
1.002080624035532566e+02 6.968834733999999809e-02 -8.822467907999998610e-03 3.518819843999999863e-02 -5.335909873999999942e-02 8.369319248000000808e-03 5.233747170000000587e-02
1.029166530035532503e+02 6.733138738000001011e-02 -5.020101643999999932e-03 2.168580460000000057e-02 2.386777881800000289e-03 -4.167211692000000189e-02 5.793861017999999558e-02
1.056092402035532558e+02 7.758489294000001091e-02 -4.013566813999999879e-03 -6.135538026000000172e-03 -2.013794373999999981e-03 -3.364912421999999986e-02 3.732954284000000039e-02
1.083086656035532513e+02 7.898751421999999911e-02 -2.385277625999999984e-03 -3.023571955999999547e-02 1.157507279999999902e-02 -2.540449339999996720e-05 8.842998936000000948e-03
1.110020558035532758e+02 7.893176765999999900e-02 8.841357800000001349e-03 -3.330303782000000601e-02 -3.977283859999999893e-03 2.706606686000000497e-02 1.023331902600000017e-02
1.137070292035532759e+02 6.616789885999999066e-02 5.136227028000000909e-03 -4.311490487999999899e-02 -1.196822395199999972e-02 5.748178442000000110e-02 -3.856589454000000465e-03
