-1.417325497519273085e+02 8.385826101999999116e-02 3.906007059999999729e-03 -6.271075921999999872e-03 7.403852600000000901e-03 1.435784093999999990e-02 9.726846581999999686e-02
-1.390407938281273061e+02 7.779208210000000678e-02 -3.572027921999999973e-03 -2.120458303999999891e-02 -3.799292705600000597e-02 2.335883613999999858e-02 7.564671977999999630e-02
-1.363480185501273070e+02 7.362541137999999152e-02 -4.987658534000000317e-03 -3.702589600000000258e-02 -1.586817333999999968e-02 3.761027665999999714e-02 3.439313039999999932e-02
-1.336510801761273228e+02 6.395559535999999212e-02 -1.023355255599999944e-02 -5.269051094000000435e-02 -6.310827434000000624e-02 4.115249982000000750e-02 1.240234746000000096e-02
-1.309484990501273387e+02 6.086706651999999884e-02 -9.542589314000000239e-03 -5.100839795999999315e-02 -4.691815409999999797e-02 2.891022395999999842e-02 1.251897463999999960e-02
-1.282471040301273035e+02 6.187474306000000090e-02 -4.501879250000000166e-03 -5.563654205999999519e-02 -2.914500056000000200e-02 2.443569056000000073e-02 1.708195593599999909e-02
-1.255474602701273170e+02 5.988654097999999981e-02 3.610722299999999906e-03 -5.959304084000000001e-02 -3.695721563999999904e-02 3.111770327999999891e-02 5.876951353999999850e-02
-1.228535686901273039e+02 5.463687656000000559e-02 1.694205481919999843e-03 -5.626059813999999271e-02 3.831685074000000524e-02 -1.341127965399999990e-02 8.322174742000000569e-02
-1.201406883901272948e+02 5.294623014000000849e-02 2.007767684000000448e-04 -6.349525944000000699e-02 2.942371491999999991e-02 3.770443901999999924e-03 3.490395172000000656e-02
-1.174490143301273122e+02 5.841321163999999705e-02 1.162532908000000033e-03 -5.980769501999999571e-02 3.789565484000000095e-02 -6.493872484000000160e-03 5.335362252000000471e-03
-1.147418718301273231e+02 6.196290330000000374e-02 -2.303741048000000017e-03 -5.868144877999999925e-02 -1.597782028799999907e-02 -1.643221739999999736e-02 -8.531974280000000077e-03
-1.120344846301273236e+02 6.719165916000000016e-02 -3.511965892000000478e-03 -5.738991248000000628e-02 5.387676296200000388e-03 -3.464936608000000057e-02 1.296873939399999752e-02
-1.093303274501273137e+02 7.104261778000001137e-02 -4.111907988000000971e-03 -5.329176654000000735e-02 1.535696182000000076e-02 -3.598969495999999879e-02 6.515350569000000376e-03
-1.066237227701273298e+02 7.074540878000000477e-02 -3.473281198000000014e-03 -4.703555788000000903e-02 3.274406023999999749e-02 -2.371979258000000285e-02 1.470889880200000090e-02
-1.039329977501273135e+02 6.314439495999998875e-02 -3.735772565999999958e-03 -4.074823133999999625e-02 -6.527227493999999790e-03 -6.640083819999999075e-03 -2.043453574519999913e-02
-1.012340483901272989e+02 6.633333335999999636e-02 -5.410668423999999595e-03 -4.651940543999999456e-02 -2.777145477999998918e-03 4.536865463999999876e-02 -8.057311004000000665e-02
-9.854422369012732474e+01 6.496714714000000057e-02 -5.968090454000000468e-03 -4.576547401999999515e-02 -3.550580626000000850e-02 2.081688167999999964e-02 -7.262898478000000269e-02
-9.585379935012731778e+01 6.120236366000000178e-02 -3.941817557999999742e-03 -4.669836842000000404e-02 -2.237174151999999847e-02 3.750881211999999854e-02 -7.296679765999999900e-02
-9.316511807012730628e+01 6.244778624000000417e-02 -4.286585019999999795e-03 -4.322922162000000096e-02 1.313240939999999520e-03 3.283618868000000302e-02 -4.703227940000000162e-02
-9.045653369012731559e+01 6.935704474000001230e-02 -7.614716752000000137e-03 -4.227264616000000336e-02 1.825521498000000006e-02 -2.827878805999999717e-02 -2.336261084759999954e-02
-8.775959745012731616e+01 6.960366260000000471e-02 -1.344411547200000112e-02 -3.844992747999999988e-02 -3.369949145999999451e-02 -1.511916800599999965e-02 -1.153885907799999909e-02
-8.505676247012732460e+01 6.681390703999999514e-02 -6.691322422000001331e-03 -5.164676844000000433e-02 -3.656196700000001552e-03 8.917568679999987591e-04 -3.551588588000000046e-02
-8.236821837012730896e+01 7.034881621999999890e-02 -5.696302129999999790e-03 -5.799679655999999406e-02 -4.385802465999999455e-02 4.439220459600000390e-02 -1.843022961999999862e-02
-7.966849059012731971e+01 6.755348248000000999e-02 7.793403534400000342e-04 -5.391560326000000014e-02 3.964467194000000083e-02 3.772763240000000717e-04 4.585810506000000120e-02
-7.697300027012730084e+01 5.994372766000000130e-02 3.180408399999999722e-03 -6.344392990000000121e-02 2.061228847999999753e-02 -9.166087400000022100e-04 2.160557823999999932e-02
-7.428161963012730951e+01 5.420689097999999845e-02 2.747706967399999884e-03 -6.934028657999999345e-02 9.407297159999999589e-03 -6.280647370000000396e-02 -9.128608999999995866e-04
-7.158014589012731221e+01 5.109693699999999505e-02 -1.129397176199999986e-03 -6.859692467999999044e-02 -2.411938657999999902e-02 -1.781308703999999812e-02 -6.497984201999999765e-02
-6.887990433012731728e+01 4.953047281999999052e-02 -6.213788320000000059e-03 -6.735277491999999699e-02 1.441560793999999146e-03 -6.910059820000003308e-03 -5.209449294000000064e-02
-6.616859057012729295e+01 4.522249143999999832e-02 -3.490112236000000000e-03 -5.889633847999999755e-02 5.154018739999999266e-02 2.794079439399999726e-02 -2.432634396000000337e-02
-6.345942649012730641e+01 4.211005786000000112e-02 -9.617519324000000161e-03 -6.440411694000000575e-02 3.758887309999999621e-02 4.051374174000000120e-03 2.426883901000000208e-03
-6.076300995012731221e+01 4.549951694000000518e-02 -7.216781276000000869e-03 -6.473968684000000473e-02 2.064045139999999903e-02 -2.079827843999999815e-02 1.249175315999999890e-02
-5.805231843012730764e+01 4.219132899999999964e-02 -6.152822982000000045e-03 -5.362133529999999620e-02 4.468624267999999830e-03 -1.787646282000000114e-02 -1.348277636000000043e-02
-5.534795807012731217e+01 4.453439840000000122e-02 -6.796975453999999292e-03 -4.943051064000000133e-02 -3.304017720000003541e-04 -2.651136249999999639e-02 9.847704434000001394e-03
-5.264439745012730043e+01 5.194925905999999566e-02 -8.934072418000000432e-03 -5.545848965999999880e-02 2.323033922400000173e-02 6.244234940000001864e-03 -7.470847677999999104e-03
-4.993778121012731219e+01 5.267135452000000495e-02 -1.145537539600000043e-02 -5.306413974000000200e-02 1.513549334000000024e-02 -1.481850245999999892e-02 -2.403388914199999782e-03
-4.724321465012731380e+01 5.056811716000000206e-02 -1.594681933999999787e-02 -5.366223528000000492e-02 5.552418251999999797e-03 1.826006386000000176e-02 -1.978548763999999835e-02
-4.454330711012730859e+01 4.729274409999999901e-02 -9.461553363999999564e-03 -5.727899941999999717e-02 4.706871385999998950e-03 3.419702331999999873e-02 -3.996357918000000009e-02
-4.184281093012731390e+01 4.245635052000000520e-02 -3.773293352580000398e-03 -6.140087746000000291e-02 6.345563685800000367e-03 4.307690081999999976e-02 -4.257571329999999821e-02
-3.913608273012731331e+01 4.733017147999999535e-02 1.711615377999999780e-04 -5.810698260000000254e-02 3.196011856000000040e-02 3.970965531999999520e-02 -2.514740071200000093e-02
-3.642966093012731221e+01 5.387107761999999911e-02 4.318744426000000261e-03 -5.314081995999999503e-02 4.106529822000000440e-02 3.100679829999999915e-02 -7.939535123399999589e-03
-3.372670473012730952e+01 5.873355368000000853e-02 1.032463537999999889e-02 -5.612094282000000545e-02 1.355768834599999952e-02 1.888019963999999773e-02 -3.380500575999999258e-02
-3.102563913012730978e+01 5.760098096000000611e-02 1.201182966000000074e-02 -5.462272225999999925e-02 1.002150369999999999e-02 1.411163115179999913e-02 -2.276633119999999996e-02
-2.831863913012731615e+01 5.388507709999999784e-02 1.598242469999999749e-02 -5.753304228000000187e-02 -2.850452300000000383e-02 -4.026208915325999761e-03 -4.884910693999999776e-02
-2.561885473012731040e+01 5.755553321999999639e-02 1.036617108400000008e-02 -4.776108101999999855e-02 2.288569750000000319e-02 -1.226257361999999983e-02 -3.448745739999999754e-02
-2.291878293012731405e+01 5.954705350000000230e-02 8.820092038000000578e-03 -4.599823434000000627e-02 -3.534519330000000098e-02 2.180855622000000063e-02 9.561233440000000555e-03
-2.022254533012731414e+01 6.314985627999999962e-02 8.304514266000000491e-03 -4.170821891999999809e-02 1.360449717999999940e-02 4.312401797999999842e-02 -1.996894666000000040e-02
-1.752139813012730940e+01 7.047710002000000251e-02 5.329423524000000308e-03 -4.813136319999999913e-02 -1.029114849999999970e-02 2.840878213999999818e-02 -3.064472717999999762e-02
-1.481320173012730912e+01 7.028700731999999729e-02 3.694600333999999240e-03 -4.052477038000000531e-02 1.827524803599999900e-02 3.396843238000000348e-02 -3.273382907999999869e-02
-1.212184213012731604e+01 6.956835906000000125e-02 7.380137216000000160e-03 -2.832367337999999735e-02 -4.981585660000000144e-03 3.909447583999999670e-02 -7.561121840000001489e-03
-9.416448330127314748e+00 7.557875558000000382e-02 4.879462380600000510e-03 -8.328605956000000726e-03 -2.328084794199999832e-03 3.176383300000000607e-03 1.714948997800000083e-02
-6.729029730127313869e+00 7.515739470000000477e-02 6.881500150400000643e-04 5.571143560000000119e-03 -1.375819374199999980e-02 -2.586349755999999694e-02 1.024281316200000014e-02
-4.037904730127314323e+00 7.036997366000000143e-02 3.970439452000000882e-03 1.890395809999999982e-02 -1.312254323199999947e-02 -6.425961964000000484e-03 2.539819582000000381e-02
-1.337920330127309487e+00 7.339827863999999480e-02 2.767231035399999976e-03 2.836397216000000054e-02 -6.074786066000000158e-03 -3.335952747999999801e-02 2.938005024000000034e-02
1.362064069872690242e+00 6.945351531999999217e-02 1.690669625400000129e-03 3.009374207999999593e-02 6.539036849999999013e-03 -2.046596904000000036e-02 3.644900595999999576e-02
4.053735869872690856e+00 6.691664389999998908e-02 4.343753311999999298e-03 3.817299452000000315e-02 -1.898560381999999866e-02 -4.757389115999999425e-03 2.989094132400000464e-02
6.742667069872692487e+00 7.083775824000000665e-02 5.121203466000000259e-03 4.040450381999999979e-02 -1.413284960000000048e-02 9.603778513999999128e-03 1.256469385600000009e-02
9.439729669872685136e+00 6.725689642000000357e-02 4.914680006000000240e-03 4.837209423999999647e-02 -1.932020672000000008e-02 2.202540273199999829e-02 2.667216315800000070e-02
1.214240486987268852e+01 5.738633391999999750e-02 1.505809323560000071e-03 5.474719299999999261e-02 -1.880666649999999940e-02 1.101431665999999879e-02 -1.178892602600000675e-03
1.483179226987269317e+01 4.860427073999999681e-02 -1.941513228799999959e-03 5.746650445999999801e-02 2.350794552000000023e-02 6.000532492000000030e-03 -2.947899374540000061e-02
1.753213306987269249e+01 4.403258386000000191e-02 -3.871532834400000060e-03 6.508447148000000293e-02 1.861340703999999832e-02 3.952976124000000258e-02 2.042601085800000143e-03
2.023424566987268491e+01 5.011915977999999855e-02 -6.036833499799999911e-04 7.195813232000000670e-02 1.747226343600000176e-02 5.769748760000000323e-03 2.533642320000000295e-02
2.294993906987268772e+01 5.364752740000000575e-02 -2.537133220799999821e-03 6.701748545999999807e-02 4.765064525600000434e-02 -1.890624231999999891e-02 6.608599308000000228e-02
2.565633886987269108e+01 5.188945207999999532e-02 -6.674298109999999944e-03 7.156254282000000522e-02 1.358329367199999881e-02 1.361395709999999905e-02 3.858120551400000264e-02
2.836585486987269178e+01 3.532103825999999974e-02 -5.153798597200000622e-03 7.728048858000000076e-02 1.540590605600000197e-02 1.253479033999999916e-02 -2.664611302600000068e-03
3.107013566987269115e+01 3.153723966000000073e-02 -2.040813135400000068e-03 7.904588576000000366e-02 1.674032847399999774e-02 -1.257928200000000066e-02 -1.340750603999999943e-02
3.377988586987267894e+01 2.962926050000000422e-02 -3.559194584000000168e-03 7.051784881999999255e-02 -2.356586981400000252e-03 -2.166428950000000189e-04 1.494268902000000024e-02
3.647722966987268478e+01 1.968479914000000053e-02 7.133063168000000447e-03 6.944553006000001028e-02 -1.853467605599999971e-02 2.050577395999999761e-02 1.319604576000000043e-02
3.917458906987268108e+01 1.870701615999999928e-02 2.745908606000000210e-03 7.123118170000000693e-02 -3.441641862000000083e-03 4.096376322000000458e-02 -2.337038367999999533e-02
4.187350786987268947e+01 1.634770649999999978e-02 2.576054514000000045e-03 6.668852279999999688e-02 -1.627986296199999960e-03 6.531364832000000065e-02 -3.629917247999999569e-02
4.458342966987269307e+01 1.503242210000000148e-02 3.387328157999999582e-03 7.220510380000000339e-02 -2.552247361999999964e-03 3.951800981999999823e-02 -2.438316280000000363e-02
4.727976406987268376e+01 1.903640265999999998e-02 7.443783701999999620e-03 7.297125633999999861e-02 -1.893643853999999946e-02 1.631921064000000157e-02 -4.441960953999999490e-02
4.998532986987268600e+01 2.190531290000000131e-02 -1.350359530000000028e-03 7.585526108000001377e-02 -2.022884274000000260e-02 1.727706623999999969e-02 -4.231979200000000191e-02
5.269386706987269520e+01 3.044080351999999684e-02 -2.168736962820000044e-03 7.671570001999998556e-02 -7.508653104000000134e-03 -4.349719325999999719e-02 -3.758763988399999728e-02
5.539537966987268192e+01 3.440008298000000325e-02 -7.049551636000001183e-03 6.949713436000000411e-02 -8.775540599999972200e-05 -2.402586656000000112e-02 1.091891445160000050e-02
5.810455166987269138e+01 3.844020494000000010e-02 -5.644356469199999496e-04 5.985652016000000269e-02 8.219319808000001212e-03 -4.068851775200000437e-02 3.665408618000000340e-02
6.079855466987269352e+01 4.599949442000000194e-02 -3.470111399999989545e-05 5.095311106000000034e-02 7.031272744000000366e-03 1.517359937999999964e-02 4.263344549999999872e-02
6.349114226987269660e+01 5.784993777999999226e-02 1.308520999999999990e-02 5.068069816000000255e-02 1.043505277399999973e-02 3.667230576000000269e-02 5.181538020000000383e-02
6.619194826987268243e+01 6.427625126000000022e-02 1.260005911600000153e-02 4.744398681999999895e-02 8.479419120000001447e-03 1.333835187199999828e-02 2.498837554000000322e-02
6.889269526987268932e+01 6.120953978000000240e-02 9.676176142000000174e-03 5.551959462000000123e-02 -2.349899084000000443e-03 -4.528731319999999838e-03 5.353938280000000022e-02
7.160325486987268562e+01 5.390453271999999518e-02 8.210325273999998993e-03 5.537510618000000134e-02 2.067153486000000012e-02 2.027027020000001043e-03 5.611352841999998897e-02
7.430451726987269012e+01 3.889707785999999695e-02 1.153455860200000051e-02 5.980262528000000050e-02 2.551523663000000025e-02 -2.802483717000000055e-02 4.237418880000000387e-02
7.700426406987268990e+01 4.103771243999999874e-02 1.751147582000000050e-02 6.667577269999999667e-02 9.330076102000001842e-03 3.670077521999999537e-03 5.494449172000000214e-02
7.970718286987269607e+01 4.704121476000000523e-02 2.026111889999999971e-02 6.210396933999999536e-02 8.180077550000001280e-03 2.025711008000000146e-02 8.505290481999999708e-02
8.239790466987270179e+01 6.053575140000000410e-02 2.000134262000000107e-02 5.437232383999999336e-02 2.417065976000000102e-02 2.536374269000000320e-02 3.993770717999999692e-02
8.509950146987269193e+01 5.751690676000000002e-02 3.096637145999999591e-02 4.369136333999999733e-02 2.362539270000000094e-02 9.436130819999999364e-03 1.598626068600000200e-02
8.780131726987269758e+01 5.267292383999999661e-02 2.932142168000000451e-02 3.410498297999999678e-02 8.355379552000000848e-03 -2.327324650000000064e-02 2.553211535999999615e-02
9.049410166987269122e+01 5.630280588000000780e-02 1.924876878000000152e-02 2.862840998000000178e-02 8.442794527999999618e-03 -5.334197545999998930e-02 -3.127222636000000222e-02
9.318686746987268066e+01 5.622635303999999612e-02 1.220819847999999805e-02 3.587303362000000134e-02 2.188449350000000113e-02 -1.182108498000000209e-02 -2.295468366000000260e-02
9.588834206987269226e+01 6.367281249999999504e-02 1.073279565599999895e-02 4.412848734000000134e-02 1.086968200799999854e-02 2.315476416199999804e-02 -2.376749702600000277e-02
9.859485486987269098e+01 6.383100531999999494e-02 6.392696280000000194e-04 5.139952300000000252e-02 9.836980993999999007e-03 -1.349850246000000630e-03 1.069145827999999979e-02
1.012924390698726853e+02 6.222182424000000101e-02 -5.924955354000000299e-03 5.758350056000000050e-02 1.157216168399999821e-02 -1.574018077999999807e-02 2.350241776000000157e-02
1.039842358698726912e+02 6.251372083999999496e-02 -1.754671554000000137e-03 5.185981582000000201e-02 2.713538381999999749e-02 2.255789706000000186e-02 3.139055512000000353e-02
1.066729112698726851e+02 6.866725932000000698e-02 2.739632212000000112e-03 4.962546050000000292e-02 2.249452274000000168e-02 9.221087027999999228e-03 3.258267822000000119e-02
1.093891266698726952e+02 6.944911110000000221e-02 -1.905238959600000226e-03 3.639412928000000658e-02 1.255175128999999959e-02 -7.572183700000001882e-04 4.868089043999999921e-02
1.120924328698726669e+02 6.804554917999999786e-02 -3.583693735999999869e-04 2.585946891999999983e-02 -8.165843810000000119e-03 5.514595669999999665e-03 9.302364800000000739e-03
1.147876954698726877e+02 6.444152863999999536e-02 1.657984335019999740e-03 2.973273859999999574e-02 -1.405697836799999975e-02 1.419458808599999809e-02 -1.545436377999999909e-02
1.174838548698727010e+02 6.880917229999999885e-02 8.303335370000001353e-03 3.971251007999999916e-02 -4.366401237999999879e-02 2.847297322999999686e-02 1.103270411600000035e-02
1.201955202698727163e+02 7.300581344000001138e-02 7.105401784000001109e-03 4.220488877999999805e-02 -8.251424778000000793e-02 9.076288160000001593e-04 2.756152840000000021e-02
1.228970138698726942e+02 7.683100051999999791e-02 1.114322356959999982e-02 3.231223483999999535e-02 -2.982423411999999413e-02 -1.060444904000000174e-02 4.401934510000000272e-02
1.256054294698727034e+02 8.464229986000000594e-02 4.727853180000000108e-04 1.247677199199999885e-02 -1.075867449999999906e-02 1.916263929999999921e-02 5.956014292000000321e-02
