-1.458799524179916602e+02 6.358906243999998265e-02 -8.007821872000001756e-03 6.122515470000000626e-02 1.913080318000000279e-02 -2.093044922000000113e-02 -2.828402851620000040e-03
-1.431828340201916490e+02 6.257457167999999625e-02 -4.686384023999999940e-03 5.525521551999999781e-02 -8.310369519999999399e-03 -2.469253051999999865e-02 1.265396900999999838e-02
-1.404805956461916310e+02 6.131704002000000486e-02 -3.097671974000000203e-03 5.318220905999999915e-02 -2.081636601999999753e-02 2.181129979999999954e-02 2.788221493999999342e-02
-1.377897038321916341e+02 6.118475201999999669e-02 -4.283688441999999874e-03 5.065872013999998813e-02 1.242745109399999957e-02 8.621521519999999703e-03 8.554467474000000335e-03
-1.350914391181916585e+02 7.176873341999999434e-02 3.835885823999999559e-03 4.811120990000000014e-02 -6.091063193999999952e-03 -2.522716884000000132e-02 3.289969383999999386e-02
-1.323931862981916368e+02 6.645858883999999911e-02 7.846072929999999696e-03 3.416345828000000306e-02 1.046835893799998696e-04 1.750248670000000006e-02 3.506709352000000196e-02
-1.296990172181916705e+02 6.993426197999999538e-02 1.125261156000000040e-02 1.264866967999999856e-02 5.444938861999999453e-04 1.592843916000000193e-02 2.740188178000000502e-02
-1.269950812981916499e+02 8.172330002000000038e-02 1.279662793999999937e-02 7.476645404000000199e-04 -8.440354435999998864e-03 -1.485375624000000172e-02 2.784365175999999747e-02
-1.242958647381916535e+02 8.059112554000000261e-02 1.516956095999999997e-02 -1.462810015999999914e-02 -2.556101786000000188e-03 -9.760701035999999955e-03 -5.176538237999998848e-02
-1.215985156781916459e+02 7.435879987999999274e-02 5.977195597999999596e-03 -3.292231492000000093e-02 -5.156808833999999842e-03 1.194784629799999862e-03 -5.121956313999999344e-02
-1.189002069581916601e+02 6.921851983999999236e-02 -5.563462292000000489e-03 -4.421635808000000389e-02 2.387067011999999960e-02 -1.062221123999999850e-03 -7.432354780000000050e-02
-1.162091216181916451e+02 6.704229612000001115e-02 2.862131898000000278e-03 -4.997063886000000649e-02 9.168874647999999614e-03 3.413087155000000227e-03 -1.386605791999999913e-02
-1.135040578581916435e+02 6.939497068000000102e-02 1.461999161999999854e-03 -5.167804728000000708e-02 9.540644442000000003e-03 1.648163233999999991e-02 -8.436281777999998788e-02
-1.108002734981916575e+02 5.988349463999999983e-02 6.789966487999998628e-03 -5.996457111999999728e-02 5.111647457999999450e-02 7.613856339999999952e-03 -5.166185908000000410e-02
-1.080913563181916572e+02 5.547003094000000495e-02 8.881117043999998961e-03 -5.562292580000000042e-02 1.016598287800000132e-02 -1.659220986000000189e-02 -2.128145784000000026e-02
-1.053973206781916332e+02 5.303079734000000489e-02 1.060079336399999883e-03 -6.489363055999999852e-02 3.547785565999999474e-02 -5.356118609999999287e-03 2.896794089999999919e-02
-1.026851353781916458e+02 5.472887248000000288e-02 1.075094634000000118e-02 -6.659803647999999743e-02 1.936085853400000122e-03 2.653325223999999927e-02 2.862505430000000101e-02
-9.997763847819165051e+01 6.358093103999999662e-02 1.621607921999999684e-04 -6.543204680000000439e-02 -3.741010684199999516e-03 -1.401554247999999871e-02 3.276973962000000185e-02
-9.726777691819164318e+01 6.719708963999999896e-02 -7.333669220000000114e-03 -5.580905125999999911e-02 -1.833472201999999940e-02 -1.771590882000000132e-03 -1.127218874200000033e-02
-9.454918629819164266e+01 6.191572249999999222e-02 -1.242152866000000022e-02 -5.148070195999999987e-02 8.723537988000001214e-03 -2.901283470000000017e-02 -2.404530753999999798e-02
-9.185934941819164123e+01 6.208303685999999599e-02 -1.108462781999999987e-02 -5.653885300000000003e-02 2.515785472000000092e-02 -4.443414871999999682e-02 -4.804230221999999939e-02
-8.916252347819165891e+01 6.611192734000000126e-02 -5.029698745999999603e-03 -5.136090593999999981e-02 -2.380470072000000215e-02 7.481510789999999689e-03 -6.401241826000000912e-02
-8.647458223819165823e+01 6.847641641999999140e-02 -7.326987313999999696e-03 -5.694094818000000613e-02 -4.628454603999999917e-03 3.947405422000000580e-02 -3.432126241999999827e-02
-8.377681879819165545e+01 6.825321738000000860e-02 1.572546819999999946e-03 -5.643873759999999684e-02 -6.487606972000000598e-04 1.908609680000000058e-02 -7.210867676000001780e-02
-8.107712475819164410e+01 5.387318393999999955e-02 1.066477609999999868e-02 -5.980757054000000045e-02 2.168139286000000075e-03 -1.664315913999999882e-02 -1.015575922400000115e-02
-7.837902065819164932e+01 4.567009481999999981e-02 8.306272425999999126e-03 -5.170051977999999548e-02 2.461312355999999840e-02 -1.381216077399999818e-02 -3.687822757999999895e-02
-7.567418535819163594e+01 4.553335558000000394e-02 3.590198686000000035e-03 -5.969433742000000015e-02 1.526614897999999977e-02 1.190232287999999986e-02 1.265778445799999952e-03
-7.297477567819166211e+01 5.736137114000000592e-02 3.710546333999999863e-03 -4.777276700000000764e-02 4.736895886000000444e-03 6.050588499999999710e-03 -8.259453141999998499e-03
-7.028102941819165039e+01 6.328606364000000095e-02 7.117153878000000156e-03 -4.517543029999999959e-02 1.201712708000000039e-02 4.118470537999999875e-02 -3.169918332200000015e-03
-6.757422351819165840e+01 5.720627712000000281e-02 1.400252819519999981e-04 -5.025702424000000335e-02 -1.474589641400000060e-03 2.425590269999999826e-02 -1.147991841000000138e-02
-6.487607191819165564e+01 6.533331634000000276e-02 -5.359886692000000175e-03 -4.654787587999999893e-02 -1.591224848000000192e-02 4.556403674000000098e-02 -5.057254850000000163e-02
-6.217729037819164972e+01 6.905563259999999981e-02 1.694708729999999967e-03 -4.146888464000000191e-02 1.332510070000000012e-02 2.780475914000000298e-02 9.931793590000001504e-03
-5.946752379819165668e+01 7.407692827999999563e-02 -1.146225862200000046e-03 -4.586159179999999697e-02 -2.782327716999999975e-03 5.789743751999999744e-02 -3.524991908000000423e-02
-5.677956849819165797e+01 6.417245214000000253e-02 1.758693669999999900e-03 -4.832485494000000881e-02 1.728444000000000161e-02 3.149658423799999492e-03 5.396796464000000459e-03
-5.407081287819164572e+01 6.198959803999999629e-02 4.526045951999999907e-03 -4.942823069999999902e-02 -3.672511190000000373e-03 5.939631563999999385e-03 -5.212566745999999696e-03
-5.138246787819164041e+01 5.500818256000000739e-02 5.602701725999999563e-03 -5.522963471999999679e-02 9.679469244000000333e-03 4.649589006000000302e-02 2.974583504000000156e-02
-4.868467191819165407e+01 5.377541068000000340e-02 1.148921728000000010e-02 -6.466686723999999498e-02 -4.557963384000000145e-02 1.989615012000000432e-02 -1.584088551999999692e-02
-4.597860355819165079e+01 5.414175108000000153e-02 1.016724045199999919e-02 -5.840259838000000370e-02 -3.137111459999999963e-02 -1.335428199200000034e-02 1.936962705999999840e-02
-4.328395955819164698e+01 5.812952444000000357e-02 2.697561247400000238e-04 -6.762040285999999789e-02 -4.010687444000000934e-02 -8.295896595999999873e-03 -2.352762099999999856e-02
-4.057832815819165262e+01 5.016852953999999254e-02 3.609997814000000423e-03 -6.778708874000000106e-02 1.631160125999999919e-03 -2.188050608000000063e-02 -2.581762653999999935e-02
-3.788092535819164652e+01 5.250976698000000414e-02 -8.010890347999999588e-04 -6.694674096000000074e-02 4.561771117999999584e-03 -5.289116600000000161e-03 -3.061040318000000232e-02
-3.517990055819164752e+01 5.344850308000000105e-02 1.027821809199999919e-03 -6.513133771999998767e-02 -3.642710609999999516e-02 -1.605849189999999926e-02 3.349869063999999508e-02
-3.248826895819165372e+01 5.212570549999999414e-02 1.634994317999999888e-03 -6.858358200000000404e-02 -3.763743055199999903e-03 1.963044714839999854e-03 1.921422056000000184e-02
-2.978098455819164059e+01 4.391703985999999976e-02 -6.253991725999999245e-03 -6.057449514000000368e-02 6.530706549999999375e-03 -3.888724172000000007e-02 -2.542337257999999905e-02
-2.708481915819164598e+01 5.343290982000000605e-02 -5.390702966000000297e-03 -5.931489420000000262e-02 -6.663814331000000521e-03 2.577567484000000200e-02 -4.368551825999999983e-04
-2.438585335819164612e+01 5.470451311999999927e-02 -9.809578117999999750e-03 -5.892211383999999830e-02 4.347248403999999511e-02 -1.576619798000000044e-02 -2.743391626000000333e-02
-2.169477255819165151e+01 5.561086388000000685e-02 -2.243411902079999842e-04 -6.016183187999999543e-02 -8.401017844000002038e-03 -1.357884594000000056e-02 -2.012667787999999880e-04
-1.899025995819165047e+01 6.550908181999999524e-02 -4.313380415999999544e-03 -5.371374862000000139e-02 2.151408319999999902e-02 -1.297049277999999875e-02 2.199719054000000371e-03
-1.629129735819164893e+01 7.141280448000000836e-02 -7.464422631999999280e-03 -4.454568027999999957e-02 8.129528270000000237e-03 7.334447858000000924e-03 -2.425120760000000139e-02
-1.358438775819164945e+01 7.768607839999999709e-02 -6.510427477999999879e-03 -2.465466665999999779e-02 -7.669661133999999825e-03 5.233950916000000564e-02 -1.813791994000000379e-02
-1.088719395819164859e+01 7.536444518000000314e-02 2.759329337999999986e-03 -3.559694658000000372e-03 3.757092428000000789e-02 1.210157386799999915e-02 4.977100486000000934e-02
-8.178437758191654083e+00 7.438238373999998820e-02 1.401786229999999953e-02 2.457439541999999894e-02 -7.284103527999999730e-03 5.552072611999999546e-02 2.216267027999999778e-02
-5.477253558191648608e+00 6.538828203999999533e-02 1.338356508000000146e-02 3.587234832000000401e-02 -5.868374119999999333e-02 1.143283852000000038e-02 8.006298850000001174e-03
-2.780665958191645082e+00 6.547996995999999514e-02 1.472887231999999921e-02 4.673281071999999675e-02 -3.428377557999999492e-02 -3.567603711999999677e-02 5.413059838000000568e-03
-8.494095819165181638e-02 6.467859715999998982e-02 1.271329586000000123e-02 5.546820859999999909e-02 3.564704553999999831e-02 1.881805389999999939e-02 2.070738257999999929e-02
2.611287241808355475e+00 6.546888164000000399e-02 4.324733647999999889e-03 6.236293873999999848e-02 7.582930428000000771e-03 7.621273245399999390e-03 6.651028798000000082e-03
5.318730841808348764e+00 6.124714458000000278e-02 -1.494074032000000055e-03 6.524764569999999542e-02 2.258062717999999996e-02 8.240228812000000708e-03 -1.542049459600000182e-03
8.019565641808345191e+00 5.872361031999999426e-02 -7.942409545999999437e-04 6.675885917999999086e-02 -1.166065066000000067e-02 -3.592164200000000363e-02 6.319398169999999697e-03
1.071154024180835407e+01 5.977228642000000786e-02 -3.185367958000000221e-03 6.464617671999998982e-02 -7.732759356000000819e-03 -5.947203629999999602e-02 1.275763335000000033e-02
1.342164004180834880e+01 6.217031488000000078e-02 -4.700020315999999670e-03 6.232519979999999460e-02 1.076555118399999920e-02 -1.554125211999999798e-02 3.141970633381999632e-03
1.612097444180835026e+01 6.167862116000000228e-02 -4.712883480000000860e-03 5.890860598000000753e-02 4.076649723999999607e-03 5.441954002000000141e-04 1.468494244600000199e-02
1.882349664180835092e+01 6.297756277999999597e-02 -9.272621961999998746e-03 5.720936911999999902e-02 -3.835795012000000476e-02 2.698061003999999846e-02 5.162816439999999736e-03
2.152284964180835303e+01 5.526997286000000231e-02 -9.253675302000000796e-03 6.088106439999999703e-02 -3.127347687999999792e-02 1.479860054000000161e-02 3.642599757199999587e-03
2.422026204180835407e+01 5.528955827999999795e-02 -1.394733320000000236e-03 6.102824794000000219e-02 -3.733358204000000041e-02 -5.372159417999999853e-02 -3.570996138000000208e-03
2.692810904180835152e+01 5.916701779999999911e-02 6.345859010000000529e-03 5.167341772000000333e-02 -5.426875991999999954e-02 -1.574747711999999883e-02 3.511131182000000461e-02
2.963163424180836003e+01 6.297934430000000361e-02 2.937937111999999826e-03 4.520468358000000186e-02 -2.864715618000000102e-02 -2.705100599999999897e-02 1.048047567400000116e-02
3.233871524180835166e+01 6.459385684000000516e-02 1.131769961999999977e-02 4.163267072000000069e-02 -4.612074469999999718e-03 -1.796290685999999900e-02 -1.920383015200000012e-03
3.504256204180835255e+01 6.201860359999999961e-02 5.105644808000000569e-03 3.791669350000000105e-02 -2.221779281999999855e-02 -8.455618581999998357e-03 -1.783828511999999838e-02
3.774710584180835582e+01 6.535312392000000581e-02 4.075836529999999833e-03 4.292795787999999918e-02 -3.365906149999999680e-02 3.001899268000000204e-02 -2.972479115199999807e-03
4.045901844180834672e+01 7.718938604000000203e-02 7.975487455999999767e-03 3.368742442000000059e-02 -5.847853805999999460e-02 4.143775728000000103e-02 1.458288735999999954e-02
4.314512144180834952e+01 7.598907357999999668e-02 6.716745149999999928e-03 3.498981542000000056e-02 -8.268837988000000971e-02 1.243908806000000068e-02 -3.280433686600000513e-03
4.584807464180834558e+01 6.516796211999999200e-02 1.645626753999999883e-03 3.785794254000000164e-02 2.716710569999999936e-02 4.594806733999999560e-02 2.247980391999999938e-02
4.853786224180835518e+01 7.268357879999999549e-02 -2.183391586000000498e-03 4.341745119999999847e-02 1.574866434000000287e-02 1.355586890000000030e-02 5.755703703999999823e-03
5.124261824180835134e+01 7.190948876000000101e-02 -2.264778466000000150e-03 4.308000780000000030e-02 8.756536829999999813e-03 7.775150508000000342e-03 5.064419770000000431e-02
5.394597464180835544e+01 6.798988460000000844e-02 -7.130446860000000386e-03 5.190758192000000104e-02 2.284395338000000039e-02 6.850219180000000421e-03 2.971170572000000204e-02
5.663599024180835073e+01 6.293344860000001095e-02 -9.474374299999999485e-03 5.112766338000000049e-02 -9.568842810000000379e-03 1.684899990000000153e-02 8.148858721999999860e-03
5.931936844180834356e+01 6.033958747999999817e-02 -1.559988237999999916e-02 5.492914678000000717e-02 -6.788202346600000561e-03 -1.115347244799999929e-02 1.337027836000000136e-02
6.201601824180835365e+01 6.804928082000000211e-02 -9.005129247999999614e-03 5.907848837999999519e-02 -1.033671319799999962e-03 -7.424328092000000504e-03 2.192712373999999853e-02
6.470779024180835393e+01 6.202689581999999702e-02 -8.989866952000000536e-03 6.271463772000000769e-02 -1.145353145999999933e-02 -1.373754238000000601e-03 5.517258222000000559e-03
6.742104644180835749e+01 5.889742367999999118e-02 2.560907541999999856e-03 6.072095018000001065e-02 2.500008063999999836e-02 5.152298938000001056e-03 3.002237323200000231e-03
7.013353084180835140e+01 5.450590711999999532e-02 2.529189013999999774e-03 7.167463411999999701e-02 1.691048617999999990e-02 -4.385761837999999427e-03 -4.720716053999999412e-02
7.283105564180834790e+01 4.536970319999999307e-02 4.349771607999999628e-04 6.779749239999999233e-02 4.086466753999999646e-02 8.872020099999999160e-03 -2.691352223999999779e-02
7.554190884180835042e+01 4.857064543999999734e-02 3.456835362000000404e-03 6.195374105999999770e-02 3.041244646000000260e-02 3.753022487999999090e-04 6.655964185999999061e-02
7.823876864180836321e+01 5.565499386000000159e-02 2.433581280000000381e-03 6.326140646000000256e-02 5.079018283999999633e-02 -4.376796507999999863e-02 1.592372852000000297e-02
8.095031224180834784e+01 5.841639125999999876e-02 2.224881677199999858e-04 6.078362571999999797e-02 -1.895502944960000087e-03 2.668202403999999500e-02 1.834560650199999797e-03
8.365433404180836874e+01 5.466485003999999037e-02 3.011640457999999795e-03 6.672695619999999272e-02 -2.036181788000000076e-02 -2.685347981999999800e-02 -3.815858117999999799e-02
8.634119964180834472e+01 5.479756870000000030e-02 4.480746847999999942e-03 6.186992582000000462e-02 -2.262116002000000292e-02 -2.373226641999999845e-02 -1.323450492600000174e-02
8.905066824180836704e+01 5.673161760000000609e-02 -9.550887074000000013e-04 6.291853764000000793e-02 -2.966971606400000197e-03 -4.278746742000000269e-02 4.604121202799999965e-03
9.175329624180835708e+01 5.368520075999999586e-02 -8.822347891999999170e-04 6.061408978000000503e-02 -4.038425130000000349e-03 -1.373090333999999954e-02 3.611375501999999904e-02
9.446964024180836361e+01 5.890816460000000004e-02 -8.855463386000000025e-04 6.549908284000000025e-02 3.024796114000000147e-02 8.242343073999999553e-04 5.446069515999999583e-02
9.716778384180834394e+01 5.783581147999999894e-02 -3.438538422000000146e-03 6.537082561999998931e-02 4.815164062000000522e-02 -7.233276378000000513e-03 5.208076665999999966e-02
9.987371824180834778e+01 5.549555753999999702e-02 -7.964582346000000784e-03 5.699509712000000450e-02 4.474468076000000238e-02 -1.403276264000000162e-02 1.709328270000000025e-02
1.025649528418083776e+02 5.091696194000000508e-02 -9.122222905999999992e-03 5.870485694000000809e-02 -3.729861405999999879e-02 1.967484710000000012e-02 -3.649235299999999821e-02
1.052639400418083540e+02 5.606978974000000060e-02 -1.044955925999999959e-02 5.973893266000000757e-02 4.397936219999999848e-03 4.420885331999999807e-03 -6.993178785999999529e-03
1.079552590418083611e+02 6.297766417999998978e-02 1.471128045999999965e-03 6.475206730000000743e-02 1.525678018000000205e-02 2.714618409999999815e-02 3.010484131999999896e-02
1.106624714418083641e+02 5.399027516000000360e-02 1.342801233999999996e-02 5.453520503999999963e-02 3.097300815999999915e-02 -5.600338007399998860e-03 7.772254779999999627e-03
1.133686152418083282e+02 6.079223534000000040e-02 1.819447088000000160e-03 5.462566481999999585e-02 -1.511599369040000137e-03 1.589127369999999984e-02 2.932064876000000167e-02
1.160673280418083522e+02 6.221258979999999550e-02 8.225526738000000018e-03 5.695942492000000135e-02 1.032475242999999826e-03 -2.355002341999999985e-02 1.051510723999999827e-02
1.187516308418083355e+02 6.635275123999999358e-02 -3.523999358000000186e-03 5.476157555999999760e-02 -2.088714432000000204e-02 -7.665379669999999868e-03 9.226178374000000917e-03
1.214655722418083599e+02 5.937391956000000193e-02 -5.914994114000001087e-03 5.806045697999999422e-02 -8.190048724000000696e-03 -9.717695308000000656e-03 1.636186833999999854e-02
