-1.467619806238546687e+02 8.314728684000000092e-02 9.964216549999999235e-04 -2.337995118000000053e-02 -1.416944605999999850e-02 1.577978577999999965e-02 6.423233083999999038e-02
-1.440739387138546590e+02 7.673798713999999133e-02 -3.654331494000000007e-03 -4.247141328000000188e-02 7.222403242000000403e-03 -2.192416947999999838e-02 1.719650783999999988e-02
-1.413762903098546815e+02 5.921815752000000183e-02 -6.029080701999999826e-03 -4.477142997999999235e-02 4.564173293999999881e-02 -1.792453922000000061e-02 5.234847062000000557e-03
-1.386723345918546784e+02 5.810634716000000199e-02 -6.807425906000000478e-03 -5.969530969999999742e-02 7.181808483999999049e-02 1.747877597999999977e-02 2.486059903999999696e-02
-1.359877868838546533e+02 6.006307085999999795e-02 -7.110083655999998795e-03 -4.898021755999999727e-02 8.481132882000000373e-02 5.669742845999999753e-02 -3.412913730000000177e-03
-1.332788437838546542e+02 6.236303771999999329e-02 1.988480205999999979e-03 -5.983497738000000121e-02 -2.060902438000000031e-02 3.421353460000000485e-02 -1.595645409999999972e-02
-1.305732391238546484e+02 6.725619708000001029e-02 -1.619963823999999832e-03 -5.357835058000000317e-02 -1.417620755999999746e-02 3.427594143999999898e-02 -3.640182305999999784e-02
-1.278719156438546634e+02 6.458514645999999249e-02 4.757152985999999265e-03 -6.085162387999999700e-02 -3.042404368000000206e-02 -1.932930515999999738e-02 4.669770939999999537e-02
-1.251731441038546535e+02 6.340695824000000536e-02 5.190441976000000068e-03 -5.472200466000000374e-02 8.535317121999999590e-02 -4.896054158000000614e-03 4.998340465999999427e-02
-1.224649059638546760e+02 6.126848395999999475e-02 7.899355601999998727e-03 -5.664907783999999225e-02 3.737865522000000107e-02 -6.188196991999999480e-03 1.772409339999999819e-02
-1.197650887838546652e+02 7.135972792000000453e-02 9.185497188000000049e-03 -6.873359085999999896e-02 5.520901129999999934e-02 2.156570095999999978e-02 2.681117182000000015e-02
-1.170725959638546527e+02 7.733321806000000020e-02 7.174836105999999984e-03 -6.822420995999999016e-02 3.342868423999999228e-02 -1.191747532199999944e-03 2.961159932000000453e-02
-1.143930119038546707e+02 7.370044480000000064e-02 5.563727891999999987e-03 -5.996314868000000159e-02 3.469872709999999999e-02 -9.468795760000000769e-03 -1.158390657799999827e-02
-1.116839959838546577e+02 6.843000476000000998e-02 1.672790001999999946e-03 -6.462413257999999328e-02 2.318675128399999910e-03 -5.009735907999999377e-02 -6.330454214000000301e-02
-1.089791775238546734e+02 6.081582566000000301e-02 2.889966857999999930e-03 -6.956049899999999786e-02 7.335016481999999394e-02 -1.032163972400000108e-02 2.695801100000000394e-02
-1.062846319038546596e+02 6.134229696000000065e-02 -1.521989117199999990e-03 -6.522077074000000307e-02 7.092885447999999760e-02 2.124014444000000071e-02 2.268623745600000137e-03
-1.035712637838546755e+02 5.779936147999999857e-02 -7.217867579999999623e-03 -6.190565139999999744e-02 2.131406607999999925e-02 2.480093205999999925e-02 1.153156609000000055e-02
-1.008568094038546690e+02 6.418004887999999297e-02 -1.933055576000000013e-03 -5.675229983999999922e-02 7.076043809999999976e-03 -1.998395543999999940e-02 -2.150174724000000065e-02
-9.816544346385465758e+01 6.618978307999998090e-02 -4.950070608000000164e-03 -6.163321814000000121e-02 -1.320745161999999952e-02 -1.003094428200000145e-02 -2.792320957999999687e-02
-9.546453472385466910e+01 6.582805618000001080e-02 -1.408945693999999992e-02 -6.353845287999999869e-02 2.249993396000000284e-02 -4.002558895999999700e-03 -3.300094813999999988e-02
-9.276283970385468081e+01 6.363625668000000291e-02 -1.046238734800000042e-02 -7.291776998000000509e-02 1.445412966000000129e-03 1.328872173999999864e-02 2.345675411599999934e-03
-9.005971190385466230e+01 6.703672402000000752e-02 -9.960100144000002403e-03 -6.858953655999999732e-02 1.087012623999999983e-01 -1.602413200599999907e-02 4.079983870000000040e-02
-8.735293846385465599e+01 6.008491881999999951e-02 -8.525868132000000155e-03 -6.690194858000000910e-02 8.992102968000000029e-02 -1.420747407999999913e-02 1.661062814000000346e-02
-8.464054878385466907e+01 6.399816179999999466e-02 -1.061160839999999994e-02 -6.237842201999999059e-02 9.276147215999999696e-02 -1.706441452000000136e-02 -3.467354437999999733e-03
-8.193808128385465750e+01 5.532923244000000768e-02 -1.057609139999999767e-02 -6.775393467999998864e-02 7.311458288000000083e-02 -3.045711603999999920e-02 1.158372489399999913e-02
-7.924332502385466626e+01 5.636327694000000527e-02 -9.586017481999999437e-03 -7.287490446000000066e-02 9.090497134000000146e-02 -5.971606348000000480e-02 1.627968230000000072e-02
-7.653806222385466640e+01 5.814616448000000520e-02 -9.560788893999999649e-03 -7.050423861999999264e-02 7.119986684000000066e-02 -8.350996403999999540e-03 5.015260453999999951e-02
-7.382919348385466662e+01 5.866000391999999508e-02 -2.244184217999999759e-02 -6.192524221999999579e-02 2.510758955999999736e-02 -3.841539261999999538e-03 3.168830430000000448e-02
-7.113123690385467057e+01 6.375490763999999699e-02 -2.024452412000000284e-02 -6.873441403999999699e-02 4.720173114000000142e-02 5.290425258000000346e-03 -2.880264701999999885e-02
-6.843692286385467582e+01 6.675280227999999538e-02 -1.243298289999999855e-02 -5.488121782000000837e-02 5.105774715999999991e-02 2.025552285999999980e-02 -3.296727144000000109e-02
-6.574263534385468688e+01 6.903546122000001062e-02 -1.937223149999999991e-02 -5.870873653999999359e-02 9.975034034000000716e-02 -2.427617409999999892e-02 -1.486877482600000057e-03
-6.303986064385467358e+01 6.136193852000000615e-02 -2.229451301999999663e-02 -5.015959789999999835e-02 5.441055213999999862e-02 2.169633688000000005e-02 4.419611057999999620e-02
-6.034536784385467456e+01 6.572454401999999751e-02 -2.394322938000000012e-02 -5.692762456000000082e-02 3.875884612000000257e-02 2.092592034000000187e-03 1.435595168000000123e-02
-5.764462346385467129e+01 5.261402999999999913e-02 -9.733995254000000347e-03 -6.288426260000000434e-02 2.960047875999999994e-02 1.891182704000000242e-02 1.909446241999999960e-02
-5.495399564385466817e+01 5.096028174000000188e-02 -1.882485207999999967e-03 -6.633189794000000916e-02 4.971835630000000228e-02 4.920999326000000812e-02 -5.389756789999999853e-02
-5.225584222385466404e+01 4.464518467999999130e-02 7.383696983999999026e-03 -7.160812749999999338e-02 4.408918005999999667e-02 3.583875977999999296e-02 -6.058379875999999470e-02
-4.955775596385467452e+01 5.529802626000000082e-02 6.115508399999999671e-03 -7.156555938000000450e-02 6.688110167999999911e-02 -3.478296688000000365e-03 -3.860384343999999357e-02
-4.685638388385467579e+01 5.775455463999999706e-02 7.517228498000000543e-03 -7.274814201999998953e-02 3.445494189999999401e-02 7.920000874000000801e-03 -1.636836392000000015e-02
-4.415216808385467573e+01 5.872719694000000379e-02 8.018749543999999924e-03 -6.227844112000000681e-02 7.771515798000000821e-03 -1.693607695999999746e-02 -2.932455135999999934e-02
-4.145448688385467051e+01 6.571010384000000593e-02 2.953732525999999779e-03 -6.775833806000000625e-02 -3.851403655599999840e-03 -6.054970829999999082e-03 -4.570404876000000449e-02
-3.875649008385467198e+01 7.050898904000001133e-02 4.259059950000000476e-03 -6.333664270000001484e-02 5.708798210000000373e-02 -2.565504542000000138e-02 -1.802741494000000000e-02
-3.605872728385467241e+01 6.950756955999999598e-02 2.649245906000000008e-03 -5.280148866000000663e-02 4.260925533999999903e-02 4.957659149999999945e-03 -1.485464910000000062e-02
-3.336009948385467538e+01 6.793537316000000659e-02 -1.701886013599999926e-03 -6.096268879999999779e-02 2.825677030000000103e-02 4.432008756000000577e-02 7.025928832000000006e-03
-3.067065888385467431e+01 6.519725612000000503e-02 3.084157141999999997e-03 -6.756437926000000149e-02 5.835826762000000112e-02 1.561530771999999900e-02 -8.491277543999999761e-03
-2.797804628385466685e+01 6.625568571999999878e-02 -1.938150514000000144e-03 -7.096413377999999383e-02 3.411079583999999942e-02 3.795012710000000150e-02 -4.048956604000000098e-02
-2.526538068385466929e+01 6.139754036000000248e-02 2.462799174000000063e-03 -6.496909667999999083e-02 7.027877800000000355e-03 2.935267140000000219e-02 -2.442227821999999951e-02
-2.256400868385467362e+01 5.746986299999999603e-02 1.133600766000000121e-02 -5.819326042000000365e-02 4.966793290000000305e-02 8.348240497999998705e-03 -3.283046318000000519e-02
-1.986719008385466978e+01 6.018773315999999957e-02 1.863910190000000328e-02 -5.837214549999999308e-02 -2.958625309999999772e-02 -1.450514448000000088e-02 -4.251592440000000195e-02
-1.715753368385467326e+01 6.246304823999999922e-02 1.012382545999999939e-02 -4.362553197999999993e-02 8.666066438000000205e-02 2.118350492000000210e-02 -2.644954073999999933e-02
-1.445724628385466914e+01 6.075444340000000359e-02 1.266602119999999873e-02 -2.110468814000000110e-02 2.113260830000000118e-02 3.413516401999999728e-02 -3.667172127999999975e-02
-1.175001788385467272e+01 6.490006930000000174e-02 1.446390298000000199e-02 -5.435653860000000392e-03 -6.000228197999999888e-03 -3.725019429400000352e-03 7.108017894000000225e-03
-9.033149283854669420e+00 6.466725414000000505e-02 1.394476371999999950e-02 1.131902759999999994e-02 -9.448229900000000570e-04 -4.525262521999999510e-02 1.700774814000000079e-02
-6.340080683854671051e+00 6.540758980000001277e-02 8.804207966000000135e-03 3.303338291999999982e-02 -5.462974120000000169e-03 -2.127208341999999724e-02 3.439640598000000271e-02
-3.642327483854665982e+00 6.396831435999998650e-02 1.099514277999999760e-03 4.690404995999999938e-02 -1.278572041999999874e-02 1.429065059999999956e-02 8.517010449999999275e-03
-9.481556838546680854e-01 6.973617157999997818e-02 1.963707486000000146e-04 4.894096720000000456e-02 1.654692534000000090e-02 -2.497899877999999567e-03 3.627900761999999779e-02
1.754022516145329336e+00 6.926154444000000299e-02 5.445183989999999655e-03 5.590875014000000476e-02 -2.763716600000000120e-02 -5.083920168000000128e-02 3.485176029999999259e-02
4.450672316145329432e+00 6.499476381999999552e-02 4.355875327999999928e-03 5.048576597999999971e-02 2.176368864000000070e-02 2.635061516000000020e-02 -4.965727462000000397e-03
7.147984716145328044e+00 6.000458831999999632e-02 5.198107212000000442e-03 5.631816243999999971e-02 -1.632139633999999881e-02 -1.618019954000000232e-02 -2.589785801999999748e-02
9.854444316145333005e+00 5.363687219999999783e-02 2.426685463400000162e-04 6.314709817999999975e-02 -2.730926411999999928e-02 -5.369492244000000081e-02 2.468708107999999929e-02
1.255377891614532437e+01 5.711713741999999844e-02 7.700723882000000409e-04 6.390050292000000465e-02 1.101479842600000016e-02 -3.569172014000000781e-02 2.423698292000000046e-02
1.526621331614533084e+01 5.605179460000000308e-02 9.277950999999994139e-07 6.787323005999998382e-02 -8.923272107999999023e-03 -2.914731362000000381e-02 4.038328233999999989e-02
1.797293491614532712e+01 5.094535398000001047e-02 -1.838777303999999859e-03 7.481078784000000370e-02 -1.096088331999999985e-02 2.537708944000000022e-02 3.910661790000000138e-02
2.065869451614532437e+01 6.336883429999999595e-02 1.900833723999999919e-03 8.035796995999999748e-02 -3.424002669600000222e-03 1.507695120399999908e-02 7.027789051999999703e-02
2.336831331614533269e+01 5.687313106000000534e-02 5.223696344000000255e-03 7.626767900000000489e-02 -1.671841264000000285e-02 9.149126585999999006e-03 6.720575239999999895e-02
2.607311631614532388e+01 5.703401834000000614e-02 -5.984626818000000036e-03 6.694628175999998987e-02 -4.244301732000000521e-02 5.140137609999999302e-02 5.584722756000000399e-02
2.877161611614532077e+01 7.185447763999999737e-02 9.163544175999998459e-03 6.115520113999999008e-02 -2.461174962000000147e-02 -1.565913648799999777e-03 3.203380041999999428e-02
3.147927871614533046e+01 6.786557342000000548e-02 -1.589704177999999883e-03 6.375977375999999919e-02 -4.343807049399999809e-04 -2.765506642000000251e-02 4.014700424000000600e-02
3.417973791614532786e+01 6.190095719999999524e-02 7.041102927999999365e-03 6.622971231999999486e-02 6.180913324000000125e-03 1.545687530000000066e-02 8.926800597999999531e-02
3.687505371614532379e+01 5.094924995999999817e-02 4.301739463999999617e-03 6.938144865999999744e-02 1.245782661999999923e-02 3.263778146000000102e-02 4.929555473999999715e-02
3.956341911614533302e+01 4.550117769999999923e-02 2.253571744000000283e-03 6.539250092000001291e-02 7.296106739999999764e-03 3.194222738000000034e-02 7.853662018000000244e-02
4.226225671614532331e+01 4.955678757999999740e-02 -8.145152316000001461e-03 6.568317409999999135e-02 6.130933978000000298e-03 6.345905572000000092e-03 2.808169112000000189e-02
4.495676611614533158e+01 4.558053999999999578e-02 -1.724708469999999827e-02 6.657275508000000397e-02 -2.935983375999999881e-02 1.406440410000000044e-02 6.455506322000001407e-02
4.765114111614532533e+01 4.958394983999999533e-02 -1.521523632000000049e-02 6.721566480000000510e-02 1.738276155999999781e-02 6.257426570000000285e-03 2.032380821999999615e-02
5.034478191614532250e+01 5.032781978000000489e-02 -1.855228730000000117e-02 6.731739811999999656e-02 6.847438217999999958e-03 4.350076444520000266e-03 4.305657806000000309e-02
5.305621611614533606e+01 5.054657531999999509e-02 -1.039935500000000075e-02 7.266728925999998978e-02 1.856290417999999914e-02 -2.037389882000000072e-03 3.797345010000000021e-02
5.574752551614533047e+01 5.466014270000000425e-02 -6.718333676000000712e-03 5.780690561999999449e-02 1.403427084599999809e-03 1.336050173999999910e-02 8.624766844000000821e-03
5.844882871614532860e+01 5.848219970000000101e-02 -5.178737952000000630e-03 6.065420066000000443e-02 1.489516999999999924e-02 6.484006943999999495e-02 4.890007282000000122e-02
6.113620071614533202e+01 7.318761170000000205e-02 -4.110119843999999849e-03 5.134619301999999996e-02 2.139448757999999964e-02 4.912756118000000116e-02 4.192452787999999264e-02
6.385383171614532927e+01 8.011381215999999195e-02 2.105918850000000099e-03 5.868694554000000035e-02 5.675705763400000839e-03 5.279890961999999383e-03 8.251132413999999471e-02
6.654873811614534418e+01 6.548219850000000508e-02 -2.157574684000000079e-03 5.497775291999999758e-02 8.684331139999999435e-03 -1.102919508199999912e-02 3.306397396000000655e-02
6.925221631614530793e+01 6.323062220000000289e-02 -1.224718374799999921e-03 5.944749017999999274e-02 -6.568053423999999085e-03 1.386101042000000005e-02 7.594851064000000818e-02
7.195606011614532349e+01 6.887023236000000548e-02 -8.713139043999999778e-03 6.052670229999999874e-02 3.490908925999999801e-03 2.309430593999999698e-02 6.456402310000000644e-02
7.465775691614533116e+01 6.393445290000000780e-02 -2.667068348000000214e-03 6.559906237999998946e-02 9.533287114000000076e-03 1.471764023999999962e-02 2.905023913999999971e-02
7.735516291614533202e+01 6.712509590000000081e-02 8.088281683999999985e-03 6.644728822000001145e-02 -1.930763718000000004e-02 -3.224976244000000991e-02 5.184625096000000655e-02
8.005096011614531903e+01 6.279672831999999483e-02 1.351426638000000069e-02 6.514742710000000214e-02 1.006539909199999881e-02 9.432418655999998819e-03 1.907225495999999992e-02
8.274443191614531656e+01 6.408214257999998720e-02 1.401455605999999895e-02 6.601570904000000906e-02 -1.485260632000000259e-03 -5.240538077999999655e-02 3.994879469999999821e-02
8.544828491614535437e+01 6.490149089999999732e-02 9.427362777999999388e-03 6.851948802000000505e-02 1.616936188000000010e-02 -2.870668188000000121e-02 4.398517718000000132e-02
8.813905051614531772e+01 6.639992197999999846e-02 7.037178789999999282e-03 7.074013401999999784e-02 3.122940630000000176e-02 2.999521299999999974e-02 5.000788846000000371e-02
9.084867871614531509e+01 6.856948707999999115e-02 7.013053978000000207e-04 7.037763741999999989e-02 1.562423897999999992e-02 1.475447545999999943e-02 5.262661777999999568e-02
9.355200371614532173e+01 7.595472381999998635e-02 -5.505770929999998994e-03 6.252463514000000666e-02 7.863434893999999772e-03 -1.167403531000000064e-03 6.368729425999999916e-02
9.626039431614532305e+01 6.681264719999999158e-02 5.715300502000000794e-04 6.606139396000000608e-02 1.887945582000000178e-02 -1.971947992000000136e-02 9.989357186000000222e-02
9.897687251614533466e+01 6.551878176000000553e-02 -3.099696420000000365e-03 5.135480443999999867e-02 -4.424535740000000439e-02 -5.465999586000000292e-03 7.304617069999999948e-03
1.016945131161453162e+02 6.215132784000000632e-02 6.753753741999999564e-04 4.932972049999999331e-02 -1.825741480000000333e-02 4.703053274000000214e-03 5.215826414000000050e-02
1.043928381161453274e+02 6.868739143999999519e-02 -6.665586331999999578e-04 5.468670366000000227e-02 -9.992766593999999336e-02 3.333931925999999817e-03 1.894128047999999939e-02
1.071042101161453104e+02 7.544700735999999852e-02 2.092300271999999843e-03 5.813215612000000032e-02 -2.669907155000000257e-03 -8.130745072000001433e-03 1.847054009999999843e-02
1.098006101161453216e+02 7.743585333999999931e-02 3.510940785999999616e-03 5.615686981999999661e-02 -4.660587147999999125e-02 4.015968728000000182e-02 2.965761268000000062e-02
1.124989693161453204e+02 7.794511269999999936e-02 3.650348999999913913e-07 4.472262112000000012e-02 -2.753722119999999982e-02 5.128002415999999633e-03 1.588410468000000381e-02
1.151847757161453245e+02 8.453725753999999371e-02 -1.224853662000000096e-03 3.457744493999999336e-02 2.027248044000000068e-02 2.947772227999999675e-02 -2.181618748599999883e-03
1.178743413161453617e+02 8.576069161999999579e-02 -6.351236084000000219e-03 1.771937561999999827e-02 2.683677209999999966e-02 3.699482721999999835e-02 8.018939302000000630e-03
1.205663813161453106e+02 8.038046961999999185e-02 -6.777390158000000560e-03 -5.124495383999999945e-03 -6.925800209999999346e-03 2.300966373999999842e-02 3.225972509999999738e-02
