-1.454578736706616837e+02 6.504000971999999992e-02 -1.806646469999999977e-02 3.863937963999999892e-02 2.411743870000000040e-02 -2.418523028000000089e-02 4.191869052000000290e-02
-1.427566419796616515e+02 7.025352215999999816e-02 -1.512426984000000106e-02 2.878096658000000099e-02 3.278811518000000064e-02 7.516600594000000246e-04 -1.686259114000000087e-02
-1.400541664796616601e+02 7.567160273999998243e-02 -8.043161029999999073e-03 1.380369183999999826e-02 4.453000986000000411e-02 5.793121762000000459e-03 -1.617717808000000094e-03
-1.373366580136616619e+02 8.118118467999999033e-02 -2.891976954000000186e-03 -1.548507846000000097e-02 3.540904037999999948e-02 -1.496906710000000043e-02 -4.377192379999999411e-02
-1.346317937496616537e+02 6.963611470000000137e-02 3.095055438000000186e-03 -3.465896438000000412e-02 4.811414681999999499e-02 -2.393088689999999658e-02 -1.496781173999999978e-02
-1.319247943696616687e+02 6.344817497999999389e-02 3.817189311999999966e-03 -4.490909514000000768e-02 1.971049148000000167e-02 -6.051408279999999189e-03 8.087989630000000374e-03
-1.292244074696616849e+02 6.770638251999999691e-02 -2.219854552000000234e-03 -5.250927932000000464e-02 -6.996320931999999628e-04 2.679806587999999934e-02 1.401654384000000121e-02
-1.265219427696616492e+02 6.056609990000000332e-02 -2.379725312399999927e-04 -5.618427768000000544e-02 2.681688317599999899e-03 5.050168289999999033e-02 -3.275091431999999775e-02
-1.238257665496616937e+02 6.161351085999999810e-02 -5.134819561999999157e-03 -6.478744614000001012e-02 8.581955977999999180e-03 -8.818626031999999421e-03 -4.046059135999999917e-02
-1.211114018696616768e+02 6.016801184000000052e-02 2.953521242000000085e-03 -6.375337291999999545e-02 -5.542158388000000338e-03 -8.974392581999997981e-03 -2.608895703999999927e-02
-1.184015009296616654e+02 6.716666232000000070e-02 -7.703341861999998992e-03 -5.368300548000000394e-02 3.710009020000000577e-03 3.983363164399999871e-03 -3.286643474000000564e-02
-1.157035568496616662e+02 6.613808202000000247e-02 2.133501857999999928e-03 -5.820997558000000349e-02 8.578014493999999018e-03 1.874232729399999799e-03 -7.097409639999999187e-02
-1.130040940496616457e+02 7.184876244000000522e-02 -4.909254292000000616e-03 -6.321035031999999720e-02 -1.307134776199999834e-03 -7.871788174000001479e-04 -6.806547172000000645e-02
-1.103216706296616820e+02 6.922350519999999341e-02 -4.079881903199999646e-04 -6.923175862000000014e-02 -2.117419061999999824e-02 -1.696909154000000169e-02 -5.521745896000000015e-02
-1.076174093696616580e+02 5.778537292000000825e-02 -9.981722696000000852e-03 -6.956344482000000051e-02 7.900309630000001276e-03 -7.991059040000001584e-03 -7.188229626000000594e-02
-1.049108459496616632e+02 5.435535413999999926e-02 -1.512019487999999821e-02 -7.561845194000001158e-02 1.356140563999999951e-02 -5.031885275999999768e-02 -1.806626934000000323e-02
-1.022196715296616674e+02 4.668971289999999941e-02 -1.039823526000000289e-02 -7.462874369999999979e-02 1.825084433999999908e-02 -2.289122572000000175e-02 -2.580559545999999704e-02
-9.953167874966166551e+01 5.111127995999999868e-02 -7.664632486000000008e-03 -6.054229703999999129e-02 8.636931592000001573e-03 -1.277614330000000076e-02 -3.341027626000000333e-02
-9.682858404966165722e+01 6.012371258000000218e-02 -7.725868853999999508e-03 -5.794516562000000259e-02 1.146038946200000040e-02 -3.326786276000000264e-02 -7.018208126000000102e-02
-9.413981528966168355e+01 6.257065906000000566e-02 -2.649729018000000010e-04 -6.407609272000000522e-02 -1.863467800000000174e-02 -8.985911283999999588e-04 -3.918367756000000479e-02
-9.143996560966165532e+01 5.718626743999999373e-02 2.100988391999999982e-03 -5.816530330000000554e-02 3.970733629999999292e-02 -3.365970729999999498e-03 -1.126719255600000004e-02
-8.873786718966167086e+01 6.599465022000000625e-02 -1.018056767399999965e-02 -6.717632413999999330e-02 2.738021327999999935e-02 2.674889953999999917e-02 -2.059710982000000079e-02
-8.602497528966166840e+01 6.579596141999999315e-02 -1.490332693999999944e-02 -6.432935904000000593e-02 4.894414312000000197e-03 1.644777662000000001e-02 -4.186773405999999476e-02
-8.333351186966167745e+01 6.818681045999999690e-02 -1.753143666000000003e-02 -6.027523465999999608e-02 -2.060812529999999851e-02 1.693854984000000077e-02 -1.269420210000000125e-02
-8.062090402966167346e+01 5.846137771999999899e-02 -1.812874592000000146e-02 -6.133757707999999698e-02 -2.764063905999999959e-02 1.039469613999999958e-02 -2.665493127999999864e-02
-7.791917278966167260e+01 5.440432401999999168e-02 -1.472373398000000055e-02 -7.320798015999999131e-02 -2.827256421999999741e-02 3.595755118000000528e-02 -4.860642589999999985e-02
-7.522512122966166714e+01 5.071918550000000664e-02 -1.278931050000000139e-02 -7.418202658000000449e-02 2.986444817999999585e-02 -1.643001844000000281e-02 -6.206351864000000246e-02
-7.252367624966166204e+01 5.374834182000000349e-02 -6.623752148000000388e-03 -7.868332937999999999e-02 1.612832557999999746e-03 2.333884947999999987e-02 -5.456918899999999711e-02
-6.981739152966167694e+01 5.798720358000000047e-02 9.271235767999999816e-04 -6.847995328000000548e-02 1.214418948000000123e-02 -1.395070654400000151e-02 1.507559962000000128e-02
-6.712219902966167240e+01 5.385215022000000573e-02 1.768379959000000007e-04 -6.726116810000000446e-02 -7.301142141999999915e-04 -3.764888804000000172e-02 -4.337140841399999766e-03
-6.441592872966165828e+01 5.594404305999998994e-02 -9.707267228000001150e-03 -6.879364945999999481e-02 6.331610722000000253e-03 4.226878614000000034e-03 -2.436975901999999944e-02
-6.172214152966166978e+01 4.772659082000000469e-02 -1.403611939999999982e-02 -7.828592759999999928e-02 4.865661517999999436e-02 -4.878448589999999016e-03 -5.184187559999999667e-02
-5.902685902966167220e+01 6.243224739999999467e-02 -9.190846848000000860e-03 -7.721302398000000344e-02 1.669327211999999810e-02 3.732154351399999490e-03 -1.775327403999999928e-02
-5.631964964966166320e+01 6.651099973999999304e-02 -1.385574009999999967e-02 -7.814819007999999900e-02 1.223259072400000036e-02 5.488390726000001024e-02 -9.705992085999999575e-02
-5.362170468966166936e+01 6.188983369999999373e-02 -8.326950910000000330e-03 -6.408041933999999995e-02 7.398450464000000740e-03 -3.364048179999999666e-02 -2.302932254000000095e-02
-5.090523280966166908e+01 6.197434358000000060e-02 -2.270159535999999919e-03 -6.805022909999999814e-02 -6.974783449999999094e-03 -1.942299793999999885e-02 -5.064457151999999379e-02
-4.819794466966167334e+01 6.376047304000000138e-02 -1.213000422000000064e-02 -7.075449756000000423e-02 1.195829908000000177e-02 2.516773213999999939e-02 -6.184904153999999654e-02
-4.548237228966166867e+01 7.048463384000000498e-02 -9.813167662000002803e-03 -6.578534723999998612e-02 8.369086113999998217e-03 -2.058047876000000317e-02 -6.664085136000000298e-02
-4.278972268966166581e+01 6.483142024000000669e-02 -1.912666236000000117e-02 -5.640876292000000097e-02 2.963318560000000046e-02 -3.581112730000000216e-02 -3.925788082000000040e-02
-4.008745068966167224e+01 5.729448926000000469e-02 -5.246563702000000759e-03 -5.599809249999999905e-02 2.234218760119999984e-03 -2.067804625999999923e-02 -1.589741498000000336e-02
-3.738566308966166929e+01 5.867380243999999884e-02 -5.747595796000000597e-03 -6.011535662000000446e-02 3.519309669799999731e-03 -8.137607033999998823e-03 -1.974187159999999872e-02
-3.468847548966166272e+01 5.856903597999999628e-02 -5.760563891999999700e-03 -6.153190226000000707e-02 -2.178865854000000199e-02 -3.028610795999999578e-02 -3.997586480000000358e-02
-3.198119728966166875e+01 5.926425542000000185e-02 -9.636586572000000253e-03 -5.659214374000000325e-02 -8.001519959999999973e-03 -4.557936715999999500e-02 -2.926699282000000402e-02
-2.928217228966166630e+01 5.809113689999999275e-02 -5.149600988000000226e-03 -5.822392190000000994e-02 9.579062690000000879e-03 8.447506134000000791e-03 -2.581644229999999901e-02
-2.657695688966166614e+01 6.369408424000000402e-02 2.932025293999999688e-04 -5.822377117999999463e-02 -3.509155909800000007e-03 7.496399746000000650e-04 -5.123356324000000184e-02
-2.388823808966166951e+01 7.956564212000000191e-02 8.391020949999999576e-03 -5.720177331999999615e-02 -2.047415195999999910e-02 1.380273669000000106e-02 -5.002130947999998412e-02
-2.119059748966166978e+01 7.186048327999999819e-02 4.544939970000000037e-03 -5.552160842000000013e-02 -2.451014338000000181e-02 7.876450901999999116e-03 -2.477359487999999943e-02
-1.848685388966166698e+01 7.750718982000000257e-02 -3.120027911999999869e-03 -4.954186833999999623e-02 -2.227222752000000000e-02 7.225273081999999611e-03 -4.680880330000000006e-02
-1.578562568966166246e+01 7.724840439999999808e-02 -2.512434534000000056e-03 -3.765846139999999564e-02 -2.243467749999999983e-02 9.979715260000000809e-03 -5.308148148000000482e-02
-1.308949748966167625e+01 8.457729406000000227e-02 -1.012983589600000012e-02 -1.704489332000000065e-02 -9.333749057999999460e-03 -5.052696813999999967e-03 -6.813968527999999733e-03
-1.039750688966167402e+01 8.060428181999999830e-02 -6.343120174000000007e-03 6.163298312000000702e-03 -2.538674753999999728e-02 -2.790159375999999927e-02 -4.650479193999999816e-02
-7.693831889661669088e+00 7.748238704000000310e-02 -5.136499076000000663e-03 1.992483196000000012e-02 -3.695096722000000555e-02 -2.377273981999999952e-02 9.766069726000000187e-03
-5.000459889661669877e+00 6.657829427999999161e-02 -2.537563529999999675e-03 3.813811362000000399e-02 -9.199235240000000480e-02 -1.137696541000000026e-02 8.884663427999999266e-03
-2.311750489661664965e+00 6.536391421999999951e-02 -4.503149833999999831e-03 4.523026413999999690e-02 -1.033761256200000089e-01 -1.128325886999999826e-02 -1.155457328200000001e-02
3.974899103383279231e-01 6.515651898000000830e-02 -7.652877194000000730e-03 5.970995947999999803e-02 -5.931532965999999213e-02 2.222399770000000122e-02 -2.003875304000000274e-02
3.089649310338330679e+00 5.961999525999998883e-02 4.271735801999999860e-03 6.569628464000000501e-02 4.007206718000000736e-03 -1.418268412000000048e-02 -3.285564782000000017e-02
5.781942910338329966e+00 6.161120663999999220e-02 2.069617016000000094e-03 5.701737864000000489e-02 1.224673419599999966e-02 -9.567748249999999052e-03 6.059048324000000478e-03
8.477565110338332488e+00 5.445805245999999628e-02 5.627232616000000381e-03 5.058271923999999725e-02 -8.814600027999999754e-02 4.294850858000000271e-02 1.614783054000000148e-02
1.116467771033832790e+01 6.168484294000000506e-02 1.583926669999999965e-03 5.692664008000000025e-02 -3.052824640000000381e-02 1.901260058000000044e-02 -1.284039220000000002e-02
1.386543691033833703e+01 5.840397247999999653e-02 2.007046189999999418e-03 5.882350107999999300e-02 -4.908061705999999802e-02 1.026240719200000040e-02 -2.880620369999999791e-02
1.656436531033833148e+01 5.780984944000000514e-02 -5.450689010000000709e-03 6.532913736000001137e-02 -4.782854699999999903e-02 -3.864812477999999413e-03 6.089126335999999785e-03
1.927717451033833385e+01 5.137847789999999693e-02 -1.461480801999999989e-02 7.769132143999998852e-02 1.950259908000000209e-02 2.108218964000000209e-02 1.038815738999999960e-02
2.197401191033832646e+01 5.239463206000000151e-02 -8.092872263999999899e-03 7.482119278000000373e-02 6.588188146000000314e-03 5.957663470000000919e-03 1.025694545399999900e-02
2.466376511033832841e+01 5.981213629999999892e-02 -4.213138669999999877e-03 6.803834352000000252e-02 3.416714988279999886e-03 2.831243217999999603e-02 3.019427960000000202e-02
2.737099631033833091e+01 6.169900174000000209e-02 -1.010007141399999961e-02 6.950584732000000820e-02 -5.438470391999999931e-02 -4.367544880000000240e-02 1.209862064000000181e-02
3.005499331033832888e+01 5.220533041999999430e-02 -5.741247326000000102e-03 6.970879148000000414e-02 -1.948670169999999757e-02 -2.006269915999999917e-02 -6.816276330000000001e-03
3.275900871033833539e+01 5.854604360000000007e-02 -1.188525072000000057e-02 6.345518504000000060e-02 -4.675241748000000253e-02 -1.051216428200000066e-02 -1.929901663999999961e-02
3.546120251033832460e+01 5.745278507999999895e-02 -6.704828702000000147e-03 5.957753602000000204e-02 -4.670897599999999927e-02 1.161927990399999958e-02 1.449947979999999768e-02
3.815990571033832879e+01 6.201325715999998767e-02 -1.022902370200000008e-02 6.493397408000001203e-02 -4.327317590000000214e-02 -6.078982829999999421e-02 3.387978921999999782e-02
4.085576191033833027e+01 6.579935956000000641e-02 -5.357819988000000165e-03 7.238433965999999109e-02 -7.552194148000001064e-03 -4.244757986000000788e-02 3.469151864000000196e-02
4.355716791033832891e+01 7.082131099999999790e-02 -8.601844815999999325e-03 6.758116387999998920e-02 2.253988678000000065e-02 1.708279099999999995e-02 -2.639559671199999749e-03
4.625425871033833403e+01 6.344962347999999475e-02 -1.346531789600000171e-03 6.577944607999999804e-02 -9.457967390000000460e-03 4.025897308000000140e-03 1.162474685400000140e-03
4.895216791033833204e+01 5.714805965999999321e-02 -1.926133297400000038e-03 6.993572666000000271e-02 -1.421111227999999858e-02 1.560383674000000165e-03 -9.416019648000002046e-03
5.166178371033831951e+01 5.595478456000000517e-02 3.325345997999999866e-03 7.200421915999999367e-02 -5.195579234000000796e-02 3.586513441999999996e-02 -2.681902513999999751e-02
5.437279931033833691e+01 6.148405837999999790e-02 1.988147172000000185e-03 6.231578272000000418e-02 -5.026628813999999001e-02 -1.141086821999999848e-02 4.529885347999999465e-03
5.707554631033833914e+01 7.032641702000000383e-02 8.064684553999999436e-03 6.375698177999999938e-02 -3.114314710000000083e-02 -1.497079814000000161e-02 3.164936832000000283e-02
5.978384631033833330e+01 7.007944573999999593e-02 8.062675451999999979e-03 6.795583846000000094e-02 -1.876118140000000017e-02 -5.867697656999999387e-03 7.063570287999999808e-02
6.249158051033833772e+01 6.936691457999999422e-02 3.614612411999999775e-03 6.132457272000000487e-02 -4.820107216000000389e-02 -1.117723214200000079e-02 9.042551992000000260e-02
6.518867131033833573e+01 6.452892144000001162e-02 8.763692826000001046e-03 6.096138826000000593e-02 -5.571983288000000034e-02 -9.586032480000001091e-03 6.472946166000000112e-02
6.789262731033832665e+01 6.505026293999999210e-02 2.689801221999999891e-03 6.087475814000000568e-02 -8.856224492000000503e-02 -3.216822962000000230e-02 3.547036291999999813e-02
7.059029331033833898e+01 6.372463700000000064e-02 -5.271435930000000283e-03 7.000974021999999131e-02 -8.492560332000001488e-02 2.236089645999999806e-02 -3.167367893999999129e-02
7.329043671033832652e+01 5.622541363999999930e-02 -2.808041514000000384e-03 7.303580917999999422e-02 -7.230181262000000275e-02 -4.070195355999999681e-02 -2.491551192000000109e-02
7.599441191033831444e+01 5.125086271999999832e-02 -5.286070743999999981e-03 7.278260531999999894e-02 1.333414626000000314e-03 -6.308132884600001038e-03 -2.430548903999999594e-02
7.869100571033833091e+01 5.708552221999999704e-02 3.696290498000000257e-03 6.035608239999999680e-02 -3.111491847999999644e-02 -1.563847143600000100e-03 -4.518936086000000657e-02
8.139372731033833475e+01 5.660894840000000455e-02 9.488893736000000509e-03 6.234599548000000629e-02 -2.030959721999999607e-02 4.442883779999999561e-02 -9.659477068000001110e-02
8.408010571033831582e+01 6.919410169999999638e-02 1.087227684000000028e-02 6.112937997999999540e-02 -6.013911389999999912e-02 2.489386376000000262e-02 -5.682864606000000152e-02
8.677699931033833991e+01 7.273972991999999582e-02 1.389660523999999842e-02 6.461506178000001044e-02 -3.467924417999999898e-02 2.739856637999999942e-02 -7.782306322000000567e-03
8.948024311033833555e+01 6.535670491999999443e-02 1.574697380000000119e-02 6.819198473999998900e-02 -3.097514081999999669e-03 -3.368973411999999501e-02 -1.496507116000000102e-02
9.218374931033834230e+01 6.298489006000000667e-02 1.455769507999999865e-02 6.439304076000000598e-02 -2.526321383999999975e-02 -2.827130217999999744e-03 5.142389793999999244e-03
9.488441171033832688e+01 6.042290476000000687e-02 1.517390926000000174e-02 6.214868918000000797e-02 -1.890066850000000215e-02 4.294373561999999950e-02 1.740226229999999874e-02
9.757464011033832207e+01 5.941842343999999970e-02 8.341791548000000722e-03 6.695483918000000312e-02 -1.778990276000000023e-02 1.572606391999999825e-02 3.379888148000000092e-02
1.002597775103383384e+02 5.952503228000000091e-02 4.212699668000000237e-03 5.614093511999999897e-02 4.260181877999999998e-03 9.655514044000000282e-03 3.121948093999999882e-02
1.029637555103383448e+02 6.383117351999999245e-02 -7.990097141999999691e-04 5.426556601999998897e-02 -1.235971249999999987e-02 -1.301233496000000003e-02 5.902297223999999204e-02
1.056661215103383284e+02 6.782449356000000429e-02 -5.292954419999999945e-03 5.891167148000000381e-02 -2.262739141999999676e-02 -9.371677278000001624e-03 5.220149763999999692e-02
1.083703181103383315e+02 6.854412177999999467e-02 -1.689342916000000170e-03 5.422060743999999877e-02 1.743620482000000221e-02 -4.780624688000000011e-02 3.798461760000000631e-02
1.110736993103383128e+02 6.663999487999999749e-02 -4.614423716000000050e-03 4.922125189999999872e-02 3.829466407999999877e-02 -2.196599403999999894e-02 2.792758155999999770e-02
1.137653993103383527e+02 6.648074560000000188e-02 -1.075543437999999970e-02 5.348472527999999920e-02 3.903637352000000060e-02 -2.835831043999999940e-02 6.435014594000000587e-02
1.164721869103383654e+02 6.185631597999999981e-02 -1.543318743999999923e-02 5.513619988000000027e-02 2.175324207999999870e-02 -7.892955430000000994e-03 7.484563140000000114e-02
1.191776371103383383e+02 7.139426844000000549e-02 -2.310336601999999837e-02 4.867120015999999716e-02 2.740756884000000032e-02 2.922338887999999940e-03 1.136441435999999972e-01
1.218796883103383095e+02 6.107861897999999901e-02 -2.187281749999999900e-02 4.689239407999999665e-02 2.319151737999999852e-02 -1.658901797999999886e-02 4.115712979999999743e-02
