-1.384411146801004975e+02 6.825653001999999747e-02 4.877572191999999390e-03 5.730189846000000031e-02 1.532217886000000230e-02 2.733990779999999690e-02 4.073719246000000183e-02
-1.357381426475005242e+02 6.866172027999999095e-02 -9.905848402000001513e-04 6.027116249999999592e-02 -3.232855328000000072e-04 4.050306669999999276e-02 6.279561042000001043e-03
-1.330412484615005155e+02 6.731199056000000680e-02 -2.663745875999999884e-03 5.685905755999999533e-02 -7.754797093400001180e-03 1.429644727999999920e-02 6.292684081999999450e-03
-1.303586906515004955e+02 6.176802845999999902e-02 -2.550192576000000037e-03 4.872690975999999924e-02 -2.946771303600000114e-03 2.507389016000000082e-02 1.056576071199999932e-02
-1.276579814975005149e+02 6.341896533999999419e-02 2.680660189999999748e-03 4.536835127999999662e-02 -2.970452046000000151e-02 1.904405811999999865e-02 5.365923136000000197e-03
-1.249720749775005117e+02 7.556743740000000653e-02 7.431224222000000143e-03 3.259715514000000036e-02 4.233789523999999596e-03 -1.532241519999999989e-02 -4.757809967999999598e-03
-1.222675486975005299e+02 8.284031091999999319e-02 5.608018938000000793e-03 1.009359420000000007e-02 1.303039788599999992e-02 -9.892067149999999448e-03 -6.082677067999999604e-02
-1.195647565575005302e+02 7.826819906000000160e-02 7.800251819999999559e-03 -1.656031216000000087e-03 8.136712905999999787e-03 4.055371756000000077e-02 -4.160177645999999646e-02
-1.168623068175005102e+02 7.485714893999999286e-02 6.939986365999998956e-03 -2.277739597999999671e-02 8.893252663999999877e-03 1.848811255999999875e-02 -4.045487175999999685e-02
-1.141619927775005152e+02 7.651541675999999625e-02 7.053403080000001171e-03 -3.558118873999999848e-02 -1.267110560799999952e-02 4.131276211999999719e-03 2.350974642000000156e-02
-1.114714815175005214e+02 6.509616063999999758e-02 6.761523721999999903e-03 -4.248087551999999573e-02 -5.309173920000000158e-02 9.265442999999998425e-04 -4.236314233999999984e-02
-1.087760127775005259e+02 5.517399784000000251e-02 2.135881333999999770e-02 -5.872067253999999764e-02 -2.524682448000000259e-02 4.084156408000000349e-03 -8.446450743999998900e-02
-1.060757115175005083e+02 6.176089192000000505e-02 2.558559798000000288e-02 -6.295256996000000993e-02 -3.315939285999999764e-02 9.734661147999999764e-03 -2.961674889999999991e-02
-1.033854661975005058e+02 5.946968940000000453e-02 1.499820219999999961e-02 -5.948719310000000204e-02 -9.832930736000000671e-03 2.521554418000000134e-03 -2.663309736000000344e-02
-1.006908711975005133e+02 6.535670852000000086e-02 1.609555940000000074e-02 -5.455787554000000178e-02 1.022258349200000013e-02 -1.603280709999999748e-02 2.481151496599999853e-03
-9.798318057750050514e+01 5.576614038000000939e-02 1.656510577999999873e-02 -5.651464058000001123e-02 -5.367972236000000293e-03 1.260889760800000016e-02 -2.134692826000000182e-02
-9.527124903750049612e+01 6.331233540000000271e-02 3.014359266000000113e-03 -6.329694752000000757e-02 -1.100977758600000037e-02 1.001524900000000037e-02 -3.097790412000000007e-02
-9.256884839750050276e+01 6.434613940000000198e-02 4.030625753999999943e-03 -5.814458903999999290e-02 1.432931773799999906e-02 2.512682288000000000e-02 -2.758732661999999808e-02
-8.985693153750051465e+01 6.953137359999998768e-02 2.898980477999999828e-04 -5.776866741999999583e-02 2.323102785999999961e-02 4.712728453999998524e-04 -2.914363469999999706e-02
-8.714451805750050539e+01 6.239533884000000169e-02 -2.303375097999999909e-03 -6.286188453999999592e-02 -2.137764826400000357e-04 9.948622492000000483e-03 -4.721417704000000631e-02
-8.443565809750052154e+01 6.083986383999999414e-02 -7.393922205999998998e-03 -6.734518083999999072e-02 -1.426953957600000066e-02 -4.300832881999999691e-02 -4.235074563999999958e-02
-8.172965899750052188e+01 5.794495924000000325e-02 -7.588140537999998880e-03 -7.081474315999999880e-02 -8.734277639999999537e-04 -4.507172184000000394e-03 -6.112529828000000387e-02
-7.902111653750051801e+01 6.137254175999999617e-02 2.691495423999999952e-03 -7.836222744000000129e-02 -1.490983195999999976e-02 -1.945753788000000040e-03 -9.062134314000000468e-02
-7.631739527750050911e+01 6.809102179999999838e-02 -1.571275108000000451e-03 -6.304114058000000187e-02 -1.689683293999999850e-02 -3.290096399999999782e-02 -7.320464880000000785e-02
-7.362083245750051219e+01 6.068123277999999676e-02 -2.875064454000000012e-03 -6.488985172000000246e-02 -1.526958428000000159e-02 -2.364727739999999967e-02 -4.380625819999999643e-02
-7.091500589750050665e+01 6.889079157999999925e-02 -5.578155422000000488e-03 -6.234018273999999277e-02 -2.235025129999999860e-02 -3.503368576000000234e-02 -4.715229908000000136e-02
-6.821314653750050638e+01 6.864276708000000005e-02 -6.928299824000000787e-03 -5.913580978000000654e-02 -3.236210154000000033e-02 -3.653034532000000445e-02 -7.679798052000000319e-02
-6.551108623750050697e+01 7.755334355999998763e-02 -5.816881130000000656e-03 -6.012781971999999614e-02 -3.461983266000000226e-02 -3.299929338000000267e-02 -9.653757333999998802e-02
-6.280918183750051043e+01 7.522924174000000797e-02 -8.992938039999998773e-03 -5.338695991999999751e-02 -3.102391389999999832e-02 -3.180439831999999634e-02 -5.720030990000000287e-02
-6.013062997750050442e+01 7.261494110000001057e-02 -2.270080530000000325e-03 -6.103254392000000139e-02 -1.446864136000000070e-03 -1.062769587999999946e-02 -7.112250404000000636e-02
-5.742217185750050845e+01 7.468314262000000370e-02 -1.546503233999999786e-03 -6.565091345999998773e-02 -1.971362090000000275e-02 1.587660172000000033e-03 -5.788720207999999839e-02
-5.473100777750050838e+01 6.898455400000000348e-02 2.112504894000000188e-03 -5.583093951999999749e-02 -3.801629877999999907e-02 3.802134885999999825e-02 -2.353063003999999667e-02
-5.202662183750049962e+01 7.769317357999999674e-02 -1.705126017600000076e-04 -5.070257755999999644e-02 -1.676194384000000148e-02 2.684135793999999769e-02 -9.278326964000001287e-02
-4.932345619750051213e+01 7.433446414000001445e-02 2.916938237999999912e-03 -4.859680753999999492e-02 -4.031375476000000069e-02 -1.644213117999999973e-02 -4.600517899999999327e-02
-4.663677401750051388e+01 6.586924778000000091e-02 -5.063442688000000316e-03 -5.435372891999999678e-02 -3.734917951599998811e-03 9.372023614000000308e-03 -7.250423605999999077e-02
-4.392819525750051213e+01 6.181107975999998450e-02 -4.751482038000000296e-03 -6.015103764000000186e-02 1.679320460599999969e-03 1.994266017999999849e-02 -4.898456330000000580e-02
-4.122991683750051095e+01 5.546494502000000326e-02 -5.926683256000000143e-03 -6.068402993999999495e-02 -9.299935304000001013e-03 -3.011697856000000034e-02 -5.393301437999999809e-02
-3.853438495750050663e+01 5.875747383999999768e-02 -4.362266471999999909e-03 -5.996008929999999820e-02 -4.367844474599999992e-03 1.809055668000000144e-02 -6.529782048000000449e-02
-3.582899135750050590e+01 6.620973622000000947e-02 -1.069674643199999831e-02 -6.124696270000000442e-02 1.191083682200000035e-02 -4.483783249999999843e-04 -8.320378623999999390e-02
-3.311154775750051016e+01 5.813797452000000338e-02 -5.821302454000000341e-03 -5.517772290000000357e-02 -1.731715294000000030e-02 5.235493131199999567e-03 -4.104835610000000246e-02
-3.041360375750051048e+01 5.994763888000000096e-02 -1.333062372000000037e-02 -5.682193535999999906e-02 -6.496868737999999914e-03 4.712774618000000436e-03 -2.767870086000000576e-02
-2.771418815750050868e+01 6.116064808000000463e-02 -1.811534580000000172e-02 -6.425987287999999908e-02 9.009888057999999519e-03 7.834486878000000709e-03 -4.331156341999999743e-02
-2.501520375750050817e+01 6.095958840000000045e-02 -2.192985706000000201e-02 -6.643965199999998794e-02 -9.621081346000001297e-04 6.358329892000000316e-02 -4.076887120000000087e-02
-2.232924435750051018e+01 6.074933928000000177e-02 -9.090913272000001460e-03 -5.686550262000000799e-02 -1.322289480000000093e-02 4.791250919999999469e-02 -3.483118638000000378e-02
-1.963091315750050825e+01 6.370814365999999396e-02 -1.407564814000000254e-02 -6.175900307999999950e-02 3.315816753999999665e-03 -1.543368747999999957e-02 -1.161419715999999908e-02
-1.693866915750050595e+01 7.275768862000001058e-02 -1.007872743599999912e-02 -6.162727291999999663e-02 1.632340574399999923e-03 -6.484553738000000192e-03 -2.698536328000000067e-02
-1.423282555750051337e+01 6.766382581999999535e-02 -1.902025510000000114e-02 -5.197878155999999944e-02 6.316782077999999641e-03 1.240685961999999851e-02 -2.486679948000000001e-02
-1.153795375750050844e+01 6.570381268000000108e-02 -1.167256150000000117e-02 -4.502579837999999557e-02 1.804742550800000249e-03 3.480093194000000167e-02 -3.969738627999999658e-03
-8.856381957500508051e+00 6.691466677999999280e-02 -1.064412377999999701e-02 -4.029866842000000282e-02 1.247825660200000027e-02 8.774740621999999740e-03 1.277975705400000118e-03
-6.148188157500504403e+00 7.308338947999999669e-02 -1.767351946000000201e-02 -2.099009280000000213e-02 -1.503147533999999938e-02 -3.035116144000000321e-02 -5.463646592000000191e-02
-3.452891157500511010e+00 7.317601952000001020e-02 -1.870010596000000122e-02 -1.833765784000000124e-03 -9.385258147999999898e-03 2.090754992000000076e-02 4.578904536000000247e-02
-7.551787575005107778e-01 7.375738413999999299e-02 -1.584312900000000093e-02 1.474126536000000022e-02 -3.416792878000000228e-02 3.168791217999999965e-02 -7.044235674000001723e-02
1.949374442499498539e+00 7.838822905999999480e-02 -2.788370060000000279e-03 2.958906310000000012e-02 -3.652555915999999847e-02 2.182625096000000153e-02 -1.821648090000000178e-02
4.647152642499492003e+00 5.560274616000000780e-02 -4.993251124000000138e-03 4.221481150000000460e-02 -3.924653433999999996e-02 1.851058434000000044e-02 -9.807772222000001039e-03
7.340927442499491917e+00 5.252311154000000037e-02 2.640900265999999541e-04 4.781405670000000302e-02 2.920489336000000116e-02 2.920057568000000020e-02 -4.921202454000000309e-02
1.004335584249948354e+01 5.783694839999999754e-02 -6.369592115999999846e-03 5.041093037999999638e-02 -3.284603334000000402e-02 -1.590457718000000149e-03 -1.575371085999999893e-02
1.275623684249949363e+01 6.094458869999998946e-02 -4.144052934000000236e-03 5.878619672000000296e-02 -3.023138749999999472e-02 -3.350142157999999593e-02 -2.608737020000000215e-03
1.545888064249948535e+01 5.780709803999999064e-02 -4.913482159999999627e-03 6.900124127999998636e-02 -4.513772539999999500e-02 1.185586096000000068e-02 1.676747017200000064e-02
1.815391804249949814e+01 5.373990466000000410e-02 -1.026653522600000021e-02 6.426573390000001051e-02 -9.012959012000000547e-02 3.262874434000000157e-02 -9.045446362000001544e-03
2.086788684249948389e+01 5.411840025999999776e-02 -1.061613255999999984e-02 6.569107881999999843e-02 -3.285089874000000215e-02 1.156332589599999919e-02 1.614157685999999953e-02
2.355904644249949342e+01 6.179704109999999140e-02 -1.391046420000000006e-02 5.963889771999999340e-02 -3.138838657999999671e-02 -5.829256221999999654e-02 3.964513247600000637e-04
2.625529944249948855e+01 6.669504941999999936e-02 -6.404629139999999665e-03 7.031834459999999898e-02 -1.957077704000000085e-02 -4.335974137999999700e-02 6.518009533999999557e-03
2.897021824249949162e+01 6.899187165999999538e-02 -4.068025136000000611e-03 6.419461524000000252e-02 -5.621601796000000664e-03 3.299272824000000492e-02 4.814411694000000214e-02
3.166025864249949606e+01 6.417851125999998740e-02 3.067255421999999683e-03 6.393497362000000184e-02 -2.349652263999999977e-02 -2.896562543999999656e-02 8.883857206000000256e-03
3.436928384249948465e+01 6.733221948000001067e-02 -5.704880928000000476e-03 5.948775382000000278e-02 1.082370288000000184e-03 -3.140030792000000209e-02 3.841048194000000471e-02
3.705636204249949373e+01 6.870541919999999247e-02 -3.623868375999999940e-03 5.775591121999999744e-02 -4.153047580000000794e-02 1.211278429200000027e-02 1.702117875999999835e-02
3.975875884249948911e+01 6.291585841999999817e-02 -8.674979936000000794e-03 5.505895402000000882e-02 -5.071876051999999607e-02 -8.035962137999999241e-03 2.358024760000000317e-02
4.245474004249948763e+01 6.614785834000000420e-02 -1.273952629600000027e-03 6.063490201999999218e-02 -9.878104921999999316e-03 -3.498906494000000172e-03 4.753536692000000230e-02
4.513508684249948999e+01 6.002775060000000579e-02 2.283575339999999870e-03 6.285585009999998529e-02 8.269149939999999224e-04 4.292904552000000040e-02 5.897082852000000430e-02
4.783623384249949595e+01 6.580490057999999198e-02 -8.051068103999999134e-04 5.680212737999999761e-02 -1.784843779200000202e-02 8.784158249999998377e-03 -1.033466267599999870e-02
5.053459964249949365e+01 6.561964810000001092e-02 2.433031962000000055e-03 4.905391514000000119e-02 -2.746095230000000081e-02 -2.047731836000000333e-02 2.004608059999999845e-02
5.323299324249948938e+01 6.366184447999999330e-02 7.227589033999999406e-03 6.502328325999999492e-02 9.757470526000001010e-04 8.098273305999999228e-03 4.531798271999999683e-02
5.592768684249949729e+01 5.653281507999999983e-02 -2.893478707999999448e-03 6.123849626000001101e-02 -5.546218760199999633e-03 7.252531391999999730e-03 8.598467060000000023e-03
5.863515564249949108e+01 5.618592375999999916e-02 -4.168636027999999757e-03 6.073097959999999851e-02 -9.259484140000000859e-04 3.115887975999999740e-02 2.569682061999999795e-02
6.133054304249949240e+01 5.784419760000000105e-02 -4.696954727999999406e-03 5.555422022000000570e-02 -1.018073140399999854e-02 2.695339324000000161e-02 3.661406733999999965e-03
6.402439004249950472e+01 5.440506345999999993e-02 -4.373826919999999722e-03 5.140215390000000412e-02 -1.329760964200000194e-02 3.299896136000000230e-02 2.951949549999999950e-02
6.671672744249949005e+01 5.387602572000001200e-02 -4.188199450000000025e-03 5.496832428000000131e-02 -2.025602081999999804e-02 1.538691506000000077e-02 1.819766088000000087e-02
6.942705564249948225e+01 6.459287964000000326e-02 -5.307565472000000048e-03 5.440517876000000586e-02 -3.352874043999999609e-02 -6.780781582000000758e-03 2.537993169999999687e-02
7.212295564249950530e+01 6.944170578000000149e-02 -5.859113812000000220e-03 5.894856105999999457e-02 -4.142524063999999950e-02 -2.408942404000000148e-02 -5.862593129999999625e-03
7.483597144249948485e+01 5.808535891999999645e-02 -4.245211471999999452e-03 6.248188172000000012e-02 -7.139004287999999032e-02 3.693055672000000039e-02 -2.695750882000000348e-02
7.754133704249949233e+01 6.166859108000000145e-02 -6.851928030000000065e-03 6.111957821999999124e-02 -1.629653054876000016e-03 2.159891637999999947e-02 3.074905876000000315e-02
8.023102764249949814e+01 6.689339848000000477e-02 -7.318566693999999703e-04 6.404188250000000804e-02 -7.114818406660000996e-03 5.142119459999999753e-02 3.421193941999999683e-02
8.293996204249950210e+01 5.823827630000000255e-02 6.828779519999999756e-03 6.887669873999999193e-02 -7.476370906000000260e-02 2.522380940000000168e-02 9.410867945999999706e-02
8.563852124249947906e+01 5.638459616000000146e-02 4.004752450000000248e-03 6.534580405999999841e-02 -3.335856413999999798e-02 -4.251947773999999874e-02 2.264221852000000007e-02
8.834694644249948681e+01 6.565188365999999331e-02 4.029255905999999665e-03 5.926510469999999448e-02 -4.988471717999999611e-02 -4.820042103999999661e-03 5.045538586000000020e-02
9.103429944249948846e+01 6.145183452000000518e-02 3.615361642000000132e-03 6.202067290000000399e-02 -2.293652399999999633e-02 -2.697426904000000542e-02 -9.169164896000000370e-03
9.374299324249948029e+01 6.221384179999998876e-02 2.977382219999999760e-03 6.150583371999999993e-02 -5.748461269999999290e-02 -2.730075588000000636e-02 -5.489506348000000591e-02
9.645042744249948896e+01 6.105185723999999314e-02 4.215969727999999660e-03 6.979458266000000688e-02 1.888437546000000175e-02 2.246385716000000310e-02 -3.092930274000000451e-02
9.914181804249949437e+01 6.020607224000000535e-02 8.986146615999999684e-03 5.705127433999999942e-02 8.744679220000000849e-03 -2.585857679999999797e-02 -4.957827823999999550e-02
1.018486368424994879e+02 5.869096698000000195e-02 7.245874593999999599e-03 5.600107903999999859e-02 -4.444131836000000599e-03 -1.853821043200000072e-03 9.003498052000000196e-03
1.045589526424995057e+02 6.186731866000000357e-02 2.288427146000000280e-03 6.321104891999999864e-02 -5.980097069999999911e-03 1.200544135999999894e-02 -1.934366103999999881e-03
1.072613870424994928e+02 6.356805554000000136e-02 4.946197566000000607e-03 6.599677635999999514e-02 -4.563848571999999659e-02 -3.876282911999999470e-02 3.918858830000000694e-04
1.099756870424995014e+02 5.922489977999999267e-02 -1.385752222000000058e-03 6.675011629999999530e-02 3.697241167999999962e-04 -1.416429075999999995e-02 1.764897927999999755e-02
1.126720276424995006e+02 5.688726818000000574e-02 2.392578204000000291e-03 6.315637670000000259e-02 -5.818158526000000164e-02 2.362768301999999820e-02 -2.686481015999999528e-02
1.153919682424994733e+02 5.900862650000000820e-02 4.636250113999999562e-05 6.098682706000000536e-02 -7.850244943999998282e-02 -8.761647725999998845e-03 2.245903910000000142e-02
1.180935930424994922e+02 6.081819821999999431e-02 5.148572105999999274e-03 5.652754007999999386e-02 2.961625994000000039e-02 -1.422333883999999868e-02 1.074970979999999993e-02
1.207763900424995001e+02 6.766403297999998290e-02 7.526210461999999213e-03 5.737559234000000341e-02 2.404815979999999978e-02 3.020299767999999954e-02 4.740897187999999762e-02
1.234829554424995024e+02 7.199636441999998637e-02 3.771053423999999512e-03 5.899706073999999578e-02 1.683466389999999785e-02 5.087751247999999782e-02 5.130730981999999385e-02
1.261726212424995026e+02 7.345574282000000288e-02 9.026210515999999462e-03 5.502835107999999587e-02 2.853286415999999742e-02 5.172958058000000706e-03 4.449894160000000820e-02
1.288819474424994951e+02 6.917786517999999218e-02 7.398177161999999925e-03 5.921107947999999788e-02 1.534043984000000097e-02 -7.175140139999999431e-03 4.360361667999999857e-02
