-1.534038628136318323e+02 7.186604897999999964e-02 -1.747396325999999930e-02 -4.046639793999999568e-02 4.500057138000000678e-02 -7.169845601999999540e-03 -4.554499011999999653e-02
-1.507039184876318245e+02 6.817542526000000547e-02 -1.159578378000000048e-02 -3.773156507999999437e-02 -1.863669998000000091e-02 2.648734369999999894e-02 -8.608792351999999121e-03
-1.480115610536318229e+02 6.736016951999999891e-02 -1.210197225999999973e-02 -4.220993239999999702e-02 1.870731061999999709e-02 8.639465132000000158e-03 2.278146178000000147e-03
-1.453194182676318462e+02 5.783789481999999926e-02 -1.105443204000000103e-02 -4.796602548000000049e-02 -3.685085235999999848e-02 1.490796527999999933e-02 -1.875336157999999906e-02
-1.426129645696318562e+02 5.992512454000000627e-02 -1.714740856000000020e-03 -4.534751132000000573e-02 -1.533722493999999971e-02 -7.829629633999999477e-03 1.067843646200000024e-02
-1.399130789696318118e+02 7.131035260000000153e-02 -7.609176351999999074e-03 -5.231415623999999959e-02 3.419628422000000776e-04 9.110158666000000086e-03 -3.024509954000000403e-02
-1.372187330096318476e+02 6.908690538000000769e-02 -2.481985999999999828e-03 -6.929625999999999841e-02 2.506060848000000313e-02 -1.832152397999999710e-02 -2.746210535999999910e-02
-1.345037170696318185e+02 6.312590285999999939e-02 -2.900825701999999902e-03 -6.629920772000000295e-02 3.120280280000000198e-02 -3.059794768000000456e-02 -1.093127199199999885e-02
-1.318106461496318218e+02 5.877440800000000021e-02 7.701378983999999581e-04 -6.161524604000000183e-02 -4.391127694000000053e-02 -7.818288265999999431e-02 -4.085691059999999736e-02
-1.291035408496318269e+02 5.387079801999999917e-02 -4.578083265999999957e-03 -6.434270606000000448e-02 -3.127700296000000130e-02 -3.883696137999999298e-02 1.679009753999999993e-02
-1.263965108496318237e+02 5.849403111999999794e-02 8.455676845999999733e-03 -5.720840148000000402e-02 -4.135471156000000009e-02 -2.692369169199999943e-03 5.869235653999999545e-03
-1.236948055296318216e+02 5.431352650000000754e-02 3.272266696000000058e-03 -5.436580791999999496e-02 2.549934937999999841e-04 -3.590692064000000627e-02 1.550579628000000112e-02
-1.209933895896318319e+02 5.597014531999999765e-02 4.686917744000000143e-03 -6.234841599999999678e-02 1.261980532000000002e-02 1.721614247999999833e-02 -2.971624951799999893e-03
-1.182991058296318272e+02 5.549468154000000014e-02 3.631088276000000396e-03 -6.318978488000001614e-02 -2.961895109999999540e-02 -1.504740916000000053e-02 -6.445137563999998702e-03
-1.155942555096318358e+02 5.996116363999999532e-02 2.609218144000000246e-03 -6.741450184000000179e-02 -1.374749118000000159e-02 -2.556417913999999882e-03 -5.585751709999999676e-02
-1.128838805296318242e+02 6.073939885999999483e-02 4.863148527999999922e-03 -6.446370660000000363e-02 -2.272063515999999880e-02 4.821407758000000043e-02 -7.402227161999999638e-02
-1.101896717696318291e+02 6.617045107999999787e-02 3.137578750000000281e-03 -5.769386457999999690e-02 -1.023199254000000183e-02 -1.339391067200000011e-03 -5.023228217999999717e-02
-1.074837148896318268e+02 6.349977651999999528e-02 8.504618663999999328e-03 -5.438674347999999936e-02 -4.083537097999999366e-02 -1.227332106399999997e-02 -3.057081768000000088e-02
-1.047969936696318172e+02 6.498763756000000558e-02 1.531617064000000139e-02 -5.018321441999999688e-02 -2.430239814000000401e-02 -9.890260776000000045e-03 -1.773326328000000146e-02
-1.020913280096318232e+02 7.338028164000000297e-02 1.801771694000000104e-02 -4.521428362000000367e-02 -1.227992914599999874e-02 1.676414823999999859e-02 -8.885905343999999859e-03
-9.939146956963182333e+01 6.930160787999999072e-02 1.637769875999999999e-02 -4.592191803999999544e-02 1.534424124800000053e-02 1.295372949799999951e-02 -1.993688038000000079e-02
-9.668602896963182047e+01 6.765591919999999759e-02 7.574281627999999641e-03 -5.086553811999999786e-02 4.437120390000000303e-02 4.959475774000000198e-02 1.413767078000000010e-02
-9.399395926963181580e+01 6.280642508000000568e-02 1.657572210000000240e-02 -5.514133602000000078e-02 1.464044881999999881e-02 -2.463908370000000153e-02 -8.635063593999998824e-04
-9.129643270963182999e+01 6.979035063999999844e-02 2.149834721999999837e-02 -5.363898475999999416e-02 -7.755241714000000791e-04 3.622607841543999761e-03 -2.464762778000000043e-02
-8.860124928963182356e+01 5.834934060000000061e-02 1.561661553999999993e-02 -6.388000670000000547e-02 1.940137352000000093e-02 -2.631878949999999495e-02 2.184267246000000037e-02
-8.590152646963181837e+01 6.113999829999999802e-02 1.175983931999999982e-02 -6.429571489999999501e-02 1.684691311999999760e-02 -6.983357383999999266e-03 -5.319228391999999798e-03
-8.320991052963181289e+01 5.364030203999999719e-02 1.184299297999999966e-02 -6.196533794000001066e-02 6.866297862000000918e-02 3.729400062000000349e-02 -1.719348715999999971e-02
-8.051480644963183408e+01 5.560755986000000262e-02 8.227786961999999579e-03 -5.664815356000000440e-02 2.347922021999999942e-02 2.313688334000000082e-02 -3.245956897999999896e-02
-7.782886050963182356e+01 5.498195985999999869e-02 5.712736680000000261e-03 -6.793986264000000108e-02 3.091783581999999961e-02 -1.019734669000000107e-02 -2.767982614000000230e-02
-7.512852674963183119e+01 5.711013395999999659e-02 4.242976766000000274e-03 -7.244964473999999932e-02 3.650852190000000025e-02 -5.890187321999999434e-03 -3.897586617999999892e-02
-7.242176646963181952e+01 4.429948890000000306e-02 1.557178497999999953e-02 -7.050769446000000606e-02 2.739811058000000271e-02 -3.526466363999999909e-02 -1.396075512000000129e-02
-6.972456832963182194e+01 5.083602483999999366e-02 1.608453557999999992e-02 -6.572313566000000107e-02 2.136921923999999737e-02 -2.400004918000000348e-02 3.276547994000000245e-03
-6.700747706963183248e+01 5.209316699999999578e-02 1.079220625999999933e-02 -6.695221063999999556e-02 -1.721138196000000092e-02 -1.006496689399999887e-02 2.317715077999999915e-02
-6.431919488963183085e+01 5.720312269999999755e-02 7.127762753999999749e-03 -5.596810420000000036e-02 -2.346892310000000051e-02 4.575054877999999714e-02 2.593692670000000144e-02
-6.161019020963183124e+01 5.226635881999999039e-02 1.540611118000000113e-02 -6.202489810000000325e-02 2.952603656000000326e-02 7.095503434000001441e-02 -3.314391762000000463e-02
-5.891101052963182383e+01 5.409631432000000517e-02 7.399639918000000191e-03 -6.902461690000000205e-02 2.589551432000000014e-02 1.621636373999999978e-02 -2.720872109999999955e-02
-5.620358646963181570e+01 5.676579303999999826e-02 7.999155938000001437e-03 -6.049294137999999821e-02 6.657649129999998472e-02 2.723823211999999369e-02 -2.376522484000000157e-02
-5.349705024963183320e+01 6.345984804000000257e-02 2.716689530000000047e-03 -6.201117975999999310e-02 4.454681315999999697e-02 5.109856616000000434e-02 3.139904591999999328e-02
-5.078869404963182888e+01 6.323280530000000010e-02 6.330074082000000310e-03 -6.163616441999999335e-02 7.509105363999998839e-02 6.850324300000000186e-03 4.980202138000000556e-02
-4.807911584963181895e+01 5.294762245999999617e-02 6.223889215999999815e-03 -6.420806048000000932e-02 8.723276089999999067e-03 9.405236795999999400e-03 -1.056731077600000027e-02
-4.537439084963182268e+01 5.041705412000000580e-02 5.411925387999999689e-04 -7.077656960000000552e-02 9.587659389999999421e-03 -3.914064035999999941e-02 -1.127488280000000023e-02
-4.268365024963181753e+01 4.086364139999999756e-02 -2.191703288000000291e-03 -7.714602950000000459e-02 -2.849434513999999762e-03 5.866007521999999121e-03 3.962468898000000295e-02
-3.997181284963183145e+01 4.845702972000000275e-02 -9.653199478000000153e-03 -5.865953151999999532e-02 2.589897227999999815e-02 3.052790454000000112e-02 3.658905528000000462e-02
-3.726448444963182993e+01 4.607446695999999065e-02 3.376976521999999932e-03 -5.351803053999999726e-02 -1.112028262000000142e-02 3.574617110000000153e-02 5.141485712000000430e-02
-3.456195324963182713e+01 5.321626889999999527e-02 3.594220095999999583e-03 -5.820287125999999700e-02 -2.854862550000000082e-02 -1.041626321600000113e-02 4.009912782000000370e-02
-3.186752224963182556e+01 5.804745893999999767e-02 -5.586074652000000765e-03 -5.723084218000000500e-02 -2.894537066000000408e-02 -5.499597360000000462e-02 -8.996299481999999945e-03
-2.916540344963183173e+01 6.063312690000000060e-02 4.773516149999999618e-03 -5.772043071999999331e-02 1.785438630000000040e-02 -5.160088436000000167e-02 -4.997509451999999734e-03
-2.646050344963182255e+01 7.006301938000000784e-02 8.199518237999999307e-03 -4.202497172000000530e-02 -7.443902982000000050e-03 6.374559488000000780e-03 -1.522581484000000082e-02
-2.376851584963181807e+01 7.585388913999999150e-02 1.398996842000000199e-02 -4.076749776000000020e-02 -2.773619175999999381e-02 1.543509618000000159e-02 -8.069502239999999660e-02
-2.107026244963182648e+01 7.963685081999999360e-02 1.804886571999999786e-02 -2.421646527999999840e-02 -2.668609522000000255e-03 -1.826017762000000169e-02 9.619648301999999401e-03
-1.837669084963182442e+01 7.642537870000000455e-02 2.079129567999999859e-02 -5.071259003999999820e-03 -1.067011132999999903e-02 6.097327542000000045e-03 -1.414821584800000052e-02
-1.568190324963183002e+01 6.355646971999999451e-02 1.699697496000000113e-02 3.200162050000000119e-02 -1.318523593999999799e-02 2.819377094000000139e-02 -1.228208051999999870e-02
-1.296920004963183182e+01 6.113669693999999877e-02 1.471388114000000101e-02 4.849894983999999964e-02 -2.031999920000000098e-02 -2.610677101999999555e-02 -7.122859900000000355e-03
-1.028672224963182735e+01 6.161594286000000864e-02 5.727720787999999834e-03 5.585870258000000949e-02 -1.996206978000000104e-02 -1.485838165999999773e-02 -3.923215062000000308e-02
-7.579619049631827643e+00 5.410461060000000544e-02 7.194934602000000248e-03 7.278613141999999703e-02 3.581808226000000091e-03 -1.459507474000000006e-02 -6.926629348000000463e-03
-4.887637449631824893e+00 5.671419948000000488e-02 6.026774218000000363e-03 6.559631687999999128e-02 1.409947710000000222e-02 -1.941798791999999746e-02 2.650882885599999822e-03
-2.195162649631822838e+00 4.763523163999999754e-02 7.560335351999999953e-03 6.406360817999999513e-02 3.799365922000000340e-02 1.113339182000000135e-02 1.876464530000000047e-02
4.978593503681736365e-01 5.028223642000000104e-02 3.298916066000000431e-03 6.481034230000000396e-02 5.755022972600000800e-03 2.910130713999999758e-02 1.053487604800000012e-02
3.199565550368169031e+00 5.588550664000000584e-02 7.067132596000000495e-03 6.936471035999999812e-02 2.131681410000000471e-02 -5.124924888000000761e-02 3.486592069999999710e-02
5.889799950368171721e+00 6.331323903999999669e-02 6.365029252000000207e-03 5.898249615999999473e-02 -1.245583822199999857e-02 1.893783657999999898e-02 3.551560764000000203e-02
8.600599950368172486e+00 5.617546603999999666e-02 4.847116294000000832e-03 5.785166994000000285e-02 1.119075255599999950e-02 2.766603452000000046e-02 3.565026820000000152e-02
1.130564075036817329e+01 5.612652827999999733e-02 1.039654440000000075e-03 5.991580732000000020e-02 3.424645054000000077e-02 5.114946743999999879e-02 2.121680236000000191e-02
1.401017795036817759e+01 4.978455714000000476e-02 -4.671061991200000122e-04 5.872285567999999817e-02 1.496017619999999784e-02 6.619539839999999051e-03 -7.805968423999999975e-03
1.672383735036817143e+01 5.637412000000000672e-02 8.428088789999999692e-03 5.999373615999999826e-02 3.626160902000000186e-02 7.567736117999999783e-03 2.925844013999999785e-02
1.941664035036817637e+01 6.598369689999998566e-02 1.931800756000000242e-03 6.091011391999999469e-02 2.036317109000000160e-03 4.192544651999999261e-02 3.896077908000000062e-02
2.213215915036817449e+01 6.378040199999999993e-02 -3.420370146000000118e-03 5.501368019999999109e-02 2.439532506000000392e-02 -8.123837248000000382e-04 1.646768525999999649e-02
2.482194975036816942e+01 6.653057914000000406e-02 6.814762845999999472e-03 4.586488891999999234e-02 1.199578729999999874e-03 -2.807636268000000303e-03 -6.815817125199999729e-03
2.752341235036817579e+01 6.635379364000000557e-02 -2.221909285999999935e-03 4.596891645999999498e-02 1.283665492599999833e-02 5.451369918000000675e-02 4.328688232000000441e-02
3.021959035036817909e+01 6.759749821999999631e-02 6.766526519999998927e-03 4.579377620000000398e-02 -1.112110856799999881e-02 2.421686660000000116e-02 5.308935334800000093e-03
3.292974975036817398e+01 6.271382876000000661e-02 1.812635123999999879e-03 4.626815940000000155e-02 1.059509854199999941e-02 -2.430100669999999893e-02 -5.623633818000000045e-04
3.563642155036816916e+01 6.395031786000000829e-02 9.387101687999999111e-03 4.593782970000000188e-02 -1.662402125999999994e-02 -1.525981008000000007e-02 8.580203430000000672e-03
3.833705915036817657e+01 6.532677425999999787e-02 3.988920261999999786e-03 5.372501156000000083e-02 -1.216547958000000103e-02 -4.223133818000000123e-02 4.801432679999999287e-02
4.104204375036817254e+01 6.625965027999999868e-02 -4.387317114000000365e-03 5.348309770000000268e-02 1.922887530000000399e-04 -2.960463802000000075e-02 4.245067270000000420e-02
4.373980915036816697e+01 5.958723888000000413e-02 8.675669452000000365e-03 5.615261464000000091e-02 3.760320954000000138e-04 -4.063831009999999827e-02 1.249161527999999993e-02
4.644359055036817097e+01 6.574056225999999614e-02 6.789626400000000131e-03 5.749186010000000013e-02 7.052612994000000135e-03 -3.997684202000000020e-02 2.263464249999999969e-02
4.913613115036817192e+01 6.990022840000001403e-02 -3.949149269999999677e-03 5.695904177999999707e-02 -1.391158653600000142e-02 -1.460912549999999685e-02 6.734367231999998857e-03
5.184871575036818570e+01 6.453557270000001567e-02 4.161204751999999542e-03 5.658432958000000207e-02 -1.003122630800000123e-02 2.688231634000000023e-02 3.122315256000000178e-02
5.455379975036817086e+01 6.032968274000000131e-02 1.551696417999999869e-02 5.621438625999999189e-02 -1.223724655999999973e-02 -4.129073644000000320e-02 1.964093012000000041e-02
5.725390275036818366e+01 5.634670132000000470e-02 1.613308460000000000e-02 6.220339738000000424e-02 -1.178951607600000132e-02 -3.713888703600000570e-03 2.986461987999999845e-02
5.995318755036817038e+01 6.648532176000000737e-02 -9.325705985999998334e-04 5.564668033999999736e-02 -2.475244006000000205e-02 -6.468624976000000859e-02 -1.083155228600000096e-02
6.265458435036816809e+01 7.255623113999999652e-02 -6.942743015999999420e-03 6.109585014000000480e-02 -1.835979214000000095e-02 -4.710941878000000221e-02 -2.876848282000000166e-03
6.535743715036817036e+01 7.413324841999999193e-02 -3.370339724000000117e-03 5.166667149999999709e-02 -1.933986218000000035e-02 -6.489006391999998721e-03 8.862198128000001174e-03
6.804867795036817313e+01 7.113404685999999422e-02 -8.601549206000000045e-03 4.480122588000000350e-02 1.278592666199999950e-03 2.510243711999999780e-02 -2.360592739999999717e-02
7.075463735036819912e+01 6.969170001999999697e-02 5.657670999999999534e-03 5.343431173999999700e-02 -1.891450831999999960e-03 -2.123357982000000088e-02 3.676327046980000686e-03
7.344257475036816629e+01 5.327655058000000526e-02 3.725243158000000280e-03 5.567381819999998871e-02 9.765126336000001100e-03 -5.053808418000000843e-04 8.451580377999999560e-03
7.613549975036819717e+01 5.560721298000000090e-02 5.520334180000000153e-03 5.818039943999999547e-02 -6.426708620000000718e-03 -3.013884568000000513e-02 6.168693890000000180e-02
7.883423715036818180e+01 5.310527087999999951e-02 -4.122308183999999790e-04 6.090653733999999708e-02 -1.187347649200000063e-02 -3.268907246000000294e-02 2.918313147999999566e-02
8.153313115036817749e+01 5.418828391999998967e-02 -6.291686561999999816e-03 5.829561932000000557e-02 1.953450256000000343e-02 -7.518329864000002213e-04 -1.187677077999999952e-03
8.422905295036817108e+01 6.260914539999999640e-02 -3.834804723999999526e-03 6.497616985999998818e-02 2.453673409999999888e-02 -3.471714061999999629e-02 1.516469384000000177e-02
8.693073115036816034e+01 5.119512165999999531e-02 -3.699433164000000447e-03 5.824136459999999793e-02 1.073677053400000012e-02 1.334812002000000143e-02 -2.346354244600000125e-03
8.962055915036818021e+01 5.547252460000000329e-02 -7.392654809999998737e-03 6.359341216000000130e-02 -4.334172101999999444e-04 3.174280946000000714e-02 2.322705105999999659e-02
9.232217475036817689e+01 6.285082736000000003e-02 -8.303616070000000363e-03 5.269986178000000271e-02 -3.242500553799999938e-03 -3.374096350200000115e-03 3.874467410000000112e-02
9.502466235036816045e+01 6.839939855999999097e-02 -1.593009960000000072e-02 4.746804526000000107e-02 7.392232844000000413e-03 6.388726931999999699e-03 5.991969475999999600e-02
9.771465615036818519e+01 7.552275412000000743e-02 -7.068731237999999022e-03 4.309304415999999638e-02 7.812648706000001678e-03 -2.989308079999999923e-02 6.513665093999999878e-02
1.004250873503681731e+02 8.153730513999998819e-02 -1.133310429999999890e-02 2.218390902000000331e-02 4.151344998199999609e-03 1.151139849599999970e-03 5.450139494000000306e-02
1.031314309503681699e+02 8.415140942000000346e-02 -1.098361538000000061e-02 8.769569055999999405e-03 -3.424003294800000066e-03 9.100443860000001495e-03 6.123760271999999227e-02
1.058389653503681700e+02 8.095754901999999142e-02 -1.901976421999999889e-02 1.210293797999999936e-03 6.986122588000000244e-02 -2.190432939999999856e-02 6.263099248000000840e-02
1.085425779503681980e+02 8.559903736000000485e-02 -2.103674232000000283e-02 -2.726745213999999615e-03 -8.078094156000000317e-03 -2.668052154000000176e-02 4.693230492000000087e-02
1.112452123503681776e+02 8.319802196000000705e-02 -2.824548638000000042e-02 -2.566509162000000371e-02 5.208370195999999230e-02 -4.355234290000000071e-03 1.336935537599999967e-02
1.139391355503681780e+02 7.362589422000001549e-02 -2.105050424000000017e-02 -3.349537820000000193e-02 1.088835536000000090e-02 -5.663242384000000823e-03 2.388394224000000080e-02
