-1.364130911906446499e+02 5.782530266000000113e-02 9.970092344000000203e-03 6.015283606000000616e-02 -3.213629515400000421e-03 8.398840489577998883e-04 -4.805946426000000382e-02
-1.337185899390446480e+02 7.339894410000000202e-02 2.617185198000000247e-03 5.754126127999999868e-02 2.160143881999999557e-02 -3.497808665999999761e-02 5.929645417999999946e-02
-1.310202853730446293e+02 7.346469555999998735e-02 1.230961933999999945e-02 4.739375608000000184e-02 2.890541589999999841e-02 -2.585266869999999773e-02 3.095477087999999946e-02
-1.283105453450446589e+02 7.344334999999999058e-02 1.268437024000000114e-02 3.530642445999999934e-02 -3.074117306000000421e-03 -3.509616738000000125e-02 1.964595564000000405e-02
-1.256170755930446319e+02 7.486319381999999301e-02 1.666998444000000051e-02 4.333895114000000520e-02 -7.187698641999999347e-03 -4.678659325999999508e-03 -7.845730893999999442e-03
-1.229208543330446446e+02 7.592224016000000131e-02 1.770285270000000050e-02 2.792315486000000041e-02 -6.806402211999999612e-03 3.168940046000000288e-02 -3.851839795999999899e-02
-1.202172256130446328e+02 7.740611232000001174e-02 1.081833178000000083e-02 1.234604530000000047e-02 -4.571614824000000063e-03 -3.192607924000000208e-02 4.512787164000000434e-02
-1.175348312330446277e+02 7.744344929999999461e-02 7.806463278000000221e-03 2.930547459999999823e-03 -5.902763840999999999e-04 -2.672290816000000291e-02 -3.754608131999999897e-03
-1.148299249530446389e+02 7.594036915999999304e-02 2.952652601999999817e-03 -1.373370012000000098e-02 -1.722790215999999916e-02 2.085644284600000030e-03 -5.978904783999999806e-02
-1.121277230930446365e+02 7.044666812000000000e-02 1.315182731999999834e-02 -3.296812298000000030e-02 -3.496833143999999831e-03 4.175910691999999529e-03 -4.663075050000000527e-02
-1.094301065330446363e+02 6.111625529999999834e-02 1.132418750000000092e-02 -5.460688539999999230e-02 -1.761922116000000024e-02 -2.414459468000000261e-02 -2.271849835999999873e-02
-1.067364896530446430e+02 5.890056355999999382e-02 4.097775015999999618e-03 -6.384705327999999624e-02 -1.910429599999999978e-02 -2.381496846000000223e-02 -4.406615451999999766e-02
-1.040322024930446361e+02 5.548632099999999123e-02 6.935541688000001082e-04 -6.069448788000000178e-02 -7.988810686000000563e-03 -7.624647738000001063e-02 -1.791668603999999748e-02
-1.013364465130446348e+02 6.287537619999999938e-02 1.452348359000000090e-03 -5.555660609999999583e-02 -1.659828118000000047e-02 -5.395571738000000395e-02 -2.562380069999999760e-02
-9.863336561304464567e+01 6.466550544000000678e-02 -7.593529768000000305e-03 -6.334177183999999128e-02 7.625805490000000034e-03 -1.223576441999999972e-02 -3.019453398000000038e-02
-9.592908869304463337e+01 6.364880233999999082e-02 -1.655509888000000068e-02 -5.879329021999999544e-02 -1.314615939599999769e-02 -3.540662700000000301e-02 1.656996588000000242e-02
-9.323220341304462977e+01 5.597989592000000153e-02 -1.099177194000000059e-02 -6.065244519999999501e-02 -2.455546802000000209e-02 4.834967210200000545e-03 3.265144203999999911e-02
-9.053645965304463061e+01 5.544767797999999859e-02 -6.455625054000000210e-03 -5.727285937999999910e-02 4.389360152000000397e-03 -1.727386985999999902e-02 1.179623522000000126e-02
-8.782318059304463986e+01 6.423845011999999854e-02 -2.142554388000000257e-03 -5.484674807999999346e-02 -2.708642476000000521e-02 1.053130888000000133e-02 -2.077257367999999979e-02
-8.512409527304464518e+01 6.698885132000000076e-02 -9.052652051999999366e-03 -5.931266572000000459e-02 -1.635104813999999768e-02 -1.568753361999999929e-02 -4.993820110000000284e-02
-8.242236279304464119e+01 6.107130866000000380e-02 1.670173073999999978e-03 -6.474972096000000676e-02 -5.743509068000000536e-04 1.817981207999999974e-02 -6.459483577999999837e-02
-7.972285059304462607e+01 6.263055797999998731e-02 3.970331070000000274e-03 -5.937734810000000474e-02 -2.623085063199999747e-03 1.120923154400000135e-02 -1.828863553999999711e-02
-7.703062061304464692e+01 5.637358582000000229e-02 1.039234992000000017e-02 -7.056539468000000426e-02 -1.292462668000000058e-02 1.187799770000000019e-02 -2.606000777999999737e-03
-7.433204871304462813e+01 4.822008149999999771e-02 1.212794010000000158e-02 -5.280412091999999585e-02 -3.633203193999999525e-02 4.241054891999999910e-02 1.556810130000000139e-02
-7.163028965304462758e+01 4.094577223999999738e-02 1.091816103999999898e-02 -5.964800588000000042e-02 -2.970261765999999623e-02 -2.211185648200000246e-03 -2.881995323999999442e-02
-6.894011683304464100e+01 4.992938014000000008e-02 1.117101269999999993e-02 -5.892423756000000207e-02 -1.120983644999999987e-02 4.471394883999999653e-02 -3.860004697999999679e-02
-6.623513153304462264e+01 5.634868997999999823e-02 1.005549059399999876e-02 -6.306495130000000504e-02 -2.172465827999999974e-02 1.535370796000000079e-02 -6.130368077999999443e-02
-6.353740811304464842e+01 6.558010881999999653e-02 4.806631308000000082e-03 -6.338059551999999930e-02 5.573328437999999774e-03 1.640329964000000057e-02 -1.842188759999999897e-02
-6.083877341304463471e+01 6.063783362000000482e-02 2.085413267999999733e-03 -6.068725257999999650e-02 -1.286007502000000025e-02 -3.117338134000000038e-02 -3.402712681999999628e-02
-5.814859247304464418e+01 6.166652037999999919e-02 -2.386328634000000129e-03 -5.202000815999999889e-02 1.090594185600000064e-02 -2.736958093999999897e-02 2.264729399999999837e-02
-5.545879149304463596e+01 5.560171337999999380e-02 -6.940596413999999478e-03 -6.227184294000000925e-02 1.100904413200000029e-02 1.931115952000000274e-02 -7.484096676000000226e-02
-5.275067777304464300e+01 5.127261195999999188e-02 1.023581785200000042e-03 -6.051764092000000428e-02 -6.335728697999999486e-03 2.510756970000000560e-02 -3.798112451999999944e-02
-5.004516593304462901e+01 5.465005719999999068e-02 4.257055177999999329e-03 -7.617576066000000812e-02 -8.506912868000000155e-03 3.415900980000000087e-02 -1.083985281999999967e-01
-4.734082589304463085e+01 5.927987638000000586e-02 -2.306828203999999969e-03 -8.306497842000000464e-02 -3.601713139999999924e-02 -7.285079520000001252e-03 -3.485779060000000762e-02
-4.463717621304463989e+01 5.073406642000000133e-02 2.875526928159999915e-04 -7.573010877999999946e-02 -2.347862016000000149e-02 -4.321058339999999526e-02 -4.516305931999999718e-02
-4.193982435304464218e+01 3.741639157999999965e-02 5.437044745999999873e-03 -7.495789694000001835e-02 -1.335021995999999787e-02 -6.921565722000000420e-02 -2.104996480000000114e-02
-3.924794809304463428e+01 3.315028503999999099e-02 -7.330823797999999614e-03 -7.483764047999999502e-02 1.323395440200000016e-02 9.925754469999999163e-03 -7.671309224000000260e-02
-3.654938167304463548e+01 4.296152447999999902e-02 2.908633950400000439e-04 -7.788253524000000871e-02 -1.044054577800000022e-02 7.562709964000000409e-03 -4.031290453999999968e-02
-3.384025647304463291e+01 4.478223756000000721e-02 -5.065903778000000433e-03 -7.371799891999999965e-02 2.802351036000000524e-03 2.415660772000000067e-02 -3.810340424000000642e-02
-3.113490027304463936e+01 4.795894365999999603e-02 -2.466352855999999396e-03 -7.345500497999998823e-02 2.461142153000000186e-03 3.296172963999999955e-02 -6.551226016000000207e-03
-2.843475647304463649e+01 5.416566216000000267e-02 -3.156565854000000122e-03 -6.801872540000000744e-02 2.359821520000000145e-02 7.327960443999999643e-03 -1.484666788000000084e-02
-2.573495027304463889e+01 5.187843392000000137e-02 9.277565616000000778e-04 -7.045989876000000041e-02 3.421294747999999858e-02 1.861763412000000048e-02 -2.744572990000000365e-02
-2.302139707304463556e+01 6.417012950000000604e-02 -1.163715203999999897e-03 -6.517382619999999294e-02 -1.852151989999999832e-02 -3.207881819999999860e-03 3.205736052000000141e-02
-2.031331907304463869e+01 6.723105473999999027e-02 5.225518789999999622e-03 -5.968261955999999702e-02 5.728127230000000340e-03 -1.110880780800000030e-02 -3.808884884000000165e-03
-1.761233447304463340e+01 6.994121699999999997e-02 4.063959538000000253e-03 -5.000361102000000502e-02 -3.778621072999999945e-03 2.430176199999999759e-02 -9.301607127999999419e-03
-1.489862847304463855e+01 7.039550912000000493e-02 1.580007964000000294e-03 -4.379913779999999174e-02 -1.436107879600000137e-02 -1.001890822599999994e-02 -2.027212333999999991e-02
-1.219727527304463521e+01 7.008541331999999791e-02 -9.398940022000000505e-03 -4.208795979999999798e-02 -3.952276632599999520e-03 -1.870186400000000207e-02 -6.187912868000000621e-02
-9.499256473044633609e+00 8.196104448000000875e-02 -6.457790534000000179e-03 -3.295248041999999933e-02 -2.911436101999999998e-02 -3.097452222000000172e-02 -1.657395547999999941e-02
-6.817012473044632870e+00 8.093324195999999915e-02 -1.428532982000000132e-02 -2.753617789999999663e-02 -2.688462410000000413e-02 8.660592697999999756e-03 -4.534026567999999840e-02
-4.127765873044637601e+00 7.946787918000000617e-02 -8.000492640000000585e-03 -1.852101922000000053e-02 3.426705714000000125e-03 2.033971893999999767e-02 -1.211496681400000067e-02
-1.430447273044632039e+00 7.467763456000001132e-02 -1.522880539999999991e-02 -3.131724858000000701e-03 6.031076418000000730e-03 -1.177393014799999957e-02 -2.265289674000000100e-02
1.271487326955360597e+00 6.341048956000000514e-02 -2.305409346000000109e-02 1.475600003999999986e-02 6.222082668000000240e-03 -2.961011306000000537e-02 -9.005270815999999456e-03
3.980556126955360874e+00 6.291946196000000602e-02 -1.934356149999999844e-02 3.003809952000000005e-02 -4.447407718000000176e-03 -8.658493578000001772e-03 -1.897677802199999961e-03
6.669537126955367157e+00 6.723825982000000701e-02 -1.757381545999999947e-02 4.733262319999999301e-02 -4.029719274000000129e-02 2.359775178000000223e-02 2.738580384000000034e-02
9.370299726955369835e+00 6.596843321999999732e-02 -1.233448996000000020e-02 5.584066525999999836e-02 -2.337368541999999827e-02 -2.792099590000000214e-02 1.662982003999999986e-02
1.206352492695535794e+01 6.764092904000000572e-02 -1.580032801999999709e-02 5.699656607999999819e-02 1.273314749999999995e-02 -1.235389413999999795e-03 4.283155410000000392e-03
1.475185292695536532e+01 6.184659661999999253e-02 -1.035696574999999883e-02 6.435124723999999241e-02 1.919188279999999719e-02 2.762287073999999953e-02 2.616600881999999600e-02
1.745945592695536419e+01 5.848320115999999791e-02 -1.187314005999999880e-02 5.765237042000000145e-02 -3.226071162000000714e-02 -1.117673309799999994e-02 7.365023991999999561e-03
2.015636532695536332e+01 6.878148378000001339e-02 -3.852968117999999546e-03 5.448260524000000243e-02 -2.497403139999999910e-02 -1.327143260819999959e-03 2.002559582000000213e-02
2.286137472695536488e+01 6.070225939999999987e-02 -2.683020901999999801e-03 6.745657213999999013e-02 -3.430593430000000027e-02 -2.678101589999999990e-02 2.478485673999999625e-02
2.556816212695536450e+01 7.192660419999999388e-02 4.432533889999999699e-03 5.725089629999999957e-02 -1.750476691999999779e-02 2.284518704000000275e-02 5.235651462000000256e-02
2.826929372695535747e+01 6.900607799999999847e-02 4.309276953999999563e-04 5.631791717999999614e-02 1.719036047999999983e-02 3.274695715999999951e-02 2.808095349999999851e-02
3.097528112695536606e+01 7.107867019999999925e-02 2.097054389999999848e-03 5.159518125999999760e-02 -1.465097220000000089e-02 6.596629113999999232e-03 -4.264244693999999503e-02
3.368050892695536191e+01 6.656442099999999862e-02 1.592168168000000121e-03 6.581286595999999434e-02 6.842121031999999492e-03 3.302900179999999908e-02 -6.621550228000000309e-03
3.638732792695536489e+01 6.554817922000000241e-02 1.575077816000000023e-03 6.979162782000000731e-02 2.064113436000000051e-02 -1.147555098199999971e-02 3.253274492000000212e-02
3.909169992695536422e+01 6.651002665999999897e-02 -2.122304144000000063e-03 5.848463589999999129e-02 9.882380180000000652e-03 2.264484615999999909e-02 6.256792047999999717e-02
4.179391212695536240e+01 5.905596895999999651e-02 4.855402681999998991e-03 5.935112933999999590e-02 -3.403275147999999806e-02 -2.884944474000000238e-03 3.220443073999999621e-03
4.450639652695535631e+01 5.939987555999999558e-02 -2.092267923999999862e-03 6.595632010000000711e-02 -4.002217679999999639e-02 -4.203721860000000574e-03 -5.302117829999999227e-02
4.721510292695536037e+01 5.622367452000000265e-02 -4.423084065999999606e-03 6.500326672000000805e-02 -4.111133601999999998e-02 -9.693035758000000460e-03 -1.031403629999999919e-02
4.991145912695536424e+01 5.327594923999999510e-02 5.007776063999999985e-03 7.048496475999999067e-02 -4.434793956000000065e-02 -3.387750628000000229e-03 5.384729216000000429e-03
5.260814032695536469e+01 5.070862395999999744e-02 5.305611306000000303e-04 7.380324462000001362e-02 -3.943780651999999332e-02 6.370925910000000206e-03 4.048077385999999944e-02
5.531247152695537039e+01 5.524889794000000659e-02 -4.265158013999999741e-03 6.478297788000000890e-02 -6.432807227999999544e-04 -2.170939413999999762e-02 6.380722658000000103e-04
5.801076892695535747e+01 6.943249898000000697e-02 1.508842917999999840e-03 6.974052954000001248e-02 -3.552750986000000055e-02 -9.642394763999998994e-03 2.410564309999999738e-02
6.071281832695537162e+01 7.279430377999999979e-02 -5.739710219999999419e-03 6.547864822000000473e-02 3.201653413999999698e-02 -5.657442638000000079e-02 -4.102189669999999934e-03
6.340496532695537013e+01 6.957570264000000060e-02 1.017435697200000117e-03 5.488077711999998776e-02 -1.138009151999999982e-02 -6.480211779999999096e-03 -4.549956512000000175e-02
6.610558112695537147e+01 6.313684663999999391e-02 1.557424169999999932e-03 6.322436586000000636e-02 2.571568478000000463e-02 -2.088296614000000398e-02 -2.218195278000000339e-02
6.880613732695536555e+01 6.028043487999999728e-02 8.915464143999999105e-03 6.001495392000000262e-02 -8.257668886000000055e-03 1.315514645199999944e-02 -5.435781848000000027e-02
7.151539332695536189e+01 6.006984093999999386e-02 6.340790849999999867e-03 6.241941596000000203e-02 5.310302125999999401e-02 8.308189288800000303e-04 -3.970421668000000126e-02
7.421329032695535943e+01 5.857004508000000081e-02 8.941471257999999284e-03 5.517640725999999052e-02 -1.701141846000000374e-02 -1.221594971999999911e-02 -8.460449396000000247e-03
7.692276232695537885e+01 6.875456543999999837e-02 4.986408454000000254e-03 5.960749329999999457e-02 4.876414322200000109e-03 -8.252574178000000871e-02 6.008364215999999116e-04
7.962535292695535816e+01 6.789742090000000507e-02 9.129826913999997823e-03 4.697886673999999985e-02 8.302678758000000409e-03 -3.352045622000000141e-02 1.308197976200000182e-02
8.231246532695536189e+01 6.764928389999999570e-02 -3.294535033999999667e-04 4.798941867999999278e-02 -4.185656529999999889e-03 -6.182202864000000547e-02 1.161337004799999940e-02
8.501229972695536219e+01 6.904330811999999373e-02 -6.546581020000000022e-03 5.389064723999999890e-02 -4.019010082000000483e-02 -2.770875605999999908e-02 1.050260269800000132e-02
8.770944052695537607e+01 6.753281139999998961e-02 -6.885497420000000028e-03 5.770514213999999864e-02 -8.389376892000000377e-03 9.851010449999999391e-03 1.283971271000000115e-02
9.042005292695534990e+01 6.872184303999999411e-02 -2.930265540000000050e-03 6.193293955999999711e-02 3.618790565999999848e-02 -3.865219779999999519e-03 5.831481218000000855e-02
9.311251232695535407e+01 6.931654985999999297e-02 -1.086182205000000038e-03 6.062232203999999569e-02 7.971559739999999061e-02 -2.093367464000000025e-02 3.438963721999999806e-02
9.581761192695537943e+01 6.361459910000000217e-02 -1.098213905599999948e-03 5.373278016000000712e-02 9.434119772000000570e-02 1.573749108000000244e-02 1.474409529399999842e-02
9.852043412695536517e+01 5.159558899999999726e-02 -3.483851368000000313e-03 4.722615720000000045e-02 2.394987338000000021e-02 -1.970979542000000223e-02 3.830368257999999804e-02
1.012176809269553530e+02 5.072178445999999535e-02 -7.791163662000000212e-03 5.533606772000000673e-02 2.097113249999999970e-02 2.437622204000000018e-03 2.201387739999999954e-02
1.039143435269553777e+02 5.650261051999999617e-02 -7.823614109999999996e-03 6.254595588000000372e-02 2.121344833999999537e-03 -3.087030285999999707e-02 3.187631154000000050e-02
1.066014219269553678e+02 5.629810640000000588e-02 5.794323778000001106e-04 6.630003873999999742e-02 4.325638693999998841e-02 1.050827011599999791e-02 7.622409119999999649e-02
1.092955841269553758e+02 6.024912115999999512e-02 4.900658555999999957e-03 6.265373918000000097e-02 -1.388114115999999898e-02 4.705784572000000499e-02 8.437339790000000783e-02
1.120049435269553726e+02 6.609248103999998403e-02 9.668330595999998639e-03 6.540959438000000514e-02 4.849897118000000285e-02 3.155324381800000185e-03 7.871484320000000923e-02
1.147082841269553626e+02 6.989281772000000004e-02 8.674153016000000355e-03 5.840774437999999430e-02 -4.719641487999999552e-02 7.618921390000000030e-03 1.368740228000000017e-02
1.174165435269553655e+02 6.623831654000000846e-02 1.046250578000000077e-02 6.596240572000000579e-02 -4.445564214000000819e-02 1.001229015000000035e-02 -3.304153386000000664e-02
1.201189125269553699e+02 5.366650803999999109e-02 3.352627539999999094e-03 7.089169807999999573e-02 -4.228868910000000564e-02 -2.365126092000000013e-02 -3.723386018000000158e-02
1.228122809269553670e+02 5.880235951999999988e-02 -2.933143389999999778e-04 7.300139474000000295e-02 4.678197955999999907e-02 -1.449993842800000043e-02 -1.999654792000000320e-02
1.255286937269553675e+02 6.214939927999999641e-02 8.526733498000000494e-03 7.214746508000000058e-02 1.429834116000000023e-02 1.301715857999999858e-02 2.490216033999999995e-02
1.282278155269553679e+02 5.766398979999999563e-02 2.242763493999999809e-03 6.606080783999999928e-02 8.166990334000001975e-03 1.317230201800000111e-02 3.371444297199999770e-03
1.309320377269553433e+02 5.389700911999999178e-02 1.640592925999999948e-03 7.086635356000001162e-02 9.045005508000001498e-03 3.925061003999999638e-03 5.439074914399999634e-03
