-1.550582561167854010e+02 6.862721380000000315e-02 -3.988139853999999977e-03 -4.589069104000000066e-02 -2.759838777600000150e-03 -2.860058822000000056e-02 -2.883881546000000018e-02
-1.523467729101853934e+02 6.630690040000000729e-02 -9.317192186000000306e-03 -4.937134517999999805e-02 9.921261343999999288e-03 -2.745758280000000148e-02 -4.961076279999999949e-02
-1.496612398461853957e+02 6.695071414000000609e-02 -1.063700747000000113e-02 -5.899395366000000085e-02 4.579091955999999713e-02 -5.358379274000000386e-02 -2.065119312000000124e-02
-1.469704164701853983e+02 5.909973937999999510e-02 -1.084502467999999900e-02 -6.279232293999999215e-02 1.392701439999999811e-02 2.089206294000000089e-02 2.490204497999999947e-02
-1.442707537981853818e+02 5.721893678000000705e-02 -5.721351644000000417e-03 -6.292938164000000389e-02 -3.472732650000000254e-02 -3.638714435999999830e-02 2.157928937999999824e-02
-1.415736766181854023e+02 6.140831615999999687e-02 -4.336399368000000594e-03 -6.981166440000000084e-02 -4.015307389999999560e-02 -5.951763385999999517e-02 5.724031789599999184e-03
-1.388733328981854243e+02 6.253749769999999986e-02 -2.183677021999999666e-03 -6.124859038000000228e-02 1.902428605999999939e-02 -1.567260295999999692e-02 7.463425258000000798e-03
-1.361799853581854052e+02 6.315451295999999215e-02 -7.649472783999999512e-03 -6.597673857999999947e-02 1.968695663999999595e-02 3.235840021800000417e-03 1.385293202000000001e-02
-1.334868559781854174e+02 6.803681261999999785e-02 -6.848689360000000115e-03 -6.657446390000000547e-02 2.703469971999999943e-02 -1.257733066000000025e-02 -3.575277649999999974e-02
-1.307912103781854114e+02 6.475438361999999448e-02 -1.343942994000000071e-02 -6.505011060000000234e-02 3.687001235999999571e-02 -3.951243508000000515e-02 -4.978262162000000185e-02
-1.280999110181854235e+02 6.068882884000000727e-02 -1.068392913999999944e-02 -5.816531818000000159e-02 6.515594287999999790e-02 -1.515085378000000094e-02 1.739265040200000268e-03
-1.253992285181853958e+02 5.666369985999999276e-02 -4.697065036000000124e-03 -6.013861862000000752e-02 2.066208374000000000e-02 -5.409920530000000838e-02 -3.824069647200000008e-03
-1.226925253781853797e+02 6.361590485999998879e-02 -5.841537219999999933e-03 -6.794432794000000719e-02 1.362552716000000122e-02 -1.383504844000000081e-02 2.009691586000000169e-02
-1.200015072381853969e+02 5.474899852000000150e-02 -2.906361483999999901e-03 -6.305654444000000081e-02 -2.255493966000000211e-02 -2.302112524000000243e-02 -6.677934301999999614e-03
-1.172961669581854096e+02 6.001419180000000519e-02 -1.063753614199999228e-04 -5.885211695999999909e-02 -4.649852119999999672e-02 4.774412423999999620e-03 -2.810203297999999683e-02
-1.145878600781854004e+02 6.809704835999999539e-02 -1.616854644000000063e-03 -6.159238270000000348e-02 9.793273434000000777e-03 2.794624633999999788e-02 1.580516870000000032e-02
-1.118871578781853913e+02 6.067032571999999430e-02 -2.375983840000000461e-03 -6.166094017999999843e-02 6.265019478000000142e-02 -4.667171342000001359e-04 -2.334131363999999986e-02
-1.091897906981854049e+02 5.643052389999999446e-02 6.696746184799999470e-04 -6.798421122000000705e-02 3.691878920000000314e-02 4.350590589999999563e-02 -2.546828429999999695e-03
-1.064870797381853862e+02 5.270527065999999067e-02 4.483200460000000449e-03 -6.698784514000000190e-02 5.756450982000000174e-03 8.358403387999998810e-03 -4.725535358000000630e-02
-1.037781175781854017e+02 5.298852307999999539e-02 9.959973018000001233e-03 -6.726233621999999635e-02 1.322526381999999945e-02 1.427875667999999910e-02 -4.837012713999999658e-02
-1.010706965981853926e+02 4.408521247999999670e-02 4.499810891999999826e-03 -6.393535526000000691e-02 -2.007743777799999955e-03 1.602252852000000255e-02 -4.581327742000000647e-02
-9.836273285818539591e+01 4.079565224000000073e-02 1.047608392000000041e-02 -6.254526857999999356e-02 4.231325183999999628e-02 2.683973545999999641e-02 -3.952475629999999823e-02
-9.567169913818538873e+01 4.313939737999999274e-02 1.322914414000000115e-02 -6.813371331999999725e-02 1.911176917999999822e-02 -2.739261922000000432e-02 -1.962564187999999918e-02
-9.297849911818539681e+01 4.808158816000000085e-02 1.456652472000000142e-02 -6.449251176000000974e-02 5.350528060000000335e-02 2.309813842000000075e-02 -3.722321265999999074e-02
-9.028552599818540614e+01 5.651213598000000282e-02 6.533832488000000487e-03 -6.151147798000000666e-02 4.453559701999999787e-02 -9.671882449999998771e-03 -3.726023593999999717e-02
-8.758882849818539285e+01 6.115457209999999172e-02 6.438951218000000046e-03 -6.415865480000000620e-02 1.008528882799999971e-02 -3.242481249999999704e-02 -2.157675690000000063e-02
-8.488652223818539255e+01 7.034222953999999528e-02 5.616772614000000059e-03 -5.992706805999999803e-02 -6.062735503999999373e-03 9.835224364000000330e-03 6.606756079999999767e-03
-8.218472443818538409e+01 6.867815858000000939e-02 8.896273229999999629e-03 -6.041243353999999760e-02 1.675435129180000106e-03 -3.003509896000000016e-03 1.432445384000000099e-02
-7.947954225818540408e+01 6.137041714000000120e-02 3.286393457999999771e-03 -6.457854316000000150e-02 1.003587793599999972e-01 6.482877110399999643e-03 1.038520292200000202e-02
-7.677660161818539564e+01 5.572268031999999538e-02 6.947023378000000311e-03 -6.973763223999999983e-02 8.851574562000000257e-02 1.642238243400000186e-02 4.456976257999999830e-02
-7.407835817818539681e+01 6.264375558000000177e-02 5.823999812000000068e-03 -6.056575993999999824e-02 8.368264680000001010e-02 3.274425271999999165e-02 2.307974105999999886e-02
-7.138500195818539851e+01 5.728918487999999642e-02 5.761583378000000033e-03 -6.870354109999998737e-02 3.617405967999999528e-02 2.168259014000000276e-02 5.215320210000000400e-02
-6.867572505818539241e+01 4.932186523999999850e-02 -3.403454934000000372e-03 -6.774527849999999185e-02 3.319174566000000076e-02 -4.717549366000000841e-03 4.031621923999999940e-02
-6.598308285818539787e+01 5.306591394000000073e-02 1.112381966000000090e-02 -6.951852518000001258e-02 -4.462549467999998680e-03 8.450745264000001505e-03 -4.730961594000000076e-02
-6.328290161818539161e+01 6.635086815999999277e-02 -1.543038794999999908e-03 -7.185574774000000331e-02 5.255076038000000560e-02 1.714664750000000071e-02 -4.246742237999999448e-02
-6.059031941818538769e+01 7.398549864000000809e-02 2.763816124000000474e-03 -6.336579352000000498e-02 3.861775664000000052e-02 -7.029959914000000372e-03 -2.424547643999999669e-02
-5.788273379818539155e+01 7.036750296000000848e-02 -7.675197297999999599e-03 -5.757234333999999842e-02 5.665770291999999708e-02 3.714696735999999111e-02 5.767475193999999430e-03
-5.517609111818539702e+01 6.828967290000000079e-02 -3.305019724000000329e-03 -6.336258912000000687e-02 3.482776678000000514e-02 3.442548441999999931e-02 1.817656433999999960e-02
-5.248009711818539103e+01 6.426267144000000209e-02 -8.957044808000001052e-03 -7.135965401999999624e-02 6.090826170000000761e-02 3.495605991999999745e-02 2.645200856000000031e-02
-4.977792511818540078e+01 6.025790857999999833e-02 -3.356179063999999677e-03 -6.159246704000000822e-02 7.035564705999999835e-02 3.007036608000000083e-02 -5.511854084000000591e-03
-4.707362551818539487e+01 5.955175260000000748e-02 -8.939287790000001802e-03 -6.112292033999999763e-02 1.422644219999999980e-02 -1.602642821999999967e-02 -2.339582955999999769e-02
-4.437605651818539343e+01 5.364241236000000246e-02 -1.027515186000000150e-02 -6.155421374000000917e-02 -2.609107350000000169e-03 1.262239305399999977e-02 2.755508796000000205e-02
-4.167150991818540007e+01 5.595224196000000288e-02 -9.542079820000000379e-03 -4.976823293999999703e-02 -8.368608799999999875e-03 -8.382250131999998549e-03 1.231686497200000204e-03
-3.896751911818539327e+01 6.498861213999999886e-02 -2.032589940000000157e-03 -5.772341063999999328e-02 -4.136548258000000144e-02 1.912194387999999884e-02 -2.034522897999999774e-02
-3.626637231818539675e+01 6.900419958000000853e-02 6.222080432000000501e-03 -5.100357915999999964e-02 4.901563435999999399e-03 1.978203383999999759e-03 1.882262327999999901e-02
-3.355977851818539648e+01 6.698313063999999928e-02 6.487633029999999908e-04 -4.718889680000000475e-02 -2.975855379999999689e-02 -2.153862329999999860e-03 1.315304441999999921e-02
-3.087124431818540415e+01 7.292073830000000978e-02 -1.979644950000000129e-03 -5.339512180000000052e-02 3.191116572000000234e-02 -4.392706448000000506e-03 1.714751045999999765e-02
-2.816141591818540135e+01 7.315008366000000373e-02 -4.791466592000000538e-03 -5.782618215999999617e-02 -1.012067748600000046e-02 8.184794126000000808e-03 -3.185109931999999949e-02
-2.546427831818539289e+01 6.885415798000001086e-02 -3.967731150000000651e-03 -5.153397376000000418e-02 9.895591489999999366e-03 -2.693949994000000014e-02 -5.767417337999999200e-02
-2.275565971818539168e+01 7.495825200000000299e-02 -1.358211147999999723e-02 -2.764687915999999857e-02 1.611751453999999903e-02 -2.379241414000000249e-02 -4.264661456000000406e-02
-2.004445951818539839e+01 8.340189774000000833e-02 -1.733602742000000044e-02 -7.170616947999999997e-03 1.396215683999999999e-03 -2.795248607999999916e-03 1.042252875999999905e-02
-1.734223791818538984e+01 7.500141303999999232e-02 -2.157056764000000321e-02 1.701214759999999937e-02 -3.419496689999999839e-02 -5.786616839999999748e-03 2.866722620000015237e-05
-1.463175631818539912e+01 7.330517189999999350e-02 -1.736940871999999997e-02 3.787221745999999611e-02 1.359132069400000031e-02 7.356978237999999178e-03 6.095665911999999936e-03
-1.193201911818539962e+01 6.820124266000000823e-02 -1.096273412000000128e-02 4.268750610000000140e-02 1.054531770800000087e-02 2.780758981999999907e-02 -2.647604236000000028e-02
-9.228059718185392057e+00 6.357198976000000279e-02 -1.442439155999999945e-02 4.658115694000000001e-02 1.733797953999999947e-02 -8.313111613999998178e-03 -4.069889180000002625e-05
-6.524894118185398106e+00 6.362756166000001212e-02 -5.653977265999999072e-03 5.128925117999999506e-02 3.224470173999999939e-02 -5.144804598000000430e-03 -3.851100231999997868e-04
-3.828940918185389730e+00 6.382802132000001127e-02 7.482468564000000063e-04 4.751826280000000235e-02 5.602510403999999902e-03 -1.971733051999999958e-02 8.479113503999999649e-03
-1.129459518185399247e+00 6.176992674000000155e-02 3.040578572000000260e-03 4.691792241999999391e-02 1.822436222000000175e-02 1.382963734000000090e-02 8.157911619999999586e-02
1.555268481814601866e+00 7.060270667999998806e-02 6.407147967999999791e-03 5.502153782000000076e-02 1.341503259999999795e-02 -1.438057358000000008e-02 4.763355285999999744e-02
4.266512081814601842e+00 6.292746029999998769e-02 1.036016795999999962e-02 5.931403891999999928e-02 -2.604510620000000110e-02 8.458613135999997531e-04 6.004917711999999824e-02
6.967993281814602646e+00 6.831763809999999437e-02 1.199082647999999938e-02 6.369007230000001130e-02 -1.749982477999999925e-02 2.010456509399999921e-03 3.169782253999999660e-02
9.660487081814602917e+00 6.010285191999999860e-02 -3.392934203999999846e-03 6.791294525999999609e-02 -3.604237873999999869e-02 2.430724428000000104e-02 3.372704812000000552e-02
1.236441508181459881e+01 5.513081183999999496e-02 8.883808800000000255e-03 7.934376251999999963e-02 -3.345856545999999904e-03 4.351900513999999373e-03 8.630589282000000750e-02
1.506492148181459889e+01 5.615388647999999122e-02 1.050120384800000070e-02 6.725364736000000176e-02 1.048735292000000166e-02 -8.641409287999999786e-03 5.057633308000000077e-02
1.776674648181460014e+01 5.073543097999999585e-02 5.539435274000000312e-03 6.895297104000000510e-02 -2.930837496199999864e-03 6.531251125999999567e-03 9.102753082000000773e-02
2.047714648181460007e+01 4.405337767999999848e-02 1.018755386800000023e-02 6.282938423999999411e-02 5.513337648000000112e-03 -1.067624496600000014e-02 3.441565415999999628e-02
2.317721208181459858e+01 5.011101780000000450e-02 2.866968439999999690e-05 5.388618988000000443e-02 2.116608996000000215e-02 1.379696277199999807e-02 7.599442821999999320e-02
2.588210588181460636e+01 5.732637203999999681e-02 -1.156282907999999984e-02 5.427088030000000451e-02 1.063477030600000137e-02 -1.309091234000000006e-02 6.557672706000000629e-02
2.857342468181460760e+01 6.221375799999999401e-02 -1.294523867999999855e-02 6.839241163999999762e-02 3.819468644000000024e-02 1.189828649999999897e-02 6.558874866000000137e-02
3.126203708181460073e+01 4.763690822000000297e-02 -4.997086056000000186e-03 7.519226069999998541e-02 4.363764399999999627e-02 -4.267164589999999924e-02 4.861763142000000149e-02
3.395878388181460394e+01 4.235215760000000246e-02 -5.726539434000000109e-03 7.470309075999999326e-02 3.136816299999999752e-02 -2.240952621999999991e-02 6.384683618000000505e-02
3.666779648181460516e+01 4.675109146000000493e-02 -5.446005829999999576e-04 6.869046205999999877e-02 9.750895899999998881e-03 -4.050513141999999983e-02 4.533368018000000221e-02
3.935785888181460024e+01 5.184092392000000382e-02 6.895826836000000862e-03 5.866437341999999194e-02 -1.124364486000000753e-04 3.328117900000000101e-02 2.262763121999999960e-02
4.205201828181460399e+01 5.956528285999999894e-02 7.985783770000001031e-03 5.847230675999999516e-02 9.814748781999999352e-03 -7.305943496000000259e-03 6.192256544000000057e-02
4.475282188181460441e+01 7.253109030000000346e-02 4.057975012000000076e-03 6.491863049999999080e-02 4.396267467999999683e-04 -1.256778292000000109e-02 5.213760087999998877e-02
4.746021228181460572e+01 6.896074473999999621e-02 6.034823386000000116e-03 6.386611043999999848e-02 -8.891402134000001706e-03 -4.109773156000000316e-02 7.889264964000000657e-02
5.016248728181459882e+01 6.590823570000001186e-02 7.649578700000001300e-03 6.595703631999999539e-02 -1.422748756399999995e-02 -1.157722600799999946e-02 4.085109677999999855e-02
5.287332448181459910e+01 6.338254439999999046e-02 8.395279494000000911e-03 6.929127924000000327e-02 8.817428137999998999e-03 -7.677938314000000083e-03 4.450332576000000373e-02
5.557544968181459666e+01 7.152966830000000165e-02 4.502496015999999865e-03 6.745989730000000184e-02 7.078353047999999710e-03 1.624977167599999956e-03 6.714378404000000133e-02
5.828556528181460550e+01 6.429195474000000410e-02 4.503871046000000253e-03 6.582114355999998945e-02 -2.120673803999999912e-02 -4.682008753999999939e-02 5.457215869999999802e-02
6.099079348181460603e+01 6.521446863999999510e-02 1.653986406200000044e-04 5.370238071999999807e-02 1.176491412000000084e-02 -1.466756150000000057e-02 3.003383884000000031e-02
6.369369328181460332e+01 6.411334863999999800e-02 4.070590853999999856e-03 5.971518482000000294e-02 -1.440699198000000049e-02 -3.542826706000000436e-02 5.395225225999999985e-02
6.640036208181462030e+01 5.919619303999999749e-02 3.748263269999999731e-03 6.143736030000000042e-02 7.552935541999999773e-03 4.454621029999999635e-03 7.669123220000000074e-02
6.909103408181461248e+01 6.522673720000000952e-02 8.517105100000000109e-04 5.643824898000000811e-02 6.451691719999999575e-03 -4.832261317999999445e-02 3.712795046000000321e-02
7.180371848181459882e+01 5.895496141999999329e-02 5.768205664000000156e-03 5.546247610000000494e-02 1.803110638000000182e-02 -3.588471992000000221e-02 5.081669986000000167e-02
7.449916228181460554e+01 6.217914575999999860e-02 -1.469954569999999986e-03 5.610785857999998905e-02 1.602407513999999991e-02 -6.255861053999998977e-02 5.035194993999999452e-02
7.720706528181460726e+01 6.113947401999999393e-02 -5.907530919999999172e-03 5.603936290000000042e-02 2.495316019999999774e-02 -6.682052730000000162e-02 9.199842844000000186e-02
7.991310888181460825e+01 6.291327475999999863e-02 -1.569255936000000032e-02 4.979836585999999898e-02 4.734167976000000500e-03 -6.229360097999999367e-03 1.332155897999999852e-02
8.260278728181461361e+01 5.825455920000000010e-02 -1.076144903999999916e-02 5.300977805999999154e-02 1.660986458000000138e-02 7.139697138000000720e-03 8.520609587999999554e-03
8.531101868181460190e+01 6.309273479999999434e-02 -1.049527576000000052e-02 6.224373506000000639e-02 3.721561740600000563e-03 3.234594223999999463e-02 1.792944003999999772e-02
8.800509968181461318e+01 6.330948990000000165e-02 -3.271598847999999775e-03 5.550675258000000584e-02 -1.795757729999999941e-02 2.629350440000000066e-02 -1.741675436000000160e-02
9.071604668181460340e+01 6.657980373999998480e-02 -1.326569039999999852e-02 4.933795638000000594e-02 -9.742743381999999230e-03 -4.649604178000001087e-02 1.438853481199999819e-02
9.340312788181459780e+01 7.011698675999999963e-02 -1.507021482000000037e-02 4.529181397999999803e-02 -1.630257375999999772e-02 6.401359333999999228e-03 1.900333977999999965e-02
9.610972468181459760e+01 7.709804291999999837e-02 -1.023303774000000090e-02 3.865061898000000246e-02 1.195184124000000028e-02 -1.419054643400000093e-02 4.026992012000000370e-02
9.880289968181459415e+01 7.864535413999999836e-02 -1.378469405999999987e-02 2.430945443999999941e-02 3.242905026000000163e-02 -2.172647471999999969e-02 5.912090741999999691e-03
1.015095088818145967e+02 8.106201647999999871e-02 -9.425465620000000183e-03 5.954177367999999998e-03 6.683125592000000066e-03 8.073584996000001193e-03 3.335273946000000267e-02
1.042022340818146233e+02 8.269872820000000180e-02 -7.561435348000000375e-03 -1.183582876000000006e-02 3.456546314000000231e-02 3.830247241999999719e-02 3.207689931999999772e-02
1.068986118818146025e+02 8.873113716000000095e-02 -4.788505563999999673e-03 -2.855405711999999679e-02 -1.827646353999999931e-02 1.979041735999999968e-02 -2.583671935999999961e-02
1.095941680818146153e+02 8.138857637999999395e-02 -3.722877529999999487e-03 -4.514085011999999925e-02 3.441056837999999229e-02 1.400838184800000039e-02 -7.630275453999998958e-02
1.123044298818146274e+02 7.384299737999999724e-02 -2.099015929999999835e-03 -4.117921354000000228e-02 -6.716586949999998890e-03 -1.133733621799999994e-02 -6.117787855999999580e-02
