-1.550677695668224771e+02 6.946299236000000321e-02 1.510542423999999828e-02 -4.867435792000000122e-02 2.138190363999999816e-02 3.496896702000000523e-02 -2.288043118000000070e-02
-1.523690049864224534e+02 6.336389114000000322e-02 2.149843625999999994e-02 -5.131869287999999557e-02 2.493332311999999634e-02 5.170520737999999283e-02 -2.696603885999999603e-02
-1.496647310824224633e+02 5.396761803999999829e-02 1.964664097999999776e-02 -5.747977083999999959e-02 -2.016571922600000292e-03 -1.095121929999999869e-02 5.644734877999999303e-03
-1.469692295504224262e+02 5.024694419999999745e-02 1.304023544000000069e-02 -6.081788519999999781e-02 2.813636966000000045e-03 -2.626566975999999887e-02 -3.832435532000000311e-02
-1.442682774104224563e+02 4.724932012000000042e-02 1.099442588000000033e-02 -6.704010858000000739e-02 1.090298027399999939e-02 -2.946668922000000163e-02 -4.414873228000000538e-02
-1.415686605504224644e+02 5.380863179999999246e-02 4.645454775999999751e-03 -6.111155861999999217e-02 2.421603804000000207e-02 -2.620916996000000054e-02 -4.889276180000000360e-02
-1.388734942904224567e+02 6.264339174000001231e-02 7.513069706000000472e-03 -6.262466485999999832e-02 1.662973313999999841e-02 -1.478498538000000070e-02 -4.746818886000000667e-03
-1.361777155304224607e+02 6.533468771999999258e-02 4.341760161999999416e-03 -6.213833502000000453e-02 2.635018305999999727e-02 -2.734062817999999978e-02 4.778208163999999279e-03
-1.334697196304224462e+02 5.383529893999999816e-02 8.454932214000000085e-03 -7.028380809999998369e-02 -6.781727098000000023e-03 1.149914390000000104e-03 2.972834574000000202e-02
-1.307682052104224510e+02 5.100858581999999364e-02 3.147406472000000011e-03 -6.730600130000000125e-02 3.453349808000000243e-02 -5.110459170000000023e-02 -3.134741774000000293e-03
-1.280601683504224582e+02 5.643267666000000016e-02 -6.343049023999999814e-03 -7.144311912000000930e-02 -1.964204169399999880e-03 -3.427714487999999893e-02 -6.470895722000000183e-02
-1.253538870904224467e+02 4.455373663999999401e-02 -7.988462314000001341e-03 -6.586997693999999126e-02 5.056073744000000314e-02 -4.337023633999999989e-02 1.335415454000000134e-02
-1.226540118104224604e+02 4.379643204000000650e-02 -9.288677752000000856e-03 -6.346284665999998853e-02 7.394796105999998370e-02 5.373860379999999271e-02 -2.603426384000000031e-03
-1.199573093104224455e+02 5.820686686000000470e-02 -5.517109345999999560e-03 -6.583756018000000432e-02 4.790881111999999858e-02 1.018465855400000133e-02 -2.377091524000000261e-02
-1.172615127304224671e+02 5.833666343999999171e-02 -8.104754926000001108e-03 -6.603410377999999192e-02 1.468006379999999868e-02 4.026691589999999848e-02 -5.340653396000000046e-03
-1.145666124104224508e+02 5.385362717999999521e-02 -4.945055777999999777e-03 -6.439150041999999741e-02 -1.183022203999999945e-02 6.374152720000000882e-02 -1.807507486000000177e-02
-1.118654971104224671e+02 5.259162541999999607e-02 -5.540071581999999988e-03 -6.323337704000001058e-02 2.782466639999999630e-02 -2.989141424000000408e-02 4.547738219999999942e-02
-1.091583830504224579e+02 5.562390343999999709e-02 -4.132860035999999342e-03 -6.178203853999999356e-02 5.050138703999999812e-02 -4.284228149999999569e-03 2.630345895999999795e-02
-1.064508861704224500e+02 5.551785929999999286e-02 -6.828532844000000102e-03 -6.190082907999999717e-02 8.682368397999999654e-02 -1.111651593600000015e-02 1.370145469999999900e-02
-1.037608852504224615e+02 5.916175616000000220e-02 -6.888468793999999451e-03 -6.173931844000000307e-02 4.081415936000000466e-02 -2.390885652000000056e-02 -2.711088726000000088e-02
-1.010500358504224607e+02 5.147887810000000008e-02 -6.056937729999999770e-04 -5.908376443999999866e-02 4.083219736000000266e-02 6.358872704000000445e-03 -2.199832163999999868e-02
-9.835854053042245937e+01 4.718136175999999848e-02 1.641451300000000037e-04 -7.051515485999999833e-02 1.158161398999999966e-02 4.539578193999999761e-02 -2.872098155999999736e-02
-9.564805993042246257e+01 4.814820063999999955e-02 -8.535449591999999877e-03 -7.468374174000000365e-02 -4.064486362000000255e-03 -1.441332963800000125e-03 -2.677603690000000033e-03
-9.295416897042245807e+01 4.813732935999999463e-02 -5.030265818000000111e-03 -6.783362029999999432e-02 5.538870084000000089e-03 5.402370436000000081e-02 2.531775130000000346e-02
-9.025518899042245380e+01 4.186236790000000263e-02 -1.272842681999999948e-02 -5.607758884000000471e-02 3.659817916000000088e-02 2.700849213999999970e-02 -1.283381956000000101e-02
-8.754810525042243796e+01 3.799003790000000241e-02 -1.444617242000000024e-02 -5.553845836000000091e-02 -5.477584347999999576e-02 1.466233807400000103e-03 3.304756177999999822e-02
-8.483458369042246261e+01 3.968617695999999972e-02 -2.203084641999999982e-02 -5.823677866000000203e-02 -4.045675252000000000e-02 1.912826157200000045e-03 4.169128800200000255e-03
-8.212831463042245161e+01 5.974888466000000120e-02 -2.783933027999999782e-02 -5.410233231999998782e-02 -2.595839440000000109e-02 -6.067507170000000644e-02 1.885243991999999841e-02
-7.941860461042246300e+01 6.718091785999999455e-02 -1.985707676000000171e-02 -5.772741643999999839e-02 -4.137880706599999896e-03 -4.622258245999999460e-02 9.264255311999999506e-03
-7.670970057042245571e+01 6.773134257999999241e-02 -1.338885622000000018e-02 -5.206713550000000718e-02 2.714810842000000071e-02 -1.403372943999999997e-02 6.489546998000000899e-03
-7.401229775042244796e+01 6.508089772000000273e-02 -1.703753606000000045e-02 -5.531510894000000317e-02 -4.200162981999999885e-03 -2.783318627999999822e-02 -4.271420136000000055e-03
-7.130098493042244456e+01 5.743851959999999451e-02 -1.518452791999999954e-02 -5.603674003999999792e-02 -1.542131463999999938e-02 -2.028583344000000135e-02 -5.050084693999999218e-04
-6.859503493042245736e+01 6.525190647999999649e-02 -1.079917811999999908e-02 -5.808586573999999919e-02 -2.144032171999999889e-02 -1.014045720999999598e-03 -5.140809858000000565e-02
-6.590034055042244177e+01 6.171299582000000505e-02 -3.711217598000000374e-03 -5.747904962000000006e-02 5.695301423900000007e-03 9.601961096000000487e-03 -3.250220856000000241e-02
-6.321645897042244400e+01 5.731742071999999799e-02 -1.026095469999999989e-02 -5.567665334000000688e-02 -3.118566360000000343e-02 1.500217662000000174e-02 -3.816353296000000311e-02
-6.052605181042245164e+01 6.464826607999998864e-02 -7.601267270000000749e-03 -5.004729595999999475e-02 -3.005576146000000365e-02 7.133434735999999790e-03 -1.865932708000000301e-02
-5.783098149042245950e+01 7.044617447999998450e-02 1.741076312000000310e-03 -4.707682852000000251e-02 -2.279636282000000597e-02 6.430747277999999956e-02 3.554047637999999901e-03
-5.513166665042244574e+01 7.249024669999999670e-02 -2.627803566799999900e-04 -4.836874855999999390e-02 -1.180505540000000020e-02 4.817123551999999420e-02 -2.914608662000000086e-02
-5.243702305042245371e+01 6.501981166000000978e-02 -5.359008898000000923e-03 -5.393752308000000772e-02 -3.884736755999999760e-03 7.047913147999998462e-02 -8.014236418000000861e-02
-4.973433545042244930e+01 6.148757298000000204e-02 -1.299220497999999981e-02 -5.824351450000000291e-02 -1.114102869199999971e-02 4.882227693999999923e-02 -2.838021791999999557e-02
-4.703929165042245586e+01 6.205770604000000745e-02 -5.556077246000000296e-03 -4.708650407999999399e-02 6.498108616000000670e-02 1.520291220000000165e-02 1.262266411400000087e-02
-4.434271685042246247e+01 6.808016899999999594e-02 -1.067142612000000074e-02 -5.165288842000000102e-02 -7.300183288000000603e-03 -1.568176901999999984e-02 5.586632012000000008e-02
-4.163525725042245540e+01 6.406883661999999979e-02 -4.820544179999999672e-03 -5.330193262000000598e-02 3.572509533999999876e-02 7.479683056000000635e-04 2.904424904000000446e-02
-3.894443545042246058e+01 5.786306866000000271e-02 -8.560321902000001676e-03 -5.162840074000000362e-02 2.417510620000000096e-02 -7.620807980000000696e-03 1.006699087800000045e-02
-3.623813845042245418e+01 5.125363133999999432e-02 -2.630295452000000304e-03 -5.185078655999999370e-02 3.800763399999999848e-02 5.057347713999999980e-03 -2.595960089999999748e-02
-3.353711985042245658e+01 5.828751100000000018e-02 3.212399482000000139e-03 -5.213780376000000383e-02 4.321659215999999748e-02 -2.231081777999999877e-02 -6.514132495999999661e-02
-3.083672925042245794e+01 6.644020246000000018e-02 9.315945513999999853e-04 -5.123354024000000007e-02 -2.778006976199999707e-03 -3.248854975999999894e-02 -1.450825493999999792e-02
-2.814217605042246007e+01 6.853868570000000437e-02 -1.993791310000000028e-03 -5.289785650000000672e-02 1.056086665200000035e-03 7.374742615800000504e-03 3.193035184000000276e-02
-2.543291385042245523e+01 7.344608819999999538e-02 -3.061081132000000125e-03 -4.605859723999999877e-02 1.873949765999999989e-02 -1.316298710000000233e-03 -3.070516547999999762e-02
-2.272325105042245852e+01 8.208180647999999136e-02 -1.671924288000000217e-02 -2.850186458000000117e-02 4.605202333799999657e-04 -1.733930382000000228e-02 2.042937270000000360e-02
-2.001652605042245270e+01 7.925463714000000048e-02 -5.347996140000000134e-03 -9.996496548000000093e-03 -2.532627859999999481e-02 -3.392414878000000328e-02 1.891884608000000273e-02
-1.731647285042244988e+01 8.603092454000001166e-02 -1.397348049999999967e-02 2.911601822000000131e-02 -4.202731677400000157e-03 5.133226873999999912e-02 3.019582563999999997e-02
-1.461550125042245440e+01 8.014630161999999891e-02 -1.115125209999999999e-02 3.857672535999999430e-02 -2.703517332000000134e-02 5.199336076000000278e-03 3.407646963799999731e-03
-1.192045745042245208e+01 7.624926002000001479e-02 -1.064303638000000177e-02 4.465181081999999857e-02 -1.521365319999999979e-02 3.239829628000000239e-02 1.006234246399999831e-02
-9.224594850422453973e+00 7.413285575999999100e-02 -7.675941209999999522e-03 4.926010332000000519e-02 1.529709938000000172e-02 2.743577381999999856e-02 2.778788013999999862e-02
-6.521698050422457982e+00 6.406047518000000662e-02 -1.680546523599999939e-03 5.065704570000000018e-02 -7.131673091600000854e-03 -4.643549639999999465e-03 3.713442194000000224e-02
-3.828063650422456110e+00 5.730706036000000891e-02 5.019912256000000350e-03 6.466781505999999458e-02 4.633145713999999721e-03 7.507597065999999271e-03 6.542772233999999409e-02
-1.131654450422456604e+00 4.928898437999999771e-02 -8.748835691800001344e-04 7.459769891999999680e-02 -1.067816847200000335e-03 -4.358654879999999954e-03 5.274304775999999473e-02
1.567952149577541920e+00 5.481973432000000063e-02 -2.271679604000000161e-03 6.945262696000001346e-02 -9.958199343999999537e-03 -1.583334146000000067e-02 2.989477365999999511e-02
4.272167549577545742e+00 5.884008202000000354e-02 -8.905963328000000238e-04 5.869533851999999413e-02 -4.219639916999999227e-03 3.764500868000000139e-02 3.884424413999999770e-02
6.970427149577540504e+00 5.891115417999999437e-02 7.278014944000000316e-04 5.517587234000000118e-02 -2.564633968000000225e-03 3.917042159999999801e-02 1.277033334000000041e-02
9.659855149577548872e+00 6.124356930000000865e-02 -4.870129592000000188e-03 5.589234081999999715e-02 -3.463079370000000240e-02 4.316445466000000397e-02 -1.511573926000000026e-02
1.235607394957754046e+01 5.811271877999999586e-02 5.312156115400000923e-04 6.055385764000000698e-02 -1.830238605999999837e-02 2.367890060000000380e-02 -1.010804282200000043e-02
1.504359874957754606e+01 5.532648248000000823e-02 -8.097609900000000277e-04 5.640727328000000318e-02 -1.585076283999999752e-02 2.364177132799999588e-03 -4.428687971999999834e-02
1.774421454957754207e+01 5.072760123999999621e-02 -4.059067224000000376e-03 6.823921606000001028e-02 -1.129238890000000030e-02 3.792925526000000443e-03 -2.142215479999999908e-02
2.044794254957754021e+01 3.856921504000000028e-02 -9.838119534000000239e-04 7.235225315999999074e-02 -5.174137839999999773e-03 -1.530573164000000042e-02 -3.318167379999999861e-02
2.314549574957754885e+01 4.174848183999999712e-02 3.843098937400000808e-04 6.721246546000000932e-02 -1.404049917999999897e-02 9.559232476000000672e-03 2.329849116000000039e-02
2.584903634957753837e+01 3.774420621999999975e-02 -3.828739679999999725e-03 7.008387346000000129e-02 2.263665662000000078e-02 2.800478316000000120e-02 -9.645104716000000439e-03
2.855319874957754678e+01 2.851342573999999727e-02 -2.111775804000000020e-03 6.673059082000000475e-02 1.764768193999999985e-02 3.401803660000000083e-03 2.946113055999999980e-02
3.125193934957754749e+01 2.502536875999999966e-02 -8.863239030000000934e-03 6.617508343999999043e-02 1.269123240000000208e-02 -8.536483872000000250e-02 -9.862441865999998711e-03
3.395223654957754889e+01 1.470890786000000026e-02 -2.174172427999999848e-03 6.943679381999999511e-02 -3.521322575199999950e-03 -1.018156253399999864e-02 1.358103209000000033e-02
3.664634254957754678e+01 2.198830466000000275e-02 1.236464682400000275e-03 6.897450877999999896e-02 3.085165618000000262e-02 -1.405790525999999971e-02 -3.803394810000000625e-02
3.933564894957753921e+01 2.574066620000000152e-02 8.259304235999999355e-03 8.003249751999999551e-02 1.906159912000000151e-02 3.003327964000000044e-02 9.073673925999999751e-03
4.203649254957754522e+01 4.214713820000000333e-02 -1.759759852000000128e-03 6.763340665999999224e-02 1.159656466600000012e-02 2.264508488000000277e-02 -1.351199835999999932e-02
4.473363954957754629e+01 5.015504755999999897e-02 5.374673968000000419e-03 7.021309116000000461e-02 4.455289569999999755e-02 -1.565643524000000317e-03 3.936411939999999443e-02
4.743089894957755348e+01 5.036426591999999813e-02 6.206772923999999067e-03 6.183669095999999588e-02 -5.273819463999999783e-03 -5.307275339999999175e-02 -7.318155647999998945e-03
5.014100814957754437e+01 6.011611002000000203e-02 4.999209878000000079e-03 5.465176273999999834e-02 1.787042786000000300e-02 -5.241774611999999722e-02 8.132676836000000270e-03
5.284432994957753493e+01 6.527781722000000619e-02 -5.791798939999999625e-03 4.761114585999999538e-02 2.924770426000000006e-02 -7.198112289999999969e-02 -3.045277060000000161e-02
5.554737694957754002e+01 6.337422528000000166e-02 -1.467445497999999909e-03 5.696941347999999461e-02 -4.222289171999999910e-03 2.128468052000000166e-02 7.429498128000000881e-03
5.825336154957754076e+01 6.023801462000000218e-02 1.202196898000000222e-02 6.515821759999999851e-02 1.822579396000000018e-02 -6.516643419999999971e-03 -1.872669971999999655e-02
6.095482694957754433e+01 6.054426201999999618e-02 8.451435204000001117e-03 6.688223239999999126e-02 7.780943009999998893e-04 -2.932704777999999707e-02 3.821589192000000162e-02
6.365662694957755008e+01 5.348525654000000490e-02 4.356515098000000516e-03 7.050575280000000167e-02 2.182340049999999948e-02 3.743407148000000521e-03 2.527349943999999612e-02
6.636052374957755262e+01 6.505862984000000682e-02 -2.955590724000000270e-03 7.044995783999999373e-02 -5.018788653999999710e-03 -9.038377336000000609e-03 1.835369852000000301e-02
6.906830214957754777e+01 6.158527978000000180e-02 -1.046370292400000072e-03 5.472495526000000637e-02 1.972861307999999869e-02 -2.011581103999999717e-02 2.705389577999999656e-02
7.176807994957755454e+01 6.654598299999998912e-02 -5.166875578000000753e-03 5.988117480000000603e-02 1.288474977599999780e-02 2.559493156600000253e-03 4.384213750000000298e-02
7.446453314957753378e+01 6.503622583999998930e-02 -6.155388429999999501e-03 5.493461100000000125e-02 1.864028967999999814e-02 -1.891299517999999943e-02 3.006911603999999454e-03
7.716820514957753119e+01 5.808389769999999785e-02 -7.380155571999999671e-03 6.788666288000000382e-02 3.127291978800000177e-03 -8.100977397999999802e-03 7.092488718000000691e-03
7.986227074957754724e+01 6.043866645999999843e-02 3.468266881999999742e-03 6.283662347999999231e-02 8.702824819999999822e-03 6.670345488000000052e-03 3.718485789999999985e-02
8.257272374957753414e+01 5.799664061999999787e-02 4.381226207999999386e-03 5.319736971999999842e-02 -4.782059499999999916e-04 -2.258270014000000186e-02 3.344003185999999683e-02
8.527208954957754372e+01 6.285907833999999916e-02 3.086629335999999980e-03 5.737042755999999244e-02 1.767287848000000106e-02 -6.925997322000001025e-03 1.396879765399999850e-03
8.797452054957754797e+01 6.154686009999998930e-02 8.617562753999999858e-04 6.017821358000000759e-02 -3.403215987999999581e-02 1.670920773999999900e-02 8.783690808000000488e-03
9.066712374957755571e+01 6.608390810000000504e-02 -3.270858428000000210e-03 5.391879252000000150e-02 -2.421388883999999950e-02 -1.917169742000000149e-02 4.250272092000000057e-02
9.336684894957753045e+01 7.461052199999999857e-02 -1.353708002800000157e-03 4.734136971999999138e-02 -2.856610539999999629e-02 -1.150951636000000118e-02 1.793323540000000063e-02
9.608305514957754667e+01 6.668751467999999016e-02 8.774685792000000905e-04 4.526885432000000986e-02 -1.661298050199999654e-02 -7.337085608000000481e-02 3.574172152999999848e-03
9.878462994957754972e+01 7.595555011999999273e-02 6.355408496000000511e-03 3.778469203999999804e-02 -7.277250133999998982e-02 -1.123256285999999979e-02 4.077707642000000243e-02
1.014896551495775583e+02 7.666247002000001198e-02 8.293647492000000981e-03 2.436241230000000396e-02 -6.024687234000000030e-02 -2.375302171999999976e-02 -1.392386490200000007e-02
1.041959861495775357e+02 8.648655048000000733e-02 8.854225471999998404e-03 -5.761135208200000336e-04 -7.504055653999999742e-02 -3.169489495999999913e-03 -2.141625058000000068e-02
1.068871611495775369e+02 7.957771032000000855e-02 3.596294396000000032e-03 -1.585234669999999874e-02 -4.932825990000000438e-02 8.744826259999999643e-03 -3.480431774000000006e-02
1.095782177495775329e+02 8.194658575999999583e-02 3.210782665999999640e-03 -2.894266591999999916e-02 -2.186710770000000262e-02 2.700286343999999672e-02 -1.489558611400000100e-02
1.122670863495775393e+02 7.800716057999999842e-02 9.006638746000000459e-03 -4.364804041999999912e-02 1.942741512000000295e-02 3.318735209999999769e-02 1.033350973000000082e-02
