-1.571382096751338509e+02 5.562077938000000582e-02 1.750099993999999770e-02 -5.692204501999999916e-02 2.024769541999999964e-02 -2.681988631999999637e-02 -3.553122026200000207e-03
-1.544472656621338444e+02 5.365849694000000142e-02 1.638360537999999922e-02 -5.287538642000000344e-02 7.433364349999999282e-04 -1.227165410000000123e-02 2.193342813999999905e-02
-1.517543720021338345e+02 5.549098530000000362e-02 1.713944433999999711e-02 -5.885889937999999599e-02 2.806847796000000190e-03 -3.097682439999999843e-02 9.482841574000000842e-03
-1.490475141581338505e+02 5.720593737999999512e-02 1.194019401999999938e-02 -6.346199941999999816e-02 -7.536093367399999965e-03 -1.351613700000000098e-02 6.862732635999999053e-02
-1.463488701941338661e+02 5.965472631999999692e-02 1.727386914000000190e-02 -5.873903505999999997e-02 2.628718823999999857e-02 7.284742998000000649e-03 5.174049322000000284e-02
-1.436484726941338579e+02 4.981011851999999490e-02 7.866470150000000675e-03 -6.306167877999999116e-02 -3.148908931999999661e-02 -9.461854605999998891e-03 -1.323518977200000002e-02
-1.409292679941338520e+02 5.331204281999999545e-02 3.583174798000000015e-03 -6.067964204000000222e-02 2.097333198000000259e-02 -6.228949239999999159e-04 -1.402415556000000119e-02
-1.382301901741338384e+02 5.515631336000000051e-02 -1.899240865999999748e-03 -6.128689294000000398e-02 9.878124360000000576e-03 -2.987559605999999882e-02 -1.372854746000000056e-02
-1.355311498941338471e+02 5.608735030000000510e-02 -2.727655964000000322e-03 -5.274303247999999333e-02 3.044315630000000213e-03 -2.154897226000000027e-02 -1.012780617200000066e-02
-1.328354739541338745e+02 5.447829589999999417e-02 -2.111477696000000313e-03 -6.195027613999999627e-02 -3.066440469399999910e-03 3.140216781999999318e-02 9.771834356000000388e-03
-1.301312264341338505e+02 6.050126730000000841e-02 -1.095181493399999869e-03 -6.547251552000001029e-02 5.337105504000000562e-03 -9.620321339999998028e-03 -3.228375430000000185e-02
-1.274294386341338452e+02 6.386236294000000036e-02 -4.659331308000000567e-03 -6.067693720000000290e-02 -3.453783846000000463e-02 -3.907075571800000015e-03 -1.710763255999999885e-02
-1.247290326941338634e+02 6.108267879999999816e-02 -5.896735864000001055e-03 -6.223108047999999920e-02 -4.116011958000000137e-02 -2.939985051999999960e-02 -5.810865503999999848e-03
-1.220245661341338490e+02 6.145691427999999679e-02 2.925202279999999759e-03 -5.834754577999999581e-02 4.472410169999999768e-02 -3.544204139999999892e-02 1.594595596000000087e-02
-1.193208414341338539e+02 6.675185537999998864e-02 -4.181119716000000243e-03 -5.969650255999999627e-02 -6.384702032000000652e-03 -3.127793646000000261e-02 -1.359341891999999927e-02
-1.166225580141338440e+02 6.116691374000000903e-02 -2.178860049999999712e-03 -5.950561735999999879e-02 1.914622247999999902e-02 -3.307822280000000115e-02 -6.233792408000000951e-02
-1.139184611541338654e+02 5.406277542000000047e-02 -4.956159327999999469e-03 -6.873706257999999403e-02 -4.453093397999999953e-02 9.964053985999999155e-03 -6.497626739999999568e-02
-1.112249879941338406e+02 4.932294958000001117e-02 -5.703712263999999484e-03 -6.220865786000000230e-02 -2.762858685999999842e-02 4.466260628000000288e-02 -2.709906401999999728e-02
-1.085200423941338670e+02 5.009511401999999780e-02 -6.370904516000000690e-03 -6.429225025999998899e-02 -2.221920931999999890e-02 1.671672322000000016e-02 -4.853447584000000585e-03
-1.058211526941338434e+02 4.802897902000000108e-02 -5.763307989999999145e-03 -6.186423461999999984e-02 -3.930663612000000195e-02 2.115068083999999821e-02 3.801686509999999825e-02
-1.031196292541338408e+02 5.032088916000000689e-02 -6.089403852000000242e-03 -5.309337633999999806e-02 -2.002844445999999931e-02 -2.457594009999999884e-02 1.739939905999999745e-02
-1.004279164341338628e+02 4.084875789999999757e-02 -4.151195410000000849e-03 -5.638985201999999891e-02 1.687436341999999992e-02 2.708919544000000165e-02 -3.140351865439999714e-04
-9.772213361413385257e+01 3.452408157999999755e-02 -1.081131410000000029e-02 -6.275892093999999033e-02 5.450417634000000178e-02 -3.674521983999999575e-02 -1.408462781999999733e-02
-9.501993611413385565e+01 4.121802757999999678e-02 -1.488342390000000140e-02 -6.233477103999999352e-02 3.627511447999999528e-02 -2.687454346000000063e-02 -1.030558002399999985e-02
-9.231280457413384966e+01 4.500377060000000651e-02 -2.080367249999999849e-02 -6.219521488000000209e-02 5.188993915999999540e-02 -4.243017917999999944e-02 1.149266005999999892e-03
-8.960757831413384622e+01 6.109262947999999360e-02 -1.989945800000000181e-02 -5.308841133999999545e-02 5.625111895999999889e-02 -7.091699381999999260e-03 -1.433437758000000173e-02
-8.690988799413385379e+01 5.907053686000000164e-02 -1.172846680000000016e-02 -5.340536918000000910e-02 2.178016392000000148e-02 4.744010584000000336e-02 5.412365958000000220e-03
-8.420008269413384028e+01 6.187219202000000806e-02 -1.816262704000000047e-02 -4.254320486000000290e-02 -4.485137609999999449e-03 2.363021013999999989e-02 8.210546892000000763e-03
-8.150371707413384570e+01 6.107017435999999300e-02 -1.785960213999999990e-02 -4.819511316000000406e-02 5.586708979999996806e-05 -2.398878255999999792e-02 1.322457171999999979e-02
-7.879201549413383532e+01 5.760987323999999798e-02 -1.567332390000000103e-02 -4.743064269999999749e-02 2.582840479999999952e-02 -1.319015457800000110e-02 -2.945518761999999999e-02
-7.608788581413384122e+01 5.465599025999999527e-02 -1.758494007999999997e-02 -5.497977927999999487e-02 3.246508176000000023e-02 -2.277060411000000114e-03 2.327155280619999482e-03
-7.338156207413383925e+01 4.903463218000000262e-02 -1.165115849999999974e-02 -5.973432809999999760e-02 -8.763743335999999579e-03 -1.009952908599999997e-02 -2.619211316000000234e-02
-7.068663455413384611e+01 5.481434802000000051e-02 -1.175199104000000140e-02 -6.803876411999999763e-02 6.670837201999998967e-02 2.099510511999999954e-02 3.540390833999999820e-02
-6.799085207413385490e+01 5.933268225999999146e-02 -2.104227531999999790e-03 -5.667614676000000407e-02 6.222820095999999357e-02 6.631938020999999898e-03 1.890241122000000176e-02
-6.529538237413385104e+01 6.336515181999999302e-02 -1.765579315999999798e-03 -4.697055935999999710e-02 6.531216296000000310e-02 9.725279402000000864e-03 -7.651188706000001472e-04
-6.259331987413385434e+01 5.659385009999999550e-02 -1.068375744000000030e-02 -4.679270217999999953e-02 7.967875145999999548e-03 2.390570162000000415e-02 2.148849204000000124e-02
-5.990428861413383999e+01 6.176759581999999998e-02 -4.495285154000000158e-03 -4.562326200000000470e-02 3.590492106000000433e-02 -2.147408962000000102e-02 3.806273032000000167e-02
-5.721754633413384994e+01 7.068007469999999792e-02 -3.587184972000000225e-03 -4.957319574000000617e-02 4.537018257599999792e-03 -2.761964961999999885e-02 5.622621955999999865e-02
-5.452312773413384406e+01 7.604395199999999799e-02 2.210950246000000039e-03 -4.458320923999999769e-02 5.903780969999999906e-02 -2.587484691999999975e-02 3.385689394000000046e-03
-5.181349313413385005e+01 7.653918337999998656e-02 -5.395921514000000252e-03 -4.478465607999999876e-02 -1.439568010000000231e-02 -6.004891311999999669e-03 -3.629558342000000111e-03
-4.912284013413385253e+01 7.486491664000000101e-02 -2.450924621999999841e-04 -4.422846872000000401e-02 2.850030931999999323e-02 4.618218084800000678e-03 -5.901816357999999096e-02
-4.641220893413385795e+01 7.159125298000000581e-02 -5.920861840000000466e-03 -5.509694880000000350e-02 1.344941652599999926e-02 9.954531291999999670e-03 -2.191137366000000045e-02
-4.371818073413384553e+01 7.079884626000000625e-02 3.407920015999999983e-04 -5.453227843999999130e-02 4.135235473999999967e-02 -2.879927622000000298e-02 -2.289675317999999987e-02
-4.101238693413385050e+01 6.693615640000000200e-02 -6.049199826000000065e-03 -5.295917426000000539e-02 3.473679581999999932e-02 5.851337861999999015e-04 4.588948251999999672e-03
-3.831546193413383605e+01 6.946396109999999902e-02 -1.045683957399999933e-02 -5.388634425999999644e-02 -1.585515239999999923e-02 -9.545166280000001811e-04 6.490022772000000884e-02
-3.561263393413383938e+01 6.296650004000001188e-02 -3.968672593999999706e-03 -4.225322200000000000e-02 1.769782212000000146e-02 2.050695481999999931e-02 2.015011067999999961e-02
-3.290373713413384849e+01 7.267107611999999717e-02 -1.049079803999999894e-02 -3.884435462000000033e-02 -4.748768311999999880e-02 -5.181803734000000120e-03 -3.973924699999999838e-02
-3.020472473413384407e+01 6.970899435999999838e-02 -9.050827945999999694e-03 -3.341893073999999825e-02 -2.890840230000000372e-02 -2.624751653999999809e-02 -7.188043142000000163e-03
-2.750276193413385073e+01 7.327590382000001568e-02 -5.645063952000000176e-03 -1.942238137999999920e-02 -2.866126145999999680e-02 2.447148948000000060e-02 -2.125055962000000145e-02
-2.479917453413384720e+01 7.824541916000000985e-02 -1.754982495999999823e-02 -1.178872589999999977e-02 -1.362171832399999751e-03 1.779048218000000084e-02 -5.310695072000000405e-02
-2.209567453413384897e+01 7.879205448000001222e-02 -1.145569234000000033e-02 -2.558916165999999826e-03 -2.212630632000000402e-02 2.041098202000000278e-02 -2.246499476000000245e-02
-1.938828393413384532e+01 7.931372457999999459e-02 -9.100457743999999793e-03 1.564244191999999978e-02 -2.075433105999999889e-02 1.192529840600000009e-02 -9.416232101599999104e-04
-1.668646533413383892e+01 7.186489871999998669e-02 -4.380076495999999861e-03 3.910107438000000324e-02 -3.449600305999999533e-02 5.618014573999999609e-03 4.669901942000000139e-02
-1.398514333413385202e+01 6.833832889999999494e-02 -4.078856135999999952e-03 4.941834216000000335e-02 -1.631671670000000088e-02 -1.431673078000000009e-02 -9.624117200000000677e-03
-1.128671833413384817e+01 5.973228903999999728e-02 -7.868756917999999989e-03 6.023366733999999806e-02 5.123906438000000105e-03 -3.612581988000000081e-03 -3.689751120000009859e-05
-8.588371334133842794e+00 5.470258622000000182e-02 -1.078295683999999990e-02 5.740221822000000224e-02 -1.019744427999999883e-02 2.356458466800000207e-03 -3.358805724000000353e-02
-5.892530534133851639e+00 5.923150687999999275e-02 -4.165029538000001100e-03 5.230114459999999493e-02 7.064122770000000329e-03 3.107309275999999704e-02 -5.628230621400000591e-03
-3.182905934133850590e+00 6.382446138000000269e-02 1.516834913600000013e-04 5.477027835999999372e-02 -2.518488687999999656e-02 -1.298619426000000021e-02 1.179982511999999942e-02
-4.927933341338416318e-01 6.854796007999999774e-02 -2.702186379999999867e-03 6.603249086000000101e-02 2.004338351999999587e-02 -4.133129102000000082e-02 1.527270749999999969e-02
2.200269065866154783e+00 6.566514510000001636e-02 -6.185575342000000382e-04 6.689219525999999527e-02 5.101968897999999359e-04 -1.755280933999999946e-02 7.331653895999999671e-02
4.887622265866150784e+00 5.755433951999999742e-02 -1.290687599800000029e-03 6.271565387999999963e-02 9.973454764000000070e-03 -3.028754441199999967e-03 3.134296875999999926e-02
7.587513065866147599e+00 4.916736844000000467e-02 -1.237858361999999955e-02 6.336205164000000001e-02 3.760977137999999692e-02 -4.197004608000000359e-02 5.735156121999999967e-02
1.029106926586615067e+01 4.997849278000000145e-02 -1.238022626000000008e-02 6.657019756000000232e-02 1.072420966419999943e-03 -8.831781409999999582e-03 4.611118219999999629e-02
1.299091266586615312e+01 4.450081191999999408e-02 -6.412563136000000788e-03 6.901457208000000287e-02 -1.667197654000000112e-02 -2.684868476000000156e-02 1.130389109999999919e-01
1.569174106586615913e+01 5.311963563999999582e-02 -4.386741917999999359e-03 6.196149620000000052e-02 -2.577504689999999751e-02 2.032763463399999727e-03 2.886990792000000347e-02
1.838290366586614866e+01 4.720384879999998951e-02 7.736916958000000441e-04 6.481966405999999015e-02 -2.075152159999999954e-02 6.671593940000000549e-03 1.964442507999999976e-02
2.108798486586615084e+01 4.695730456000000302e-02 1.169195249999999998e-02 7.080555510000000052e-02 -1.255420766000000035e-02 -7.147737891999998532e-03 1.448356375000000055e-03
2.377771886586614869e+01 3.326378061999999552e-02 -8.198838090000000033e-04 7.604207661999999590e-02 -2.332364897999999846e-03 -4.699052590000000681e-03 2.900517965999999809e-02
2.647445026586615313e+01 2.184738464000000185e-02 4.907644342000000437e-03 8.256673688000000511e-02 -2.658761203999999642e-02 2.542572935999999964e-02 -1.186884872000000014e-02
2.918438786586616018e+01 1.979540905999999795e-02 -1.519840124799999928e-03 8.013234700000000654e-02 -1.437115355999999886e-02 -3.462254273999999798e-02 2.833843452000000054e-02
3.187405986586614404e+01 3.135243735999999892e-02 -1.740069421999999952e-03 7.742936516000001324e-02 -5.842945214000000442e-03 -3.513984667999999617e-02 4.495891912000000989e-02
3.457740366586615011e+01 3.804386592000000289e-02 -2.987826889999999763e-03 7.351241846000000635e-02 -1.356969186000000008e-02 -1.208654224000000124e-02 3.583700375999999965e-02
3.728481286586615795e+01 4.256103951999999635e-02 4.023118263999999819e-03 7.586658912000000810e-02 -2.228795796000000023e-02 -4.047724532000000069e-02 2.154320813999999890e-02
3.998289106586615560e+01 4.568272399999999400e-02 6.003401073999999928e-03 6.568581406000000011e-02 -8.709215507999999023e-03 9.657829647999998865e-03 6.925402291999999474e-03
4.268735026586615788e+01 6.385480645999999649e-02 5.533226875999999132e-04 5.968665512000000117e-02 -1.259926867599999931e-02 5.090230769800000929e-03 2.424201090000000294e-02
4.538846906586614693e+01 6.502067540000000534e-02 5.543631788000000791e-04 6.071203859999999702e-02 6.100187239999998578e-04 -3.894712378000000051e-03 4.565438623999999723e-02
4.808195046586615007e+01 6.539627012000000239e-02 1.463232065999999984e-02 5.922539993999999947e-02 1.865974681199999898e-03 2.220704295999999939e-02 2.490597856000000346e-02
5.079346586586614620e+01 5.978093203999999827e-02 1.414877303999999801e-02 5.973751443999999328e-02 4.046063051999999709e-03 -2.918103824000000193e-02 1.476524650000000070e-02
5.349390966586614837e+01 5.894328211999999567e-02 4.894880238000000675e-03 5.743099735999999261e-02 1.185330623600000001e-02 -2.220506101999999982e-02 7.470048349999999435e-03
5.619874106586614460e+01 5.480511634000000132e-02 2.618852809999999871e-03 6.428356453999999054e-02 -1.776445264000000093e-02 1.487177094000000175e-03 2.652055280000000306e-02
5.889589706586615137e+01 6.008988880000000476e-02 2.701338736000000271e-03 6.436710594000000230e-02 -1.280595377599999920e-03 1.660180099999999416e-04 2.019759961999999937e-02
6.160573806586614865e+01 5.281186686000000075e-02 3.858515384000000496e-03 5.960324764000000247e-02 -4.826274549999999726e-03 8.581325992000000263e-03 2.902632441999999924e-02
6.429915326586615265e+01 5.914497177999999966e-02 -3.880625774000000337e-03 6.571836760000000777e-02 1.023813582399999908e-02 -2.589825931999999858e-02 2.697414477999999713e-02
6.699286926586614754e+01 6.332514554000000240e-02 -2.885655171999999737e-03 6.130824764000000066e-02 3.364178415599999947e-03 -2.354952150000000008e-02 2.406401262000000194e-02
6.970319086586614787e+01 6.649252578000000580e-02 -3.556607822000000009e-03 5.915990657999999763e-02 -2.342504055999999890e-02 2.030692471999999762e-02 3.122193979999999744e-02
7.239963786586615413e+01 6.490233118000000856e-02 2.906055386000000029e-03 5.916302273999999445e-02 4.021446155600000467e-03 -1.868335798000000242e-02 1.804946045600000102e-03
7.509920986586614333e+01 6.407897127999999387e-02 -6.015565913999999879e-04 5.670281183999999891e-02 -8.797635506000000410e-03 -2.619191997999999882e-02 1.644710775999999944e-02
7.779689106586614855e+01 6.162766620000000029e-02 8.008150980000000108e-04 6.301947535999999350e-02 -6.439962434000000464e-03 2.443541918000000090e-02 2.965054045999999596e-02
8.048914446586614702e+01 5.971992282000000707e-02 3.611716285999999783e-03 5.681642155999999666e-02 -1.128322556000000039e-02 -1.695958263999999827e-02 3.279105793999999990e-02
8.319260046586614976e+01 6.962919228000000182e-02 -2.817199158000000068e-03 5.197562502000000612e-02 -2.558221421999999981e-02 -1.288633222000000120e-02 4.183080859499999429e-03
8.590302866586614527e+01 7.187750839999998420e-02 -7.144980383999999110e-04 5.307721874000000117e-02 -2.625105194000000239e-02 -5.879297666000000283e-03 -2.866803482000000042e-02
8.861189106586616049e+01 6.949352624000000589e-02 -1.726441443999999961e-04 5.646061119999999656e-02 -3.117719310000000021e-02 1.862442691999999927e-02 -5.084169797999998908e-03
9.131605666586615655e+01 8.329390577999999656e-02 -1.900508954800000591e-04 4.672350950000000308e-02 -1.006838917599999980e-02 1.309519440000000111e-02 4.086122172000000025e-02
9.402056906586615526e+01 7.646178245999998846e-02 1.486389683999999939e-03 2.920278359999999712e-02 -1.018597004399999888e-02 -8.568271322000001883e-04 4.782384995999999777e-02
9.670748786586614187e+01 7.644783887999999361e-02 9.522356477800000569e-04 1.615514125999999856e-02 5.489852511999999962e-02 -4.257237528000000146e-03 6.284673949999999842e-02
9.940724106586614539e+01 7.377542060000000235e-02 9.590888878000001583e-04 -4.453794552000000032e-03 -2.610765814000000004e-02 3.455373739999999944e-02 7.072997547999999857e-02
1.021029534658661788e+02 8.126018586000000044e-02 2.337828911999999953e-03 -1.888271993999999718e-02 7.091519849999999847e-02 -6.050452611999999723e-03 5.354567379999999183e-02
1.048001064658661505e+02 7.363791188000000376e-02 7.183532323999999858e-03 -3.986838012000000486e-02 1.634393389999999960e-02 3.235171326600000310e-03 1.210245351799999966e-02
1.074973412658661545e+02 7.423171146000000220e-02 1.286373501999999933e-02 -5.238398419999999722e-02 1.352202144000000036e-02 -1.197128710799999843e-02 -2.215503591999999980e-02
1.102050776658661562e+02 6.280987626000000823e-02 1.798198658000000130e-02 -5.968500800000000467e-02 6.223355535999999452e-03 -2.053970035999999957e-02 -2.024176200000000342e-02
