-1.549370746363852334e+02 5.079935096000000316e-02 1.779766110000000111e-03 -6.479798104000000780e-02 3.087386373999999670e-02 -2.360758000000000127e-03 -5.875315453999999799e-02
-1.522422838431852199e+02 5.444999474000000728e-02 2.591830658000000235e-03 -6.705457019999999657e-02 1.029713088199999890e-02 -1.040976178999999946e-02 -6.230166239999999911e-02
-1.495417527211852189e+02 5.659613481999999779e-02 1.644006779999999859e-03 -6.625552947999999165e-02 3.106682270000000329e-02 -3.550549391999999888e-02 -1.438665754000000019e-03
-1.468434555671852308e+02 5.891711250000000039e-02 -2.173896959999999882e-03 -6.795551619999999626e-02 1.428867067999999886e-02 1.374243479999999983e-02 1.239157050199999992e-02
-1.441431661911852302e+02 6.213383630000000185e-02 8.298188268000000626e-04 -6.875376299999999552e-02 2.734730755999999902e-02 -3.935447209999999585e-02 -2.118968211999999740e-02
-1.414434774711852185e+02 6.193687382000000186e-02 2.518536770000000214e-04 -6.115691424000000570e-02 3.049381648000000153e-02 -1.950361512000000144e-02 -1.311984884200000090e-02
-1.387476384111852212e+02 6.217958108000000428e-02 2.483847693999999794e-03 -6.624743297999999281e-02 1.051597258200000044e-02 -1.439598444000000053e-02 -1.871002384000000282e-02
-1.360554830911852093e+02 6.381821680000000774e-02 -2.300720998000000263e-04 -6.255510391999999364e-02 -1.915476348000000068e-03 3.069785277999999978e-02 -4.250403382000000202e-02
-1.333341906111852211e+02 6.800239374000000003e-02 3.175702054000000083e-03 -6.235687984000000406e-02 -1.137153840000000062e-02 -4.344237994000001049e-04 -4.467661727999999721e-02
-1.306392433911852038e+02 6.466475558000001067e-02 -2.844502130000000186e-04 -7.070457768000000531e-02 6.645306970000000590e-02 -3.774635955419999769e-03 -3.893396083999998980e-02
-1.279446934111852272e+02 6.611966555999999884e-02 1.274862002000000036e-02 -6.262694874000000744e-02 7.466512111999999701e-02 -1.654753724000000009e-02 2.832131706000000013e-02
-1.252365512111852297e+02 5.436107427999999769e-02 9.051788527999999473e-03 -6.293580826000000350e-02 1.963698901999999871e-02 -6.221566508000000301e-02 -9.942800698000001450e-03
-1.225347552711852330e+02 5.069481616000000301e-02 9.382831104000000783e-03 -5.992200292000000872e-02 -4.378115539999999362e-02 -2.046955301999999963e-02 -4.920294284000001003e-03
-1.198346818511852234e+02 5.556334452000000201e-02 2.696001912000000212e-03 -6.855655340000001152e-02 -1.968791280000000213e-02 -1.949853112000000249e-02 -3.879664816000000325e-03
-1.171310740311852214e+02 6.008582179999999440e-02 5.788690161999999334e-03 -5.639251399999999081e-02 -2.768285644000000392e-02 -1.228909823799999822e-02 -2.683871047999999981e-02
-1.144387087111852281e+02 6.705310278000001234e-02 -7.909928658000001805e-03 -5.924752415999999522e-02 -4.002591060000000589e-02 1.140497230199999986e-03 -3.361317275999999715e-02
-1.117450105911852205e+02 6.533510441999998419e-02 -4.249031021999999380e-03 -5.707660754000000447e-02 2.936692016000000405e-02 -2.168659142000000165e-02 4.731451850000000306e-03
-1.090593427911852160e+02 5.829765263999999586e-02 -1.132136742000000064e-02 -7.544947211999999959e-02 2.288061722000000325e-02 2.196888990000000000e-02 8.905364756000001131e-03
-1.063444090311852221e+02 6.147266256000000206e-02 -6.106028520000000848e-03 -6.601465291999999985e-02 6.157092407999999878e-02 4.383819285999999982e-02 -3.722876764000000727e-02
-1.036380830911852229e+02 7.036164555999999126e-02 -1.053950038000000047e-02 -5.501325857999998792e-02 4.858537250000000141e-02 2.765770027999999575e-02 -5.450271269999999724e-02
-1.009491033911852185e+02 7.488651543999999549e-02 -5.695329403999999963e-03 -4.826265595999999769e-02 4.996060944000000476e-02 5.486694216000001165e-03 -5.402602467999999269e-02
-9.825522747118520783e+01 7.670970684000000261e-02 -5.308426935999999499e-03 -5.312532737999999671e-02 3.148040784000000203e-02 1.180026123799999931e-02 -5.749133809999999734e-02
-9.554338309118521977e+01 6.945375004000001185e-02 -4.963614100000000341e-03 -4.224710755999999678e-02 6.053244223999999785e-02 -5.259533642000000647e-02 -5.859515678000000449e-02
-9.285433687118521107e+01 5.442939551999999986e-02 -7.765947377999999832e-03 -5.355118034000000415e-02 -2.177208733999999937e-02 1.639174030800000324e-03 -2.468879878000000000e-02
-9.015574339118522573e+01 4.980869552000000144e-02 -1.457010633999999971e-02 -6.847111448000001155e-02 2.311888683999999833e-02 -3.541491842000000362e-02 -3.431605157999999961e-02
-8.745079339118521489e+01 4.867441950000000322e-02 -1.447071911999999946e-02 -7.275657492000001114e-02 2.001216798399999865e-03 -2.606343064000000292e-02 -3.986087010000000097e-02
-8.475115465118523161e+01 6.311929396000001691e-02 -1.516257947999999876e-02 -6.746842712000000741e-02 7.497559214000000527e-02 -2.403136867999999815e-02 -2.871611598000000168e-02
-8.205364527118521778e+01 6.247500654000000264e-02 -1.495767661999999887e-02 -5.666016817999999095e-02 2.243777573999999886e-02 -4.784477476000000354e-03 -5.558476772000000080e-03
-7.935661715118523318e+01 6.463440896000000047e-02 -1.416828287999999901e-02 -5.869204032000000654e-02 1.151756311799999842e-02 5.855576664000000653e-02 4.805983191999999710e-02
-7.665645277118521506e+01 6.134062506000000081e-02 -9.492974548000000790e-03 -5.585774602000000144e-02 2.083595410000000508e-02 6.073898064000000929e-02 7.624357392000000178e-02
-7.395467091118523228e+01 6.347937507999998341e-02 -7.840130910000001410e-03 -6.536509712000000694e-02 3.847381939999999778e-02 -1.285527179000000002e-03 4.404951963999999970e-02
-7.125732213118523362e+01 6.385331194000000432e-02 -8.772851871999999898e-03 -5.841283288000000129e-02 8.020895160000000856e-02 3.208723705999999478e-03 3.676462773999999989e-02
-6.855694183118524165e+01 5.717277501999999678e-02 -3.672435282000000110e-03 -6.323491100000000475e-02 9.027724321999999746e-02 1.500634849999999895e-02 1.856312377999999944e-02
-6.586312843118523119e+01 6.322058954000001063e-02 -5.752903393999999476e-03 -6.807243645999999648e-02 5.364751062000000514e-02 3.946619771999999859e-02 -3.127402916000000116e-02
-6.315019779118522081e+01 6.189389924000000820e-02 -2.304307181999999937e-03 -7.245068622000000458e-02 -3.843198534000000222e-02 6.199736670000000061e-02 -6.657147052000001071e-03
-6.045021873118521682e+01 7.145284134000000342e-02 -5.186816710000000108e-03 -6.803303591999999844e-02 3.820717195999999427e-02 2.641772262000000038e-02 -1.096684520000000031e-02
-5.774827593118523339e+01 6.176604349999999938e-02 1.431506437999999909e-03 -7.384983403999999252e-02 2.260757000000000044e-02 1.871147831999999886e-02 -5.548626164000000291e-03
-5.504366789118522263e+01 6.080784917999999817e-02 -2.371963425199999766e-04 -6.514794997999999449e-02 4.162392860000000555e-02 -2.511285410000000523e-02 -1.890852357999999594e-02
-5.233930209118523180e+01 5.660986227999999926e-02 2.188779129999999986e-03 -6.431944437999999320e-02 1.396607281999999971e-02 -2.657554087999999815e-02 2.524511364000000396e-02
-4.964557109118523215e+01 6.855068455999999144e-02 6.581406698000000395e-03 -6.477172575999999571e-02 3.830752393999999755e-02 7.315417859999999439e-02 6.989118600000000267e-06
-4.693905509118523156e+01 6.112238358000000871e-02 6.897310011999999331e-03 -6.058672955999999665e-02 1.071211231200000155e-02 7.345747618000000694e-03 5.367828602000000032e-03
-4.422548329118522759e+01 6.195453580000000182e-02 -3.256681922000000205e-03 -5.929980259999999281e-02 7.041299504000000931e-02 3.485573870000000657e-02 9.011940958000000043e-03
-4.152509569118522137e+01 6.080344986000000423e-02 1.933623152000000351e-04 -6.315668069999999523e-02 1.579967315999999955e-02 -4.003216841999999651e-03 4.108039255999999806e-02
-3.881659289118522338e+01 5.294506786000000714e-02 1.030263527999999984e-02 -5.143215786000000789e-02 2.358648544000000249e-02 -4.599813837999999593e-03 1.016205358800000014e-02
-3.611548009118521918e+01 6.411767063999998517e-02 9.466504053999999502e-03 -5.512915526000000677e-02 -1.877989341999999895e-02 3.243014641999999829e-03 -1.897795011999999643e-02
-3.340981789118522016e+01 6.927716554000000471e-02 3.202462268000000334e-03 -5.178735079999999963e-02 1.010978187200000170e-02 -2.306145853239999818e-03 -1.336584745000000095e-03
-3.070066469118522789e+01 6.252295641999998377e-02 4.453274707999999894e-03 -4.539103681999999418e-02 -8.143781541999999679e-03 -3.933318547999999776e-02 2.442392287999999977e-03
-2.799519589118522234e+01 6.778549678000000966e-02 2.522840105999999728e-03 -3.721415349999999955e-02 1.374782382000000122e-02 -2.619213844000000194e-02 2.451166545999999835e-02
-2.529691449118522684e+01 7.806182323999999451e-02 2.636037691999999766e-03 -3.064291977999999972e-02 -8.996963480000001951e-04 -1.907303255800000055e-03 -1.278865443999999997e-02
-2.259449569118522660e+01 8.099090051999999207e-02 1.250819317200000010e-03 -2.814952509999999949e-02 -4.858720635999999593e-03 1.445695804999999959e-02 -4.119149589999999972e-02
-1.989728349118522743e+01 7.862806532000000959e-02 -9.519222481999999519e-04 -1.069902363999999939e-02 1.263913409999999939e-02 -1.250497321999999192e-04 -8.926844217999999054e-02
-1.720050829118521918e+01 7.744718525999999548e-02 1.067283418000000011e-02 1.276191248000000181e-02 -2.396729730000000252e-02 -2.395372399999999916e-02 -2.260718324000000196e-02
-1.450747729118522145e+01 7.659150074000001251e-02 1.256915271999999896e-02 2.050068092000000008e-02 3.047860368000000070e-02 -6.561023487999999293e-02 -2.078213225999999900e-02
-1.181750529118522230e+01 7.492234899999998532e-02 1.125710243999999971e-02 3.856910371999999754e-02 1.307160036199999861e-02 2.544422727999999870e-02 3.901039844000000339e-02
-9.122814891185225150e+00 7.712637760000000398e-02 4.553419208000000426e-03 5.054065522000000810e-02 9.017388494000000074e-04 6.727242750000000937e-03 4.885146180000000948e-02
-6.421383291185224884e+00 6.922826846000000589e-02 -2.186581622000000058e-03 5.493769544000000338e-02 3.115554140599999938e-03 -4.257507176000000643e-02 2.770911514000000062e-02
-3.716724291185227180e+00 6.308900686000000479e-02 -8.960953989999998880e-04 5.972989903999999933e-02 -1.320659469999999926e-02 -1.943560540000000003e-02 3.826188839999999924e-02
-1.015945891185225491e+00 5.502413059999999856e-02 -8.776801843999999103e-03 6.337652588000000642e-02 -4.022032438000000890e-03 1.281734656000000153e-02 2.253736913999999925e-02
1.682301108814772350e+00 5.181160748000000066e-02 -8.154861999999998834e-03 6.990781690000000270e-02 2.247120965999999803e-02 -5.319177837999999707e-03 8.548826798000000449e-02
4.388926108814774629e+00 5.862059288000000951e-02 5.065380675999999870e-04 7.189511006000000315e-02 1.751472898000000153e-02 -5.157065843999999837e-03 6.150857779999999858e-02
7.081997908814770426e+00 6.799763164000000026e-02 -3.842485435999999860e-04 7.171983368000001136e-02 9.059330521999999636e-03 -1.861446384000000134e-02 7.583941936000000716e-02
9.782010308814779620e+00 6.993429135999998381e-02 -9.749157559999999112e-03 6.300554235999999975e-02 3.451308893999999877e-02 2.149654647999999987e-02 6.244549693999999762e-02
1.248426970881478226e+01 6.973023584000000163e-02 -1.248516397999999833e-02 5.291149620000000497e-02 4.591444879999999340e-02 3.523167693999999794e-02 2.338241858000000145e-02
1.517461030881477768e+01 6.350047562000001033e-02 -3.691960760000000206e-03 5.625787869999999968e-02 3.374273634000000271e-02 2.134638868000000161e-02 5.603793672000000059e-02
1.786940110881478105e+01 6.782087587999999223e-02 -2.910268321999999941e-04 5.315943350000000567e-02 5.534242272000000629e-02 1.849550452000000081e-02 1.898169425999999757e-02
2.056990410881477516e+01 5.737581901999999623e-02 9.285477656000001162e-04 6.034810327999999557e-02 6.929989993999999265e-02 -2.523501843999999966e-02 4.995648844000000199e-02
2.327488230881477804e+01 5.326967804000000417e-02 7.842221223999998585e-04 6.339810879999999149e-02 3.295299517999999983e-02 1.795762744000000202e-02 7.309913143999999252e-02
2.597486050881477837e+01 5.747088103999999781e-02 -5.794653290000000012e-03 5.989215998000000513e-02 1.069512307399999966e-02 1.208086716599999881e-02 8.651018902000000288e-02
2.868391030881478088e+01 6.148282612000000036e-02 7.080203320000000647e-03 5.410549903999999077e-02 2.150230730000000229e-02 2.121096738000000093e-02 5.403842098000000149e-02
3.140520390881478008e+01 5.699788593999999264e-02 -1.046898251800000004e-03 5.032904808000000785e-02 -1.003759564199999989e-02 2.153859305999999800e-03 5.735029462000000577e-02
3.409577290881476586e+01 6.931314503999999599e-02 6.632439326000000388e-04 5.694549363999999725e-02 9.082298465999999806e-03 1.087209021799999918e-02 7.890808634000001653e-02
3.680389490881477599e+01 6.792762801999999156e-02 6.322965759999998533e-03 4.829750377999999372e-02 -8.024683677999999362e-03 -2.982751208000000015e-02 5.195829017999999827e-02
3.951860410881477037e+01 6.530753053999999169e-02 4.910711209999999924e-03 6.102759857999999482e-02 1.539636964000000094e-02 1.446059582000000033e-03 6.399074416000000154e-02
4.222608530881478117e+01 5.996660029999999197e-02 -7.479504030000000631e-04 5.786885626000000393e-02 -3.495165350199999806e-03 2.125517788000000005e-02 4.523033525999999721e-02
4.493335710881477496e+01 5.759594306000000163e-02 -1.279796746000000027e-02 6.557011997999999398e-02 -1.204291913200000036e-02 -1.153857875999999769e-02 6.308253692000000135e-02
4.764189150881477985e+01 5.616321434000000334e-02 -1.874453266000000035e-02 6.663093321999999374e-02 -5.332125756000000508e-03 -9.589917834000000890e-03 -1.105677096000000012e-02
5.032526030881477652e+01 5.550702393999999706e-02 -1.295847962000000117e-02 7.684581054000000355e-02 -2.083615318000000063e-02 2.151142259999999987e-02 4.150244846000000071e-02
5.301374470881478373e+01 5.735402701999999658e-02 -1.341746465999999957e-02 7.056463754000000255e-02 1.105055274199999958e-02 -1.072735330399999902e-03 -3.293467480460000353e-03
5.570978850881478195e+01 4.875281097999999147e-02 -1.241156537999999962e-02 7.014110566000000824e-02 -5.991847338000000182e-03 2.720418168000000164e-02 4.370319211999999787e-02
5.842164450881477933e+01 5.481949807999999397e-02 -8.757126282000000234e-03 7.132527900000000531e-02 1.305750307999999950e-02 -1.978219023999999715e-02 5.782824559999999448e-02
6.111578830881478552e+01 5.098233010000000759e-02 -9.049359071999999587e-03 7.067773975999999680e-02 -2.148921019260000096e-03 -2.979827959999999804e-02 3.114374823999999792e-02
6.382254490881477693e+01 5.277229199999999842e-02 -5.303755810000000508e-03 7.185650849999999923e-02 3.615856459999999654e-03 -4.174764001999999724e-02 7.466401931999999686e-02
6.652339810881478854e+01 6.006446676000000429e-02 -1.319354476000000019e-02 6.701098446000000597e-02 -3.870336370200000257e-03 -6.712702732000000623e-03 4.911948357999999792e-02
6.922885730881478139e+01 6.052102176000000167e-02 -2.774820833999999594e-03 6.480670588000000953e-02 -2.218446832000000105e-02 -4.271528591999999847e-02 1.012102330000000106e-01
7.192663550881476908e+01 6.915534217999999567e-02 -1.042493585199999809e-02 6.858939906000000031e-02 1.680138215999996894e-05 5.180998704000000683e-03 4.984906230000000354e-02
7.462286330881477170e+01 5.974939740000000110e-02 -5.855793529999999379e-03 6.232641955999999872e-02 -2.045099347999999873e-02 -1.103541081999999916e-02 5.503596847999999570e-02
7.732373850881478461e+01 5.717873695999999700e-02 -2.003072370000000095e-03 6.146095980000000625e-02 -6.188636168000000159e-03 -2.435232391999999843e-02 1.190531096000000018e-02
8.003175090881477161e+01 5.555621633999999892e-02 6.018200135999999915e-03 6.152262354000000155e-02 9.767736814000000170e-03 1.417926303020000060e-03 5.105979203999999605e-02
8.273194770881477211e+01 5.631047513999999643e-02 4.732556383999999942e-03 6.308338098000000616e-02 1.653675417999999828e-02 3.791954728599999935e-03 -1.333748702000000022e-02
8.543664770881477466e+01 4.993571217999999423e-02 1.453003092000000086e-02 6.235541456000000260e-02 4.433333260799999891e-03 2.818917935999999333e-02 5.180766128000000720e-02
8.813939470881477689e+01 5.856891886000000630e-02 1.452217979999999818e-02 5.708733062000000136e-02 2.584954210000000099e-02 3.485866960000000292e-02 1.557233481999999690e-02
9.083238230881477193e+01 7.168729724000000303e-02 4.985110461999999951e-03 5.846621461999999131e-02 4.868206335999999274e-02 -1.970056229999999839e-02 2.633567429999999349e-02
9.353195410881475880e+01 7.392533582000000714e-02 1.207810158000000196e-02 4.457653397999999240e-02 6.442556677999999870e-02 3.098029805999999789e-03 5.528722574000000112e-02
9.623638530881478914e+01 7.516105107999999924e-02 8.401263422000000008e-03 4.197009540000000427e-02 4.481860344000000024e-02 -1.857243944000000133e-02 5.634620442000000395e-02
9.892529470881477494e+01 7.305508033999999484e-02 1.397977873999999877e-02 1.393368028000000272e-02 1.244064779999999940e-02 2.178978881999999936e-02 6.157168879999998928e-02
1.016299385088148028e+02 7.634409402000000289e-02 1.711873751999999985e-02 -4.806509271999999389e-03 5.029958511999998994e-03 4.447964052000000224e-02 2.482338552000000129e-02
1.043086727088147683e+02 7.550787000000000471e-02 3.204972249999999377e-03 -2.949237733999999708e-02 -2.698770129999999989e-02 4.594384935999999697e-02 1.516087853000000225e-03
1.070125291088147605e+02 6.844962688000000295e-02 2.934872441999999797e-03 -4.290137082000000657e-02 -1.739377022599999847e-03 1.262254106199999990e-02 -1.662975258000000053e-02
1.097050071088147831e+02 6.566419863999999051e-02 -9.524076855999999425e-03 -5.035719412000000395e-02 -3.401246134000000115e-02 1.750433048000000005e-02 -1.593150013999999892e-02
1.124052789088147790e+02 6.735118828000000168e-02 2.533164972000000095e-03 -5.938574325999999848e-02 4.717328946000000356e-02 -1.436905110000000207e-02 -5.112401250000000313e-02
