-1.465140461989442429e+02 7.702890685999999598e-02 -6.707588840000000552e-03 -3.776519981999999775e-02 -3.323011449999999783e-02 1.002173513199999984e-02 -2.091699211999999836e-02
-1.438224578019442390e+02 7.742303223999999484e-02 -3.447707030000000256e-03 -4.721788427999999704e-02 -2.919267049000000367e-03 7.756952263999998196e-03 -2.718780254000000007e-02
-1.411133239879442556e+02 7.495514240000000772e-02 -7.943847925999999310e-03 -5.772982601999999963e-02 2.200045983999999663e-02 1.392175428000000034e-02 -1.208734664000000146e-02
-1.384145616759442134e+02 7.229068951999999271e-02 -1.233190449999999917e-02 -5.378112005999999973e-02 3.832131134000000411e-02 6.848560872000000917e-03 -1.058897142399999915e-02
-1.357143978119442238e+02 6.647032608000000287e-02 -1.311747754000000023e-02 -5.787961136000000645e-02 4.797268185999999796e-02 -3.089334428000000202e-02 6.148537671999999843e-03
-1.330221762519442450e+02 6.517932765999999434e-02 -1.090830429999999941e-02 -5.116659193999999189e-02 1.003312530200000177e-02 3.270129060000000285e-03 -8.063433515999999732e-03
-1.303197231119442563e+02 6.228836995999999931e-02 1.299443258000000006e-03 -5.781802417999999666e-02 6.796961597999999494e-02 -1.132845235599999958e-02 -2.012445117999999908e-02
-1.276178527919442303e+02 5.902219794000000685e-02 7.154195546000001633e-03 -5.991378826000000324e-02 6.596249381999999550e-03 5.224711974000000037e-02 -5.490180672000000150e-02
-1.249123759319442399e+02 5.348486492000000675e-02 6.871689157999999638e-03 -5.363545003999999755e-02 -1.904497158000000370e-02 6.655255342000000740e-02 -3.264650797999999604e-02
-1.222122093519442103e+02 5.821349263999999607e-02 2.867855897999999765e-03 -6.144121347999999955e-02 -3.857610301999999519e-02 5.158222495999999907e-02 -3.243402839999999510e-02
-1.195263309519442316e+02 5.064963087999999752e-02 -7.329442289999999198e-05 -5.716541937999999184e-02 -4.090776651800000219e-03 4.531944449999999319e-02 1.049920893800000135e-03
-1.168251118519442144e+02 5.821115949999999817e-02 -1.485512297999999924e-03 -6.716386230000000179e-02 4.544113111999999871e-02 2.963666549999999927e-02 3.616812630200000322e-03
-1.141258474519442387e+02 6.555042576000000287e-02 -3.855898241999999865e-03 -6.731411766000000574e-02 4.963263512000000433e-02 5.952593945999999636e-02 9.063979397999999063e-03
-1.114256399919442231e+02 6.794058158000000625e-02 7.640868733999999114e-03 -6.750887876000000176e-02 7.869889780000000057e-02 7.967177588000000019e-03 1.355603107999999932e-02
-1.087285887319442281e+02 6.927659882000000713e-02 8.625001667999999261e-03 -6.697567199999999998e-02 8.261534031999999417e-02 1.085578727999999930e-02 -1.851354390000000197e-02
-1.060358487319442276e+02 6.497616759999999547e-02 1.255206409999999953e-02 -5.780158141999999083e-02 6.549730381999999129e-02 -5.476815817999999142e-02 1.314387243199999743e-02
-1.033373821719442276e+02 7.229520967999999992e-02 9.716431478000000024e-03 -5.654972311999999224e-02 2.976532525999999595e-02 -5.580730609999999536e-02 1.349472903799999899e-03
-1.006363768519442345e+02 6.868893194000000313e-02 3.019951011999991164e-06 -5.413562619999999492e-02 5.323431333999999182e-02 -2.639388788000000124e-02 -6.525311393999999598e-02
-9.793270873194423132e+01 6.077430225999998908e-02 -4.149137522000000307e-03 -6.028204652000000024e-02 2.464178108000000117e-02 -1.418361589999999825e-02 -2.389355650000000303e-02
-9.522114811194424533e+01 6.602354699999998799e-02 1.109632596999999936e-03 -5.660412414000000336e-02 3.606017258000000086e-02 2.847939891999999931e-02 -5.380424983999999855e-02
-9.251072281194421976e+01 6.181352442000000169e-02 -4.060575537999999880e-03 -6.141414116000000478e-02 -8.053581809999999994e-03 -1.133136063999999957e-02 -1.645285399999999593e-02
-8.980623687194422189e+01 6.437748945999999250e-02 -4.325843644000000252e-03 -5.928879303999999573e-02 4.020973011999999513e-02 4.852916479999999644e-02 -6.358946913999999340e-02
-8.711549811194423398e+01 6.710160703999999698e-02 -2.758722707999999683e-03 -6.352492755999998575e-02 -4.505706891999999852e-02 4.644228135999999701e-02 -2.319563905999999856e-02
-8.440485779194423799e+01 6.875380406000000666e-02 -1.091443897999999982e-02 -5.811940115999999351e-02 1.008013045000000045e-02 2.844953869999999885e-02 1.093563474599999925e-02
-8.171213217194423351e+01 6.925786048000000250e-02 -1.456288271999999981e-02 -6.695573059999999910e-02 -5.707366574000000137e-02 -1.347986757000000160e-02 -4.260446185999999802e-02
-7.900345653194423790e+01 6.027096965999999278e-02 -8.967736013999999534e-03 -5.923523398000000301e-02 -5.028416678000000722e-02 3.147662657999999829e-03 -3.351585099999999928e-02
-7.629669685194423323e+01 5.694646640000000648e-02 -2.006103633999999775e-02 -6.720524957999998716e-02 -5.303747103199999910e-03 -2.129136901999999915e-02 -7.751285492000001276e-02
-7.360148687194424610e+01 5.728264998000000274e-02 -1.477421106000000040e-02 -6.808148912000000497e-02 5.530491741999999863e-03 -3.069393867999999775e-02 -4.363013235999999712e-02
-7.088729873194424158e+01 6.515777909999999340e-02 -2.245769318000000181e-02 -5.796191802000000282e-02 4.623901329999999255e-02 -5.034727452000000488e-04 2.626851615999999806e-02
-6.818893249194422879e+01 6.587451818000000792e-02 -2.303249544000000176e-02 -6.158283682000000037e-02 3.594082116000000410e-02 3.894741919999999968e-03 6.279254752000000550e-02
-6.548874407194423952e+01 7.261849715999998955e-02 -1.717988572000000297e-02 -5.429378141999999935e-02 6.428833947999999798e-03 1.697243200000000257e-02 1.360576708000000093e-02
-6.278736591194423511e+01 7.119135293999999392e-02 -1.332876497999999944e-02 -5.460427148000000092e-02 -1.053040973000000068e-02 2.607981701999999985e-02 -2.537560023999999720e-02
-6.010124281194423190e+01 6.622883986000001333e-02 -7.042976712000001763e-03 -6.461120888000000673e-02 -2.858616660800000243e-03 2.270974909999999916e-02 -4.963497788000000022e-02
-5.740297435194425191e+01 6.260808632000000595e-02 -6.173028920000001203e-03 -6.539225980000000493e-02 3.080292701999999896e-02 8.820889067999999889e-03 -5.290726203999999988e-02
-5.470329311194423383e+01 6.577180297999998815e-02 -1.671912203999999843e-03 -7.419731817999999923e-02 4.197856873999999960e-02 -7.380555896000000338e-03 3.784188449999999898e-02
-5.200515811194422611e+01 6.834949902000000965e-02 2.128693226000000042e-03 -6.337205331999999636e-02 9.295823627999999159e-03 -1.416109871200000193e-03 4.085740370000000288e-02
-4.930706249194423663e+01 5.180828718000000249e-02 2.753694971999999692e-03 -6.419268411999999591e-02 1.819389510000000293e-02 -1.688739725999999913e-02 6.080938896000000204e-02
-4.660524885194423916e+01 4.968707131999999804e-02 8.848688639999999564e-03 -6.733613601999999254e-02 1.420256991999999975e-02 -3.373931582000000429e-02 3.703761319999999968e-02
-4.391138925194423592e+01 5.876884991999999780e-02 1.930899260000000072e-03 -6.869751177999999792e-02 5.651149913999999747e-02 -4.966290378000000338e-02 -5.155223894000000341e-03
-4.120256125194423191e+01 5.540847549999999844e-02 4.721967602000000722e-03 -6.512143450000000555e-02 3.025318467999999969e-02 -5.620011816000001353e-02 3.076878032000000124e-02
-3.850602705194422981e+01 5.730186658000000627e-02 2.953322415999999617e-03 -5.752780132000000213e-02 3.333471851999999375e-02 -1.732300478000000157e-02 1.665596731999999941e-02
-3.581303965194423711e+01 5.682354621999999994e-02 2.848309311999999878e-03 -6.684834278000001406e-02 1.299688938999999863e-02 -2.356883005999999697e-02 -3.857672880000000137e-02
-3.311686745194423054e+01 6.164607474000000087e-02 2.669912290000000556e-03 -6.036873909999999899e-02 4.122944257999999751e-02 -1.966379631999999947e-02 -6.728485250000000931e-03
-3.041943625194424072e+01 6.489679058000000222e-02 -6.271736447999999922e-03 -6.020830634000000348e-02 2.975363544000000221e-02 -2.993234879999999778e-02 1.379531819999999832e-02
-2.772407405194423546e+01 6.418419987999998688e-02 3.567089338000000668e-03 -6.151294663999999635e-02 7.758421858000000282e-02 2.184698178000000351e-02 -1.057510827200000038e-02
-2.502100485194423740e+01 6.017853199999999292e-02 6.397983324000000756e-03 -6.965668251999998506e-02 5.618183804000000114e-02 3.775844274000000195e-02 -3.043626879999999750e-03
-2.233354565194423813e+01 6.901493449999998586e-02 7.467560395999999975e-03 -6.318286625999999795e-02 8.473149645999999979e-02 6.389750403999999717e-02 -5.652056955999999570e-03
-1.962547685194423153e+01 7.780590067999999804e-02 1.850115039999999890e-03 -5.155964254000000579e-02 8.527831633999999328e-02 9.304560386000000974e-03 1.716024086000000198e-02
-1.692816745194423333e+01 7.663731921999998586e-02 2.532714851999999777e-03 -4.167347759999999457e-02 8.985372663999999232e-02 -5.087565231999999910e-02 1.657210702000000077e-02
-1.422481725194423952e+01 6.634878517999999448e-02 2.858503438000000070e-03 -2.976757936000000090e-02 1.341933225999999979e-02 -6.143228966000000707e-02 -8.919305865999999777e-03
-1.151709565194423135e+01 6.635378956000000106e-02 7.178660851999999967e-04 -1.070948172000000045e-02 -3.658979544600000217e-03 -1.499962448000000115e-02 -3.690116618000000015e-02
-8.819486251944237409e+00 6.841550616000000029e-02 4.926087719999999726e-03 2.170520685999999949e-02 6.722356440000000054e-04 3.282303106000000054e-02 -7.315924126000000922e-03
-6.109686251944236979e+00 6.912573485999999601e-02 1.464106836000000043e-02 4.325834779999999935e-02 -7.964363443200001350e-03 1.425189285999999868e-02 2.076209901999999732e-02
-3.406333251944232643e+00 6.934607449999999340e-02 7.132471530000000955e-03 4.675757720000000423e-02 2.465337172999999913e-03 -1.925641503999999879e-02 3.687459500000000306e-02
-7.059456519442335320e-01 6.398029863999998845e-02 1.188673348000000244e-03 5.533042729999999854e-02 6.948775726000000486e-03 3.474489662000000006e-02 2.713107109999999753e-02
1.990595148055768870e+00 5.446912237999999851e-02 -1.125030641999999990e-02 6.032772826000000477e-02 1.298666299999999899e-02 6.464194527999999988e-03 3.478639235999999441e-02
4.688379548055763735e+00 5.796658211999999866e-02 -3.181403420000000239e-03 6.352436048000001390e-02 1.157591336999999956e-02 -8.845824702000000192e-03 5.885463826000000148e-02
7.387413748055763563e+00 6.376729707999999330e-02 3.349866817999999722e-03 6.129567804000000258e-02 1.975636257999999895e-02 1.111158122200000056e-02 3.473037065999999562e-02
1.009556394805576929e+01 7.454105297999999435e-02 6.737354778000000446e-03 4.708086841999999800e-02 1.596011307999999768e-02 -2.023171039999999837e-02 7.593286645999999807e-02
1.279747634805576695e+01 7.260195630000000622e-02 4.483054258000000042e-03 6.243972501999998925e-02 -9.002130343999999174e-03 2.712760163999999863e-02 5.380845987999999247e-02
1.549163254805575818e+01 6.858810351999999888e-02 7.178676006000000347e-04 6.332294410000001428e-02 -1.393098383999999933e-02 3.716216575999999744e-02 6.562967121999999098e-02
1.820089494805576891e+01 6.790408598000000073e-02 -2.687554646000000439e-03 6.782000767999998847e-02 3.864253318599999900e-03 5.484670306000000162e-02 2.171897215999999894e-02
2.090909794805576283e+01 4.822644226000000200e-02 1.513578121999999962e-03 6.486910049999999872e-02 -1.101388365800000033e-02 -1.870000860000000167e-02 3.833608531999999763e-02
2.361366374805576385e+01 6.089777125999999707e-02 -3.225386361999999646e-03 6.840011547999999553e-02 1.218171927999999946e-02 -6.624514593999999978e-03 2.642409579999999841e-02
2.630598574805576462e+01 7.676896850000000661e-02 5.955237950000000051e-03 7.249691160000000523e-02 2.683954595999999901e-02 -4.569883635999999472e-02 7.790146715999998750e-02
2.901614514805576661e+01 7.154538602000000413e-02 7.408145549999999198e-03 6.955588695999999349e-02 -1.305145726000000138e-02 -2.140674792000000267e-03 8.288088836000000181e-02
3.171093854805577195e+01 6.657149256000001458e-02 1.069860468000000120e-02 6.454850619999999428e-02 -7.646795219999999622e-03 -2.303603434000000075e-02 6.486012571999999476e-02
3.440887334805576359e+01 6.848775717999999735e-02 -2.231639136000000429e-03 6.967356251999999583e-02 -2.183825520000000006e-02 -1.803973775999999666e-03 6.022282100000000277e-02
3.711045434805576804e+01 6.319827585999999997e-02 -5.288989473999999857e-03 6.581979129999999956e-02 -1.089072885200000063e-02 -1.684060775999999746e-02 2.715125278000000281e-02
3.980454174805576173e+01 5.876665158000000944e-02 -3.537527513999999627e-03 7.176605687999999816e-02 -8.392927359999999976e-03 1.511729845400000289e-03 5.032735642000000370e-02
4.250446994805576395e+01 5.693443067999999496e-02 -1.330394405999999960e-02 6.939579745999999161e-02 1.199678671200000123e-02 5.041231770000000056e-02 5.065490277999999680e-02
4.519185434805577017e+01 6.068264481999999932e-02 -9.442781287999999634e-03 6.820719529999999531e-02 1.217732646000000037e-02 9.927406622000001582e-03 2.844275466000000321e-02
4.789677634805575934e+01 5.667980620000000191e-02 -1.315083978000000133e-02 6.688606247999999421e-02 -1.733536364000000038e-02 2.496456656000000177e-02 4.049063630000000052e-02
5.059453594805576415e+01 5.773737984000000545e-02 -6.872625290000000838e-03 6.786159501999999843e-02 -3.677848146200000078e-03 2.102631880000000245e-02 6.582308466000000302e-02
5.328604814805576240e+01 6.120495303999999581e-02 -1.030649598200000100e-02 6.075932431999999522e-02 3.418280631999999486e-02 4.389045085999999929e-02 8.693970340000001240e-02
5.598786694805577469e+01 5.899950389999999295e-02 -3.625144460000000179e-03 6.329736820000000930e-02 -2.093382374579999799e-03 -8.972399320000001149e-03 6.907486201999998854e-02
5.869112314805577313e+01 6.688996350000001034e-02 -4.611571168000000269e-03 6.369797276000001285e-02 1.377807402000000292e-02 -1.435508151400000099e-02 5.887106504000000351e-02
6.138300114805576868e+01 6.919211255999999088e-02 -4.995039984000000134e-03 6.393617844000000494e-02 6.173888593399999916e-03 -4.386690810000000440e-02 9.207662374000000205e-02
6.408685454805576853e+01 6.821793880000000254e-02 -7.640051707999999039e-03 5.499830634000000412e-02 -1.646496198999999883e-02 -7.495468877999999883e-03 7.354429242000000422e-02
6.678700414805578589e+01 7.754418966000001245e-02 -3.135979684000000413e-03 5.265129720000000235e-02 -1.756868795999999913e-02 -1.153875221399999935e-02 4.940738696000000763e-02
6.949889474805577549e+01 7.472964320000000105e-02 -6.693642318000000979e-03 6.181409606000000390e-02 -2.898011217200000423e-03 3.164022957999999830e-02 3.223219213999999749e-02
7.219781694805575967e+01 6.312291789999999181e-02 -1.406559050999999947e-03 6.369855791999998185e-02 -3.132927382000000403e-03 3.316998720000000761e-02 3.623496878000000143e-02
7.488990114805577036e+01 6.394419353999999944e-02 -4.562680306000000026e-03 6.046470718000000050e-02 1.195198502659999959e-03 2.065506958000000448e-02 7.399710150000000930e-02
7.758270114805574735e+01 6.241435646000000059e-02 -6.825811355999999649e-03 6.600835538000000835e-02 4.366183154000000122e-02 -1.726250383999999860e-02 7.336120642000000525e-02
8.028389194805576778e+01 7.302914546000000007e-02 -4.448917059999999910e-03 6.559164661999999923e-02 2.557510988000000207e-02 3.922942310000000071e-02 1.117722371999999992e-01
8.298971994805576458e+01 6.954545990000000899e-02 -4.471254214000000039e-03 6.365669420000000245e-02 1.696000036000000141e-02 3.615293445999999411e-02 8.117037371999999418e-02
8.568487634805576647e+01 6.928869674000000256e-02 6.610352496000000948e-04 6.348036718000001077e-02 2.819766290000000342e-02 3.461284679999999947e-02 7.499894628000000618e-02
8.839047334805576384e+01 5.767770315999999620e-02 -8.831715691999999368e-03 6.679091187999999790e-02 6.908414015999999810e-03 2.134524747999999930e-02 7.285254057999999977e-02
9.108791674805576122e+01 5.420438551999999521e-02 3.822911008000000419e-03 7.082958893999999339e-02 1.033212840600000217e-02 3.814532796000000281e-02 5.694750629999999203e-02
9.379521994805574536e+01 5.412692379999999026e-02 -7.051992794000000279e-03 7.292904978000000482e-02 1.317723798000000092e-02 3.003795323999999822e-02 6.328162103999998567e-02
9.649814194805576051e+01 6.572847833999999334e-02 -2.353568814000000110e-03 6.482739989999999897e-02 1.681786126000000062e-02 6.052390823999999683e-03 7.197354260000000947e-02
9.920618874805578002e+01 6.879860592000000552e-02 -2.188576804000000060e-03 5.786318585999999931e-02 1.899961894000000082e-02 2.836638436000000346e-02 -8.011192504000000034e-03
1.018999105480557716e+02 6.411058691999999004e-02 -5.589088370000000125e-03 6.160637927999999125e-02 9.843828660000002347e-04 -3.387712166000000392e-03 1.227762227199999910e-02
1.046049419480557674e+02 6.695028368000000007e-02 2.422208948000000028e-03 5.996774334000000428e-02 -3.528750674000000198e-02 -2.777456212000000216e-02 -4.662094170000000842e-02
1.073060139480557638e+02 6.796268487999999885e-02 -2.453864430000000062e-03 6.353045954000000051e-02 -3.005586966000000151e-02 -1.705355680000000124e-02 -1.100423255800000132e-02
1.100033231480557561e+02 7.564052993999999253e-02 9.249673634000000425e-05 4.878534586000000950e-02 -5.673554711999999334e-02 3.496300715999999670e-02 -9.495734618000000599e-03
1.127065419480557722e+02 7.674942285999999947e-02 -3.583739099999999449e-03 5.438796418000000493e-02 -3.820851762800000356e-03 1.359881297999999961e-02 -2.972458859999999904e-03
1.154080419480557822e+02 7.826659214000000753e-02 -6.653469048000000205e-03 4.483002721999999884e-02 1.562783755999999896e-03 -2.011799058000000168e-02 1.627901034800000035e-02
1.181055043480557458e+02 8.582708874000000154e-02 -2.648853495999999811e-03 1.751123770000000135e-02 -2.159215828800000337e-03 -4.866754009999999658e-02 2.952832082000000219e-02
1.207991121480557695e+02 8.773317878000000403e-02 2.010319170000000183e-03 -1.377837523999999800e-02 7.226439337999999817e-03 -4.528693744000000104e-02 -1.316997793999999909e-02
